# thinned to dt=0.05 from the every-step stream; the last 1 time units are kept whole (the death window)
#       time         integral Re         integral Im         integral Re         integral Im         integral Re         integral Im         integral Re         integral Im
#       r =            14.000000           14.000000           20.000000           20.000000           26.000000           26.000000           30.000000           30.000000
   0.0100000   -4.5427740302e-06    2.2082632208e-04   -5.3398870701e-07    5.2772104893e-05   -1.3308232087e-07    1.6754658457e-05   -2.7123570145e-08    8.7163824857e-06
   0.0600000   -4.9642394139e-06    2.2153355868e-04   -5.9352426160e-07    5.3071127997e-05   -1.4667773098e-07    1.6786731387e-05   -8.8356765634e-08    8.1652592626e-06
   0.1100000   -5.3944452604e-06    2.2242736583e-04   -6.5794139650e-07    5.3370746348e-05   -1.6151575756e-07    1.6912310706e-05   -1.1028648163e-07    7.4598832541e-06
   0.1600000   -5.8329274514e-06    2.2305859471e-04   -7.3146399914e-07    5.3715382298e-05   -1.7649334731e-07    1.7111830285e-05   -9.0407027825e-08    6.7830251195e-06
   0.2100000   -6.2790711741e-06    2.2307855154e-04   -8.1145087634e-07    5.4183904869e-05   -1.9028321119e-07    1.7360095312e-05   -2.9809177378e-08    6.2519946676e-06
   0.2600000   -6.7321423205e-06    2.2238117642e-04   -8.8912285756e-07    5.4803446019e-05   -2.0181749423e-07    1.7629249766e-05    6.7786889238e-08    5.9265662530e-06
   0.3100000   -7.1915592628e-06    2.2113730774e-04   -9.5600044931e-07    5.5501516478e-05   -2.1068780341e-07    1.7891843795e-05    1.9693946062e-07    5.8197966742e-06
   0.3600000   -7.6575919934e-06    2.1971108957e-04   -1.0097343142e-06    5.6122913733e-05   -2.1734641208e-07    1.8123655986e-05    3.5126320294e-07    5.9099347061e-06
   0.4100000   -8.1314291280e-06    2.1850193842e-04   -1.0552581438e-06    5.6500933089e-05   -2.2305122044e-07    1.8305972942e-05    5.2405490117e-07    6.1521107148e-06
   0.4600000   -8.6141164240e-06    2.1778567833e-04   -1.1020954405e-06    5.6543058088e-05   -2.2957010224e-07    1.8427102594e-05    7.0876218041e-07    6.4889127414e-06
   0.5100000   -9.1055965919e-06    2.1762205305e-04   -1.1601401287e-06    5.6284164817e-05   -2.3872720940e-07    1.8482995270e-05    8.9930105885e-07    6.8593010065e-06
   0.5600000   -9.6050683743e-06    2.1785877778e-04   -1.2349252590e-06    5.5878134856e-05   -2.5191704710e-07    1.8476952240e-05    1.0902391007e-06    7.2055915888e-06
   0.6100000   -1.0112050286e-05    2.1821621470e-04   -1.3241521159e-06    5.5531508778e-05   -2.6971889016e-07    1.8418507287e-05    1.2768716630e-06    7.4784564398e-06
   0.6600000   -1.0626734655e-05    2.1840559798e-04   -1.4193990583e-06    5.5412673067e-05   -2.9171505284e-07    1.8321660182e-05    1.4552243622e-06    7.6400471907e-06
   0.7100000   -1.1149462934e-05    2.1822975104e-04   -1.5138069391e-06    5.5581329844e-05   -3.1656026481e-07    1.8202712687e-05    1.6220141613e-06    7.6654606546e-06
   0.7600000   -1.1680261851e-05    2.1763390390e-04   -1.6082387144e-06    5.5970751805e-05   -3.4228208560e-07    1.8077998495e-05    1.7745947406e-06    7.5428305111e-06
   0.8100000   -1.2218873987e-05    2.1670053495e-04   -1.7067826999e-06    5.6427736041e-05   -3.6673366602e-07    1.7961802371e-05    1.9109027727e-06    7.2723597614e-06
   0.8600000   -1.2764958898e-05    2.1560218547e-04   -1.8043815903e-06    5.6787567626e-05   -3.8808391457e-07    1.7864728961e-05    2.0294125438e-06    6.8646090832e-06
   0.9100000   -1.3318432860e-05    2.1453468152e-04   -1.8818403357e-06    5.6946950010e-05   -4.0522496482e-07    1.7792711108e-05    2.1290991981e-06    6.3383342804e-06
   0.9600000   -1.3880199379e-05    2.1365297220e-04   -1.9187405555e-06    5.6901863713e-05   -4.1800170595e-07    1.7746749698e-05    2.2094067818e-06    5.7181292563e-06
   1.0100000   -1.4452680242e-05    2.1302762960e-04   -1.9161893355e-06    5.6736074854e-05   -4.2721561390e-07    1.7723368442e-05    2.2702157625e-06    5.0320845433e-06
   1.0600000   -1.5038895284e-05    2.1263371832e-04   -1.9091751030e-06    5.6569995662e-05   -4.3441140359e-07    1.7715661940e-05    2.3118054840e-06    4.3096221849e-06
   1.1100000   -1.5640053975e-05    2.1237426066e-04   -1.9533509668e-06    5.6497516784e-05   -4.4150640288e-07    1.7714734344e-05    2.3348089697e-06    3.5796185393e-06
   1.1600000   -1.6253647294e-05    2.1212828091e-04   -2.0879078005e-06    5.6542207530e-05   -4.5035643143e-07    1.7711280101e-05    2.3401597533e-06    2.8688823743e-06
   1.2100000   -1.6874215347e-05    2.1180290412e-04   -2.2969112962e-06    5.6652951718e-05   -4.6236118203e-07    1.7697055871e-05    2.3290325665e-06    2.2010164844e-06
   1.2600000   -1.7496839426e-05    2.1136673817e-04   -2.5044253097e-06    5.6738859736e-05   -4.7819619905e-07    1.7666032203e-05    2.3027809572e-06    1.5956601287e-06
   1.3100000   -1.8121081928e-05    2.1085086420e-04   -2.6224714965e-06    5.6723893612e-05   -4.9772259917e-07    1.7615084391e-05    2.2628757252e-06    1.0680853960e-06
   1.3600000   -1.8752380490e-05    2.1032017793e-04   -2.6222451442e-06    5.6592009537e-05   -5.2008065863e-07    1.7544169996e-05    2.2108476726e-06    6.2910415451e-07
   1.4100000   -1.9398986563e-05    2.0983232423e-04   -2.5636848472e-06    5.6398677718e-05   -5.4393098840e-07    1.7456026896e-05    2.1482374610e-06    2.8523187602e-07
   1.4600000   -2.0065379842e-05    2.0940582401e-04   -2.5491229908e-06    5.6242532713e-05   -5.6777722289e-07    1.7355495759e-05    2.0765543566e-06    3.9050338410e-08
   1.5100000   -2.0747047931e-05    2.0901159934e-04   -2.6420905864e-06    5.6212386624e-05   -5.9029339627e-07    1.7248613338e-05    1.9972442495e-06   -1.1028912582e-07
   1.5600000   -2.1432979123e-05    2.0858850524e-04   -2.8263534002e-06    5.6337741515e-05   -6.1058657103e-07    1.7141635511e-05    1.9116664881e-06   -1.6647664467e-07
   1.6100000   -2.2116565883e-05    2.0807196614e-04   -3.0331451053e-06    5.6568277833e-05   -6.2834654743e-07    1.7040134409e-05    1.8210783049e-06   -1.3541807900e-07
   1.6600000   -2.2805123630e-05    2.0742088488e-04   -3.1977152747e-06    5.6792242709e-05   -6.4386289825e-07    1.6948280929e-05    1.7266255107e-06   -2.4613965405e-08
   1.7100000   -2.3514878269e-05    2.0663175477e-04   -3.2948238312e-06    5.6884451029e-05   -6.5791736488e-07    1.6868382967e-05    1.6293376315e-06    1.5742386391e-07
   1.7600000   -2.4251471757e-05    2.0573654221e-04   -3.3392221485e-06    5.6761027289e-05   -6.7158195861e-07    1.6800709791e-05    1.5301263439e-06    4.0169344457e-07
   1.8100000   -2.4995975385e-05    2.0478803482e-04   -3.3651746595e-06    5.6415484766e-05   -6.8596835984e-07    1.6743598682e-05    1.4297863973e-06    6.9914539396e-07
   1.8600000   -2.5718029591e-05    2.0384041129e-04   -3.4016923915e-06    5.5919970032e-05   -7.0198028380e-07    1.6693813917e-05    1.3289984637e-06    1.0410385923e-06
   1.9100000   -2.6410304885e-05    2.0293329431e-04   -3.4586080706e-06    5.5392204089e-05   -7.2011871629e-07    1.6647107744e-05    1.2283338130e-06    1.4192065763e-06
   1.9600000   -2.7107805480e-05    2.0208510950e-04   -3.5340928947e-06    5.4944566530e-05   -7.4037955306e-07    1.6598917014e-05    1.1282601967e-06    1.8262382526e-06
   2.0100000   -2.7862309194e-05    2.0129721288e-04   -3.6334997619e-06    5.4638866434e-05   -7.6226558233e-07    1.6545113305e-05    1.0291503402e-06    2.2555795965e-06
   2.0600000   -2.8690285851e-05    2.0056545434e-04   -3.7723778141e-06    5.4465826890e-05   -7.8491115315e-07    1.6482713565e-05    9.3129154514e-07    2.7015673460e-06
   2.1100000   -2.9550718550e-05    1.9989254368e-04   -3.9550363225e-06    5.4355736091e-05   -8.0729313520e-07    1.6410452885e-05    8.3489706137e-07    3.1594064117e-06
   2.1600000   -3.0384430365e-05    1.9929438521e-04   -4.1555008923e-06    5.4212815401e-05   -8.2848059995e-07    1.6329127584e-05    7.4011853836e-07    3.6251037915e-06
   2.2100000   -3.1176385907e-05    1.9879659419e-04   -4.3286313772e-06    5.3956744670e-05   -8.4786463167e-07    1.6241638970e-05    6.4705902443e-07    4.0953717339e-06
   2.2600000   -3.1969301658e-05    1.9842214915e-04   -4.4422539147e-06    5.3553829337e-05   -8.6531277318e-07    1.6152707549e-05    5.5578603642e-07    4.5675119448e-06
   2.3100000   -3.2810337115e-05    1.9817536375e-04   -4.4982229285e-06    5.3026972311e-05   -8.8120975233e-07    1.6068277754e-05    4.6634369912e-07    5.0392914938e-06
   2.3600000   -3.3695055506e-05    1.9802947943e-04   -4.5279660178e-06    5.2443803919e-05   -8.9637352687e-07    1.5994689011e-05    3.7876365294e-07    5.5088192369e-06
   2.4100000   -3.4578899580e-05    1.9792452243e-04   -4.5738728032e-06    5.1890822580e-05   -9.1186644166e-07    1.5937735933e-05    2.9307399471e-07    5.9744300345e-06
   2.4600000   -3.5440208875e-05    1.9777857760e-04   -4.6698306445e-06    5.1445074686e-05   -9.2874706717e-07    1.5901768271e-05    2.0930608198e-07    6.4345820614e-06
   2.5100000   -3.6308747367e-05    1.9751005477e-04   -4.8249171775e-06    5.1153607837e-05   -9.4782275614e-07    1.5888981577e-05    1.2749905629e-07    6.8877708830e-06
   2.5600000   -3.7217916576e-05    1.9706304619e-04   -5.0158338253e-06    5.1026281121e-05   -9.6946299243e-07    1.5899020456e-05    4.7702098425e-08    7.3324622658e-06
   2.6100000   -3.8146073278e-05    1.9642558561e-04   -5.1978148676e-06    5.1041755681e-05   -9.9351910541e-07    1.5928962442e-05   -3.0025306851e-08    7.7670444798e-06
   2.6600000   -3.9036567500e-05    1.9563331795e-04   -5.3327413790e-06    5.1161876697e-05   -1.0193710333e-06    1.5973683146e-05   -1.0561483079e-07    8.1897994058e-06
   2.7100000   -3.9882435866e-05    1.9475748193e-04   -5.4150859162e-06    5.1347584530e-05   -1.0460916167e-06    1.6026537066e-05   -1.7899198856e-07    8.5988913265e-06
   2.7600000   -4.0762397594e-05    1.9388255148e-04   -5.4744454359e-06    5.1569973751e-05   -1.0726899758e-06    1.6080237537e-05   -2.5007972429e-07    8.9923711579e-06
   2.8100000   -4.1762799774e-05    1.9308206943e-04   -5.5525717532e-06    5.1812509091e-05   -1.0983746055e-06    1.6127792483e-05   -3.1880247774e-07    9.3681937463e-06
   2.8600000   -4.2868647076e-05    1.9240021118e-04   -5.6738943522e-06    5.2064237385e-05   -1.1227687476e-06    1.6163355279e-05   -3.8509011724e-07    9.7242454344e-06
   2.9100000   -4.3963095433e-05    1.9184289093e-04   -5.8324920397e-06    5.2308328457e-05   -1.1460193420e-06    1.6182876633e-05   -4.4888179780e-07    1.0058379418e-05
   2.9600000   -4.4950723759e-05    1.9137827308e-04   -6.0038337622e-06    5.2513441383e-05   -1.1687658455e-06    1.6184486735e-05   -5.1012924363e-07    1.0368455965e-05
   3.0100000   -4.5862483254e-05    1.9094447514e-04   -6.1688909113e-06    5.2634683679e-05   -1.1919710812e-06    1.6168584497e-05   -5.6879928117e-07    1.0652385274e-05
   3.0600000   -4.6813749108e-05    1.9046248976e-04   -6.3274501277e-06    5.2625661802e-05   -1.2166553346e-06    1.6137652635e-05   -6.2487552784e-07    1.0908170660e-05
   3.1100000   -4.7865081534e-05    1.8985328505e-04   -6.4877735878e-06    5.2456284209e-05   -1.2436046725e-06    1.6095846171e-05   -6.7835918859e-07    1.1133950394e-05
   3.1600000   -4.8956606217e-05    1.8905735254e-04   -6.6457436988e-06    5.2127339383e-05   -1.2731358546e-06    1.6048417269e-05   -7.2926895362e-07    1.1328036564e-05
   3.2100000   -4.9994415859e-05    1.8805228814e-04   -6.7815185910e-06    5.1674752055e-05   -1.3049870910e-06    1.6001042173e-05   -7.7763993900e-07    1.1488949911e-05
   3.2600000   -5.0976048228e-05    1.8686206654e-04   -6.8827142529e-06    5.1161847603e-05   -1.3383695955e-06    1.5959113334e-05   -8.2352200172e-07    1.1615449930e-05
   3.3100000   -5.1996039580e-05    1.8555381202e-04   -6.9677130825e-06    5.0663248225e-05   -1.3721676521e-06    1.5927055968e-05   -8.6697731969e-07    1.1706559690e-05
   3.3600000   -5.3128827302e-05    1.8422369277e-04   -7.0767789737e-06    5.0246927949e-05   -1.4052305093e-06    1.5907726996e-05   -9.0807760499e-07    1.1761585112e-05
   3.4100000   -5.4339947585e-05    1.8297828880e-04   -7.2354305840e-06    4.9960798444e-05   -1.4366708572e-06    1.5901954263e-05   -9.4690123215e-07    1.1780129124e-05
   3.4600000   -5.5531472825e-05    1.8191705566e-04   -7.4296841896e-06    4.9827143623e-05   -1.4660826612e-06    1.5908272416e-05   -9.8353033074e-07    1.1762100393e-05
   3.5100000   -5.6653662908e-05    1.8111668524e-04   -7.6210204364e-06    4.9843937017e-05   -1.4936153177e-06    1.5922902908e-05   -1.0180482057e-06    1.1707717432e-05
   3.5600000   -5.7744244910e-05    1.8061524631e-04   -7.7844417579e-06    4.9989542693e-05   -1.5198850172e-06    1.5940005343e-05   -1.0505371929e-06    1.1617508224e-05
   3.6100000   -5.8867380413e-05    1.8039672719e-04   -7.9291765280e-06    5.0228003633e-05   -1.5457530371e-06    1.5952195889e-05   -1.0810772270e-06    1.1492305985e-05
   3.6600000   -6.0048527647e-05    1.8038195920e-04   -8.0832092580e-06    5.0514310862e-05   -1.5720399370e-06    1.5951288125e-05   -1.1097451280e-06    1.1333241492e-05
   3.7100000   -6.1276418663e-05    1.8043334818e-04   -8.2615702889e-06    5.0800093052e-05   -1.5992622208e-06    1.5929171051e-05   -1.1366147765e-06    1.1141732346e-05
   3.7600000   -6.2533498406e-05    1.8037575974e-04   -8.4519376595e-06    5.1039673315e-05   -1.6274696359e-06    1.5878708824e-05   -1.1617579542e-06    1.0919469542e-05
   3.8100000   -6.3793533088e-05    1.8002842277e-04   -8.6295314927e-06    5.1195792341e-05   -1.6562300090e-06    1.5794533573e-05   -1.1852458683e-06    1.0668401598e-05
   3.8600000   -6.5007001465e-05    1.7923914029e-04   -8.7830349949e-06    5.1244252520e-05   -1.6847649961e-06    1.5673615886e-05   -1.2071511847e-06    1.0390716562e-05
   3.9100000   -6.6133504775e-05    1.7791403762e-04   -8.9249463196e-06    5.1176870434e-05   -1.7121965764e-06    1.5515532067e-05   -1.2275503265e-06    1.0088821881e-05
   3.9600000   -6.7203843459e-05    1.7603908209e-04   -9.0779046008e-06    5.1002082445e-05   -1.7378338939e-06    1.5322400687e-05   -1.2465258597e-06    9.7653223451e-06
   4.0100000   -6.8321396534e-05    1.7368917758e-04   -9.2525089797e-06    5.0742576137e-05   -1.7614200958e-06    1.5098519640e-05   -1.2641687111e-06    9.4229961009e-06
   4.0600000   -6.9570018215e-05    1.7101889198e-04   -9.4393426110e-06    5.0429765828e-05   -1.7832712907e-06    1.4849785377e-05   -1.2805799235e-06    9.0647688301e-06
   4.1100000   -7.0920876882e-05    1.6823271746e-04   -9.6226563289e-06    5.0095966651e-05   -1.8042705210e-06    1.4583009057e-05   -1.2958718815e-06    8.6936860715e-06
   4.1600000   -7.2252072943e-05    1.6554365063e-04   -9.8000668864e-06    4.9766604226e-05   -1.8257186238e-06    1.4305250643e-05   -1.3101687915e-06    8.3128839445e-06
   4.2100000   -7.3471815080e-05    1.6313729138e-04   -9.9854397013e-06    4.9455735686e-05   -1.8490806930e-06    1.4023273075e-05   -1.3236063618e-06    7.9255581909e-06
   4.2600000   -7.4616352867e-05    1.6115353131e-04   -1.0190791304e-05    4.9167019719e-05   -1.8756922643e-06    1.3743180629e-05   -1.3363307176e-06    7.5349320181e-06
   4.3100000   -7.5821139653e-05    1.5968186432e-04   -1.0408107149e-05    4.8898938636e-05   -1.9064962990e-06    1.3470258450e-05   -1.3484964091e-06    7.1442227042e-06
   4.3600000   -7.7200066198e-05    1.5875601881e-04   -1.0613316530e-05    4.8650072765e-05   -1.9418713769e-06    1.3208987562e-05   -1.3602639110e-06    6.7566076481e-06
   4.4100000   -7.8753776866e-05    1.5834111047e-04   -1.0789561049e-05    4.8420580444e-05   -1.9815862692e-06    1.2963180135e-05   -1.3717964563e-06    6.3751900794e-06
   4.4600000   -8.0380449703e-05    1.5832403282e-04   -1.0945148803e-05    4.8209619877e-05   -2.0248839991e-06    1.2736169444e-05   -1.3832565629e-06    6.0029649532e-06
   4.5100000   -8.1955900811e-05    1.5852528200e-04   -1.1107661438e-05    4.8011793610e-05   -2.0706680726e-06    1.2530996891e-05   -1.3948023819e-06    5.6427856527e-06
   4.5600000   -8.3405484474e-05    1.5873793280e-04   -1.1300365090e-05    4.7815836877e-05   -2.1177409359e-06    1.2350558146e-05   -1.4065840302e-06    5.2973320161e-06
   4.6100000   -8.4730036949e-05    1.5877807054e-04   -1.1523368284e-05    4.7606295516e-05   -2.1650354139e-06    1.2197693972e-05   -1.4187402071e-06    4.9690802890e-06
   4.6600000   -8.5995910405e-05    1.5852087254e-04   -1.1755971945e-05    4.7366735874e-05   -2.2117839439e-06    1.2075229110e-05   -1.4313951825e-06    4.6602757270e-06
   4.7100000   -8.7301159822e-05    1.5790738973e-04   -1.1976343250e-05    4.7082925186e-05   -2.2575884111e-06    1.1985970961e-05   -1.4446563629e-06    4.3729083347e-06
   4.7600000   -8.8718765541e-05    1.5692965370e-04   -1.2178871592e-05    4.6745709360e-05   -2.3023799140e-06    1.1932675680e-05   -1.4586125788e-06    4.1086923362e-06
   4.8100000   -9.0240237959e-05    1.5561620780e-04   -1.2373115899e-05    4.6354012125e-05   -2.3462887004e-06    1.1917979564e-05   -1.4733332086e-06    3.8690498866e-06
   4.8600000   -9.1772389933e-05    1.5403312290e-04   -1.2568403069e-05    4.5917422447e-05   -2.3894715991e-06    1.1944283046e-05   -1.4888680799e-06    3.6550994488e-06
   4.9100000   -9.3211927719e-05    1.5229297988e-04   -1.2763597771e-05    4.5456337923e-05   -2.4319591180e-06    1.2013571674e-05   -1.5052482893e-06    3.4676490276e-06
   4.9600000   -9.4542911499e-05    1.5054865709e-04   -1.2954057574e-05    4.4997895519e-05   -2.4735806897e-06    1.2127166694e-05   -1.5224877783e-06    3.3071945792e-06
   5.0100000   -9.5862170066e-05    1.4895838841e-04   -1.3145763951e-05    4.4568656370e-05   -2.5140009708e-06    1.2285417540e-05   -1.5405855015e-06    3.1739234722e-06
   5.0600000   -9.7298954296e-05    1.4763654784e-04   -1.3357002791e-05    4.4187798079e-05   -2.5528591580e-06    1.2487373569e-05   -1.5595281094e-06    3.0677229691e-06
   5.1100000   -9.8900438322e-05    1.4662233605e-04   -1.3602568359e-05    4.3864262599e-05   -2.5899597530e-06    1.2730493725e-05   -1.5792928153e-06    2.9881934732e-06
   5.1600000   -1.0059013278e-04    1.4588578659e-04   -1.3876494378e-05    4.3597987863e-05   -2.6254350002e-06    1.3010461701e-05   -1.5998503108e-06    2.9346660268e-06
   5.2100000   -1.0223477131e-04    1.4535982565e-04   -1.4152365091e-05    4.3382540859e-05   -2.6598019353e-06    1.3321163504e-05   -1.6211673818e-06    2.9062235865e-06
   5.2600000   -1.0375449205e-04    1.4497080390e-04   -1.4402642539e-05    4.3206919491e-05   -2.6938735039e-06    1.3654856203e-05   -1.6432090775e-06    2.9017255385e-06
   5.3100000   -1.0517998056e-04    1.4465235822e-04   -1.4619433836e-05    4.3056812233e-05   -2.7285432214e-06    1.4002516399e-05   -1.6659402455e-06    2.9198346130e-06
   5.3600000   -1.0661676559e-04    1.4434931251e-04   -1.4817803161e-05    4.2916865838e-05   -2.7645196736e-06    1.4354318367e-05   -1.6893262962e-06    2.9590455433e-06
   5.4100000   -1.0815735580e-04    1.4402310521e-04   -1.5019920168e-05    4.2774116925e-05   -2.8021149103e-06    1.4700165820e-05   -1.7133332231e-06    3.0177147450e-06
   5.4600000   -1.0981617938e-04    1.4365798513e-04   -1.5236834157e-05    4.2620566711e-05   -2.8411720576e-06    1.5030196294e-05   -1.7379269006e-06    3.0940902083e-06
   5.5100000   -1.1153264072e-04    1.4326021308e-04   -1.5465594215e-05    4.2452695479e-05   -2.8811591997e-06    1.5335194155e-05   -1.7630717081e-06    3.1863411074e-06
   5.5600000   -1.1322823469e-04    1.4285085033e-04   -1.5701638707e-05    4.2268133183e-05   -2.9213844513e-06    1.5606878606e-05   -1.7887289077e-06    3.2925864005e-06
   5.6100000   -1.1486448276e-04    1.4246045589e-04   -1.5949449585e-05    4.2062409511e-05   -2.9612392833e-06    1.5838066467e-05   -1.8148547387e-06    3.4109220042e-06
   5.6600000   -1.1645773876e-04    1.4212608066e-04   -1.6217848773e-05    4.1828736656e-05   -3.0003776057e-06    1.6022734532e-05   -1.8413986700e-06    3.5394461230e-06
   5.7100000   -1.1805117385e-04    1.4187955202e-04   -1.6505896728e-05    4.1560825708e-05   -3.0387857160e-06    1.6156017515e-05   -1.8683020389e-06    3.6762824598e-06
   5.7600000   -1.1967956873e-04    1.4172386375e-04   -1.6797515188e-05    4.1255886397e-05   -3.0767641677e-06    1.6234175737e-05   -1.8954972064e-06    3.8196010565e-06
   5.8100000   -1.2135651753e-04    1.4161668955e-04   -1.7073088674e-05    4.0915350428e-05   -3.1148835525e-06    1.6254557627e-05   -1.9229074803e-06    3.9676368253e-06
   5.8600000   -1.2308010326e-04    1.4148416336e-04   -1.7326329505e-05    4.0543857154e-05   -3.1539647132e-06    1.6215571996e-05   -1.9504477797e-06    4.1187054158e-06
   5.9100000   -1.2483551432e-04    1.4125934322e-04   -1.7568175301e-05    4.0148910516e-05   -3.1950746815e-06    1.6116678489e-05   -1.9780261112e-06    4.2712167728e-06
   5.9600000   -1.2659053943e-04    1.4090933887e-04   -1.7813786459e-05    3.9742132873e-05   -3.2394655815e-06    1.5958398973e-05   -2.0055457375e-06    4.4236861285e-06
   6.0100000   -1.2830332384e-04    1.4042460612e-04   -1.8067395928e-05    3.9340176147e-05   -3.2883675978e-06    1.5742348447e-05   -2.0329079508e-06    4.5747426966e-06
   6.0600000   -1.2995349251e-04    1.3978808709e-04   -1.8321857578e-05    3.8962718583e-05   -3.3426116096e-06    1.5471276915e-05   -2.0600150840e-06    4.7231361206e-06
   6.1100000   -1.3157331742e-04    1.3896815299e-04   -1.8572873029e-05    3.8627515704e-05   -3.4021808930e-06    1.5149106022e-05   -2.0867738310e-06    4.8677406404e-06
   6.1600000   -1.3323942451e-04    1.3795223181e-04   -1.8830748823e-05    3.8345502999e-05   -3.4659057684e-06    1.4780940412e-05   -2.1130983644e-06    5.0075572147e-06
   6.2100000   -1.3501584036e-04    1.3678698971e-04   -1.9114591786e-05    3.8119217972e-05   -3.5315357820e-06    1.4373035637e-05   -2.1389131830e-06    5.1417135914e-06
   6.2600000   -1.3689135397e-04    1.3557697012e-04   -1.9433478111e-05    3.7944941109e-05   -3.5963037971e-06    1.3932714026e-05   -2.1641554844e-06    5.2694625478e-06
   6.3100000   -1.3877385911e-04    1.3443470503e-04   -1.9774504838e-05    3.7815861403e-05   -3.6578662722e-06    1.3468230919e-05   -2.1887768543e-06    5.3901783345e-06
   6.3600000   -1.4056240358e-04    1.3342467694e-04   -2.0111018806e-05    3.7723451839e-05   -3.7152706979e-06    1.2988602036e-05   -2.2127442229e-06    5.5033515570e-06
   6.4100000   -1.4224294354e-04    1.3254663557e-04   -2.0422920152e-05    3.7657057615e-05   -3.7694983125e-06    1.2503402810e-05   -2.2360400848e-06    5.6085826040e-06
   6.4600000   -1.4391548439e-04    1.3176180230e-04   -2.0708937826e-05    3.7604055956e-05   -3.8232455653e-06    1.2022543730e-05   -2.2586620661e-06    5.7055738988e-06
   6.5100000   -1.4570885014e-04    1.3102824584e-04   -2.0981077000e-05    3.7552005114e-05   -3.8799200354e-06    1.1556019132e-05   -2.2806218903e-06    5.7941209983e-06
   6.5600000   -1.4764767037e-04    1.3031564750e-04   -2.1251040868e-05    3.7491234907e-05   -3.9422039609e-06    1.1113625667e-05   -2.3019440410e-06    5.8741029447e-06
   6.6100000   -1.4960283804e-04    1.2960031486e-04   -2.1524712358e-05    3.7415215877e-05   -4.0107919882e-06    1.0704655039e-05   -2.3226640542e-06    5.9454721498e-06
   6.6600000   -1.5139629938e-04    1.2885988387e-04   -2.1808092897e-05    3.7318347481e-05   -4.0838936960e-06    1.0337579127e-05   -2.3428266225e-06    6.0082438009e-06
   6.7100000   -1.5297935654e-04    1.2807879759e-04   -2.2112959003e-05    3.7193780670e-05   -4.1577852411e-06    1.0019755162e-05   -2.3624833514e-06    6.0624853584e-06
   6.7600000   -1.5451000747e-04    1.2725869011e-04   -2.2451083941e-05    3.7033929253e-05   -4.2282265995e-06    9.7571784328e-06   -2.3816901223e-06    6.1083062876e-06
   6.8100000   -1.5623390311e-04    1.2642280493e-04   -2.2821047225e-05    3.6833367846e-05   -4.2921522391e-06    9.5542979543e-06   -2.4005040231e-06    6.1458482282e-06
   6.8300000   -1.5701138388e-04    1.2609248361e-04   -2.2973949726e-05    3.6741392857e-05   -4.3156562742e-06    9.4905416584e-06   -2.4079320300e-06    6.1585832109e-06
   6.8400000   -1.5741868076e-04    1.2592955183e-04   -2.3050579922e-05    3.6692942691e-05   -4.3269887161e-06    9.4624527542e-06   -2.4116268233e-06    6.1644673069e-06
   6.8500000   -1.5783691005e-04    1.2576854690e-04   -2.3127016250e-05    3.6642890014e-05   -4.3380621254e-06    9.4369021614e-06   -2.4153093405e-06    6.1700310560e-06
   6.8600000   -1.5826448962e-04    1.2560977587e-04   -2.3203033444e-05    3.6591270952e-05   -4.3488968223e-06    9.4138954734e-06   -2.4189799724e-06    6.1752759213e-06
   6.8700000   -1.5869949771e-04    1.2545351763e-04   -2.3278422848e-05    3.6538125788e-05   -4.3595165389e-06    9.3934354813e-06   -2.4226390899e-06    6.1802033688e-06
   6.8800000   -1.5913974076e-04    1.2530001532e-04   -2.3352999268e-05    3.6483498083e-05   -4.3699479718e-06    9.3755221578e-06   -2.4262870538e-06    6.1848148878e-06
   6.8900000   -1.5958283116e-04    1.2514946846e-04   -2.3426606836e-05    3.6427433733e-05   -4.3802203165e-06    9.3601526953e-06   -2.4299242111e-06    6.1891119749e-06
   6.9000000   -1.6002627198e-04    1.2500202568e-04   -2.3499123839e-05    3.6369980190e-05   -4.3903647333e-06    9.3473214704e-06   -2.4335509003e-06    6.1930961276e-06
   6.9100000   -1.6046754520e-04    1.2485777790e-04   -2.3570466136e-05    3.6311185786e-05   -4.4004137989e-06    9.3370201032e-06   -2.4371674300e-06    6.1967688500e-06
   6.9200000   -1.6090419986e-04    1.2471675224e-04   -2.3640589114e-05    3.6251099149e-05   -4.4104009324e-06    9.3292374704e-06   -2.4407741028e-06    6.2001316556e-06
   6.9300000   -1.6133393675e-04    1.2457890696e-04   -2.3709488013e-05    3.6189768847e-05   -4.4203597965e-06    9.3239597126e-06   -2.4443712045e-06    6.2031860516e-06
   6.9400000   -1.6175468658e-04    1.2444412768e-04   -2.3777196804e-05    3.6127243142e-05   -4.4303237247e-06    9.3211702848e-06   -2.4479590079e-06    6.2059335517e-06
   6.9500000   -1.6216467853e-04    1.2431222523e-04   -2.3843785455e-05    3.6063569907e-05   -4.4403251409e-06    9.3208499897e-06   -2.4515377675e-06    6.2083756657e-06
   6.9600000   -1.6256249683e-04    1.2418293511e-04   -2.3909355912e-05    3.5998796668e-05   -4.4503950122e-06    9.3229770437e-06   -2.4551077170e-06    6.2105138918e-06
   6.9700000   -1.6294712376e-04    1.2405591887e-04   -2.3974036905e-05    3.5932970782e-05   -4.4605623142e-06    9.3275270870e-06   -2.4586690913e-06    6.2123497354e-06
   6.9800000   -1.6331796747e-04    1.2393076757e-04   -2.4037977790e-05    3.5866139674e-05   -4.4708535642e-06    9.3344733050e-06   -2.4622220965e-06    6.2138846875e-06
   6.9900000   -1.6367487438e-04    1.2380700737e-04   -2.4101341889e-05    3.5798351137e-05   -4.4812923699e-06    9.3437864441e-06   -2.4657669218e-06    6.2151202296e-06
   7.0000000   -1.6401812588e-04    1.2368410695e-04   -2.4164299405e-05    3.5729653649e-05   -4.4918990710e-06    9.3554349366e-06   -2.4693037541e-06    6.2160578320e-06
   7.0100000   -1.6434842038e-04    1.2356148705e-04   -2.4227020417e-05    3.5660096673e-05   -4.5026904150e-06    9.3693849523e-06   -2.4728327628e-06    6.2166989518e-06
   7.0200000   -1.6466684163e-04    1.2343853169e-04   -2.4289668191e-05    3.5589730870e-05   -4.5136792975e-06    9.3856005222e-06   -2.4763541062e-06    6.2170450437e-06
   7.0300000   -1.6497481510e-04    1.2331460090e-04   -2.4352393114e-05    3.5518608325e-05   -4.5248745990e-06    9.4040436218e-06   -2.4798679272e-06    6.2170975375e-06
   7.0400000   -1.6527405473e-04    1.2318904432e-04   -2.4415327478e-05    3.5446782544e-05   -4.5362810843e-06    9.4246742774e-06   -2.4833743725e-06    6.2168578580e-06
   7.0500000   -1.6556650202e-04    1.2306121583e-04   -2.4478581397e-05    3.5374308428e-05   -4.5478993463e-06    9.4474507163e-06   -2.4868735638e-06    6.2163274037e-06
   7.0600000   -1.6585426035e-04    1.2293048798e-04   -2.4542239922e-05    3.5301242069e-05   -4.5597258795e-06    9.4723294653e-06   -2.4903656264e-06    6.2155075605e-06
   7.0700000   -1.6613952672e-04    1.2279626652e-04   -2.4606361491e-05    3.5227640490e-05   -4.5717531665e-06    9.4992654792e-06   -2.4938506788e-06    6.2143996921e-06
   7.0800000   -1.6642452377e-04    1.2265800375e-04   -2.4670977694e-05    3.5153561174e-05   -4.5839698688e-06    9.5282123032e-06   -2.4973288286e-06    6.2130051480e-06
   7.0900000   -1.6671143399e-04    1.2251521076e-04   -2.4736094405e-05    3.5079061575e-05   -4.5963610838e-06    9.5591221827e-06   -2.5008001945e-06    6.2113252638e-06
   7.1000000   -1.6700233832e-04    1.2236746785e-04   -2.4801694014e-05    3.5004198537e-05   -4.6089086422e-06    9.5919462150e-06   -2.5042648804e-06    6.2093613469e-06
   7.1100000   -1.6729916098e-04    1.2221443271e-04   -2.4867738787e-05    3.4929027674e-05   -4.6215914679e-06    9.6266345290e-06   -2.5077229984e-06    6.2071146801e-06
   7.1200000   -1.6760362152e-04    1.2205584602e-04   -2.4934174955e-05    3.4853602713e-05   -4.6343859830e-06    9.6631363672e-06   -2.5111746613e-06    6.2045865379e-06
   7.1300000   -1.6791719540e-04    1.2189153450e-04   -2.5000937459e-05    3.4777974956e-05   -4.6472665422e-06    9.7014002910e-06   -2.5146199782e-06    6.2017781694e-06
   7.1400000   -1.6824108327e-04    1.2172141081e-04   -2.5067954991e-05    3.4702192677e-05   -4.6602059267e-06    9.7413742754e-06   -2.5180590703e-06    6.1986907935e-06
   7.1500000   -1.6857618969e-04    1.2154547076e-04   -2.5135155079e-05    3.4626300740e-05   -4.6731758059e-06    9.7830058781e-06   -2.5214920568e-06    6.1953256207e-06
   7.1600000   -1.6892311040e-04    1.2136378786e-04   -2.5202469029e-05    3.4550340271e-05   -4.6861472634e-06    9.8262423577e-06   -2.5249190676e-06    6.1916838377e-06
   7.1700000   -1.6928212848e-04    1.2117650510e-04   -2.5269836377e-05    3.4474348504e-05   -4.6990913123e-06    9.8710308073e-06   -2.5283402428e-06    6.1877665973e-06
   7.1800000   -1.6965321823e-04    1.2098382490e-04   -2.5337208687e-05    3.4398358805e-05   -4.7119793662e-06    9.9173182582e-06   -2.5317557192e-06    6.1835750418e-06
   7.1900000   -1.7003605620e-04    1.2078599727e-04   -2.5404552547e-05    3.4322400850e-05   -4.7247837488e-06    9.9650518106e-06   -2.5351656469e-06    6.1791102903e-06
   7.2000000   -1.7043003830e-04    1.2058330682e-04   -2.5471851620e-05    3.4246500970e-05   -4.7374781534e-06    1.0014178689e-05   -2.5385701894e-06    6.1743734467e-06
   7.2100000   -1.7083430249e-04    1.2037605939e-04   -2.5539107696e-05    3.4170682699e-05   -4.7500380938e-06    1.0064646382e-05   -2.5419695036e-06    6.1693655866e-06
   7.2200000   -1.7124775544e-04    1.2016456866e-04   -2.5606340753e-05    3.4094967438e-05   -4.7624412652e-06    1.0116402661e-05   -2.5453637706e-06    6.1640877729e-06
   7.2300000   -1.7166910304e-04    1.1994914364e-04   -2.5673587946e-05    3.4019375247e-05   -4.7746679456e-06    1.0169395685e-05   -2.5487531686e-06    6.1585410448e-06
   7.2400000   -1.7209688340e-04    1.1973007749e-04   -2.5740901801e-05    3.3943925714e-05   -4.7867012729e-06    1.0223574012e-05   -2.5521378839e-06    6.1527264207e-06
   7.2500000   -1.7252950208e-04    1.1950763811e-04   -2.5808347591e-05    3.3868638933e-05   -4.7985275249e-06    1.0278886621e-05   -2.5555181119e-06    6.1466449114e-06
   7.2600000   -1.7296526867e-04    1.1928206126e-04   -2.5876000099e-05    3.3793536447e-05   -4.8101363023e-06    1.0335282964e-05   -2.5588940522e-06    6.1402975036e-06
   7.2700000   -1.7340243441e-04    1.1905354628e-04   -2.5943940038e-05    3.3718642170e-05   -4.8215207029e-06    1.0392712934e-05   -2.5622659027e-06    6.1336851669e-06
   7.2800000   -1.7383923034e-04    1.1882225478e-04   -2.6012250204e-05    3.3643983275e-05   -4.8326773867e-06    1.0451126867e-05   -2.5656338654e-06    6.1268088660e-06
   7.2900000   -1.7427390552e-04    1.1858831229e-04   -2.6081011651e-05    3.3569590954e-05   -4.8436066213e-06    1.0510475520e-05   -2.5689981462e-06    6.1196695396e-06
   7.3000000   -1.7470476518e-04    1.1835181291e-04   -2.6150300062e-05    3.3495501017e-05   -4.8543122532e-06    1.0570709993e-05   -2.5723589444e-06    6.1122681182e-06
   7.3100000   -1.7513020795e-04    1.1811282659e-04   -2.6220182523e-05    3.3421754329e-05   -4.8648016369e-06    1.0631781735e-05   -2.5757164554e-06    6.1046055304e-06
   7.3200000   -1.7554876212e-04    1.1787140896e-04   -2.6290714824e-05    3.3348397130e-05   -4.8750854951e-06    1.0693642439e-05   -2.5790708670e-06    6.0966826698e-06
   7.3300000   -1.7595912004e-04    1.1762761287e-04   -2.6361939400e-05    3.3275480972e-05   -4.8851777364e-06    1.0756243991e-05   -2.5824223641e-06    6.0885004470e-06
   7.3400000   -1.7636017034e-04    1.1738150146e-04   -2.6433884059e-05    3.3203062577e-05   -4.8950952358e-06    1.0819538386e-05   -2.5857711145e-06    6.0800597570e-06
   7.3500000   -1.7675102683e-04    1.1713316184e-04   -2.6506561500e-05    3.3131203352e-05   -4.9048575710e-06    1.0883477647e-05   -2.5891172784e-06    6.0713614759e-06
   7.3600000   -1.7713105377e-04    1.1688271863e-04   -2.6579969571e-05    3.3059968754e-05   -4.9144867172e-06    1.0948013743e-05   -2.5924609919e-06    6.0624064851e-06
   7.3700000   -1.7749988607e-04    1.1663034708e-04   -2.6654092353e-05    3.2989427404e-05   -4.9240067182e-06    1.1013098484e-05   -2.5958023771e-06    6.0531956549e-06
   7.3800000   -1.7785744425e-04    1.1637628452e-04   -2.6728901810e-05    3.2919650017e-05   -4.9334433266e-06    1.1078683476e-05   -2.5991415402e-06    6.0437298588e-06
   7.3900000   -1.7820394259e-04    1.1612083989e-04   -2.6804360103e-05    3.2850708151e-05   -4.9428236355e-06    1.1144719998e-05   -2.6024785609e-06    6.0340099658e-06
   7.4000000   -1.7853989032e-04    1.1586440057e-04   -2.6880422257e-05    3.2782672859e-05   -4.9521756915e-06    1.1211158937e-05   -2.6058134950e-06    6.0240368383e-06
   7.4100000   -1.7886608502e-04    1.1560743622e-04   -2.6957039067e-05    3.2715613251e-05   -4.9615280907e-06    1.1277950727e-05   -2.6091463657e-06    6.0138113398e-06
   7.4200000   -1.7918359758e-04    1.1535049915e-04   -2.7034160117e-05    3.2649594973e-05   -4.9709095987e-06    1.1345045261e-05   -2.6124771815e-06    6.0033343313e-06
   7.4300000   -1.7949374912e-04    1.1509422130e-04   -2.7111736686e-05    3.2584678805e-05   -4.9803487534e-06    1.1412391864e-05   -2.6158059103e-06    5.9926066868e-06
   7.4400000   -1.7979807953e-04    1.1483930740e-04   -2.7189724383e-05    3.2520919195e-05   -4.9898734714e-06    1.1479939230e-05   -2.6191324946e-06    5.9816292710e-06
   7.4500000   -1.8009830821e-04    1.1458652501e-04   -2.7268085355e-05    3.2458362992e-05   -4.9995106937e-06    1.1547635409e-05   -2.6224568484e-06    5.9704029579e-06
   7.4600000   -1.8039628795e-04    1.1433669122e-04   -2.7346789957e-05    3.2397048338e-05   -5.0092860248e-06    1.1615427778e-05   -2.6257788539e-06    5.9589286219e-06
   7.4700000   -1.8069395291e-04    1.1409065681e-04   -2.7425817746e-05    3.2337003710e-05   -5.0192234086e-06    1.1683263061e-05   -2.6290983600e-06    5.9472071443e-06
   7.4800000   -1.8099326225e-04    1.1384928841e-04   -2.7505157747e-05    3.2278247264e-05   -5.0293448163e-06    1.1751087329e-05   -2.6324151921e-06    5.9352394147e-06
   7.4900000   -1.8129614094e-04    1.1361344910e-04   -2.7584807953e-05    3.2220786416e-05   -5.0396699708e-06    1.1818846037e-05   -2.6357291398e-06    5.9230263267e-06
   7.5000000   -1.8160441997e-04    1.1338397843e-04   -2.7664774082e-05    3.2164617710e-05   -5.0502161011e-06    1.1886484067e-05   -2.6390399708e-06    5.9105687736e-06
   7.5100000   -1.8191977771e-04    1.1316167273e-04   -2.7745067619e-05    3.2109726999e-05   -5.0609977289e-06    1.1953945792e-05   -2.6423474294e-06    5.8978676772e-06
   7.5200000   -1.8224368474e-04    1.1294726599e-04   -2.7825703225e-05    3.2056089886e-05   -5.0720264892e-06    1.2021175172e-05   -2.6456512268e-06    5.8849239498e-06
   7.5300000   -1.8257735424e-04    1.1274141285e-04   -2.7906695644e-05    3.2003672461e-05   -5.0833109744e-06    1.2088115804e-05   -2.6489510657e-06    5.8717385173e-06
   7.5400000   -1.8292169981e-04    1.1254467350e-04   -2.7988056313e-05    3.1952432241e-05   -5.0948566465e-06    1.2154711064e-05   -2.6522466348e-06    5.8583123237e-06
   7.5500000   -1.8327730252e-04    1.1235750189e-04   -2.8069789699e-05    3.1902319315e-05   -5.1066657383e-06    1.2220904210e-05   -2.6555376010e-06    5.8446463170e-06
   7.5600000   -1.8364438874e-04    1.1218023696e-04   -2.8151889745e-05    3.1853277677e-05   -5.1187372420e-06    1.2286638491e-05   -2.6588236285e-06    5.8307414569e-06
   7.5700000   -1.8402281960e-04    1.1201309785e-04   -2.8234336508e-05    3.1805246562e-05   -5.1310669027e-06    1.2351857300e-05   -2.6621043726e-06    5.8165987111e-06
   7.5800000   -1.8441209295e-04    1.1185618270e-04   -2.8317093245e-05    3.1758161841e-05   -5.1436472301e-06    1.2416504328e-05   -2.6653794909e-06    5.8022190721e-06
   7.5900000   -1.8481135780e-04    1.1170947136e-04   -2.8400104054e-05    3.1711957396e-05   -5.1564676091e-06    1.2480523660e-05   -2.6686486509e-06    5.7876035362e-06
   7.6000000   -1.8521944100e-04    1.1157283166e-04   -2.8483292361e-05    3.1666566284e-05   -5.1695143896e-06    1.2543859956e-05   -2.6719115277e-06    5.7727531228e-06
   7.6100000   -1.8563488527e-04    1.1144602886e-04   -2.8566560317e-05    3.1621921799e-05   -5.1827710041e-06    1.2606458590e-05   -2.6751678101e-06    5.7576688571e-06
   7.6200000   -1.8605599731e-04    1.1132873801e-04   -2.8649789214e-05    3.1577958324e-05   -5.1962181767e-06    1.2668265792e-05   -2.6784172097e-06    5.7423517921e-06
   7.6300000   -1.8648090434e-04    1.1122055831e-04   -2.8732841053e-05    3.1534611850e-05   -5.2098341072e-06    1.2729228792e-05   -2.6816594626e-06    5.7268029838e-06
   7.6400000   -1.8690761688e-04    1.1112102894e-04   -2.8815561156e-05    3.1491820209e-05   -5.2235946918e-06    1.2789295944e-05   -2.6848943438e-06    5.7110235231e-06
   7.6500000   -1.8733409560e-04    1.1102964566e-04   -2.8897781942e-05    3.1449523079e-05   -5.2374738020e-06    1.2848416843e-05   -2.6881216588e-06    5.6950144966e-06
   7.6600000   -1.8775831967e-04    1.1094587743e-04   -2.8979327658e-05    3.1407661596e-05   -5.2514435521e-06    1.2906542470e-05   -2.6913412574e-06    5.6787770377e-06
   7.6700000   -1.8817835405e-04    1.1086918212e-04   -2.9060019944e-05    3.1366177793e-05   -5.2654746153e-06    1.2963625277e-05   -2.6945530326e-06    5.6623122839e-06
   7.6800000   -1.8859241342e-04    1.1079902084e-04   -2.9139684187e-05    3.1325013758e-05   -5.2795365428e-06    1.3019619279e-05   -2.6977569334e-06    5.6456213895e-06
   7.6900000   -1.8899892021e-04    1.1073487031e-04   -2.9218156216e-05    3.1284110689e-05   -5.2935981246e-06    1.3074480126e-05   -2.7009529567e-06    5.6287055500e-06
   7.7000000   -1.8939655464e-04    1.1067623257e-04   -2.9295289240e-05    3.1243407827e-05   -5.3076277319e-06    1.3128165174e-05   -2.7041411611e-06    5.6115659827e-06
   7.7100000   -1.8978429527e-04    1.1062264202e-04   -2.9370960792e-05    3.1202841378e-05   -5.3215937061e-06    1.3180633549e-05   -2.7073216698e-06    5.5942039184e-06
   7.7200000   -1.9016144842e-04    1.1057366933e-04   -2.9445079120e-05    3.1162343600e-05   -5.3354647311e-06    1.3231846141e-05   -2.7104946632e-06    5.5766206189e-06
   7.7300000   -1.9052766575e-04    1.1052892245e-04   -2.9517589153e-05    3.1121841954e-05   -5.3492102326e-06    1.3281765672e-05   -2.7136603960e-06    5.5588173845e-06
   7.7400000   -1.9088294952e-04    1.1048804471e-04   -2.9588477359e-05    3.1081258587e-05   -5.3628007659e-06    1.3330356666e-05   -2.7168191830e-06    5.5407955365e-06
   7.7500000   -1.9122764561e-04    1.1045071038e-04   -2.9657775510e-05    3.1040510085e-05   -5.3762083918e-06    1.3377585444e-05   -2.7199714005e-06    5.5225564285e-06
   7.7600000   -1.9156242487e-04    1.1041661799e-04   -2.9725563036e-05    3.0999507635e-05   -5.3894070922e-06    1.3423420128e-05   -2.7231175020e-06    5.5041014443e-06
   7.7700000   -1.9188825374e-04    1.1038548233e-04   -2.9791967827e-05    3.0958157536e-05   -5.4023731126e-06    1.3467830562e-05   -2.7262580050e-06    5.4854320080e-06
   7.7800000   -1.9220635552e-04    1.1035702531e-04   -2.9857165425e-05    3.0916362171e-05   -5.4150853319e-06    1.3510788314e-05   -2.7293934811e-06    5.4665495826e-06
   7.7900000   -1.9251816401e-04    1.1033096650e-04   -2.9921376470e-05    3.0874021341e-05   -5.4275255949e-06    1.3552266593e-05   -2.7325245827e-06    5.4474556519e-06
   7.8000000   -1.9282527138e-04    1.1030701420e-04   -2.9984862574e-05    3.0831033964e-05   -5.4396790416e-06    1.3592240188e-05   -2.7356519983e-06    5.4281517486e-06
   7.8100000   -1.9312937234e-04    1.1028485739e-04   -3.0047920595e-05    3.0787300098e-05   -5.4515343672e-06    1.3630685417e-05   -2.7387764867e-06    5.4086394498e-06
   7.8200000   -1.9343220681e-04    1.1026415936e-04   -3.0110875536e-05    3.0742723123e-05   -5.4630840892e-06    1.3667580054e-05   -2.7418988455e-06    5.3889203564e-06
   7.8300000   -1.9373550303e-04    1.1024455345e-04   -3.0174072370e-05    3.0697212096e-05   -5.4743247435e-06    1.3702903246e-05   -2.7450199289e-06    5.3689961258e-06
