# thinned to dt=0.05 from the every-step stream; the last 1 time units are kept whole (the death window)
#       time              L2_Ham              L2_Mom
   0.0000000    8.4283630798e-04    1.0083593449e-06
   0.0500000    1.0199620455e-03    1.4778584626e-06
   0.1000000    1.0199617818e-03    1.9534534004e-06
   0.1500000    1.0199615073e-03    2.4245906056e-06
   0.2000000    1.0199618693e-03    2.8417162271e-06
   0.2500000    1.0199634461e-03    3.1995211800e-06
   0.3000000    1.0199667327e-03    3.5033948450e-06
   0.3500000    1.0199721378e-03    3.7610014749e-06
   0.4000000    1.0199799881e-03    3.9799014353e-06
   0.4500000    1.0199905335e-03    4.1668595129e-06
   0.5000000    1.0200039551e-03    4.3276923601e-06
   0.5500000    1.0200203715e-03    4.4673057410e-06
   0.6000000    1.0200398464e-03    4.5897943322e-06
   0.6500000    1.0200623964e-03    4.6985524767e-06
   0.7000000    1.0200879993e-03    4.7963804022e-06
   0.7500000    1.0201166024e-03    4.8855831804e-06
   0.8000000    1.0201481279e-03    4.9680585410e-06
   0.8500000    1.0201824762e-03    5.0453681517e-06
   0.9000000    1.0202195281e-03    5.1187952985e-06
   0.9500000    1.0202591474e-03    5.1893938208e-06
   1.0000000    1.0203011861e-03    5.2580281235e-06
   1.0500000    1.0203454911e-03    5.3254012237e-06
   1.1000000    1.0203919100e-03    5.3920749323e-06
   1.1500000    1.0204402953e-03    5.4584922503e-06
   1.2000000    1.0204905090e-03    5.5250038072e-06
   1.2500000    1.0205424277e-03    5.5918908176e-06
   1.3000000    1.0205959481e-03    5.6593809818e-06
   1.3500000    1.0206509923e-03    5.7276595732e-06
   1.4000000    1.0207075110e-03    5.7968754816e-06
   1.4500000    1.0207654855e-03    5.8671413321e-06
   1.5000000    1.0208249288e-03    5.9385337896e-06
   1.5500000    1.0208858869e-03    6.0111005663e-06
   1.6000000    1.0209484395e-03    6.0848702234e-06
   1.6500000    1.0210126995e-03    6.1598573446e-06
   1.7000000    1.0210788131e-03    6.2360640880e-06
   1.7500000    1.0211469583e-03    6.3134829317e-06
   1.8000000    1.0212173442e-03    6.3920998426e-06
   1.8500000    1.0212902096e-03    6.4718951627e-06
   1.9000000    1.0213658218e-03    6.5528438225e-06
   1.9500000    1.0214444755e-03    6.6349167494e-06
   2.0000000    1.0215264922e-03    6.7180820007e-06
   2.0500000    1.0216122185e-03    6.8023046387e-06
   2.1000000    1.0217020256e-03    6.8875472414e-06
   2.1500000    1.0217963078e-03    6.9737719981e-06
   2.2000000    1.0218954821e-03    7.0609422040e-06
   2.2500000    1.0219999870e-03    7.1490214575e-06
   2.3000000    1.0221102821e-03    7.2379723376e-06
   2.3500000    1.0222268470e-03    7.3277568714e-06
   2.4000000    1.0223501811e-03    7.4183381633e-06
   2.4500000    1.0224808029e-03    7.5096811309e-06
   2.5000000    1.0226192496e-03    7.6017519213e-06
   2.5500000    1.0227660771e-03    7.6945172100e-06
   2.6000000    1.0229218593e-03    7.7879441300e-06
   2.6500000    1.0230871887e-03    7.8820006524e-06
   2.7000000    1.0232626760e-03    7.9766558990e-06
   2.7500000    1.0234489507e-03    8.0718803462e-06
   2.8000000    1.0236466613e-03    8.1676459665e-06
   2.8500000    1.0238564757e-03    8.2639260308e-06
   2.9000000    1.0240790822e-03    8.3606945850e-06
   2.9500000    1.0243151900e-03    8.4579261969e-06
   3.0000000    1.0245655300e-03    8.5555962333e-06
   3.0500000    1.0248308562e-03    8.6536811485e-06
   3.1000000    1.0251119469e-03    8.7521583688e-06
   3.1500000    1.0254096059e-03    8.8510061149e-06
   3.2000000    1.0257246642e-03    8.9502035586e-06
   3.2500000    1.0260579819e-03    9.0497311151e-06
   3.3000000    1.0264104496e-03    9.1495703842e-06
   3.3500000    1.0267829912e-03    9.2497038525e-06
   3.4000000    1.0271765654e-03    9.3501147596e-06
   3.4500000    1.0275921686e-03    9.4507870517e-06
   3.5000000    1.0280308374e-03    9.5517050757e-06
   3.5500000    1.0284936518e-03    9.6528533359e-06
   3.6000000    1.0289817386e-03    9.7542168465e-06
   3.6500000    1.0294962751e-03    9.8557818994e-06
   3.7000000    1.0300384925e-03    9.9575363934e-06
   3.7500000    1.0306096796e-03    1.0059469400e-05
   3.8000000    1.0312111871e-03    1.0161570549e-05
   3.8500000    1.0318444322e-03    1.0263829853e-05
   3.9000000    1.0325109042e-03    1.0366237945e-05
   3.9500000    1.0332121701e-03    1.0468786256e-05
   4.0000000    1.0339498803e-03    1.0571466946e-05
   4.0500000    1.0347257742e-03    1.0674272804e-05
   4.1000000    1.0355416858e-03    1.0777197263e-05
   4.1500000    1.0363995509e-03    1.0880234485e-05
   4.2000000    1.0373014145e-03    1.0983379458e-05
   4.2500000    1.0382494407e-03    1.1086628099e-05
   4.3000000    1.0392459215e-03    1.1189977270e-05
   4.3500000    1.0402932856e-03    1.1293424545e-05
   4.4000000    1.0413941079e-03    1.1396967819e-05
   4.4500000    1.0425511188e-03    1.1500605073e-05
   4.5000000    1.0437672164e-03    1.1604334585e-05
   4.5500000    1.0450454800e-03    1.1708155349e-05
   4.6000000    1.0463891847e-03    1.1812067297e-05
   4.6500000    1.0478018157e-03    1.1916071169e-05
   4.7000000    1.0492870820e-03    1.2020168261e-05
   4.7500000    1.0508489309e-03    1.2124360270e-05
   4.8000000    1.0524915654e-03    1.2228649272e-05
   4.8500000    1.0542194633e-03    1.2333037694e-05
   4.9000000    1.0560373991e-03    1.2437528354e-05
   4.9500000    1.0579504667e-03    1.2542124550e-05
   5.0000000    1.0599641023e-03    1.2646830092e-05
   5.0500000    1.0620841091e-03    1.2751649195e-05
   5.1000000    1.0643166842e-03    1.2856586375e-05
   5.1500000    1.0666684487e-03    1.2961646506e-05
   5.2000000    1.0691464805e-03    1.3066834963e-05
   5.2500000    1.0717583506e-03    1.3172157687e-05
   5.3000000    1.0745121609e-03    1.3277621044e-05
   5.3500000    1.0774165848e-03    1.3383231620e-05
   5.4000000    1.0804809118e-03    1.3488996103e-05
   5.4500000    1.0837150967e-03    1.3594921270e-05
   5.5000000    1.0871298141e-03    1.3701013992e-05
   5.5500000    1.0907365171e-03    1.3807281229e-05
   5.6000000    1.0945475015e-03    1.3913730005e-05
   5.6500000    1.0985759755e-03    1.4020367398e-05
   5.7000000    1.1028361361e-03    1.4127200521e-05
   5.7500000    1.1073432544e-03    1.4234236573e-05
   5.8000000    1.1121137695e-03    1.4341482892e-05
   5.8500000    1.1171653923e-03    1.4448946976e-05
   5.9000000    1.1225172205e-03    1.4556636409e-05
   5.9500000    1.1281898641e-03    1.4664558700e-05
   6.0000000    1.1342055856e-03    1.4772721125e-05
   6.0500000    1.1405884557e-03    1.4881130695e-05
   6.1000000    1.1473645278e-03    1.4989794240e-05
   6.1500000    1.1545620335e-03    1.5098718557e-05
   6.2000000    1.1622116005e-03    1.5207910483e-05
   6.2500000    1.1703464979e-03    1.5317376929e-05
   6.3000000    1.1790029088e-03    1.5427124877e-05
   6.3500000    1.1882202400e-03    1.5537161383e-05
   6.4000000    1.1980414711e-03    1.5647493590e-05
   6.4500000    1.2085135519e-03    1.5758128720e-05
   6.5000000    1.2196878522e-03    1.5869074123e-05
   6.5500000    1.2316206752e-03    1.5980337425e-05
   6.6000000    1.2443738413e-03    1.6091926732e-05
   6.6500000    1.2580153598e-03    1.6203850847e-05
   6.7000000    1.2726202016e-03    1.6316119512e-05
   6.7500000    1.2882711912e-03    1.6428743691e-05
   6.8000000    1.3050600394e-03    1.6541735906e-05
   6.8500000    1.3230885415e-03    1.6655110602e-05
   6.9000000    1.3424699768e-03    1.6768884606e-05
   6.9500000    1.3633307485e-03    1.6883077766e-05
   7.0000000    1.3858123157e-03    1.6997713811e-05
   7.0500000    1.4100734759e-03    1.7112821396e-05
   7.1000000    1.4362930776e-03    1.7228435274e-05
   7.1500000    1.4646732599e-03    1.7344597648e-05
   7.2000000    1.4954433433e-03    1.7461359874e-05
   7.2500000    1.5288645319e-03    1.7578784702e-05
   7.3000000    1.5652356306e-03    1.7696949237e-05
   7.3500000    1.6049000414e-03    1.7815948710e-05
   7.4000000    1.6482543845e-03    1.7935901231e-05
   7.4500000    1.6957592030e-03    1.8056953830e-05
   7.5000000    1.7479523684e-03    1.8179290263e-05
   7.5500000    1.8054660173e-03    1.8303141301e-05
   7.6000000    1.8690481528e-03    1.8428798486e-05
   7.6500000    1.9395904788e-03    1.8556632704e-05
   7.7000000    2.0181646717e-03    1.8687119516e-05
   7.7500000    2.1060702372e-03    1.8820874137e-05
   7.8000000    2.2048985141e-03    1.8958700564e-05
   7.8500000    2.3166195599e-03    1.9101661863e-05
   7.9000000    2.4437020583e-03    1.9251182644e-05
   7.9500000    2.5892818786e-03    1.9409201508e-05
   8.0000000    2.7574039880e-03    1.9578402840e-05
   8.0500000    2.9533778788e-03    1.9762578244e-05
   8.1000000    3.1843139244e-03    1.9967206715e-05
   8.1500000    3.4599580634e-03    2.0200417384e-05
   8.2000000    3.7940381513e-03    2.0474649023e-05
   8.2500000    4.2065295515e-03    2.0809639308e-05
   8.3000000    4.7276662144e-03    2.1238095685e-05
   8.3500000    5.4054972775e-03    2.1817141050e-05
   8.4000000    6.3212771632e-03    2.2653231245e-05
   8.4500000    7.6241417637e-03    2.3961822434e-05
   8.5000000    9.6207107591e-03    2.6229391099e-05
   8.5500000    1.3057525059e-02    3.0740251669e-05
   8.6000000    2.0351288795e-02    4.1888406230e-05
   8.6500000    4.6187057459e-02    8.6924560759e-05
   8.7000000    1.7175840876e-01    3.2046067509e-04
   8.7500000    3.0092401847e-02    6.0718955678e-05
   8.8000000    1.6522508068e-02    3.8128038654e-05
   8.8500000    1.1409301540e-02    3.0720646875e-05
   8.9000000    8.7296408098e-03    2.7394745726e-05
   8.9500000    7.0828614397e-03    2.5650392109e-05
   9.0000000    5.9702052269e-03    2.4646720800e-05
   9.0500000    5.1695438650e-03    2.4035075248e-05
   9.1000000    4.5669504693e-03    2.3649930111e-05
   9.1500000    4.0979720950e-03    2.3404659211e-05
   9.2000000    3.7234071135e-03    2.3250425786e-05
   9.2500000    3.4180451049e-03    2.3158026177e-05
   9.3000000    3.1649391034e-03    2.3109141298e-05
   9.3500000    2.9522790512e-03    2.3091816659e-05
   9.4000000    2.7715852673e-03    2.3097989152e-05
   9.4500000    2.6166145246e-03    2.3122067007e-05
   9.5000000    2.4826710580e-03    2.3160080295e-05
   9.5500000    2.3661578321e-03    2.3209154503e-05
   9.6000000    2.2642757317e-03    2.3267174209e-05
   9.6500000    2.1748167945e-03    2.3332562353e-05
   9.7000000    2.0960189343e-03    2.3404131926e-05
   9.7500000    2.0264618774e-03    2.3480984293e-05
   9.8000000    1.9649913456e-03    2.3562438276e-05
   9.8500000    1.9106629925e-03    2.3647979973e-05
   9.9000000    1.8627004090e-03    2.3737226861e-05
   9.9500000    1.8204633254e-03    2.3829901992e-05
  10.0000000    1.7834233240e-03    2.3925815395e-05
  10.0500000    1.7511451766e-03    2.4024850829e-05
  10.1000000    1.7232724657e-03    2.4126956697e-05
  10.1500000    1.6995165255e-03    2.4232140330e-05
  10.2000000    1.6796480097e-03    2.4340465007e-05
  10.2500000    1.6634905876e-03    2.4452049347e-05
  10.3000000    1.6509164198e-03    2.4567068981e-05
  10.3500000    1.6418431757e-03    2.4685760508e-05
  10.4000000    1.6362324477e-03    2.4808427929e-05
  10.4500000    1.6340894979e-03    2.4935268564e-05
  10.5000000    1.6354643506e-03    2.5067031920e-05
  10.5500000    1.6404543244e-03    2.5204262099e-05
  10.6000000    1.6492081797e-03    2.5347627371e-05
  10.6500000    1.6619321714e-03    2.5497970941e-05
  10.7000000    1.6788984295e-03    2.5656353277e-05
  10.7500000    1.7004562799e-03    2.5824104081e-05
  10.8000000    1.7270473756e-03    2.6002890326e-05
  10.8500000    1.7592258797e-03    2.6194808312e-05
  10.9000000    1.7976854836e-03    2.6402509711e-05
  10.9500000    1.8432958575e-03    2.6629378720e-05
  11.0000000    1.8971523677e-03    2.6879790342e-05
  11.0500000    1.9606448319e-03    2.7159488017e-05
  11.1000000    2.0355541793e-03    2.7476127596e-05
  11.1500000    2.1241909754e-03    2.7840070052e-05
  11.2000000    2.2295984028e-03    2.8265582631e-05
  11.2500000    2.3558574176e-03    2.8772720453e-05
  11.3000000    2.5085593650e-03    2.9390344366e-05
  11.3500000    2.6955638274e-03    3.0161102207e-05
  11.4000000    2.9282647545e-03    3.1149979755e-05
  11.4500000    3.2238123621e-03    3.2459674173e-05
  11.5000000    3.6092533534e-03    3.4259785412e-05
  11.5500000    4.1298460760e-03    3.6846163285e-05
  11.6000000    4.8674538460e-03    4.0772874701e-05
  11.6500000    5.9868737657e-03    4.7184290662e-05
  11.7000000    7.8763751589e-03    5.8817786904e-05
  11.7500000    1.1720531729e-02    8.4071310219e-05
  11.8000000    2.3688653939e-02    1.6667457633e-04
  11.8500000    4.4960963319e-01    3.1871569211e-03
  11.9000000    2.0905040768e-02    1.5359810533e-04
  11.9500000    1.0589884428e-02    8.2693527190e-05
  12.0000000    7.0528920933e-03    5.9613325249e-05
  12.0500000    5.2729098888e-03    4.8765791517e-05
  12.1000000    4.2064732271e-03    4.2756473488e-05
  12.1500000    3.5001394477e-03    3.9095455916e-05
  12.2000000    3.0010750818e-03    3.6721672875e-05
  12.2500000    2.6324511981e-03    3.5114225783e-05
  12.3000000    2.3514562989e-03    3.3991818731e-05
  12.3500000    2.1323790139e-03    3.3191638426e-05
  12.4000000    1.9588787016e-03    3.2614308763e-05
  12.4500000    1.8201066648e-03    3.2196575625e-05
  12.5000000    1.7086128296e-03    3.1896806099e-05
  12.5500000    1.6191487861e-03    3.1686866673e-05
  12.6000000    1.5479508507e-03    3.1547372793e-05
  12.6500000    1.4922945137e-03    3.1464810476e-05
  12.7000000    1.4502097508e-03    3.1429742497e-05
  12.7500000    1.4202959523e-03    3.1435668465e-05
  12.8000000    1.4016013242e-03    3.1478295848e-05
  12.8500000    1.3935461587e-03    3.1555081849e-05
  12.9000000    1.3958779088e-03    3.1664965015e-05
  12.9500000    1.4086513761e-03    3.1808241427e-05
  13.0000000    1.4322310567e-03    3.1986565023e-05
  13.0500000    1.4673157371e-03    3.2203071780e-05
  13.1000000    1.5149884595e-03    3.2462647358e-05
  13.1500000    1.5767986753e-03    3.2772381408e-05
  13.2000000    1.6548886643e-03    3.3142285950e-05
  13.2500000    1.7521845485e-03    3.3586410535e-05
  13.3000000    1.8726860870e-03    3.4124582161e-05
  13.3500000    2.0219138947e-03    3.4785168419e-05
  13.4000000    2.2076180125e-03    3.5609581257e-05
  13.4500000    2.4409399313e-03    3.6659864556e-05
  13.5000000    2.7384018993e-03    3.8032003225e-05
  13.5500000    3.1254978791e-03    3.9880413448e-05
  13.6000000    3.6436179936e-03    4.2466036664e-05
  13.6500000    4.3645705357e-03    4.6257890076e-05
  13.7000000    5.4245940728e-03    5.2171783661e-05
  13.7500000    7.1171552896e-03    6.2220507372e-05
  13.8000000    1.0211002934e-02    8.1733079329e-05
  13.8500000    1.7564724617e-02    1.3058356100e-04
  13.9000000    5.6268603437e-02    3.9700162031e-04
  13.9500000    5.1790688064e-02    3.5608945681e-04
  14.0000000    1.8484686900e-02    1.2721909203e-04
  14.0500000    1.1571963344e-02    8.1528313216e-05
  14.1000000    8.6132674911e-03    6.3075943303e-05
  14.1500000    6.9923490711e-03    5.3652796675e-05
  14.2000000    5.9867023079e-03    4.8234997185e-05
  14.2500000    5.3172610812e-03    4.4896530625e-05
  14.3000000    4.8540610316e-03    4.2753908545e-05
  14.3500000    4.5290490624e-03    4.1353810536e-05
  14.4000000    4.3038819037e-03    4.0445822550e-05
  14.4500000    4.1561906143e-03    3.9885244806e-05
  14.5000000    4.0731554840e-03    3.9587469294e-05
  14.5500000    4.0483952164e-03    3.9505502872e-05
  14.6000000    4.0805984344e-03    3.9619247668e-05
  14.6500000    4.1733003904e-03    3.9931952586e-05
  14.7000000    4.3357226986e-03    4.0472677900e-05
  14.7500000    4.5850546465e-03    4.1306401528e-05
  14.8000000    4.9513081096e-03    4.2557670839e-05
  14.8500000    5.4876371446e-03    4.4463587616e-05
  14.9000000    6.2940027314e-03    4.7500078509e-05
  14.9500000    7.5789607872e-03    5.2720896586e-05
  15.0000000    9.8565050973e-03    6.2854514470e-05
  15.0500000    1.4818116176e-02    8.7177664378e-05
  15.1000000    3.3183067054e-02    1.8521301695e-04
  15.1500000    9.5742205750e-02    5.3560679125e-04
  15.2000000    1.8497733627e-02    1.1112464465e-04
  15.2500000    9.9541538053e-03    6.7946321875e-05
  15.3000000    6.6964528626e-03    5.3495170706e-05
  15.3500000    4.9924378753e-03    4.7010081489e-05
  15.4000000    3.9535985248e-03    4.3645309569e-05
  15.4500000    3.2601883961e-03    4.1739617583e-05
  15.5000000    2.7689617742e-03    4.0599491515e-05
  15.5500000    2.4061909088e-03    3.9896428586e-05
  15.6000000    2.1300791687e-03    3.9459978528e-05
  15.6500000    1.9151783145e-03    3.9195298043e-05
  15.7000000    1.7451184935e-03    3.9046612371e-05
  15.7500000    1.6089007547e-03    3.8979632723e-05
  15.8000000    1.4988698553e-03    3.8972513312e-05
  15.8500000    1.4095417529e-03    3.9010934879e-05
  15.9000000    1.3368932314e-03    3.9085302510e-05
  15.9500000    1.2779143229e-03    3.9189081847e-05
  16.0000000    1.2303166129e-03    3.9317774928e-05
  16.0500000    1.1923373670e-03    3.9468269527e-05
  16.1000000    1.1626043735e-03    3.9638413387e-05
  16.1500000    1.1400402535e-03    3.9826726721e-05
  16.2000000    1.1237929846e-03    4.0032201671e-05
  16.2500000    1.1131841323e-03    4.0254157882e-05
  16.3000000    1.1076691962e-03    4.0492135257e-05
  16.3500000    1.1068062946e-03    4.0745812404e-05
  16.4000000    1.1102305834e-03    4.1014942797e-05
  16.4500000    1.1176325697e-03    4.1299301520e-05
  16.5000000    1.1287390045e-03    4.1598636676e-05
  16.5500000    1.1432954182e-03    4.1912621121e-05
  16.6000000    1.1610496596e-03    4.2240801638e-05
  16.6500000    1.1817360636e-03    4.2582544375e-05
  16.7000000    1.2050601448e-03    4.2936976140e-05
  16.7500000    1.2306840059e-03    4.3302920476e-05
  16.8000000    1.2582129886e-03    4.3678827169e-05
  16.8500000    1.2871844571e-03    4.4062696320e-05
  16.9000000    1.3170599776e-03    4.4452002708e-05
  16.9500000    1.3472224736e-03    4.4843631310e-05
  17.0000000    1.3769801092e-03    4.5233839148e-05
  17.0500000    1.4055785624e-03    4.5618260743e-05
  17.1000000    1.4322228635e-03    4.5991974976e-05
  17.1500000    1.4561090168e-03    4.6349650001e-05
  17.2000000    1.4764641991e-03    4.6685776548e-05
  17.2500000    1.4925926200e-03    4.6994985253e-05
  17.3000000    1.5039224618e-03    4.7272423081e-05
  17.3500000    1.5100481515e-03    4.7514144835e-05
  17.4000000    1.5107619817e-03    4.7717465109e-05
  17.4500000    1.5060700859e-03    4.7881216236e-05
  17.5000000    1.4961899181e-03    4.8005868195e-05
  17.5500000    1.4815292832e-03    4.8093487240e-05
  17.6000000    1.4626499120e-03    4.8147538487e-05
  17.6500000    1.4402208563e-03    4.8172335743e-05
  17.7000000    1.4149681114e-03    4.8173480502e-05
  17.7500000    1.3876266381e-03    4.8156451149e-05
  17.8000000    1.3588997669e-03    4.8126686660e-05
  17.8500000    1.3294290453e-03    4.8089315405e-05
  17.9000000    1.2997756026e-03    4.8048943362e-05
  17.9500000    1.2704123800e-03    4.8009533674e-05
  18.0000000    1.2417253728e-03    4.7974375246e-05
  18.0500000    1.2140214156e-03    4.7946115430e-05
  18.1000000    1.1875399343e-03    4.7926827040e-05
  18.1500000    1.1624663669e-03    4.7918091654e-05
  18.2000000    1.1389454360e-03    4.7921091084e-05
  18.2500000    1.1170930122e-03    4.7936698558e-05
  18.3000000    1.0970058412e-03    4.7965559102e-05
  18.3500000    1.0787688494e-03    4.8008154061e-05
  18.4000000    1.0624600823e-03    4.8064852710e-05
  18.4500000    1.0481535512e-03    4.8135953416e-05
  18.5000000    1.0359203815e-03    4.8221711192e-05
  18.5500000    1.0258287001e-03    4.8322348161e-05
  18.6000000    1.0179426848e-03    4.8438048824e-05
  18.6500000    1.0123211519e-03    4.8568945654e-05
  18.7000000    1.0090159891e-03    4.8715098480e-05
  18.7500000    1.0080706694e-03    4.8876468165e-05
  18.8000000    1.0095190060e-03    4.9052885914e-05
  18.8500000    1.0133842370e-03    4.9244021444e-05
  18.9000000    1.0196784506e-03    4.9449352333e-05
  18.9500000    1.0284022654e-03    4.9668134683e-05
  19.0000000    1.0395445771e-03    4.9899376459e-05
  19.0500000    1.0530820641e-03    5.0141818651e-05
  19.1000000    1.0689780190e-03    5.0393930790e-05
  19.1500000    1.0871799412e-03    5.0653923403e-05
  19.2000000    1.1076151823e-03    5.0919775345e-05
  19.2500000    1.1301838347e-03    5.1189274235e-05
  19.3000000    1.1547480437e-03    5.1460071349e-05
  19.3500000    1.1811170992e-03    5.1729751368e-05
  19.4000000    1.2090281228e-03    5.1995911483e-05
  19.4500000    1.2381230048e-03    5.2256240265e-05
  19.5000000    1.2679235336e-03    5.2508588458e-05
  19.5500000    1.2978083778e-03    5.2751027336e-05
  19.6000000    1.3269975071e-03    5.2981891458e-05
  19.6500000    1.3545512974e-03    5.3199803340e-05
  19.7000000    1.3793921598e-03    5.3403681356e-05
  19.7500000    1.4003551207e-03    5.3592739472e-05
  19.8000000    1.4162696172e-03    5.3766493940e-05
  19.8500000    1.4260678417e-03    5.3924791670e-05
  19.9000000    1.4289065415e-03    5.4067864371e-05
  19.9500000    1.4242818858e-03    5.4196396078e-05
  20.0000000    1.4121141065e-03    5.4311579708e-05
  20.0500000    1.3927824642e-03    5.4415138637e-05
  20.1000000    1.3671015056e-03    5.4509299672e-05
  20.1500000    1.3362433561e-03    5.4596715729e-05
  20.2000000    1.3016230102e-03    5.4680348089e-05
  20.2500000    1.2647700602e-03    5.4763331845e-05
  20.3000000    1.2272096259e-03    5.4848857661e-05
  20.3500000    1.1903689887e-03    5.4940094458e-05
  20.4000000    1.1555178324e-03    5.5040151826e-05
  20.4500000    1.1237421591e-03    5.5152061085e-05
  20.5000000    1.0959467420e-03    5.5278754970e-05
  20.5500000    1.0728787587e-03    5.5423037831e-05
  20.6000000    1.0551653904e-03    5.5587544631e-05
  20.6500000    1.0433596641e-03    5.5774688930e-05
  20.7000000    1.0379907650e-03    5.5986609416e-05
  20.7500000    1.0396168687e-03    5.6225139374e-05
  20.8000000    1.0488799466e-03    5.6491829476e-05
  20.8500000    1.0665628811e-03    5.6788049946e-05
  20.9000000    1.0936495540e-03    5.7115199078e-05
  20.9500000    1.1313882541e-03    5.7475056949e-05
  21.0000000    1.1813575426e-03    5.7870334893e-05
  21.0500000    1.2455310496e-03    5.8305478775e-05
  21.1000000    1.3263323917e-03    5.8787797366e-05
  21.1500000    1.4266613573e-03    5.9328999161e-05
  21.2000000    1.5498540343e-03    5.9947187891e-05
  21.2500000    1.6995071470e-03    6.0669205259e-05
  21.3000000    1.8790444220e-03    6.1532760916e-05
  21.3500000    2.0908302539e-03    6.2586764698e-05
  21.4000000    2.3345696061e-03    6.3886371708e-05
  21.4500000    2.6047713086e-03    6.5476779729e-05
  21.5000000    2.8874263196e-03    6.7359278805e-05
  21.5500000    3.1570876800e-03    6.9440761785e-05
  21.6000000    3.3771803664e-03    7.1491947194e-05
  21.6500000    3.5071094886e-03    7.3164911701e-05
  21.7000000    3.5165291588e-03    7.4110615468e-05
  21.7500000    3.3997161143e-03    7.4149336315e-05
  21.8000000    3.1791428197e-03    7.3364252874e-05
  21.8500000    2.8949489426e-03    7.2039969904e-05
  21.9000000    2.5887827626e-03    7.0510496791e-05
  21.9500000    2.2925145703e-03    6.9036869265e-05
  22.0000000    2.0251237925e-03    6.7767216052e-05
  22.0500000    1.7949255954e-03    6.6756207970e-05
  22.1000000    1.6033678137e-03    6.6002506998e-05
  22.1500000    1.4482972860e-03    6.5479907461e-05
  22.2000000    1.3261417354e-03    6.5156166644e-05
  22.2500000    1.2331704078e-03    6.5002041876e-05
  22.3000000    1.1661589512e-03    6.4994621453e-05
  22.3500000    1.1227328175e-03    6.5118065503e-05
  22.4000000    1.1015762987e-03    6.5363666706e-05
  22.4500000    1.1026313625e-03    6.5730392254e-05
  22.5000000    1.1273839077e-03    6.6226844809e-05
  22.5500000    1.1793479377e-03    6.6875916233e-05
  22.6000000    1.2649247365e-03    6.7724513545e-05
  22.6500000    1.3949822739e-03    6.8864249608e-05
  22.7000000    1.5879067409e-03    7.0475302863e-05
  22.7500000    1.8759298416e-03    7.2928304748e-05
  22.8000000    2.3195851915e-03    7.7040799223e-05
  22.8500000    3.0455250004e-03    8.4799852620e-05
  22.9000000    4.3673230073e-03    1.0174689896e-04
  22.9500000    7.3221345927e-03    1.4739559025e-04
  23.0000000    1.8525157641e-02    3.4669621810e-04
  23.0500000    5.9755751042e-02    1.1305348552e-03
  23.1000000    1.3484098253e-02    2.7154374458e-04
  23.1500000    8.5203331466e-03    1.8494002382e-04
  23.2000000    6.8628327003e-03    1.5891154037e-04
  23.2500000    6.3011252936e-03    1.5266930022e-04
  23.3000000    6.4157465851e-03    1.5925598741e-04
  23.3500000    7.3141988453e-03    1.8255270595e-04
  23.4000000    9.9223096238e-03    2.4600802584e-04
  23.4500000    2.0968793120e-02    5.1699466255e-04
  23.5000000    4.4259676020e-02    1.1095954803e-03
  23.5500000    9.1367594157e-03    2.4371396193e-04
  23.6000000    4.7354354250e-03    1.4182444998e-04
  23.6500000    3.0811837991e-03    1.0771239904e-04
  23.7000000    2.2496159970e-03    9.2969958891e-05
  23.7500000    1.7723939975e-03    8.5820633461e-05
  23.8000000    1.4805206022e-03    8.2166298007e-05
  23.8500000    1.2992112543e-03    8.0314905179e-05
  23.9000000    1.1914868548e-03    7.9493685487e-05
  23.9500000    1.1386187169e-03    7.9330924041e-05
  24.0000000    1.1326017926e-03    7.9655693398e-05
  24.0500000    1.1736760676e-03    8.0424165361e-05
  24.1000000    1.2710721915e-03    8.1716624310e-05
  24.1500000    1.4478461387e-03    8.3815969107e-05
  24.2000000    1.7549753800e-03    8.7480528025e-05
  24.2500000    2.3150094299e-03    9.4899311162e-05
  24.3000000    3.4969003306e-03    1.1390034938e-04
  24.3500000    7.1221202319e-03    1.8806028221e-04
  24.4000000    3.9432935356e-01    9.6669484031e-03
  24.4500000    8.1725553565e-03    2.2165688919e-04
  24.5000000    4.3286356639e-03    1.3939446112e-04
  24.5500000    3.1071122732e-03    1.1763299849e-04
  24.6000000    2.5357701535e-03    1.0930019059e-04
  24.6500000    2.2286712686e-03    1.0584425342e-04
  24.7000000    2.0610913178e-03    1.0476127464e-04
  24.7500000    1.9840918775e-03    1.0519071721e-04
  24.8000000    1.9798414476e-03    1.0692324818e-04
  24.8500000    2.0494736321e-03    1.1018012175e-04
  24.9000000    2.2143278992e-03    1.1574123229e-04
  24.9500000    2.5327164758e-03    1.2558737630e-04
  25.0000000    3.1627029114e-03    1.4524876445e-04
  25.0500000    4.6619341074e-03    1.9519552047e-04
  25.1000000    1.1157476130e-02    4.3182511013e-04
  25.1500000    1.7676199758e-02    6.8094827836e-04
  25.2000000    4.5653839809e-03    1.9682547589e-04
  25.2500000    2.5718216025e-03    1.3413407546e-04
  25.3000000    1.8063825219e-03    1.1495030662e-04
  25.3500000    1.4294501486e-03    1.0764813522e-04
  25.4000000    1.2279383373e-03    1.0479052190e-04
  25.4500000    1.1247283615e-03    1.0395876317e-04
  25.5000000    1.0882544775e-03    1.0422588790e-04
  25.5500000    1.1082654910e-03    1.0522981332e-04
  25.6000000    1.1898008978e-03    1.0690705494e-04
  25.6500000    1.3569237586e-03    1.0949910918e-04
  25.7000000    1.6719548735e-03    1.1391052426e-04
  25.7500000    2.3080610536e-03    1.2338979144e-04
  25.8000000    3.9343519093e-03    1.5409956342e-04
  25.8500000    1.3671996314e-02    4.1291874317e-04
  25.9000000    1.0093142177e-02    3.2696453034e-04
  25.9500000    3.9242677822e-03    1.6846235501e-04
  26.0000000    2.5650418701e-03    1.4283078612e-04
  26.0500000    1.9891045065e-03    1.3510390070e-04
  26.1000000    1.6839337332e-03    1.3256268075e-04
  26.1500000    1.5050052614e-03    1.3213667735e-04
  26.2000000    1.3966038878e-03    1.3279992887e-04
  26.2500000    1.3336279303e-03    1.3415247812e-04
  26.3000000    1.3042896071e-03    1.3604460875e-04
  26.3500000    1.3040242196e-03    1.3846135909e-04
  26.4000000    1.3335409584e-03    1.4149952880e-04
  26.4500000    1.3992447025e-03    1.4540547555e-04
  26.5000000    1.5164507969e-03    1.5070818130e-04
  26.5500000    1.7187496995e-03    1.5860342216e-04
  26.6000000    2.0867427408e-03    1.7221821484e-04
  26.6500000    2.8615958863e-03    2.0204312413e-04
  26.7000000    5.2077218441e-03    3.0487460583e-04
  26.7500000    1.0234543444e-01    5.3125236764e-03
  26.8000000    5.2776067881e-03    3.0737872469e-04
  26.8500000    2.5463094060e-03    1.9594877424e-04
  26.9000000    1.7122339989e-03    1.7302996120e-04
  26.9500000    1.3357604355e-03    1.6710451266e-04
  27.0000000    1.1409998325e-03    1.6650530795e-04
  27.0500000    1.0386550968e-03    1.6811598833e-04
  27.1000000    9.9293555577e-04    1.7086127379e-04
  27.1500000    9.8947680233e-04    1.7431187244e-04
  27.2000000    1.0258376649e-03    1.7829661311e-04
  27.2500000    1.1100241105e-03    1.8279267022e-04
  27.3000000    1.2652562304e-03    1.8794930988e-04
  27.3500000    1.5474308165e-03    1.9432968271e-04
  27.4000000    2.1082410405e-03    2.0407977968e-04
  27.4500000    3.5230626728e-03    2.2914507195e-04
  27.5000000    1.1564234589e-02    4.5604530682e-04
  27.5500000    9.4490962766e-03    4.2263810841e-04
  27.6000000    3.5296689436e-03    2.6249240300e-04
  27.6500000    2.2736121995e-03    2.4458704802e-04
  27.7000000    1.7457149835e-03    2.4261288901e-04
  27.7500000    1.4653436233e-03    2.4498924637e-04
  27.8000000    1.2982663458e-03    2.4911135872e-04
  27.8500000    1.1926078619e-03    2.5411841946e-04
  27.9000000    1.1244519417e-03    2.5965574975e-04
  27.9500000    1.0816195732e-03    2.6555631407e-04
  28.0000000    1.0576953316e-03    2.7173756888e-04
  28.0500000    1.0495534631e-03    2.7816355827e-04
  28.1000000    1.0563397777e-03    2.8483229897e-04
  28.1500000    1.0792342517e-03    2.9177714799e-04
  28.2000000    1.1218582762e-03    2.9908237017e-04
  28.2500000    1.1915870571e-03    3.0692387384e-04
  28.3000000    1.3027157186e-03    3.1567088228e-04
  28.3500000    1.4843962299e-03    3.2616722370e-04
  28.4000000    1.8036677960e-03    3.4066493845e-04
  28.4500000    2.4516591971e-03    3.6695052271e-04
  28.5000000    4.2643526918e-03    4.4872711070e-04
  28.5500000    2.5714778610e-02    1.8457413038e-03
  28.6000000    5.9097843121e-03    5.2755293611e-04
  28.6500000    2.6591282307e-03    3.8691189603e-04
  28.7000000    1.7624603444e-03    3.6835681232e-04
  28.7500000    1.3655877555e-03    3.6664896331e-04
  28.8000000    1.1557289962e-03    3.6938165960e-04
  28.8500000    1.0355538873e-03    3.7369436427e-04
  28.9000000    9.6539933876e-04    3.7867051914e-04
  28.9500000    9.2665971540e-04    3.8395456812e-04
  29.0000000    9.1012302134e-04    3.8939466436e-04
  29.0500000    9.1153790721e-04    3.9492932105e-04
  29.1000000    9.2984800042e-04    4.0054915651e-04
  29.1500000    9.6670008780e-04    4.0628972739e-04
  29.2000000    1.0268761968e-03    4.1224714520e-04
  29.2500000    1.1199060121e-03    4.1862886665e-04
  29.3000000    1.2640152178e-03    4.2589016596e-04
  29.3500000    1.4960608467e-03    4.3513378983e-04
  29.4000000    1.9005413760e-03    4.4951417005e-04
  29.4500000    2.7195700628e-03    4.8082655187e-04
  29.5000000    5.0356970980e-03    6.0102003211e-04
  29.5500000    3.8406624887e-02    3.3496385583e-03
  29.6000000    7.0333623317e-03    7.7857021295e-04
  29.6500000    3.3418872085e-03    5.5040017568e-04
  29.7000000    2.2714170987e-03    5.0647343849e-04
  29.7500000    1.7772006111e-03    4.9303411635e-04
  29.8000000    1.5015944816e-03    4.8883060574e-04
  29.8500000    1.3317301356e-03    4.8837704050e-04
  29.9000000    1.2208814354e-03    4.8974454029e-04
  29.9500000    1.1463833562e-03    4.9211561351e-04
  30.0000000    1.0960823518e-03    4.9509997936e-04
  30.0500000    1.0630503945e-03    4.9849808044e-04
  30.1000000    1.0432431264e-03    5.0220672371e-04
  30.1500000    1.0343778065e-03    5.0617786671e-04
  30.2000000    1.0353873896e-03    5.1040034884e-04
  30.2500000    1.0461920047e-03    5.1489345933e-04
  30.3000000    1.0676926941e-03    5.1970874340e-04
  30.3500000    1.1019863562e-03    5.2494069166e-04
  30.4000000    1.1528941029e-03    5.3075159833e-04
  30.4500000    1.2270551900e-03    5.3742496986e-04
  30.5000000    1.3362112578e-03    5.4548547244e-04
  30.5500000    1.5023413239e-03    5.5599575213e-04
  30.6000000    1.7707139931e-03    5.7140357173e-04
  30.6500000    2.2498663165e-03    5.9851351086e-04
  30.7000000    3.2773321533e-03    6.6287410649e-04
  30.7500000    6.6836867382e-03    9.3756103495e-04
  30.8000000    6.2637816189e-02    6.8664739566e-03
  30.8500000    5.4684478816e-03    7.8894281836e-04
  30.9000000    2.9282366657e-03    6.2440357449e-04
  30.9500000    2.0668299650e-03    5.9202509861e-04
  31.0000000    1.6528606948e-03    5.8426761792e-04
  31.0500000    1.4212510953e-03    5.8407679886e-04
  31.1000000    1.2808494403e-03    5.8698464677e-04
  31.1500000    1.1920560660e-03    5.9145838890e-04
  31.2000000    1.1350779586e-03    5.9687925234e-04
  31.2500000    1.0990771320e-03    6.0297304006e-04
  31.3000000    1.0777452327e-03    6.0961528358e-04
  31.3500000    1.0672647602e-03    6.1675494373e-04
  31.4000000    1.0652845144e-03    6.2438172578e-04
  31.4500000    1.0703722606e-03    6.3251154264e-04
  31.5000000    1.0817111041e-03    6.4118049688e-04
  31.5500000    1.0989298213e-03    6.5044351971e-04
  31.6000000    1.1220128826e-03    6.6037619041e-04
  31.6500000    1.1512630951e-03    6.7107943297e-04
  31.7000000    1.1873045802e-03    6.8268756805e-04
  31.7500000    1.2311233064e-03    6.9538097676e-04
  31.8000000    1.2841503432e-03    7.0940570999e-04
  31.8500000    1.3484021774e-03    7.2510414550e-04
  31.9000000    1.4267060485e-03    7.4296394967e-04
  31.9500000    1.5230618150e-03    7.6369854016e-04
  32.0000000    1.6432364464e-03    7.8838397760e-04
  32.0500000    1.7957778081e-03    8.1870162622e-04
  32.1000000    1.9938318656e-03    8.5738992385e-04
  32.1500000    2.2586140884e-03    9.0913696656e-04
  32.2000000    2.6266029925e-03    9.8248006142e-04
  32.2500000    3.1661269271e-03    1.0942623849e-03
  32.3000000    4.0216410838e-03    1.2816119843e-03
  32.3500000    5.5604352536e-03    1.6415577937e-03
  32.4000000    9.0717563683e-03    2.5187819796e-03
  32.4500000    2.4534402495e-02    6.5847060309e-03
  32.5000000    3.6250971604e-02    9.7541118287e-03
  32.5500000    1.0659756871e-02    2.9829709579e-03
  32.6000000    6.3698849241e-03    1.9060931080e-03
  32.6500000    4.6230531847e-03    1.5021973804e-03
  32.7000000    3.6885638457e-03    1.3075719948e-03
  32.7500000    3.1161908414e-03    1.2022520407e-03
  32.8000000    2.7368931961e-03    1.1419745412e-03
  32.8500000    2.4730576852e-03    1.1070054013e-03
  32.9000000    2.2841914016e-03    1.0874308628e-03
  32.9500000    2.1472717515e-03    1.0778436679e-03
  33.0000000    2.0484480959e-03    1.0751197204e-03
  33.0500000    1.9791386033e-03    1.0773888236e-03
  33.1000000    1.9340568809e-03    1.0835240762e-03
  33.1500000    1.9101821937e-03    1.0928795520e-03
  33.2000000    1.9062475609e-03    1.1051596780e-03
  33.2500000    1.9225625339e-03    1.1203698353e-03
  33.3000000    1.9611143428e-03    1.1388316623e-03
  33.3500000    2.0259863419e-03    1.1612715095e-03
  33.4000000    2.1242520689e-03    1.1890219494e-03
  33.4500000    2.2677259052e-03    1.2244366546e-03
  33.5000000    2.4764654429e-03    1.2717629319e-03
  33.5500000    2.7862884688e-03    1.3391095757e-03
  33.6000000    3.2667744291e-03    1.4433807839e-03
  33.6500000    4.0718240177e-03    1.6246639020e-03
  33.7000000    5.6209718112e-03    1.9990680195e-03
  33.7500000    9.6045938643e-03    3.0537395541e-03
  33.8000000    3.8809498400e-02    1.1446612285e-02
  33.8500000    1.8108116311e-02    5.3549506571e-03
  33.9000000    7.3128183477e-03    2.3632801306e-03
  33.9500000    4.6138799201e-03    1.7159868057e-03
  34.0000000    3.4083361670e-03    1.4775185879e-03
  34.0500000    2.7371645451e-03    1.3709740107e-03
  34.1000000    2.3167071823e-03    1.3190061384e-03
  34.1500000    2.0331954856e-03    1.2932636658e-03
  34.2000000    1.8321882111e-03    1.2815436549e-03
  34.2500000    1.6844242801e-03    1.2779725344e-03
  34.3000000    1.5728298089e-03    1.2794760107e-03
  34.3500000    1.4868159237e-03    1.2843363658e-03
  34.4000000    1.4195001915e-03    1.2915425874e-03
  34.4500000    1.3662396855e-03    1.3004740660e-03
  34.5000000    1.3238059950e-03    1.3107365838e-03
  34.5500000    1.2898970485e-03    1.3220726677e-03
  34.6000000    1.2628359483e-03    1.3343103640e-03
  34.6500000    1.2413786176e-03    1.3473328405e-03
  34.7000000    1.2245872877e-03    1.3610597562e-03
  34.7500000    1.2117451735e-03    1.3754355199e-03
  34.8000000    1.2022976630e-03    1.3904217088e-03
  34.8500000    1.1958110050e-03    1.4059920709e-03
  34.9000000    1.1919427896e-03    1.4221291687e-03
  34.9500000    1.1904205242e-03    1.4388220881e-03
  35.0000000    1.1910258518e-03    1.4560648478e-03
  35.0500000    1.1935827645e-03    1.4738552783e-03
  35.1000000    1.1979486858e-03    1.4921942225e-03
  35.1500000    1.2040076384e-03    1.5110849536e-03
  35.2000000    1.2116649379e-03    1.5305327391e-03
  35.2500000    1.2208430194e-03    1.5505445021e-03
  35.3000000    1.2314781073e-03    1.5711285481e-03
  35.3500000    1.2435175138e-03    1.5922943384e-03
  35.4000000    1.2569174037e-03    1.6140522913e-03
  35.4500000    1.2716409083e-03    1.6364135998e-03
  35.5000000    1.2876565134e-03    1.6593900587e-03
  35.5500000    1.3049366639e-03    1.6829938944e-03
  35.6000000    1.3234565361e-03    1.7072375940e-03
  35.6500000    1.3431929264e-03    1.7321337235e-03
  35.7000000    1.3641232185e-03    1.7576947297e-03
  35.7500000    1.3862244024e-03    1.7839327156e-03
  35.8000000    1.4094721363e-03    1.8108591947e-03
  35.8500000    1.4338398488e-03    1.8384848291e-03
  35.9000000    1.4592978740e-03    1.8668191485e-03
  35.9500000    1.4858126046e-03    1.8958702510e-03
  36.0000000    1.5133456499e-03    1.9256444810e-03
  36.0500000    1.5418529936e-03    1.9561460877e-03
  36.1000000    1.5712841657e-03    1.9873768752e-03
  36.1500000    1.6015814451e-03    2.0193358500e-03
  36.2000000    1.6326791079e-03    2.0520188746e-03
  36.2500000    1.6645027298e-03    2.0854183324e-03
  36.3000000    1.6969685528e-03    2.1195228188e-03
  36.3500000    1.7299829293e-03    2.1543168716e-03
  36.4000000    1.7634418693e-03    2.1897807550e-03
  36.4500000    1.7972307323e-03    2.2258903179e-03
  36.5000000    1.8312241034e-03    2.2626169513e-03
  36.5500000    1.8652858835e-03    2.2999276612e-03
  36.6000000    1.8992696003e-03    2.3377852759e-03
  36.6500000    1.9330189543e-03    2.3761488021e-03
  36.7000000    1.9663686447e-03    2.4149739622e-03
  36.7500000    1.9991455474e-03    2.4542139628e-03
  36.8000000    2.0311702986e-03    2.4938205320e-03
  36.8500000    2.0622592919e-03    2.5337452428e-03
  36.9000000    2.0922270364e-03    2.5739410935e-03
  36.9500000    2.1208887968e-03    2.6143642954e-03
  37.0000000    2.1480634521e-03    2.6549762067e-03
  37.0500000    2.1735765498e-03    2.6957453808e-03
  37.1000000    2.1972635603e-03    2.7366497181e-03
  37.1500000    2.2189733106e-03    2.7776787128e-03
  37.2000000    2.2385715044e-03    2.8188357520e-03
  37.2500000    2.2559441758e-03    2.8601403822e-03
  37.3000000    2.2710009050e-03    2.9016304306e-03
  37.3500000    2.2836776614e-03    2.9433638651e-03
  37.4000000    2.2939391864e-03    2.9854202964e-03
  37.4500000    2.3017808544e-03    3.0279020516e-03
  37.5000000    2.3072299535e-03    3.0709347772e-03
  37.5500000    2.3103463303e-03    3.1146675640e-03
  37.6000000    2.3112223705e-03    3.1592726044e-03
  37.6500000    2.3099823219e-03    3.2049444099e-03
  37.7000000    2.3067810014e-03    3.2518986217e-03
  37.7500000    2.3018019466e-03    3.3003704591e-03
  37.8000000    2.2952550986e-03    3.3506128832e-03
  37.8500000    2.2873741165e-03    3.4028945776e-03
  37.9000000    2.2784134384e-03    3.4574978638e-03
  37.9500000    2.2686452072e-03    3.5147166704e-03
  38.0000000    2.2583561720e-03    3.5748546712e-03
  38.0500000    2.2478446684e-03    3.6382236894e-03
  38.1000000    2.2374177634e-03    3.7051424571e-03
  38.1500000    2.2273886340e-03    3.7759357925e-03
  38.2000000    2.2180742354e-03    3.8509342362e-03
  38.2500000    2.2097932968e-03    3.9304741752e-03
  38.3000000    2.2028646662e-03    4.0148984480e-03
  38.3500000    2.1976060067e-03    4.1045574298e-03
  38.4000000    2.1943328394e-03    4.1998105819e-03
  38.4500000    2.1933579194e-03    4.3010284259e-03
  38.5000000    2.1949909335e-03    4.4085949470e-03
  38.5500000    2.1995384969e-03    4.5229103581e-03
  38.6000000    2.2073044275e-03    4.6443942021e-03
  38.6500000    2.2185902843e-03    4.7734887551e-03
  38.7000000    2.2336961700e-03    4.9106627106e-03
  38.7500000    2.2529217972e-03    5.0564151219e-03
  38.8000000    2.2765678252e-03    5.2112796038e-03
  38.8500000    2.3049374649e-03    5.3758287970e-03
  38.9000000    2.3383383527e-03    5.5506790677e-03
  38.9500000    2.3770846980e-03    5.7364954618e-03
  39.0000000    2.4214997135e-03    5.9339969383e-03
  39.0500000    2.4719183285e-03    6.1439619143e-03
  39.1000000    2.5286901838e-03    6.3672341453e-03
  39.1500000    2.5921828925e-03    6.6047289468e-03
  39.2000000    2.6627855496e-03    6.8574397504e-03
  39.2500000    2.7409124629e-03    7.1264449870e-03
  39.3000000    2.8270070773e-03    7.4129152785e-03
  39.3500000    2.9215460527e-03    7.7181209063e-03
  39.4000000    3.0250434508e-03    8.0434394953e-03
  39.4500000    3.1380549687e-03    8.3903638072e-03
  39.5000000    3.2611821385e-03    8.7605094783e-03
  39.5500000    3.3950763977e-03    9.1556224807e-03
  39.6000000    3.5404429100e-03    9.5775860172e-03
  39.6500000    3.6980439892e-03    1.0028426475e-02
  39.7000000    3.8687019213e-03    1.0510317904e-02
  39.7500000    4.0533009074e-03    1.1025584285e-02
  39.8000000    4.2527877548e-03    1.1576698600e-02
  39.8500000    4.4681708313e-03    1.2166277416e-02
  39.9000000    4.7005166625e-03    1.2797069369e-02
  39.9500000    4.9509433810e-03    1.3471935492e-02
  40.0000000    5.2206100343e-03    1.4193818801e-02
  40.0500000    5.5107005196e-03    1.4965699997e-02
  40.1000000    5.8224006646e-03    1.5790535480e-02
  40.1500000    6.1568667050e-03    1.6671173252e-02
  40.2000000    6.5151831571e-03    1.7610241673e-02
  40.2500000    6.8983078553e-03    1.8610005514e-02
  40.3000000    7.3070017809e-03    1.9672183491e-02
  40.3500000    7.7417413410e-03    2.0797721600e-02
  40.4000000    8.2026111270e-03    2.1986517698e-02
  40.4500000    8.6891760364e-03    2.3237095070e-02
  40.5000000    9.2003331850e-03    2.4546226840e-02
  40.5500000    9.7341464991e-03    2.5908519515e-02
  40.6000000    1.0287670572e-02    2.7315973510e-02
  40.6500000    1.0856775189e-02    2.8757550811e-02
  40.7000000    1.1435987813e-02    3.0218794850e-02
  40.7500000    1.2018377692e-02    3.1681563488e-02
  40.8000000    1.2595511035e-02    3.3123950102e-02
  40.8500000    1.3157510139e-02    3.4520475462e-02
  40.9000000    1.3693248019e-02    3.5842628273e-02
  40.9500000    1.4190701650e-02    3.7059809229e-02
  41.0000000    1.4637469940e-02    3.8140688598e-02
  41.0500000    1.5021437761e-02    3.9054923509e-02
  41.1000000    1.5331537794e-02    3.9775105889e-02
  41.1500000    1.5558532004e-02    4.0278737200e-02
  41.2000000    1.5695717430e-02    4.0549985962e-02
  41.2500000    1.5739457989e-02    4.0580979450e-02
  41.3000000    1.5689463585e-02    4.0372435924e-02
  41.3500000    1.5548774967e-02    3.9933540661e-02
  41.4000000    1.5323460038e-02    3.9281090929e-02
  41.4500000    1.5022072646e-02    3.8438048890e-02
  41.5000000    1.4654957373e-02    3.7431722589e-02
  41.5500000    1.4233496748e-02    3.6291823139e-02
  41.6000000    1.3769389947e-02    3.5048624233e-02
  41.6500000    1.3274030869e-02    3.3731392959e-02
  41.7000000    1.2758026891e-02    3.2367192380e-02
  41.7500000    1.2230870742e-02    3.0980081593e-02
  41.8000000    1.1700756730e-02    2.9590685671e-02
  41.8500000    1.1174520111e-02    2.8216078092e-02
  41.9000000    1.0657669327e-02    2.6869895560e-02
  41.9500000    1.0154482838e-02    2.5562612087e-02
  42.0000000    9.6681438655e-03    2.4301903907e-02
  42.0500000    9.2008922629e-03    2.3093052515e-02
  42.1000000    8.7541783974e-03    2.1939348007e-02
  42.1500000    8.3288089275e-03    2.0842467764e-02
  42.2000000    7.9250784288e-03    1.9802815895e-02
  42.2500000    7.5428843777e-03    1.8819817909e-02
  42.3000000    7.1818246447e-03    1.7892169114e-02
  42.3500000    6.8412783447e-03    1.7018039444e-02
  42.4000000    6.5204713520e-03    1.6195238453e-02
  42.4500000    6.2185287573e-03    1.5421346631e-02
  42.5000000    5.9345160028e-03    1.4693817706e-02
  42.5500000    5.6674705940e-03    1.4010056877e-02
  42.6000000    5.4164258889e-03    1.3367478957e-02
  42.6500000    5.1804286800e-03    1.2763550844e-02
  42.7000000    4.9585518324e-03    1.2195821571e-02
  42.7500000    4.7499029430e-03    1.1661942413e-02
  42.8000000    4.5536299988e-03    1.1159679551e-02
  42.8500000    4.3689247242e-03    1.0686921021e-02
  42.9000000    4.1950242234e-03    1.0241679516e-02
  42.9500000    4.0312113437e-03    9.8220920981e-03
  43.0000000    3.8768141185e-03    9.4264177428e-03
  43.0500000    3.7312045453e-03    9.0530332970e-03
  43.1000000    3.5937969054e-03    8.7004284014e-03
  43.1500000    3.4640457756e-03    8.3671997444e-03
  43.2000000    3.3414438756e-03    8.0520449820e-03
  43.2500000    3.2255198043e-03    7.7537564687e-03
  43.3000000    3.1158357622e-03    7.4712150192e-03
  43.3500000    3.0119853194e-03    7.2033838493e-03
  43.4000000    2.9135912569e-03    6.9493027518e-03
  43.4500000    2.8203034888e-03    6.7080825063e-03
  43.5000000    2.7317971038e-03    6.4788996445e-03
  43.5500000    2.6477705111e-03    6.2609915160e-03
  43.6000000    2.5679437017e-03    6.0536516793e-03
  43.6500000    2.4920566281e-03    5.8562256281e-03
  43.7000000    2.4198676987e-03    5.6681068173e-03
  43.7500000    2.3511523836e-03    5.4887330102e-03
  43.8000000    2.2857019142e-03    5.3175828767e-03
  43.8500000    2.2233220717e-03    5.1541728293e-03
  43.9000000    2.1638320600e-03    4.9980540897e-03
  43.9500000    2.1070634689e-03    4.8488099931e-03
  44.0000000    2.0528593317e-03    4.7060535319e-03
  44.0500000    2.0010732677e-03    4.5694251166e-03
  44.1000000    1.9515686979e-03    4.4385905236e-03
  44.1500000    1.9042181232e-03    4.3132390341e-03
  44.2000000    1.8589024489e-03    4.1930816889e-03
  44.2500000    1.8155103620e-03    4.0778496920e-03
  44.3000000    1.7739377590e-03    3.9672929482e-03
  44.3500000    1.7340872261e-03    3.8611787396e-03
  44.4000000    1.6958675650e-03    3.7592905337e-03
  44.4500000    1.6591933549e-03    3.6614268973e-03
  44.5000000    1.6239845480e-03    3.5674005190e-03
  44.5500000    1.5901660989e-03    3.4770373558e-03
  44.6000000    1.5576676315e-03    3.3901759489e-03
  44.6500000    1.5264231532e-03    3.3066669994e-03
  44.7000000    1.4963708264e-03    3.2263733838e-03
  44.7500000    1.4674528335e-03    3.1491710561e-03
  44.8000000    1.4396154347e-03    3.0749519830e-03
  44.8500000    1.4128096091e-03    3.0036310752e-03
  44.9000000    1.3870183334e-03    2.9339589025e-03
  44.9500000    1.3619604014e-03    2.8688533985e-03
  45.0000000    1.3371935198e-03    2.8017377712e-03
  45.0500000    1.3137740160e-03    2.7321595677e-03
  45.1000000    1.2924695618e-03    2.6722124204e-03
  45.1500000    1.2729314097e-03    2.6237735023e-03
  45.2000000    1.2523461314e-03    2.5754422865e-03
  45.2500000    1.2299273180e-03    2.5215425546e-03
  45.3000000    1.2068738199e-03    2.4516169813e-03
  45.3500000    1.1838659984e-03    2.3620297587e-03
  45.4000000    1.1646260065e-03    2.2907734226e-03
  45.4500000    1.1530597725e-03    2.2733726796e-03
  45.5000000    1.1372100801e-03    2.2607359455e-03
  45.5500000    1.1128538623e-03    2.1887937942e-03
  45.6000000    1.0895713327e-03    2.0887164363e-03
  45.6500000    1.0738509992e-03    2.0078544315e-03
  45.7000000    1.0649278722e-03    1.9679300439e-03
  45.7500000    1.0570673207e-03    1.9631403580e-03
  45.8000000    1.0473006437e-03    1.9752973850e-03
  45.8500000    1.0388764047e-03    1.9926730520e-03
  45.9000000    1.0337616105e-03    2.0040098077e-03
  45.9500000    1.0294172394e-03    1.9996920453e-03
  46.0000000    1.0205225395e-03    1.9805044320e-03
  46.0500000    1.0034662902e-03    1.9473776653e-03
  46.1000000    9.7802850885e-04    1.8981626438e-03
  46.1500000    9.4898631193e-04    1.8328418011e-03
  46.2000000    9.2465726098e-04    1.7681517705e-03
  46.2500000    9.1041756274e-04    1.7270300412e-03
  46.3000000    9.0381994872e-04    1.7130410428e-03
  46.3500000    8.9890172294e-04    1.7112622711e-03
  46.4000000    8.9378264336e-04    1.7134468296e-03
  46.4500000    8.9050063859e-04    1.7220283060e-03
  46.5000000    8.9008978242e-04    1.7376051111e-03
  46.5500000    8.8832187974e-04    1.7520190100e-03
  46.6000000    8.8099402227e-04    1.7546123792e-03
  46.6500000    8.6899221653e-04    1.7454485850e-03
  46.7000000    8.5654346756e-04    1.7324816780e-03
  46.7500000    8.4681704908e-04    1.7214372257e-03
  46.8000000    8.3943455810e-04    1.7132297903e-03
  46.8500000    8.3249455124e-04    1.7074104261e-03
  46.9000000    8.2553117015e-04    1.7000682214e-03
  46.9500000    8.1950536997e-04    1.6907245367e-03
  47.0000000    8.1663644648e-04    1.6897981952e-03
  47.0500000    8.1557431694e-04    1.7068911179e-03
  47.1000000    8.1222609199e-04    1.7282765998e-03
  47.1500000    8.0800838852e-04    1.7373629371e-03
  47.2000000    8.0544369722e-04    1.7307297548e-03
  47.2500000    8.0434348446e-04    1.7210730870e-03
  47.3000000    8.0326679441e-04    1.7275935921e-03
  47.3500000    7.9914477362e-04    1.7491169998e-03
  47.4000000    7.9307815169e-04    1.7655673956e-03
  47.4500000    7.8875963637e-04    1.7731453661e-03
  47.5000000    7.8776705012e-04    1.7767178930e-03
  47.5500000    7.8948918098e-04    1.7823839260e-03
  47.6000000    7.9172584955e-04    1.7971666372e-03
  47.6500000    7.9314529774e-04    1.8186799009e-03
  47.7000000    7.9385991440e-04    1.8332506853e-03
  47.7500000    7.9497856522e-04    1.8346542833e-03
  47.8000000    7.9711636031e-04    1.8426952089e-03
  47.8500000    7.9844803242e-04    1.8689274452e-03
  47.9000000    7.9847312151e-04    1.8991912567e-03
  47.9500000    8.0024610475e-04    1.9214887138e-03
  48.0000000    8.0442778654e-04    1.9359826400e-03
  48.0500000    8.0927126495e-04    1.9457389290e-03
  48.1000000    8.1356077513e-04    1.9583728711e-03
  48.1500000    8.1781612026e-04    1.9746674035e-03
  48.2000000    8.2277349530e-04    1.9947968386e-03
  48.2500000    8.2828407073e-04    2.0186380607e-03
  48.3000000    8.3264324587e-04    2.0310086660e-03
  48.3500000    8.3669078685e-04    2.0297357684e-03
  48.4000000    8.4377118154e-04    2.0445409807e-03
  48.4500000    8.5432548105e-04    2.0840810713e-03
  48.5000000    8.6557708761e-04    2.1214407331e-03
  48.5500000    8.7313770402e-04    2.1428756100e-03
  48.6000000    8.7713395341e-04    2.1524878942e-03
  48.6500000    8.8221410407e-04    2.1534137540e-03
  48.7000000    8.9292002176e-04    2.1564854861e-03
  48.7500000    9.0820807682e-04    2.1832579909e-03
  48.8000000    9.2154809795e-04    2.2327357246e-03
  48.8500000    9.2872426620e-04    2.2745221382e-03
  48.9000000    9.3289297585e-04    2.2968989410e-03
  48.9500000    9.4020974205e-04    2.3131994411e-03
  49.0000000    9.5233715933e-04    2.3440114323e-03
  49.0100000    9.5508908642e-04    2.3525400822e-03
  49.0200000    9.5785640063e-04    2.3617142944e-03
  49.0300000    9.6060014764e-04    2.3714044742e-03
  49.0400000    9.6328593151e-04    2.3814595116e-03
  49.0500000    9.6588367309e-04    2.3916878127e-03
  49.0600000    9.6837075057e-04    2.4018880462e-03
  49.0700000    9.7073380976e-04    2.4118553396e-03
  49.0800000    9.7296814623e-04    2.4213806974e-03
  49.0900000    9.7507768853e-04    2.4302707776e-03
  49.1000000    9.7707439419e-04    2.4383718498e-03
  49.1100000    9.7897772646e-04    2.4455584584e-03
  49.1200000    9.8081330757e-04    2.4517425281e-03
  49.1300000    9.8261105484e-04    2.4568778045e-03
  49.1400000    9.8440371657e-04    2.4609601619e-03
  49.1500000    9.8622541979e-04    2.4640128592e-03
  49.1600000    9.8811027683e-04    2.4657530790e-03
  49.1700000    9.9008930536e-04    2.4663857935e-03
  49.1800000    9.9218668768e-04    2.4669797387e-03
  49.1900000    9.9442319334e-04    2.4670457203e-03
  49.2000000    9.9681194986e-04    2.4666815974e-03
  49.2100000    9.9935846376e-04    2.4660306235e-03
  49.2200000    1.0020620086e-03    2.4652375345e-03
  49.2300000    1.0049158768e-03    2.4644324102e-03
  49.2400000    1.0079086951e-03    2.4637297571e-03
  49.2500000    1.0110255947e-03    2.4632321616e-03
  49.2600000    1.0142485232e-03    2.4630020444e-03
  49.2700000    1.0175566372e-03    2.4630419406e-03
  49.2800000    1.0209301647e-03    2.4635843248e-03
  49.2900000    1.0243464252e-03    2.4648359445e-03
  49.3000000    1.0277799495e-03    2.4668390402e-03
  49.3100000    1.0312052536e-03    2.4695485583e-03
  49.3200000    1.0346006424e-03    2.4729998306e-03
  49.3300000    1.0379490244e-03    2.4772408469e-03
  49.3400000    1.0412356162e-03    2.4822559831e-03
  49.3500000    1.0444492294e-03    2.4880338397e-03
  49.3600000    1.0475838274e-03    2.4945551690e-03
  49.3700000    1.0506389654e-03    2.5017782101e-03
  49.3800000    1.0536197165e-03    2.5096391380e-03
  49.3900000    1.0565361537e-03    2.5180540379e-03
  49.4000000    1.0594023325e-03    2.5269279608e-03
  49.4100000    1.0622356984e-03    2.5361489351e-03
  49.4200000    1.0650510810e-03    2.5451736183e-03
  49.4300000    1.0678691413e-03    2.5534515702e-03
  49.4400000    1.0707149577e-03    2.5615228837e-03
  49.4500000    1.0735883725e-03    2.5705260448e-03
  49.4600000    1.0764819756e-03    2.5792441348e-03
  49.4700000    1.0793950408e-03    2.5875463075e-03
  49.4800000    1.0823300167e-03    2.5953083888e-03
  49.4900000    1.0852810578e-03    2.6025349097e-03
  49.5000000    1.0882316699e-03    2.6092335411e-03
  49.5100000    1.0911600299e-03    2.6154463574e-03
  49.5200000    1.0940404061e-03    2.6212301511e-03
  49.5300000    1.0968490497e-03    2.6266393068e-03
  49.5400000    1.0995650363e-03    2.6317077838e-03
  49.5500000    1.1021695549e-03    2.6364840468e-03
  49.5600000    1.1046463877e-03    2.6409284755e-03
  49.5700000    1.1069874956e-03    2.6451000290e-03
  49.5800000    1.1091897037e-03    2.6490922009e-03
  49.5900000    1.1112512289e-03    2.6529497803e-03
  49.6000000    1.1131720905e-03    2.6567364914e-03
  49.6100000    1.1149575512e-03    2.6605393679e-03
  49.6200000    1.1166180785e-03    2.6645403941e-03
  49.6300000    1.1181682115e-03    2.6686925741e-03
  49.6400000    1.1196286632e-03    2.6729886368e-03
  49.6500000    1.1210267612e-03    2.6774632127e-03
  49.6600000    1.1223953544e-03    2.6821737936e-03
  49.6700000    1.1237704742e-03    2.6872168610e-03
  49.6800000    1.1251872994e-03    2.6926505516e-03
  49.6900000    1.1266791060e-03    2.6984675594e-03
  49.7000000    1.1282771061e-03    2.7046526710e-03
  49.7100000    1.1300129137e-03    2.7113106667e-03
  49.7200000    1.1319108471e-03    2.7184211519e-03
  49.7300000    1.1339901206e-03    2.7259394073e-03
  49.7400000    1.1362657918e-03    2.7338193857e-03
  49.7500000    1.1387480837e-03    2.7419821248e-03
  49.7600000    1.1414422757e-03    2.7503226657e-03
  49.7700000    1.1443487288e-03    2.7587146468e-03
  49.7800000    1.1474620367e-03    2.7670243975e-03
  49.7900000    1.1507709589e-03    2.7751262088e-03
  49.8000000    1.1542589229e-03    2.7829192527e-03
  49.8100000    1.1579044189e-03    2.7903327690e-03
  49.8200000    1.1616814127e-03    2.7973320369e-03
  49.8300000    1.1655604973e-03    2.8039158818e-03
  49.8400000    1.1695101462e-03    2.8101111895e-03
  49.8500000    1.1734972405e-03    2.8158419683e-03
  49.8600000    1.1774856808e-03    2.8212781225e-03
  49.8700000    1.1814341175e-03    2.8266394999e-03
  49.8800000    1.1853095886e-03    2.8318588634e-03
  49.8900000    1.1890995938e-03    2.8366697076e-03
  49.9000000    1.1927962691e-03    2.8408014839e-03
  49.9100000    1.1963762604e-03    2.8444906916e-03
  49.9200000    1.1998158167e-03    2.8478748541e-03
  49.9300000    1.2030957869e-03    2.8510582073e-03
  49.9400000    1.2062059995e-03    2.8541154225e-03
  49.9500000    1.2091470684e-03    2.8570811984e-03
  49.9600000    1.2119266318e-03    2.8599501768e-03
  49.9700000    1.2145528379e-03    2.8620503780e-03
  49.9800000    1.2170518072e-03    2.8640483098e-03
  49.9900000    1.2194566759e-03    2.8658812116e-03
  50.0000000    1.2218026943e-03    2.8684360604e-03
  50.0100000    1.2241123564e-03    2.8711171391e-03
