# thinned to dt=0.05 from the every-step stream; the last 1 time units are kept whole (the death window)
  36.0100000    8.9054568641e-05    9.0152817113e-05    1.7960394466e-04   -2.0165159459e-04   -3.5067542480e-05   -1.1896224327e-05   -1.4805411261e-05   -1.2001992799e-05
  36.0600000    8.5607956674e-05    9.6149445015e-05    1.8053320135e-04   -2.0419757605e-04   -3.4977515575e-05   -1.1602557232e-05   -1.4890723049e-05   -1.2092209157e-05
  36.1100000    8.1383437119e-05    1.0292721335e-04    1.8133425059e-04   -2.0561996661e-04   -3.4864155205e-05   -1.1279803442e-05   -1.4918628998e-05   -1.2178967429e-05
  36.1600000    7.7972384308e-05    1.1056702731e-04    1.8202515558e-04   -2.0654042514e-04   -3.4684156855e-05   -1.0921101650e-05   -1.4903435203e-05   -1.2262489807e-05
  36.2100000    7.4806038861e-05    1.1831266366e-04    1.8303079291e-04   -2.0797494675e-04   -3.4400478330e-05   -1.0523068797e-05   -1.4865635396e-05   -1.2343674991e-05
  36.2600000    7.1785371013e-05    1.2584762551e-04    1.8370552404e-04   -2.1007050149e-04   -3.3987614316e-05   -1.0086658963e-05   -1.4829003210e-05   -1.2423942374e-05
  36.3100000    6.9080818733e-05    1.3294568876e-04    1.8437813065e-04   -2.1332758138e-04   -3.3435302686e-05   -9.6168725936e-06   -1.4817193949e-05   -1.2504988697e-05
  36.3600000    6.6712543810e-05    1.3959779479e-04    1.8504559134e-04   -2.1751231636e-04   -3.2750135945e-05   -9.1222182340e-06   -1.4850347750e-05   -1.2588494002e-05
  36.4100000    6.4647873777e-05    1.4601295788e-04    1.8569545603e-04   -2.2201675550e-04   -3.1954806461e-05   -8.6135904434e-06   -1.4942190569e-05   -1.2675823565e-05
  36.4600000    6.2782054641e-05    1.5252166106e-04    1.8631560035e-04   -2.2611194533e-04   -3.1085065160e-05   -8.1028056513e-06   -1.5098059220e-05   -1.2767774769e-05
  36.5100000    6.0933576666e-05    1.5942037362e-04    1.8690427240e-04   -2.2923548484e-04   -3.0184799590e-05   -7.6010139634e-06   -1.5314141402e-05   -1.2864411833e-05
  36.5600000    5.8871935391e-05    1.6682386550e-04    1.8747532838e-04   -2.3120018381e-04   -2.9299910551e-05   -7.1172250440e-06   -1.5578041572e-05   -1.2965017421e-05
  36.6100000    5.6382323358e-05    1.7459218691e-04    1.8805555318e-04   -2.3224765122e-04   -2.8471845413e-05   -6.6571696591e-06   -1.5870586051e-05   -1.3068170987e-05
  36.6600000    5.3350416436e-05    1.8237059185e-04    1.8867458728e-04   -2.3293519168e-04   -2.7731703715e-05   -6.2226674837e-06   -1.6168596632e-05   -1.3171942050e-05
  36.7100000    4.9832390716e-05    1.8973330118e-04    1.8935163292e-04   -2.3390907742e-04   -2.7095757781e-05   -5.8115942770e-06   -1.6448219660e-05   -1.3274166502e-05
  36.7600000    4.6072064845e-05    1.9637470754e-04    1.9008503861e-04   -2.3565714745e-04   -2.6563037238e-05   -5.4184494556e-06   -1.6688319195e-05   -1.3372759312e-05
  36.8100000    4.2443639058e-05    2.0226515610e-04    1.9084999870e-04   -2.3833554723e-04   -2.6115337872e-05   -5.0354324581e-06   -1.6873440302e-05   -1.3466009774e-05
  36.8600000    3.9329719963e-05    2.0769659060e-04    1.9160616971e-04   -2.4173057660e-04   -2.5719673546e-05   -4.6538574175e-06   -1.6995920971e-05   -1.3552808305e-05
  36.9100000    3.6976363279e-05    2.1318602385e-04    1.9231248800e-04   -2.4536236994e-04   -2.5332842412e-05   -4.2656831461e-06   -1.7056866599e-05   -1.3632765252e-05
  36.9600000    3.5383729194e-05    2.1926629550e-04    1.9294298599e-04   -2.4868386726e-04   -2.4907475452e-05   -3.8649172583e-06   -1.7065876443e-05   -1.3706201464e-05
  37.0100000    3.4282585865e-05    2.2624790916e-04    1.9349666708e-04   -2.5129550318e-04   -2.4398719664e-05   -3.4486728968e-06   -1.7039598582e-05   -1.3774013475e-05
  37.0600000    3.3214817805e-05    2.3405730752e-04    1.9399696363e-04   -2.5309392019e-04   -2.3770611334e-05   -3.0177111395e-06   -1.6999359248e-05   -1.3837439229e-05
  37.1100000    3.1693309303e-05    2.4223250329e-04    1.9448088155e-04   -2.5430096734e-04   -2.3001231344e-05   -2.5763834162e-06   -1.6968237356e-05   -1.3897769155e-05
  37.1600000    2.9381794318e-05    2.5009320649e-04    1.9498250629e-04   -2.5536596414e-04   -2.2085899975e-05   -2.1319835743e-06   -1.6968018309e-05   -1.3956058452e-05
  37.2100000    2.6224203284e-05    2.5702505967e-04    1.9551798458e-04   -2.5678218043e-04   -2.1037940822e-05   -1.6936135753e-06   -1.7016455276e-05   -1.4012897493e-05
  37.2600000    2.2471066433e-05    2.6276073542e-04    1.9607831550e-04   -2.5889011578e-04   -1.9886884176e-05   -1.2707449371e-06   -1.7125195827e-05   -1.4068287903e-05
  37.3100000    1.8590320968e-05    2.6753239052e-04    1.9663273865e-04   -2.6174389401e-04   -1.8674342092e-05   -8.7170751962e-07   -1.7298612001e-05   -1.4121653450e-05
  37.3600000    1.5094876049e-05    2.7201803220e-04    1.9714091608e-04   -2.6509161020e-04   -1.7448119056e-05   -5.0234971561e-07   -1.7533625013e-05   -1.4171990525e-05
  37.4100000    1.2351269297e-05    2.7709092213e-04    1.9756856966e-04   -2.6847548146e-04   -1.6255377222e-05   -1.6508752755e-07   -1.7820467353e-05   -1.4218137069e-05
  37.4600000    1.0440512552e-05    2.8346926159e-04    1.9790021742e-04   -2.7141058949e-04   -1.5135816404e-05    1.4150179895e-07   -1.8144198813e-05   -1.4259115472e-05
  37.5100000    9.1222071019e-06    2.9141293010e-04    1.9814435047e-04   -2.7357049246e-04   -1.4115836440e-05    4.2247291047e-07   -1.8486707831e-05   -1.4294489011e-05
  37.5600000    7.9149781991e-06    3.0060028501e-04    1.9832978810e-04   -2.7490639309e-04   -1.3204520586e-05    6.8572232967e-07   -1.8828894520e-05   -1.4324665473e-05
  37.6100000    6.2649350325e-06    3.1024416034e-04    1.9849542467e-04   -2.7565461823e-04   -1.2392030753e-05    9.4073975107e-07   -1.9152747685e-05   -1.4351087091e-05
  37.6600000    3.7437581210e-06    3.1940325311e-04    1.9867773291e-04   -2.7623328206e-04   -1.1650672265e-05    1.1971000131e-06   -1.9443085470e-05   -1.4376262385e-05
  37.7100000    2.0850370335e-07    3.2735867931e-04    1.9890059556e-04   -2.7707382124e-04   -1.0938513770e-05    1.4629385690e-06   -1.9688812765e-05   -1.4403620261e-05
  37.7600000   -4.1318835765e-06    3.3389513562e-04    1.9917057331e-04   -2.7845776187e-04   -1.0205088272e-05    1.7436575241e-06   -1.9883639470e-05   -1.4437195821e-05
  37.8100000   -8.7681892833e-06    3.3936666089e-04    1.9947842602e-04   -2.8042355883e-04   -9.3984048331e-06    2.0410736905e-06   -2.0026284143e-05   -1.4481186142e-05
  37.8600000   -1.3047743312e-05    3.4452113010e-04    1.9980551994e-04   -2.8277588348e-04   -8.4723085916e-06    2.3531495631e-06   -2.0120244509e-05   -1.4539437788e-05
  37.9100000   -1.6389249419e-05    3.5016331865e-04    2.0013233109e-04   -2.8518533416e-04   -7.3931672601e-06    2.6743539132e-06   -2.0173242564e-05   -1.4614942177e-05
  37.9600000   -1.8487643016e-05    3.5680609476e-04    2.0044585305e-04   -2.8733002334e-04   -6.1449443188e-06    2.9965957276e-06   -2.0196449333e-05   -1.4709417546e-05
  38.0100000   -1.9440165735e-05    3.6446186446e-04    2.0074328352e-04   -2.8901733979e-04   -4.7319319029e-06    3.3105803937e-06   -2.0203569992e-05   -1.4823046257e-05
  38.0600000   -1.9745598556e-05    3.7266132777e-04    2.0103067353e-04   -2.9023860586e-04   -3.1787320208e-06    3.6073663534e-06   -2.0209836453e-05   -1.4954415232e-05
  38.1100000   -2.0166590076e-05    3.8068409399e-04    2.0131694919e-04   -2.9114283671e-04   -1.5274494973e-06    3.8798655875e-06   -2.0230925569e-05   -1.5100677949e-05
  38.1600000   -2.1490120974e-05    3.8789236982e-04    2.0160542491e-04   -2.9195176929e-04    1.6755707424e-07    4.1240391036e-06   -2.0281807327e-05   -1.5257923600e-05
  38.2100000   -2.4259332698e-05    3.9401627762e-04    2.0188609477e-04   -2.9286036395e-04    1.8466817955e-06    4.3395880185e-06   -2.0375535746e-05   -1.5421707190e-05
  38.2600000   -2.8567168961e-05    3.9926506396e-04    2.0213211846e-04   -2.9396661631e-04    3.4529039393e-06    4.5300238936e-06   -2.0522024714e-05   -1.5587668660e-05
  38.3100000   -3.3989536751e-05    4.0421910922e-04    2.0230276587e-04   -2.9525458627e-04    4.9393939512e-06    4.7021053343e-06   -2.0726894233e-05   -1.5752153699e-05
  38.3600000   -3.9693535477e-05    4.0955583756e-04    2.0235287011e-04   -2.9662683021e-04    6.2758621004e-06    4.8647335929e-06   -2.0990517248e-05   -1.5912745621e-05
  38.4100000   -4.4696492599e-05    4.1573455281e-04    2.0224628702e-04   -2.9796103283e-04    7.4527808673e-06    5.0274904152e-06   -2.1307428092e-05   -1.6068628079e-05
  38.4600000   -4.8194439815e-05    4.2278036628e-04    2.0196897792e-04   -2.9915986345e-04    8.4828927996e-06    5.1990609700e-06   -2.1666256936e-05   -1.6220720600e-05
  38.5100000   -4.9846417254e-05    4.3026126155e-04    2.0153698702e-04   -3.0017330557e-04    9.3997769171e-06    5.3858033129e-06   -2.2050321591e-05   -1.6371560058e-05
  38.5600000   -4.9908771776e-05    4.3746715117e-04    2.0099607556e-04   -3.0099124522e-04    1.0253640055e-05    5.5906999634e-06   -2.2438937030e-05   -1.6524937338e-05
  38.6100000   -4.9162376271e-05    4.4371337446e-04    2.0041262111e-04   -3.0162012317e-04    1.1104871495e-05    5.8128619212e-06   -2.2809401086e-05   -1.6685333911e-05
  38.6600000   -4.8649998055e-05    4.4863994335e-04    1.9985849123e-04   -3.0206298476e-04    1.2016200023e-05    6.0476615359e-06   -2.3139497491e-05   -1.6857233350e-05
  38.7100000   -4.9313590674e-05    4.5238178446e-04    1.9939469357e-04   -3.0231600577e-04    1.3044481369e-05    6.2874651010e-06   -2.3410245395e-05   -1.7044403204e-05
  38.7600000   -5.1663116985e-05    4.5554022504e-04    1.9905883736e-04   -3.0238175434e-04    1.4233196155e-05    6.5228366368e-06   -2.3608540401e-05   -1.7249249971e-05
  38.8100000   -5.5600985035e-05    4.5896739222e-04    1.9885976597e-04   -3.0228814923e-04    1.5606647122e-05    6.7440085076e-06   -2.3729296411e-05   -1.7472342952e-05
  38.8600000   -6.0469644073e-05    4.6344919799e-04    1.9877991590e-04   -3.0209847770e-04    1.7166622171e-05    6.9423748744e-06   -2.3776722814e-05   -1.7712181920e-05
  38.9100000   -6.5304925566e-05    4.6941030589e-04    1.9878326460e-04   -3.0190309783e-04    1.8891966682e-05    7.1117668664e-06   -2.3764461377e-05   -1.7965251156e-05
  38.9600000   -6.9197700210e-05    4.7675304539e-04    1.9882525971e-04   -3.0179373740e-04    2.0741127805e-05    7.2493124684e-06   -2.3714452486e-05   -1.8226362975e-05
  39.0100000   -7.1624081207e-05    4.8488857514e-04    1.9886134709e-04   -3.0183056966e-04    2.2657345258e-05    7.3557603189e-06   -2.3654581721e-05   -1.8489252207e-05
  39.0600000   -7.2617838293e-05    4.9294523986e-04    1.9885227857e-04   -3.0201585708e-04    2.4575818869e-05    7.4352411786e-06   -2.3615347676e-05   -1.8747345508e-05
  39.1100000   -7.2723100982e-05    5.0007447569e-04    1.9876632471e-04   -3.0228493626e-04    2.6431927056e-05    7.4945359105e-06   -2.3625959005e-05   -1.8994600922e-05
  39.1600000   -7.2754480123e-05    5.0574210750e-04    1.9857982085e-04   -3.0251819965e-04    2.8169435630e-05    7.5419975906e-06   -2.3710383489e-05   -1.9226298742e-05
  39.2100000   -7.3468370898e-05    5.0990247187e-04    1.9827758214e-04   -3.0257043229e-04    2.9747639323e-05    7.5863240601e-06   -2.3883912356e-05   -1.9439666641e-05
  39.2600000   -7.5281460639e-05    5.1299862111e-04    1.9785382081e-04   -3.0230923241e-04    3.1146517806e-05    7.6353884427e-06   -2.4150757817e-05   -1.9634241307e-05
  39.3100000   -7.8147370153e-05    5.1579549130e-04    1.9731304478e-04   -3.0165284082e-04    3.2369244999e-05    7.6953078931e-06   -2.4503074325e-05   -1.9811903019e-05
  39.3600000   -8.1631597268e-05    5.1911084180e-04    1.9666985561e-04   -3.0059835494e-04    3.3441731006e-05    7.7698725754e-06   -2.4921600715e-05   -1.9976564959e-05
  39.4100000   -8.5139721240e-05    5.2354102228e-04    1.9594698515e-04   -2.9923274136e-04    3.4409256626e-05    7.8603800299e-06   -2.5377889684e-05   -2.0133549038e-05
  39.4600000   -8.8191124647e-05    5.2927544778e-04    1.9517200272e-04   -2.9772121673e-04    3.5330631398e-05    7.9658404505e-06   -2.5837857705e-05   -2.0288727953e-05
  39.5100000   -9.0616739800e-05    5.3605820300e-04    1.9437406837e-04   -2.9627149438e-04    3.6270621729e-05    8.0834523217e-06   -2.6266189607e-05   -2.0447551569e-05
  39.5600000   -9.2599005614e-05    5.4330155103e-04    1.9358212154e-04   -2.9507889557e-04    3.7291615068e-05    8.2092078135e-06   -2.6630998633e-05   -2.0614098307e-05
  39.6100000   -9.4546269857e-05    5.5030382989e-04    1.9282479415e-04   -2.9426535527e-04    3.8445583031e-05    8.3384802040e-06   -2.6908096315e-05   -2.0790294893e-05
  39.6600000   -9.6868570195e-05    5.5649123277e-04    1.9213074587e-04   -2.9383161484e-04    3.9767368355e-05    8.4664716867e-06   -2.7084275723e-05   -2.0975429228e-05
  39.7100000   -9.9763904179e-05    5.6159957116e-04    1.9152714606e-04   -2.9364221154e-04    4.1270153289e-05    8.5884514344e-06   -2.7159147922e-05   -2.1166042628e-05
  39.7600000   -1.0311576736e-04    5.6573780180e-04    1.9103457771e-04   -2.9345475997e-04    4.2943691215e-05    8.6997787384e-06   -2.7145275515e-05   -2.1356234510e-05
  39.8100000   -1.0654874600e-04    5.6931929999e-04    1.9065875267e-04   -2.9298985115e-04    4.4755533691e-05    8.7957690748e-06   -2.7066586511e-05   -2.1538351868e-05
  39.8600000   -1.0961439603e-04    5.7289318800e-04    1.9038209296e-04   -2.9202117099e-04    4.6655105407e-05    8.8715071436e-06   -2.6955291563e-05   -2.1703976352e-05
  39.9100000   -1.1201844988e-04    5.7694029326e-04    1.9015984893e-04   -2.9045461814e-04    4.8580117177e-05    8.9217300919e-06   -2.6847730993e-05   -2.1845073165e-05
  39.9600000   -1.1378022084e-04    5.8170621466e-04    1.8992471023e-04   -2.8836607917e-04    5.0464507585e-05    8.9408904651e-06   -2.6779717738e-05   -2.1955135576e-05
  40.0100000   -1.1524511951e-04    5.8712638393e-04    1.8960070056e-04   -2.8598106007e-04    5.2246905309e-05    8.9234648548e-06   -2.6781998351e-05   -2.2030152753e-05
  40.0600000   -1.1693821831e-04    5.9286278159e-04    1.8912282180e-04   -2.8360078284e-04    5.3878532284e-05    8.8645087992e-06   -2.6876422830e-05   -2.2069248160e-05
  40.1100000   -1.1932091340e-04    5.9843255781e-04    1.8845557153e-04   -2.8150001110e-04    5.5329532735e-05    8.7603857921e-06   -2.7073302381e-05   -2.2074879869e-05
  40.1600000   -1.2256048824e-04    6.0337909630e-04    1.8760298637e-04   -2.7983317768e-04    5.6592908358e-05    8.6095337536e-06   -2.7370262669e-05   -2.2052556108e-05
  40.2100000   -1.2642148941e-04    6.0742539546e-04    1.8660582197e-04   -2.7858265368e-04    5.7685541691e-05    8.4130917436e-06   -2.7752695391e-05   -2.2010090981e-05
  40.2600000   -1.3033719180e-04    6.1055997693e-04    1.8552668873e-04   -2.7756740182e-04    5.8646161251e-05    8.1752038553e-06   -2.8195703179e-05   -2.1956495598e-05
  40.3100000   -1.3364014722e-04    6.1303145878e-04    1.8442902184e-04   -2.7650811371e-04    5.9530496096e-05    7.9028513548e-06   -2.8667250764e-05   -2.1900658115e-05
  40.3600000   -1.3585741269e-04    6.1525936385e-04    1.8335825180e-04   -2.7512480243e-04    6.0404233925e-05    7.6051349265e-06   -2.9132100570e-05   -2.1850002948e-05
  40.4100000   -1.3694165902e-04    6.1769491355e-04    1.8233225942e-04   -2.7323197365e-04    6.1334687039e-05    7.2920257858e-06   -2.9556037754e-05   -2.1809328677e-05
  40.4600000   -1.3733092550e-04    6.2067875335e-04    1.8134379548e-04   -2.7079831045e-04    6.2382245568e-05    6.9727111719e-06   -2.9909881368e-05   -2.1780003283e-05
  40.5100000   -1.3780002285e-04    6.2434014501e-04    1.8037217182e-04   -2.6795100530e-04    6.3592732312e-05    6.6537559270e-06   -3.0172830227e-05   -2.1759647241e-05
  40.5600000   -1.3915632156e-04    6.2856664386e-04    1.7939773881e-04   -2.6492449754e-04    6.4991661311e-05    6.3373687946e-06   -3.0334790764e-05   -2.1742366066e-05
  40.6100000   -1.4190301781e-04    6.3305059272e-04    1.7841212491e-04   -2.6197272466e-04    6.6581155518e-05    6.0200837020e-06   -3.0397463989e-05   -2.1719514024e-05
  40.6600000   -1.4601229099e-04    6.3739591295e-04    1.7741994582e-04   -2.5927672654e-04    6.8339928651e-05    5.6921353273e-06   -3.0374110957e-05   -2.1680892155e-05
  40.7100000   -1.5090889862e-04    6.4125165726e-04    1.7643215272e-04   -2.5688128617e-04    7.0226328601e-05    5.3377246200e-06   -3.0288055261e-05   -2.1616218046e-05
  40.7600000   -1.5567816261e-04    6.4443143909e-04    1.7545515291e-04   -2.5468424862e-04    7.2184028765e-05    4.9362449215e-06   -3.0170103531e-05   -2.1516662092e-05
  40.8100000   -1.5941748421e-04    6.4698156501e-04    1.7448151411e-04   -2.5248303462e-04    7.4149596316e-05    4.4643901205e-06   -3.0055162868e-05   -2.1376231857e-05
  40.8600000   -1.6158834996e-04    6.4917460868e-04    1.7348691580e-04   -2.5006090769e-04    7.6060912375e-05    3.8989168049e-06   -2.9978402243e-05   -2.1192805043e-05
  40.9100000   -1.6222359122e-04    6.5142637070e-04    1.7243486209e-04   -2.4727888889e-04    7.7865304704e-05    3.2197068157e-06   -2.9971342177e-05   -2.0968659496e-05
  40.9600000   -1.6190406889e-04    6.5415783114e-04    1.7128715167e-04   -2.4413508355e-04    7.9526296538e-05    2.4126974400e-06   -3.0058263385e-05   -2.0710419138e-05
  41.0100000   -1.6151496388e-04    6.5764344583e-04    1.7001579552e-04   -2.4076474209e-04    8.1028070459e-05    1.4722291688e-06   -3.0253301609e-05   -2.0428416913e-05
  41.0600000   -1.6188358760e-04    6.6189620223e-04    1.6861180854e-04   -2.3737845522e-04    8.2377067313e-05    4.0241241693e-07   -3.0558543473e-05   -2.0135557911e-05
  41.1100000   -1.6344908300e-04    6.6663321404e-04    1.6708790976e-04   -2.3416322284e-04    8.3600541916e-05   -7.8276837335e-07   -3.0963358007e-05   -1.9845835959e-05
  41.1600000   -1.6609927834e-04    6.7134256612e-04    1.6547472820e-04   -2.3118966059e-04    8.4742322831e-05   -2.0607263140e-06   -3.1445092580e-05   -1.9572704736e-05
  41.2100000   -1.6923832452e-04    6.7543796791e-04    1.6381248532e-04   -2.2836879309e-04    8.5856410864e-05   -3.4028346513e-06   -3.1971134414e-05   -1.9327523392e-05
  41.2600000   -1.7205159363e-04    6.7845359163e-04    1.6214144319e-04   -2.2548180248e-04    8.6999345393e-05   -4.7779967311e-06   -3.2502197513e-05   -1.9118284239e-05
  41.3100000   -1.7385304058e-04    6.8021077821e-04    1.6049434654e-04   -2.2227342689e-04    8.8222425724e-05   -6.1567698645e-06   -3.2996550760e-05   -1.8948788672e-05
  41.3600000   -1.7436876736e-04    6.8089167637e-04    1.5889286730e-04   -2.1856905393e-04    8.9564874784e-05   -7.5154764844e-06   -3.3414771971e-05   -1.8818373398e-05
  41.4100000   -1.7384105476e-04    6.8098459081e-04    1.5734825795e-04   -2.1436192407e-04    9.1048875745e-05   -8.8397005125e-06   -3.3724512751e-05   -1.8722211850e-05
  41.4600000   -1.7291531205e-04    6.8111310413e-04    1.5586473081e-04   -2.0982809242e-04    9.2677123189e-05   -1.0126619874e-05   -3.3904707906e-05   -1.8652136969e-05
  41.5100000   -1.7236408444e-04    6.8180819505e-04    1.5444311206e-04   -2.0525898777e-04    9.4433153776e-05   -1.1385765576e-05   -3.3948676160e-05   -1.8597861854e-05
  41.5600000   -1.7276843226e-04    6.8330960261e-04    1.5308242880e-04   -2.0093996880e-04    9.6284314409e-05   -1.2638008194e-05   -3.3865644519e-05   -1.8548424690e-05
  41.6100000   -1.7429049263e-04    6.8547609909e-04    1.5177826836e-04   -1.9702961874e-04    9.8186849433e-05   -1.3912826522e-05   -3.3680385360e-05   -1.8493659351e-05
  41.6600000   -1.7662781890e-04    6.8784412363e-04    1.5051857858e-04   -1.9349526412e-04    1.0009229871e-04   -1.5244174197e-05   -3.3430872206e-05   -1.8425496736e-05
  41.7100000   -1.7916044878e-04    6.8981526158e-04    1.4927930217e-04   -1.9013423416e-04    1.0195423651e-04   -1.6665487892e-05   -3.3164112435e-05   -1.8338931890e-05
  41.7600000   -1.8122077403e-04    6.9089964415e-04    1.4802301323e-04   -1.8666990468e-04    1.0373436854e-04   -1.8204538191e-05   -3.2930572142e-05   -1.8232544363e-05
  41.8100000   -1.8236875045e-04    6.9091780379e-04    1.4670299343e-04   -1.8287633051e-04    1.0540713870e-04   -1.9878882272e-05   -3.2777832288e-05   -1.8108524008e-05
  41.8600000   -1.8255963173e-04    6.9007948897e-04    1.4527301737e-04   -1.7867265573e-04    1.0696225368e-04   -2.1692621628e-05   -3.2744269240e-05   -1.7972223940e-05
  41.9100000   -1.8214364794e-04    6.8890842366e-04    1.4370031694e-04   -1.7414464090e-04    1.0840486886e-04   -2.3635001522e-05   -3.2853608311e-05   -1.7831324890e-05
  41.9600000   -1.8171155184e-04    6.8804552593e-04    1.4197704767e-04   -1.6948722147e-04    1.0975353944e-04   -2.5681132465e-05   -3.3111137433e-05   -1.7694743379e-05
  42.0100000   -1.8186272021e-04    6.8801218050e-04    1.4012527673e-04   -1.6490043479e-04    1.1103636984e-04   -2.7794804833e-05   -3.3502189104e-05   -1.7571443147e-05
  42.0600000   -1.8299654459e-04    6.8902877425e-04    1.3819251120e-04   -1.6049208289e-04    1.1228604266e-04   -2.9933052067e-05   -3.3993220061e-05   -1.7469312690e-05
  42.1100000   -1.8520539246e-04    6.9095688467e-04    1.3623845463e-04   -1.5623411641e-04    1.1353454108e-04   -3.2051845420e-05   -3.4535473020e-05   -1.7394252076e-05
  42.1600000   -1.8829275143e-04    6.9337939840e-04    1.3431746580e-04   -1.5199014293e-04    1.1480837977e-04   -3.4112117264e-05   -3.5070841612e-05   -1.7349573540e-05
  42.2100000   -1.9188202405e-04    6.9577613593e-04    1.3246330183e-04   -1.4759463654e-04    1.1612503505e-04   -3.6085241732e-05   -3.5539230317e-05   -1.7335769437e-05
  42.2600000   -1.9554835521e-04    6.9771783897e-04    1.3068201919e-04   -1.4293948482e-04    1.1749104067e-04   -3.7957163258e-05   -3.5886457718e-05   -1.7350645937e-05
  42.3100000   -1.9891196290e-04    6.9900180473e-04    1.2895553261e-04   -1.3802272469e-04    1.1890193080e-04   -3.9730548157e-05   -3.6071634647e-05   -1.7389769739e-05
  42.3600000   -2.0166952990e-04    6.9968454335e-04    1.2725375473e-04   -1.3293693706e-04    1.2034391473e-04   -4.1424614391e-05   -3.6072981495e-05   -1.7447135544e-05
  42.4100000   -2.0358607448e-04    7.0001338794e-04    1.2554956965e-04   -1.2780789227e-04    1.2179690503e-04   -4.3072629488e-05   -3.5891233497e-05   -1.7515938997e-05
  42.4600000   -2.0449533812e-04    7.0029832811e-04    1.2382985714e-04   -1.2271984209e-04    1.2323833277e-04   -4.4717405170e-05   -3.5550096540e-05   -1.7589336090e-05
  42.5100000   -2.0434587929e-04    7.0078185709e-04    1.2209786157e-04   -1.1766915414e-04    1.2464709412e-04   -4.6405410621e-05   -3.5093617347e-05   -1.7661084626e-05
  42.5600000   -2.0328813404e-04    7.0155515122e-04    1.2036637051e-04   -1.1257094013e-04    1.2600699181e-04   -4.8180329802e-05   -3.4580763084e-05   -1.7725992936e-05
  42.6100000   -2.0174974335e-04    7.0254238025e-04    1.1864543281e-04   -1.0731389664e-04    1.2730915285e-04   -5.0076973353e-05   -3.4077903365e-05   -1.7780139797e-05
  42.6600000   -2.0042418998e-04    7.0354606434e-04    1.1693072467e-04   -1.0183272147e-04    1.2855309572e-04   -5.2116408672e-05   -3.3650193375e-05   -1.7820870768e-05
  42.7100000   -2.0012164094e-04    7.0432744137e-04    1.1519816642e-04   -9.6158527134e-05    1.2974635278e-04   -5.4303000819e-05   -3.3353022791e-05   -1.7846612654e-05
  42.7600000   -2.0149658347e-04    7.0469122321e-04    1.1340741471e-04   -9.0419554984e-05    1.3090278684e-04   -5.6623786255e-05   -3.3224696890e-05   -1.7856573921e-05
  42.8100000   -2.0474441043e-04    7.0455037565e-04    1.1151292564e-04   -8.4790204629e-05    1.3203993864e-04   -5.9050270795e-05   -3.3281350626e-05   -1.7850410576e-05
  42.8600000   -2.0940626941e-04    7.0395647976e-04    1.0947821727e-04   -7.9412304778e-05    1.3317587697e-04   -6.1542400127e-05   -3.3514789083e-05   -1.7827933334e-05
  42.9100000   -2.1440525449e-04    7.0308958061e-04    1.0728797126e-04   -7.4325792754e-05    1.3432607592e-04   -6.4054145510e-05   -3.3893542067e-05   -1.7788913986e-05
  42.9600000   -2.1835309220e-04    7.0220782428e-04    1.0495384404e-04   -6.9440857239e-05    1.3550081451e-04   -6.6539922409e-05   -3.4366977611e-05   -1.7733021093e-05
  43.0100000   -2.2004567655e-04    7.0156472036e-04    1.0251246751e-04   -6.4563860653e-05    1.3670348917e-04   -6.8960947230e-05   -3.4871901866e-05   -1.7659882716e-05
  43.0600000   -2.1896279247e-04    7.0131275418e-04    1.0001684852e-04   -5.9465396382e-05    1.3793007250e-04   -7.1290652011e-05   -3.5340741860e-05   -1.7569243665e-05
  43.1100000   -2.1555561275e-04    7.0142377201e-04    9.7524194992e-05   -5.3961943717e-05    1.3916976725e-04   -7.3518414847e-05   -3.5710207944e-05   -1.7461162097e-05
  43.1600000   -2.1117025889e-04    7.0166163547e-04    9.5083701734e-05   -4.7979407927e-05    1.4040672330e-04   -7.5651103289e-05   -3.5929289601e-05   -1.7336180030e-05
  43.2100000   -2.0759813613e-04    7.0163307173e-04    9.2727245155e-05   -4.1576873971e-05    1.4162253243e-04   -7.7712233244e-05   -3.5965553530e-05   -1.7195406194e-05
  43.2600000   -2.0640596133e-04    7.0091620905e-04    9.0464801401e-05   -3.4925888022e-05    1.4279911281e-04   -7.9738873035e-05   -3.5808964375e-05   -1.7040467329e-05
  43.3100000   -2.0830772074e-04    6.9923066429e-04    8.8285198169e-05   -2.8256417143e-05    1.4392155239e-04   -8.1776725409e-05   -3.5472796574e-05   -1.6873311996e-05
  43.3600000   -2.1284318369e-04    6.9658435507e-04    8.6161755539e-05   -2.1789498986e-05    1.4498050127e-04   -8.3874059112e-05   -3.4991597880e-05   -1.6695884408e-05
  43.4100000   -2.1851434554e-04    6.9332760192e-04    8.4061453853e-05   -1.5677024606e-05    1.4597377993e-04   -8.6075305575e-05   -3.4416545394e-05   -1.6509717679e-05
  43.4600000   -2.2334571778e-04    6.9007292457e-04    8.1955441456e-05   -9.9634661390e-06    1.4690698901e-04   -8.8415169256e-05   -3.3808853531e-05   -1.6315520659e-05
  43.5100000   -2.2565481466e-04    6.8749218216e-04    7.9828067606e-05   -4.5765414528e-06    1.4779304918e-04   -9.0914021005e-05   -3.3232110355e-05   -1.6112843943e-05
  43.5600000   -2.2472411317e-04    6.8605978828e-04    7.7681495312e-05    6.5321360959e-07    1.4865074468e-04   -9.3575165714e-05   -3.2744513191e-05   -1.5899906683e-05
  43.6100000   -2.2109877259e-04    6.8584463546e-04    7.5533675479e-05    5.9492201703e-06    1.4950247400e-04   -9.6384324279e-05   -3.2391941969e-05   -1.5673645322e-05
  43.6600000   -2.1638387995e-04    6.8644479065e-04    7.3409218469e-05    1.1531144292e-05    1.5037150831e-04   -9.9311378926e-05   -3.2202663770e-05   -1.5430011440e-05
  43.7100000   -2.1261863542e-04    6.8710704083e-04    7.1325230570e-05    1.7555046886e-05    1.5127911343e-04   -1.0231413827e-04   -3.2184230646e-05   -1.5164503594e-05
  43.7600000   -2.1147699396e-04    6.8699766514e-04    6.9276738634e-05    2.4065797658e-05    1.5224189904e-04   -1.0534362099e-04   -3.2322850973e-05   -1.4872874360e-05
  43.8100000   -2.1361317952e-04    6.8552379342e-04    6.7227809682e-05    3.0975668408e-05    1.5326972068e-04   -1.0835016710e-04   -3.2585219955e-05   -1.4551916256e-05
  43.8600000   -2.1840922487e-04    6.8257688572e-04    6.5113848718e-05    3.8078564307e-05    1.5436438400e-04   -1.1128958600e-04   -3.2922521728e-05   -1.4200205936e-05
  43.9100000   -2.2421832793e-04    6.7859546933e-04    6.2857385903e-05    4.5100752510e-05    1.5551929628e-04   -1.1412855301e-04   -3.3276092110e-05   -1.3818680119e-05
  43.9600000   -2.2900157348e-04    6.7441423064e-04    6.0394538916e-05    5.1777972797e-05    1.5672009242e-04   -1.1684856896e-04   -3.3584075972e-05   -1.3410931094e-05
  44.0100000   -2.3110606913e-04    6.7095218889e-04    5.7703978211e-05    5.7938826447e-05    1.5794614575e-04   -1.1944798683e-04   -3.3788335330e-05   -1.2983143933e-05
  44.0600000   -2.2988644071e-04    6.6885831620e-04    5.4827006791e-05    6.3569081569e-05    1.5917277195e-04   -1.2194186007e-04   -3.3840864026e-05   -1.2543646852e-05
  44.1100000   -2.2594116597e-04    6.6825154537e-04    5.1868355177e-05    6.8833686851e-05    1.6037385883e-04   -1.2435964744e-04   -3.3709035937e-05   -1.2102103956e-05
  44.1600000   -2.2088680611e-04    6.6865646797e-04    4.8973111205e-05    7.4043384186e-05    1.6152461352e-04   -1.2674108211e-04   -3.3379144961e-05   -1.1668437115e-05
  44.2100000   -2.1676464948e-04    6.6916119478e-04    4.6284330798e-05    7.9568863121e-05    1.6260411500e-04   -1.2913074542e-04   -3.2857872775e-05   -1.1251611600e-05
  44.2600000   -2.1530161501e-04    6.6873985341e-04    4.3894849731e-05    8.5723210051e-05    1.6359739272e-04   -1.3157204755e-04   -3.2171529159e-05   -1.0858450939e-05
  44.3100000   -2.1728878411e-04    6.6662128309e-04    4.1811504793e-05    9.2647461832e-05    1.6449681563e-04   -1.3410138946e-04   -3.1363133470e-05   -1.0492654055e-05
  44.3600000   -2.2228957768e-04    6.6256954526e-04    3.9947468577e-05    1.0023892371e-04    1.6530266133e-04   -1.3674325333e-04   -3.0487626952e-05   -1.0154169621e-05
  44.4100000   -2.2877059347e-04    6.5697504308e-04    3.8148686211e-05    1.0815390957e-04    1.6602283003e-04   -1.3950684671e-04   -2.9605705852e-05   -9.8390407564e-06
  44.4600000   -2.3460571000e-04    6.5072366977e-04    3.6246841486e-05    1.1589568479e-04    1.6667176271e-04   -1.4238472319e-04   -2.8776925924e-05   -9.5397718594e-06
  44.5100000   -2.3778449816e-04    6.4489023734e-04    3.4119504015e-05    1.2296941443e-04    1.6726870378e-04   -1.4535354661e-04   -2.8052831299e-05   -9.2461971795e-06
  44.5600000   -2.3709357404e-04    6.4036405087e-04    3.1733601194e-05    1.2905806356e-04    1.6783551019e-04   -1.4837688868e-04   -2.7470889054e-05   -8.9467577920e-06
  44.6100000   -2.3254927452e-04    6.3753832774e-04    2.9153821534e-05    1.3415763551e-04    1.6839424400e-04   -1.5140968778e-04   -2.7049954351e-05   -8.6300300695e-06
  44.6600000   -2.2543667827e-04    6.3617359810e-04    2.6511360115e-05    1.3861571275e-04    1.6896479436e-04   -1.5440378392e-04   -2.6787847294e-05   -8.2863047496e-06
  44.7100000   -2.1793127194e-04    6.3548547846e-04    2.3945004994e-05    1.4304593230e-04    1.6956275873e-04   -1.5731381018e-04   -2.6661399133e-05   -7.9089983149e-06
  44.7600000   -2.1241167951e-04    6.3442898202e-04    2.1538767196e-05    1.4813523979e-04    1.7019777729e-04   -1.6010268087e-04   -2.6629042159e-05   -7.4956910016e-06
  44.8100000   -2.1067649835e-04    6.3208109306e-04    1.9282511458e-05    1.5440477315e-04    1.7087246541e-04   -1.6274597800e-04   -2.6635704638e-05   -7.0486285365e-06
  44.8600000   -2.1332138097e-04    6.2798542724e-04    1.7072998972e-05    1.6201057285e-04    1.7158203200e-04   -1.6523468967e-04   -2.6619468933e-05   -6.5745920996e-06
  44.9100000   -2.1949454298e-04    6.2233228394e-04    1.4756013606e-05    1.7066374994e-04    1.7231461337e-04   -1.6757597683e-04   -2.6519198951e-05   -6.0841253400e-06
  44.9600000   -2.2713393633e-04    6.1590328201e-04    1.2192864643e-05    1.7971007206e-04    1.7305229571e-04   -1.6979190663e-04   -2.6282182717e-05   -5.5901966945e-06
  45.0100000   -2.3362866495e-04    6.0979411852e-04    9.3239644916e-06    1.8834923250e-04    1.7377274716e-04   -1.7191635641e-04   -2.5870796221e-05   -5.1064579946e-06
  45.0600000   -2.3669336309e-04    6.0501199489e-04    6.2029153435e-06    1.9591755080e-04    1.7445133362e-04   -1.7399052542e-04   -2.5267290894e-05   -4.6453241029e-06
  45.1100000   -2.3515478078e-04    6.0209453781e-04    2.9863229499e-06    2.0212847580e-04    1.7506355144e-04   -1.7605766198e-04   -2.4476033761e-05   -4.2161337282e-06
  45.1600000   -2.2936518725e-04    6.0089375680e-04   -1.1754259628e-07    2.0717713010e-04    1.7558757665e-04   -1.7815769908e-04   -2.3522861003e-05   -3.8236521777e-06
  45.2100000   -2.2108141595e-04    6.0061048987e-04   -2.9215244623e-06    2.1166553300e-04    1.7600670544e-04   -1.8032248320e-04   -2.2451598968e-05   -3.4671414120e-06
  45.2600000   -2.1284204921e-04    6.0007211450e-04   -5.3255610069e-06    2.1637474579e-04    1.7631144980e-04   -1.8257218150e-04   -2.1318205284e-05   -3.1401544010e-06
  45.3100000   -2.0706666661e-04    5.9815384232e-04   -7.3505383822e-06    2.2197079181e-04    1.7650105871e-04   -1.8491327838e-04   -2.0183327169e-05   -2.8311178034e-06
  45.3600000   -2.0521310995e-04    5.9418769801e-04   -9.1276457196e-06    2.2875768541e-04    1.7658426475e-04   -1.8733834923e-04   -1.9104309441e-05   -2.5246609879e-06
  45.4100000   -2.0731133508e-04    5.8820603706e-04   -1.0848516693e-05    2.3657210532e-04    1.7657911129e-04   -1.8982756000e-04   -1.8127771852e-05   -2.2035446538e-06
  45.4600000   -2.1204668962e-04    5.8092804884e-04   -1.2696633404e-05    2.4485785215e-04    1.7651179623e-04   -1.9235161963e-04   -1.7283796953e-05   -1.8509530691e-06
  45.5100000   -2.1734688215e-04    5.7349471733e-04   -1.4787176701e-05    2.5288743241e-04    1.7641457041e-04   -1.9487573834e-04   -1.6582533718e-05   -1.4528533791e-06
  45.5600000   -2.2122472229e-04    5.6705261030e-04   -1.7138200922e-05    2.6004165076e-04    1.7632284259e-04   -1.9736404150e-04   -1.6013663035e-05   -1.0001027244e-06
  45.6100000   -2.2252858803e-04    5.6234286598e-04   -1.9682604773e-05    2.6603817910e-04    1.7627175402e-04   -1.9978386475e-04   -1.5548743143e-05   -4.9000423094e-07
  45.6600000   -2.2129872016e-04    5.5944747986e-04   -2.2313415695e-05    2.7102347135e-04    1.7629257814e-04   -2.0210941153e-04   -1.5146022920e-05    7.2925290606e-08
  45.7100000   -2.1860140286e-04    5.5778285839e-04   -2.4941352897e-05    2.7549832280e-04    1.7640935665e-04   -2.0432437311e-04   -1.4756946467e-05    6.7711605549e-07
  45.7600000   -2.1593996464e-04    5.5633552557e-04   -2.7539029424e-05    2.8011266167e-04    1.7663618965e-04   -2.0642327224e-04   -1.4333331834e-05    1.3050544769e-06
  45.8100000   -2.1452199134e-04    5.5404415361e-04   -3.0152372958e-05    2.8541405808e-04    1.7697554663e-04   -2.0841146830e-04   -1.3834127588e-05    1.9352328880e-06
  45.8600000   -2.1471652924e-04    5.5018057314e-04   -3.2874284912e-05    2.9164878241e-04    1.7741785712e-04   -2.1030392759e-04   -1.3230745792e-05    2.5447134333e-06
  45.9100000   -2.1593967638e-04    5.4458884869e-04   -3.5792155206e-05    2.9868996761e-04    1.7794248681e-04   -2.1212299716e-04   -1.2510221311e-05    3.1119869416e-06
  45.9600000   -2.1700554763e-04    5.3770152838e-04   -3.8932568905e-05    3.0611527498e-04    1.7852002465e-04   -2.1389551074e-04   -1.1675812921e-05    3.6197546677e-06
  46.0100000   -2.1676406826e-04    5.3034057811e-04   -4.2228333931e-05    3.1339721119e-04    1.7911562638e-04   -2.1564959508e-04   -1.0745080589e-05    4.0572559511e-06
  46.0600000   -2.1471585653e-04    5.2339169515e-04   -4.5523960671e-05    3.2012566951e-04    1.7969300619e-04   -2.1741153819e-04   -9.7458754704e-06    4.4218112164e-06
  46.1100000   -2.1130749473e-04    5.1748314582e-04   -4.8619689227e-05    3.2617082193e-04    1.8021856887e-04   -2.1920303522e-04   -8.7109993406e-06    4.7193429374e-06
  46.1600000   -2.0776140988e-04    5.1278913454e-04   -5.1337899490e-05    3.3171950282e-04    1.8066514578e-04   -2.2103905479e-04   -7.6724763375e-06    4.9637663157e-06
  46.2100000   -2.0551354841e-04    5.0902036122e-04   -5.3586183705e-05    3.3717033337e-04    1.8101484868e-04   -2.2292648146e-04   -6.6564046930e-06    5.1752907639e-06
  46.2600000   -2.0551780278e-04    5.0558670958e-04   -5.5392528124e-05    3.4293209100e-04    1.8126067933e-04   -2.2486360009e-04   -5.6792182023e-06    5.3778229432e-06
  46.3100000   -2.0774277353e-04    5.0185178577e-04   -5.6899296906e-05    3.4921264642e-04    1.8140671244e-04   -2.2684040448e-04   -4.7459142323e-06    5.5957919490e-06
  46.3600000   -2.1110285032e-04    4.9737195111e-04   -5.8319069333e-05    3.5589372141e-04    1.8146687631e-04   -2.2883964373e-04   -3.8504456265e-06    5.8508086453e-06
  46.4100000   -2.1386975105e-04    4.9203135872e-04   -5.9869843213e-05    3.6255413725e-04    1.8146255658e-04   -2.3083846836e-04   -2.9780916988e-06    6.1586097348e-06
  46.4600000   -2.1439194489e-04    4.8603686817e-04   -6.1713792915e-05    3.6864191962e-04    1.8141941134e-04   -2.3281050623e-04   -2.1092833467e-06    6.5267155227e-06
  46.5100000   -2.1180740379e-04    4.7979674661e-04   -6.3920436713e-05    3.7372814339e-04    1.8136388295e-04   -2.3472818398e-04   -1.2241173328e-06    6.9531486645e-06
  46.5600000   -2.0643421594e-04    4.7374823876e-04   -6.6463933147e-05    3.7773214034e-04    1.8131991003e-04   -2.3656511024e-04   -3.0669325425e-07    7.4264278575e-06
  46.6100000   -1.9966392436e-04    4.6820642705e-04   -6.9250616608e-05    3.8101051674e-04    1.8130627909e-04   -2.3829834692e-04    6.5154080072e-07    7.9268817669e-06
  46.6600000   -1.9340064236e-04    4.6328278799e-04   -7.2162590235e-05    3.8425480383e-04    1.8133492368e-04   -2.3991041041e-04    1.6500538856e-06    8.4291462241e-06
  46.7100000   -1.8928745041e-04    4.5888328269e-04   -7.5099845897e-05    3.8822557293e-04    1.8141030512e-04   -2.4139086130e-04    2.6794278145e-06    8.9055364346e-06
  46.7600000   -1.8805266047e-04    4.5476370321e-04   -7.8007104111e-05    3.9342914124e-04    1.8152982333e-04   -2.4273735846e-04    3.7234473488e-06    9.3298507671e-06
  46.8100000   -1.8925338258e-04    4.5060812686e-04   -8.0879487573e-05    3.9987947142e-04    1.8168504473e-04   -2.4395607184e-04    4.7627025950e-06    9.6810839201e-06
  46.8600000   -1.9151857812e-04    4.4610481575e-04   -8.3749251398e-05    4.0706116794e-04    1.8186342270e-04   -2.4506137250e-04    5.7790415565e-06    9.9465194340e-06
  46.9100000   -1.9317667386e-04    4.4101097090e-04   -8.6661047811e-05    4.1412609946e-04    1.8205014371e-04   -2.4607475409e-04    6.7600451004e-06    1.0123738832e-05
  46.9600000   -1.9298879336e-04    4.3520845160e-04   -8.9644711368e-05    4.2025042766e-04    1.8222976275e-04   -2.4702299131e-04    7.7026732368e-06    1.0221221834e-05
  47.0100000   -1.9066778821e-04    4.2874891747e-04   -9.2693345360e-05    4.2499902904e-04    1.8238738452e-04   -2.4793561133e-04    8.6153544123e-06    1.0257402238e-05
  47.0600000   -1.8696108660e-04    4.2187320608e-04   -9.5752262948e-05    4.2853062048e-04    1.8250928126e-04   -2.4884183944e-04    9.5180393710e-06    1.0258262748e-05
  47.1100000   -1.8326773235e-04    4.1497998258e-04   -9.8722104742e-05    4.3154094124e-04    1.8258298362e-04   -2.4976727331e-04    1.0440077029e-05    1.0253768540e-05
  47.1600000   -1.8096319399e-04    4.0852658841e-04   -1.0147706552e-04    4.3495801043e-04    1.8259700803e-04   -2.5073062403e-04    1.1416138679e-05    1.0273621464e-05
  47.2100000   -1.8073271771e-04    4.0287383356e-04   -1.0389590149e-04    4.3952036990e-04    1.8254046532e-04   -2.5174092085e-04    1.2480759012e-05    1.0342936124e-05
  47.2600000   -1.8221161240e-04    3.9812427460e-04   -1.0589914800e-04    4.4543033925e-04    1.8240281668e-04   -2.5279558874e-04    1.3662322890e-05    1.0478474434e-05
  47.3100000   -1.8410027959e-04    3.9402794927e-04   -1.0748202490e-04    4.5224725930e-04    1.8217399848e-04   -2.5387976085e-04    1.4977463302e-05    1.0686016887e-05
  47.3600000   -1.8471792220e-04    3.9002026178e-04   -1.0873114671e-04    4.5907900270e-04    1.8184503990e-04   -2.5496707379e-04    1.6426823778e-05    1.0959301344e-05
  47.4100000   -1.8276688855e-04    3.8540874058e-04   -1.0981633372e-04    4.6499118331e-04    1.8140916525e-04   -2.5602201904e-04    1.7992976731e-05    1.1280740897e-05
  47.4600000   -1.7798009298e-04    3.7965537307e-04   -1.1095653843e-04    4.6944768705e-04    1.8086323616e-04   -2.5700370604e-04    1.9640997416e-05    1.1623871882e-05
  47.5100000   -1.7136016622e-04    3.7264202838e-04   -1.1236856496e-04    4.7257524761e-04    1.8020927494e-04   -2.5787066254e-04    2.1321812116e-05    1.1957218826e-05
  47.5600000   -1.6487930395e-04    3.6479164482e-04   -1.1421458940e-04    4.7512163610e-04    1.7945574524e-04   -2.5858609351e-04    2.2978021734e-05    1.2249035937e-05
  47.6100000   -1.6073073406e-04    3.5696340017e-04   -1.1656569307e-04    4.7811793777e-04    1.7861826272e-04   -2.5912288095e-04    2.4551508485e-05    1.2472231250e-05
  47.6600000   -1.6041711711e-04    3.5013334478e-04   -1.1939260070e-04    4.8239514032e-04    1.7771947133e-04   -2.5946756732e-04    2.5991821712e-05    1.2608727087e-05
  47.7100000   -1.6404708456e-04    3.4497426561e-04   -1.2258407572e-04    4.8817776265e-04    1.7678793929e-04   -2.5962264517e-04    2.7264157469e-05    1.2652571414e-05
  47.7600000   -1.7014842246e-04    3.4151153372e-04   -1.2598299316e-04    4.9494710747e-04    1.7585608238e-04   -2.5960667675e-04    2.8355726759e-05    1.2611284423e-05
  47.8100000   -1.7611345525e-04    3.3902035995e-04   -1.2942493731e-04    5.0164637789e-04    1.7495728514e-04   -2.5945206832e-04    2.9279460161e-05    1.2505180616e-05
  47.8600000   -1.7914086063e-04    3.3624102928e-04   -1.3276644908e-04    5.0714408581e-04    1.7412253328e-04   -2.5920068367e-04    3.0074309016e-05    1.2364712243e-05
  47.9100000   -1.7732754018e-04    3.3185531928e-04   -1.3589799090e-04    5.1075231996e-04    1.7337697035e-04   -2.5889784247e-04    3.0801840421e-05    1.2226188110e-05
  47.9600000   -1.7048201527e-04    3.2504605234e-04   -1.3874554527e-04    5.1256742068e-04    1.7273683023e-04   -2.5858554869e-04    3.1539331020e-05    1.2126484271e-05
  48.0100000   -1.6031742553e-04    3.1590813812e-04   -1.4126948846e-04    5.1347568942e-04    1.7220716917e-04   -2.5829597518e-04    3.2370076722e-05    1.2097536154e-05
  48.0600000   -1.4991152671e-04    3.0552246141e-04   -1.4346755331e-04    5.1481216532e-04    1.7178073189e-04   -2.5804625043e-04    3.3372080826e-05    1.2161455377e-05
  48.1100000   -1.4260766741e-04    2.9563127765e-04   -1.4538187421e-04    5.1781157736e-04    1.7143814939e-04   -2.5783543837e-04    3.4606595374e-05    1.2327036191e-05
  48.1600000   -1.4076140147e-04    2.8801544494e-04   -1.4710292289e-04    5.2308137245e-04    1.7114950243e-04   -2.5764428678e-04    3.6108117878e-05    1.2588215720e-05
  48.2100000   -1.4481618610e-04    2.8380279707e-04   -1.4876058992e-04    5.3031899460e-04    1.7087711737e-04   -2.5743788919e-04    3.7877356548e-05    1.2924757347e-05
  48.2600000   -1.5308004558e-04    2.8297775505e-04   -1.5049713427e-04    5.3839440965e-04    1.7057931156e-04   -2.5717092926e-04    3.9878369850e-05    1.3305083604e-05
  48.3100000   -1.6231075576e-04    2.8429506528e-04   -1.5242646042e-04    5.4576863817e-04    1.7021469308e-04   -2.5679473308e-04    4.2040587373e-05    1.3690847492e-05
  48.3600000   -1.6890152552e-04    2.8565012054e-04   -1.5459406635e-04    5.5108301670e-04    1.6974655389e-04   -2.5626502516e-04    4.4265785004e-05    1.4042553843e-05
  48.4100000   -1.7021831313e-04    2.8478389586e-04   -1.5695622568e-04    5.5368695904e-04    1.6914688083e-04   -2.5554912849e-04    4.6439397832e-05    1.4325370969e-05
  48.4600000   -1.6557303992e-04    2.8007116017e-04   -1.5939217889e-04    5.5389873416e-04    1.6839954548e-04   -2.5463140264e-04    4.8444902315e-05    1.4514236382e-05
  48.5100000   -1.5645461528e-04    2.7110676864e-04   -1.6175038855e-04    5.5290036366e-04    1.6750231348e-04   -2.5351597416e-04    5.0179480584e-05    1.4597466154e-05
  48.5600000   -1.4592940131e-04    2.5887834071e-04   -1.6391449437e-04    5.5230962694e-04    1.6646742841e-04   -2.5222624423e-04    5.1568877488e-05    1.4578309677e-05
  48.6100000   -1.3744912732e-04    2.4546416300e-04   -1.6586353106e-04    5.5359335822e-04    1.6532066425e-04   -2.5080118872e-04    5.2579334418e-05    1.4474213283e-05
  48.6600000   -1.3353583277e-04    2.3336397715e-04   -1.6769982952e-04    5.5754150900e-04    1.6409889042e-04   -2.4928900967e-04    5.3224755739e-05    1.4313915281e-05
  48.7100000   -1.3485686399e-04    2.2469467682e-04   -1.6962829204e-04    5.6399286018e-04    1.6284634610e-04   -2.4773915866e-04    5.3567815842e-05    1.4132833726e-05
  48.7600000   -1.4004178658e-04    2.2052052532e-04   -1.7188897468e-04    5.7190515238e-04    1.6160996175e-04   -2.4619405204e-04    5.3714486379e-05    1.3967471129e-05
  48.8100000   -1.4629427633e-04    2.2053084703e-04   -1.7466408760e-04    5.7973417157e-04    1.6043418448e-04   -2.4468187888e-04    5.3802357399e-05    1.3849705883e-05
  48.8600000   -1.5053778296e-04    2.2315419604e-04   -1.7799285003e-04    5.8597647017e-04    1.5935584691e-04   -2.4321174661e-04    5.3984020565e-05    1.3801845285e-05
  48.9100000   -1.5063047327e-04    2.2605451763e-04   -1.8172774470e-04    5.8967816382e-04    1.5839965409e-04   -2.4177203787e-04    5.4407547945e-05    1.3833181080e-05
  48.9600000   -1.4617142456e-04    2.2684064080e-04   -1.8555286021e-04    5.9073371943e-04    1.5757483997e-04   -2.4033232506e-04    5.5196616872e-05    1.3938539069e-05
  49.0100000   -1.3859629272e-04    2.2376825768e-04   -1.8906347424e-04    5.8988210177e-04    1.5687345651e-04   -2.3884859237e-04    5.6433010516e-05    1.4098992836e-05
  49.0600000   -1.3055022244e-04    2.1623149239e-04   -1.9188359970e-04    5.8841928608e-04    1.5627060632e-04   -2.3727094938e-04    5.8144020838e-05    1.4284571446e-05
  49.1100000   -1.2480931576e-04    2.0491476839e-04   -1.9378328173e-04    5.8774381735e-04    1.5572672185e-04   -2.3555258108e-04    6.0296705501e-05    1.4458488588e-05
  49.1600000   -1.2318740191e-04    1.9157723676e-04   -1.9475581469e-04    5.8890142304e-04    1.5519174982e-04   -2.3365844121e-04    6.2800069566e-05    1.4582203697e-05
  49.2100000   -1.2585215659e-04    1.7854175684e-04   -1.9502770693e-04    5.9228143458e-04    1.5461084656e-04   -2.3157220288e-04    6.5515170965e-05    1.4620526667e-05
  49.2600000   -1.3129750763e-04    1.6803471721e-04   -1.9499679029e-04    5.9755187601e-04    1.5393096164e-04   -2.2930023371e-04    6.8272035086e-05    1.4546008363e-05
  49.3100000   -1.3695559987e-04    1.6155777937e-04   -1.9511822396e-04    6.0383010627e-04    1.5310751988e-04   -2.2687182466e-04    7.0891269792e-05    1.4342008419e-05
  49.3600000   -1.4018862003e-04    1.5946293625e-04   -1.9577545749e-04    6.1000670313e-04    1.5211033713e-04   -2.2433550023e-04    7.3207547497e-05    1.4004069324e-05
  49.4100000   -1.3927089348e-04    1.6085069387e-04   -1.9717736233e-04    6.1509914231e-04    1.5092794380e-04   -2.2175187740e-04    7.5091780785e-05    1.3539507979e-05
  49.4600000   -1.3399708921e-04    1.6382742770e-04   -1.9931259553e-04    6.1851883971e-04    1.4956965026e-04   -2.1918411893e-04    7.6468923294e-05    1.2965413232e-05
  49.5100000   -1.2571248425e-04    1.6605931255e-04   -2.0197203029e-04    6.2018124734e-04    1.4806495579e-04   -2.1668745040e-04    7.7328874346e-05    1.2305465059e-05
  49.5600000   -1.1678571816e-04    1.6547078581e-04   -2.0482748847e-04    6.2045159281e-04    1.4646024882e-04   -2.1429940793e-04    7.7728883655e-05    1.1586133783e-05
  49.6100000   -1.0974466008e-04    1.6088214927e-04   -2.0753809906e-04    6.1997328121e-04    1.4481312416e-04   -2.1203242123e-04    7.7787014173e-05    1.0832858654e-05
  49.6600000   -1.0640043994e-04    1.5238533223e-04   -2.0984968069e-04    6.1945389744e-04    1.4318499777e-04   -2.0987001817e-04    7.7667460152e-05    1.0066746437e-05
  49.7100000   -1.0726434435e-04    1.4132597786e-04   -2.1165837777e-04    6.1948015617e-04    1.4163297544e-04   -2.0776740865e-04    7.7559654226e-05    9.3021911329e-06
  49.7600000   -1.1143676923e-04    1.2987947598e-04   -2.1302386862e-04    6.2040585395e-04    1.4020208121e-04   -2.0565654584e-04    7.7653964218e-05    8.5456281922e-06
  49.8100000   -1.1697204523e-04    1.2034326578e-04   -2.1413396892e-04    6.2232127354e-04    1.3891894418e-04   -2.0345507091e-04    7.8117251392e-05    7.7954380203e-06
  49.8600000   -1.2156401114e-04    1.1437161457e-04   -2.1523579274e-04    6.2508418744e-04    1.3778787132e-04   -2.0107793016e-04    7.9071567432e-05    7.0428411463e-06
  49.9100000   -1.2330660558e-04    1.1241154457e-04   -2.1655548939e-04    6.2838119717e-04    1.3678991830e-04   -1.9845000547e-04    8.0578809850e-05    6.2735081314e-06
  49.9600000   -1.2128276543e-04    1.1354132489e-04   -2.1822854459e-04    6.3179426656e-04    1.3588515222e-04   -1.9551789074e-04    8.2633305504e-05    5.4695563979e-06
  50.0100000   -1.1581184647e-04    1.1577987029e-04   -2.2025749097e-04    6.3486361478e-04    1.3501784132e-04   -1.9225901489e-04    8.5163177784e-05    4.6116224104e-06
  50.0600000   -1.0830553269e-04    1.1677051648e-04   -2.2250612227e-04    6.3715331579e-04    1.3412387523e-04   -1.8868664877e-04    8.8040141526e-05    3.6807669222e-06
  50.1100000   -1.0080241420e-04    1.1460537004e-04   -2.2473094955e-04    6.3833007282e-04    1.3313938425e-04   -1.8484989553e-04    9.1096238093e-05    2.6600695272e-06
  50.1600000   -9.5337275861e-05    1.0849941996e-04   -2.2664277285e-04    6.3825490344e-04    1.3200933911e-04   -1.8082847254e-04    9.4145133029e-05    1.5358684571e-06
  50.2100000   -9.3334340656e-05    9.9071577417e-05   -2.2798447771e-04    6.3706658031e-04    1.3069490591e-04   -1.7672284745e-04    9.7005070088e-05    2.9867829899e-07
  50.2600000   -9.5193440065e-05    8.8128465315e-05   -2.2860635902e-04    6.3521659675e-04    1.2917850691e-04   -1.7264098393e-04    9.9520471335e-05   -1.0561449429e-06
  50.3100000   -1.0017672713e-04    7.8026471864e-05   -2.2851883980e-04    6.3341244922e-04    1.2746587165e-04   -1.6868348244e-04    1.0157948958e-04   -2.5279295182e-06
  50.3600000   -1.0661998410e-04    7.0841578703e-05   -2.2790590615e-04    6.3244846618e-04    1.2558480251e-04   -1.6492918950e-04    1.0312548988e-04   -4.1103865385e-06
  50.4100000   -1.1240715119e-04    6.7646354955e-05   -2.2709146642e-04    6.3294896658e-04    1.2358085881e-04   -1.6142334808e-04    1.0416134595e-04   -5.7915267772e-06
  50.4600000   -1.1557791871e-04    6.8152311487e-05   -2.2646374939e-04    6.3510092691e-04    1.2151060976e-04   -1.5817006569e-04    1.0474643931e-04   -7.5538986645e-06
  50.5100000   -1.1490117480e-04    7.0839051193e-05   -2.2637622761e-04    6.3848683418e-04    1.1943345222e-04   -1.5513031914e-04    1.0498719472e-04   -9.3752802337e-06
  50.5600000   -1.1025163733e-04    7.3511709806e-05   -2.2705269278e-04    6.4211885752e-04    1.1740318388e-04   -1.5222596787e-04    1.0502274358e-04   -1.1229942572e-05
  50.6100000   -1.0267510549e-04    7.4073870010e-05   -2.2852505501e-04    6.4471385180e-04    1.1546053952e-04   -1.4934941031e-04    1.0500778579e-04   -1.3090535703e-05
  50.6600000   -9.4110880650e-05    7.1232537492e-05   -2.3062386285e-04    6.4515034172e-04    1.1362773840e-04   -1.4637770472e-04    1.0509487813e-04   -1.4930538013e-05
  50.7100000   -8.6838305860e-05    6.4889343603e-05   -2.3302570576e-04    6.4295191938e-04    1.1190578317e-04   -1.4318930251e-04    1.0541822364e-04   -1.6727076044e-05
  50.7600000   -8.2800496536e-05    5.6099475025e-05   -2.3534381965e-04    6.3859393014e-04    1.1027484351e-04   -1.3968110698e-04    1.0608063119e-04   -1.8463791980e-05
  50.8100000   -8.3004356412e-05    4.6643954030e-05   -2.3723462707e-04    6.3346633956e-04    1.0869761424e-04   -1.3578344401e-04    1.0714474489e-04   -2.0133342943e-05
  50.8600000   -8.7183479358e-05    3.8396664060e-05   -2.3848836210e-04    6.2944613478e-04    1.0712512177e-04   -1.3147074416e-04    1.0862901584e-04   -2.1739086649e-05
  50.9100000   -9.3838578369e-05    3.2724536401e-05   -2.3907771852e-04    6.2819734615e-04    1.0550412386e-04   -1.2676627140e-04    1.1050830103e-04   -2.3295559992e-05
  50.9600000   -1.0065771702e-04    3.0121873678e-05   -2.3915219721e-04    6.3045661797e-04    1.0378504754e-04   -1.2174003157e-04    1.1271850433e-04   -2.4827492052e-05
  51.0100000   -1.0520005645e-04    3.0171374358e-05   -2.3898249423e-04    6.3560797541e-04    1.0192936067e-04   -1.1649994904e-04    1.1516436803e-04   -2.6367296718e-05
  51.0600000   -1.0564039582e-04    3.1795266828e-05   -2.3887339423e-04    6.4176651310e-04    9.9915374370e-05   -1.1117738378e-04    1.1772938652e-04   -2.7951232271e-05
  51.1100000   -1.0134666658e-04    3.3663687892e-05   -2.3907131434e-04    6.4639758442e-04    9.7741704417e-05   -1.0590892709e-04    1.2028682544e-04   -2.9614654958e-05
  51.1600000   -9.3108425360e-05    3.4597732693e-05   -2.3969258882e-04    6.4726981310e-04    9.5427944155e-05   -1.0081702892e-04    1.2271094055e-04   -3.1386987113e-05
  51.2100000   -8.2937988965e-05    3.3842489709e-05   -2.4069188626e-04    6.4337599614e-04    9.3012471887e-05   -9.5992267800e-05    1.2488764687e-04   -3.3287128401e-05
  51.2600000   -7.3495347856e-05    3.1162444297e-05   -2.4187922072e-04    6.3543582329e-04    9.0547684490e-05   -9.1479918353e-05    1.2672403835e-04   -3.5320034768e-05
  51.3100000   -6.7303594588e-05    2.6786692090e-05   -2.4298148905e-04    6.2574008250e-04    8.8093271060e-05   -8.7272907487e-05    1.2815626866e-04   -3.7475066071e-05
  51.3600000   -6.5988156808e-05    2.1271697787e-05   -2.4373266389e-04    6.1735607717e-04    8.5708380334e-05   -8.3312346224e-05    1.2915536429e-04   -3.9726472141e-05
  51.4100000   -6.9770511799e-05    1.5345514425e-05   -2.4396785873e-04    6.1298181575e-04    8.3443669449e-05   -7.9495708986e-05    1.2973056651e-04   -4.2036081377e-05
  51.4600000   -7.7375513392e-05    9.7650234399e-06   -2.4369274940e-04    6.1389595546e-04    8.1334239500e-05   -7.5691571740e-05    1.2992982397e-04   -4.4357921597e-05
  51.5100000   -8.6390939703e-05    5.1854457371e-06   -2.4310346962e-04    6.1942784707e-04    7.9394366255e-05   -7.1758797433e-05    1.2983712301e-04   -4.6644194575e-05
  51.5600000   -9.3982339915e-05    2.0325341963e-06   -2.4254412255e-04    6.2717107508e-04    7.7614735570e-05   -6.7567338159e-05    1.2956648816e-04   -4.8851794016e-05
  51.6100000   -9.7754779294e-05    3.8673935793e-07   -2.4240788438e-04    6.3386629861e-04    7.5962613291e-05   -6.3017530720e-05    1.2925273112e-04   -5.0948441632e-05
  51.6600000   -9.6499676258e-05   -8.1695732678e-08   -2.4300834389e-04    6.3660975989e-04    7.4385046219e-05   -5.8054953535e-05    1.2903936784e-04   -5.2917539764e-05
  51.7100000   -9.0589096898e-05   -7.4343817488e-08   -2.4446270513e-04    6.3391575455e-04    7.2814836078e-05   -5.2678566389e-05    1.2906452712e-04   -5.4761000571e-05
  51.7600000   -8.1879768062e-05   -4.9271281094e-07   -2.4663042011e-04    6.2622673001e-04    7.1178686916e-05   -4.6940873672e-05    1.2944607890e-04   -5.6499588646e-05
  51.8100000   -7.3139382533e-05   -2.1580766466e-06   -2.4913614930e-04    6.1569254398e-04    6.9406633153e-05   -4.0940077792e-05    1.3026753990e-04   -5.8170665159e-05
  51.8600000   -6.7164288308e-05   -5.5111623736e-06   -2.5147762299e-04    6.0533203803e-04    6.7441644971e-05   -3.4805427124e-05    1.3156648803e-04   -5.9823593813e-05
  51.9100000   -6.5868764852e-05   -1.0413941681e-05   -2.5318657139e-04    5.9792357106e-04    6.5248209009e-05   -2.8678013613e-05    1.3332717058e-04   -6.1513406450e-05
  51.9600000   -6.9649616681e-05   -1.6154551526e-05   -2.5398739878e-04    5.9505453880e-04    6.2818718073e-05   -2.2689969707e-05    1.3547868820e-04   -6.3293578781e-05
  52.0100000   -7.7249530455e-05   -2.1680240731e-05   -2.5389462866e-04    5.9666868505e-04    6.0176683132e-05   -1.6945241247e-05    1.3789958191e-04   -6.5208898279e-05
  52.0600000   -8.6178329250e-05   -2.5982978493e-05   -2.5320988384e-04    6.0123343355e-04    5.7376099805e-05   -1.1504838335e-05    1.4042889514e-04   -6.7289398826e-05
  52.1100000   -9.3556228189e-05   -2.8485724365e-05   -2.5241596463e-04    6.0640459646e-04    5.4496736230e-05   -6.3787376662e-06    1.4288291670e-04   -6.9546193792e-05
  52.1600000   -9.7087842624e-05   -2.9265135852e-05   -2.5200520983e-04    6.0989297196e-04    5.1635618275e-05   -1.5255500753e-06    1.4507595801e-04   -7.1969783056e-05
  52.2100000   -9.5821489942e-05   -2.9010291101e-05   -2.5230545555e-04    6.1019782351e-04    4.8895513805e-05    3.1401501385e-06    1.4684280907e-04   -7.4531078243e-05
  52.2600000   -9.0421966828e-05   -2.8731044911e-05   -2.5336834239e-04    6.0696648100e-04    4.6371691073e-05    7.7341136209e-06    1.4806007871e-04   -7.7185030241e-05
  52.3100000   -8.2864139431e-05   -2.9341662822e-05   -2.5496051898e-04    6.0091315516e-04    4.4138576862e-05    1.2384550625e-05    1.4866354611e-04   -7.9876402698e-05
  52.3600000   -7.5673006455e-05   -3.1301830939e-05   -2.5665836107e-04    5.9340356662e-04    4.2238103615e-05    1.7212916096e-05    1.4865897685e-04   -8.2546957751e-05
  52.4100000   -7.1007561025e-05   -3.4470015749e-05   -2.5800760397e-04    5.8591597129e-04    4.0671467472e-05    2.2316270903e-05    1.4812457059e-04   -8.5143139114e-05
  52.4600000   -6.9940392987e-05   -3.8225519037e-05   -2.5868649134e-04    5.7959280071e-04    3.9395704397e-05    2.7753807456e-05    1.4720423303e-04   -8.7623272263e-05
  52.5100000   -7.2198459871e-05   -4.1792177970e-05   -2.5861295526e-04    5.7501579187e-04    3.8325947944e-05    3.3539400630e-05    1.4609207082e-04   -8.9963356651e-05
  52.5600000   -7.6437390217e-05   -4.4606944918e-05   -2.5796066718e-04    5.7221975501e-04    3.7343515339e-05    3.9641058409e-05    1.4500973016e-04   -9.2160691558e-05
  52.6100000   -8.0902609776e-05   -4.6562055862e-05   -2.5708439264e-04    5.7086233913e-04    3.6309165218e-05    4.5987067000e-05    1.4417926151e-04   -9.4234834003e-05
  52.6600000   -8.4178258276e-05   -4.8014872079e-05   -2.5638737652e-04    5.7042788579e-04    3.5080090943e-05    5.2477627614e-05    1.4379493106e-04   -9.6225704650e-05
  52.7100000   -8.5703778017e-05   -4.9571397483e-05   -2.5618083448e-04    5.7036915326e-04    3.3528574891e-05    5.9000018641e-05    1.4399769370e-04   -9.8189000407e-05
  52.7600000   -8.5855536405e-05   -5.1754032384e-05   -2.5658360408e-04    5.7015715877e-04    3.1559838487e-05    6.5444895360e-05    1.4485582915e-04   -1.0018940385e-04
  52.8100000   -8.5593141833e-05   -5.4713523548e-05   -2.5749201552e-04    5.6927666569e-04    2.9126558706e-05    7.1721305007e-05    1.4635453320e-04   -1.0229236335e-04
  52.8600000   -8.5866006414e-05   -5.8119741008e-05   -2.5862455894e-04    5.6723742930e-04    2.6237819899e-05    7.7768328792e-05    1.4839613054e-04   -1.0455542174e-04
  52.9100000   -8.7077512275e-05   -6.1281630907e-05   -2.5962227760e-04    5.6365439630e-04    2.2960913024e-05    8.3561887591e-05    1.5081118198e-04   -1.0702016936e-04
  52.9600000   -8.8867257432e-05   -6.3444380136e-05   -2.6017067356e-04    5.5839509630e-04    1.9415311419e-05    8.9116046400e-05    1.5337928138e-04   -1.0970587321e-04
  53.0100000   -9.0314889843e-05   -6.4136681020e-05   -2.6010488720e-04    5.5173055327e-04    1.5759224990e-05    9.4478988961e-05    1.5585698545e-04   -1.1260568177e-04
  53.0600000   -9.0465083808e-05   -6.3422182292e-05   -2.5946621756e-04    5.4439262052e-04    1.2170212804e-05    9.9724578182e-05    1.5800928457e-04   -1.1568603257e-04
  53.1100000   -8.8916272310e-05   -6.1949521617e-05   -2.5849208514e-04    5.3745847910e-04    8.8222574030e-06    1.0494096733e-04    1.5964045811e-04   -1.1888951971e-04
  53.1600000   -8.6177998512e-05   -6.0773935602e-05   -2.5754006821e-04    5.3205074710e-04    5.8623259623e-06    1.1021801904e-04    1.6062015525e-04   -1.2214104784e-04
  53.2100000   -8.3601011205e-05   -6.1008102281e-05   -2.5696602385e-04    5.2893258584e-04    3.3896558956e-06    1.1563530734e-04    1.6090111199e-04   -1.2535665704e-04
  53.2600000   -8.2876530667e-05   -6.3420977714e-05   -2.5699215607e-04    5.2814963986e-04    1.4407534683e-06    1.2125224950e-04    1.6052599234e-04   -1.2845400657e-04
  53.3100000   -8.5300936954e-05   -6.8123350460e-05   -2.5760825245e-04    5.2888562650e-04   -1.7599289891e-08    1.2710149804e-04    1.5962228561e-04   -1.3136321055e-04
  53.3600000   -9.1120630441e-05   -7.4454380677e-05   -2.5854397019e-04    5.2963812969e-04   -1.0860877152e-06    1.3318619917e-04    1.5838580694e-04   -1.3403657921e-04
  53.4100000   -9.9255750337e-05   -8.1123012663e-05   -2.5933083433e-04    5.2870029716e-04   -1.9213860238e-06    1.3948117400e-04    1.5705491390e-04   -1.3645586735e-04
  53.4600000   -1.0755546802e-04   -8.6578194937e-05   -2.5944334635e-04    5.2479782307e-04   -2.7167918180e-06    1.4593757972e-04    1.5587884915e-04   -1.3863588044e-04
  53.5100000   -1.1352146239e-04   -8.9503589762e-05   -2.5847828910e-04    5.1763837689e-04   -3.6774576914e-06    1.5249021645e-04    1.5508446270e-04   -1.4062372131e-04
  53.5600000   -1.1523877931e-04   -8.9279416883e-05   -2.5631162566e-04    5.0813137968e-04   -4.9935226066e-06    1.5906639664e-04    1.5484583307e-04   -1.4249352904e-04
  53.6100000   -1.1215554660e-04   -8.6247290654e-05   -2.5317306920e-04    4.9814374740e-04   -6.8148052070e-06    1.6559520046e-04    1.5526094944e-04   -1.4433719559e-04
  53.6600000   -1.0539570622e-04   -8.1664185541e-05   -2.4960244448e-04    4.8983920314e-04   -9.2305590589e-06    1.7201599314e-04    1.5633867746e-04   -1.4625215533e-04
  53.7100000   -9.7457429152e-05   -7.7331399370e-05   -2.4629298055e-04    4.8483358546e-04   -1.2257122186e-05    1.7828525585e-04    1.5799783307e-04   -1.4832783304e-04
  53.7600000   -9.1380932493e-05   -7.5004198085e-05   -2.4387017483e-04    4.8350356028e-04   -1.5835211901e-05    1.8438104435e-04    1.6007852377e-04   -1.5063262375e-04
  53.8100000   -8.9675506894e-05   -7.5782795241e-05   -2.4268344978e-04    4.8475422885e-04   -1.9837276038e-05    1.9030470243e-04    1.6236421275e-04   -1.5320330469e-04
  53.8600000   -9.3398108294e-05   -7.9711999630e-05   -2.4268839251e-04    4.8638100985e-04   -2.4083908776e-05    1.9607978108e-04    1.6461146067e-04   -1.5603852137e-04
  53.9100000   -1.0173362710e-04   -8.5753936328e-05   -2.4346726243e-04    4.8591501353e-04   -2.8367078165e-05    2.0174841578e-04    1.6658321547e-04   -1.5909746979e-04
  53.9600000   -1.1225125789e-04   -9.2161153482e-05   -2.4438455740e-04    4.8162291114e-04   -3.2476977397e-05    2.0736566776e-04    1.6808101056e-04   -1.6230417860e-04
  54.0100000   -1.2176349819e-04   -9.7117609052e-05   -2.4482200712e-04    4.7324350555e-04   -3.6228837151e-05    2.1299252075e-04    1.6897157639e-04   -1.6555697859e-04
  54.0600000   -1.2748427162e-04   -9.9400301994e-05   -2.4440457618e-04    4.6213453362e-04   -3.9486086450e-05    2.1868833428e-04    1.6920415324e-04   -1.6874195638e-04
  54.1100000   -1.2805820941e-04   -9.8798806595e-05   -2.4313017853e-04    4.5074574341e-04   -4.2176809798e-05    2.2450358342e-04    1.6881611051e-04   -1.7174854772e-04
  54.1600000   -1.2406674072e-04   -9.6126711859e-05   -2.4135182553e-04    4.4162632606e-04   -4.4301429122e-05    2.3047366732e-04    1.6792614369e-04   -1.7448504225e-04
  54.2100000   -1.1780396670e-04   -9.2830337059e-05   -2.3961850165e-04    4.3638487500e-04   -4.5930788522e-05    2.3661445129e-04    1.6671609735e-04   -1.7689171624e-04
  54.2600000   -1.1239182609e-04   -9.0371706670e-05   -2.3843745461e-04    4.3504791938e-04   -4.7195151508e-05    2.4292003031e-04    1.6540409449e-04   -1.7894960427e-04
  54.3100000   -1.1056595938e-04   -8.9656908270e-05   -2.3805284544e-04    4.3608980341e-04   -4.8265839970e-05    2.4936297726e-04    1.6421289985e-04   -1.8068353001e-04
  54.3600000   -1.1360561269e-04   -9.0753332309e-05   -2.3833021158e-04    4.3710802690e-04   -4.9332180268e-05    2.5589708442e-04    1.6333812248e-04   -1.8215885366e-04
  54.4100000   -1.2083855778e-04   -9.3001391086e-05   -2.3879458200e-04    4.3583187560e-04   -5.0576952066e-05    2.6246233811e-04    1.6292086768e-04   -1.8347233335e-04
  54.4600000   -1.2993237597e-04   -9.5441769428e-05   -2.3880883510e-04    4.3101286400e-04   -5.2153601451e-05    2.6899161014e-04    1.6302877521e-04   -1.8473839290e-04
  54.5100000   -1.3786776214e-04   -9.7334734943e-05   -2.3782272478e-04    4.2281838585e-04   -5.4168095163e-05    2.7541832977e-04    1.6364812631e-04   -1.8607279704e-04
  54.5600000   -1.4220439430e-04   -9.8512019094e-05   -2.3559468122e-04    4.1259709496e-04   -5.6667535304e-05    2.8168424825e-04    1.6468804986e-04   -1.8757614187e-04
  54.6100000   -1.4211673440e-04   -9.9391481705e-05   -2.3229939953e-04    4.0218238369e-04   -5.9636652676e-05    2.8774634889e-04    1.6599605445e-04   -1.8931960554e-04
  54.6600000   -1.3875924410e-04   -1.0065719657e-04   -2.2847965261e-04    3.9310134220e-04   -6.3002207584e-05    2.9358201140e-04    1.6738242743e-04   -1.9133506261e-04
  54.7100000   -1.3479189619e-04   -1.0277926297e-04   -2.2486197577e-04    3.8606434174e-04   -6.6644307391e-05    2.9919171529e-04    1.6864973086e-04   -1.9361099788e-04
  54.7600000   -1.3324856886e-04   -1.0563431094e-04   -2.2210804765e-04    3.8092933261e-04   -7.0412835966e-05    3.0459885389e-04    1.6962288465e-04   -1.9609476696e-04
  54.8100000   -1.3621482838e-04   -1.0844490373e-04   -2.2059617799e-04    3.7706785425e-04   -7.4146675920e-05    3.0984659827e-04    1.7017527530e-04   -1.9870078337e-04
  54.8600000   -1.4387381426e-04   -1.1010122280e-04   -2.2031236074e-04    3.7385299295e-04   -7.7693232682e-05    3.1499215137e-04    1.7024697081e-04   -2.0132331908e-04
  54.9100000   -1.5433509699e-04   -1.0973365284e-04   -2.2088532659e-04    3.7095423074e-04   -8.0925929698e-05    3.2009910873e-04    1.6985236229e-04   -2.0385192821e-04
  54.9600000   -1.6433854991e-04   -1.0726388588e-04   -2.2174407975e-04    3.6827535071e-04   -8.3757778948e-05    3.2522893282e-04    1.6907619801e-04   -2.0618714726e-04
  55.0100000   -1.7055900250e-04   -1.0364629690e-04   -2.2233194872e-04    3.6561892748e-04   -8.6149752034e-05    3.3043270166e-04    1.6805877317e-04   -2.0825413999e-04
  55.0600000   -1.7098312869e-04   -1.0063520851e-04   -2.2229464284e-04    3.6235745669e-04   -8.8113380474e-05    3.3574427850e-04    1.6697270929e-04   -2.1001233167e-04
  55.1100000   -1.6579534718e-04   -1.0012651576e-04   -2.2157545436e-04    3.5741507560e-04   -8.9707700364e-05    3.4117586149e-04    1.6599504122e-04   -2.1145974726e-04
  55.1600000   -1.5740774211e-04   -1.0332924744e-04   -2.2039002890e-04    3.4968914954e-04   -9.1031244625e-05    3.4671653719e-04    1.6527902874e-04   -2.1263161492e-04
  55.2100000   -1.4961461881e-04   -1.1012741639e-04   -2.1909928325e-04    3.3875744381e-04   -9.2210223100e-05    3.5233402725e-04    1.6493011618e-04   -2.1359368180e-04
  55.2600000   -1.4619994612e-04   -1.1894057919e-04   -2.1803453384e-04    3.2548525126e-04   -9.3384295027e-05    3.5797935358e-04    1.6498977729e-04   -2.1443146804e-04
  55.3100000   -1.4953435582e-04   -1.2719689124e-04   -2.1734216472e-04    3.1211331398e-04   -9.4691436471e-05    3.6359372548e-04    1.6542971561e-04   -2.1523723967e-04
  55.3600000   -1.5968966970e-04   -1.3227363451e-04   -2.1690408347e-04    3.0161817996e-04   -9.6253363134e-05    3.6911663920e-04    1.6615724296e-04   -2.1609673098e-04
  55.4100000   -1.7438741382e-04   -1.3254757022e-04   -2.1636127038e-04    2.9650492139e-04   -9.8162822461e-05    3.7449402348e-04    1.6703089128e-04   -2.1707756779e-04
  55.4600000   -1.8977789742e-04   -1.2812580904e-04   -2.1523216634e-04    2.9753424210e-04   -1.0047385270e-04    3.7968528467e-04    1.6788370523e-04   -2.1822096502e-04
  55.5100000   -2.0174758246e-04   -1.2093450154e-04   -2.1308685312e-04    3.0301296772e-04   -1.0319584671e-04    3.8466829314e-04    1.6855046624e-04   -2.1953767273e-04
  55.5600000   -2.0728389101e-04   -1.1408974473e-04   -2.0972014936e-04    3.0909510509e-04   -1.0629196867e-04    3.8944167503e-04    1.6889450014e-04   -2.2100843515e-04
  55.6100000   -2.0543676953e-04   -1.1076423868e-04   -2.0526566268e-04    3.1110857852e-04   -1.0968215627e-04    3.9402417455e-04    1.6882980981e-04   -2.2258852989e-04
  55.6600000   -1.9758218685e-04   -1.1297578181e-04   -2.0020825851e-04    3.0543219673e-04   -1.1325059694e-04    3.9845127008e-04    1.6833503379e-04   -2.2421538124e-04
  55.7100000   -1.8693946733e-04   -1.2077045842e-04   -1.9528085840e-04    2.9113512823e-04   -1.1685719529e-04    4.0276959920e-04    1.6745703668e-04   -2.2581787622e-04
  55.7600000   -1.7753135069e-04   -1.3213183304e-04   -1.9126668585e-04    2.7062322839e-04   -1.2035216112e-04    4.0703002534e-04    1.6630357905e-04   -2.2732589749e-04
  55.8100000   -1.7293133592e-04   -1.4367154220e-04   -1.8876116445e-04    2.4892267507e-04   -1.2359246836e-04    4.1128032878e-04    1.6502623290e-04   -2.2867871831e-04
  55.8600000   -1.7518356111e-04   -1.5185474594e-04   -1.8796818338e-04    2.3181277684e-04   -1.2645860943e-04    4.1555851762e-04    1.6379623374e-04   -2.2983123645e-04
  55.9100000   -1.8421069568e-04   -1.5430481021e-04   -1.8860399925e-04    2.2353858064e-04   -1.2886985034e-04    4.1988763757e-04    1.6277705644e-04   -2.3075747829e-04
  55.9600000   -1.9787543425e-04   -1.5069703870e-04   -1.8995445403e-04    2.2505144481e-04   -1.3079613816e-04    4.2427273833e-04    1.6209800100e-04   -2.3145129076e-04
  56.0100000   -2.1267308156e-04   -1.4290399170e-04   -1.9108224310e-04    2.3353440340e-04   -1.3226497199e-04    4.2870036098e-04    1.6183290614e-04   -2.3192456929e-04
  56.0600000   -2.2485069601e-04   -1.3433499064e-04   -1.9112538440e-04    2.4344384643e-04   -1.3336194713e-04    4.3314058423e-04    1.6198730520e-04   -2.3220367599e-04
  56.1100000   -2.3161534787e-04   -1.2871208527e-04   -1.8958678003e-04    2.4866485996e-04   -1.3422430983e-04    4.3755134430e-04    1.6249603149e-04   -2.3232484729e-04
  56.1600000   -2.3204870457e-04   -1.2873115064e-04   -1.8650711897e-04    2.4490887533e-04   -1.3502766841e-04    4.4188445680e-04    1.6323167564e-04   -2.3232937167e-04
  56.2100000   -2.2741262136e-04   -1.3509476125e-04   -1.8244778263e-04    2.3138048022e-04   -1.3596690508e-04    4.4609255108e-04    1.6402264475e-04   -2.3225916582e-04
  56.2600000   -2.2070891452e-04   -1.4626268362e-04   -1.7827845618e-04    2.1104604141e-04   -1.3723320385e-04    4.5013599938e-04    1.6467812403e-04   -2.3215314602e-04
  56.3100000   -2.1560555133e-04   -1.5900215247e-04   -1.7484141908e-04    1.8941538289e-04   -1.3898981820e-04    4.5398890476e-04    1.6501621356e-04   -2.3204454195e-04
  56.3600000   -2.1508301557e-04   -1.6953257885e-04   -1.7261927871e-04    1.7235142019e-04   -1.4134962207e-04    4.5764330922e-04    1.6489105358e-04   -2.3195909290e-04
  56.4100000   -2.2029402232e-04   -1.7485224755e-04   -1.7153963460e-04    1.6380019950e-04   -1.4435752193e-04    4.6111099465e-04    1.6421492185e-04   -2.3191394172e-04
  56.4600000   -2.3009353108e-04   -1.7377943384e-04   -1.7100168421e-04    1.6433729227e-04   -1.4798040946e-04    4.6442255504e-04    1.6297205077e-04   -2.3191701634e-04
  56.5100000   -2.4147062762e-04   -1.6735168929e-04   -1.7012254589e-04    1.7106911032e-04   -1.5210651897e-04    4.6762378686e-04    1.6122214594e-04   -2.3196675146e-04
  56.5600000   -2.5076576723e-04   -1.5845953625e-04   -1.6810978898e-04    1.7887050888e-04   -1.5655490512e-04    4.7076982667e-04    1.5909310232e-04   -2.3205212153e-04
  56.6100000   -2.5521818991e-04   -1.5085815353e-04   -1.6461013814e-04    1.8241753038e-04   -1.6109441657e-04    4.7391780830e-04    1.5676398186e-04   -2.3215308155e-04
  56.6600000   -2.5420768813e-04   -1.4790797189e-04   -1.5988845190e-04    1.7819355118e-04   -1.6547019426e-04    4.7711905865e-04    1.5444070801e-04   -2.3224159925e-04
  56.7100000   -2.4963131202e-04   -1.5147306557e-04   -1.5475668589e-04    1.6570541271e-04   -1.6943456846e-04    4.8041195805e-04    1.5232795116e-04   -2.3228347157e-04
  56.7600000   -2.4518510688e-04   -1.6133451936e-04   -1.5027394853e-04    1.4749802131e-04   -1.7277844916e-04    4.8381653078e-04    1.5060118497e-04   -2.3224103689e-04
  56.8100000   -2.4478435596e-04   -1.7528798440e-04   -1.4733407367e-04    1.2804228254e-04   -1.7535903759e-04    4.8733160396e-04    1.4938282691e-04   -2.3207672982e-04
  56.8600000   -2.5075915492e-04   -1.8986239909e-04   -1.4630610691e-04    1.1199197912e-04   -1.7712000000e-04    4.9093500741e-04    1.4872575827e-04   -2.3175721277e-04
  56.9100000   -2.6261797252e-04   -2.0140241999e-04   -1.4687446862e-04    1.0250265701e-04   -1.7810111946e-04    4.9458683517e-04    1.4860644948e-04   -2.3125760877e-04
  56.9600000   -2.7698633207e-04   -2.0716227007e-04   -1.4814635738e-04    1.0022355134e-04   -1.7843577566e-04    4.9823532302e-04    1.4892855588e-04   -2.3056520854e-04
  57.0100000   -2.8885337180e-04   -2.0608455985e-04   -1.4898660241e-04    1.0326987169e-04   -1.7833621823e-04    5.0182448832e-04    1.4953639350e-04   -2.2968198094e-04
  57.0600000   -2.9368417125e-04   -1.9906136472e-04   -1.4844867657e-04    1.0809484049e-04   -1.7806827213e-04    5.0530239834e-04    1.5023635702e-04   -2.2862530717e-04
  57.1100000   -2.8953031705e-04   -1.8864364418e-04   -1.4613206627e-04    1.1086348500e-04   -1.7791860168e-04    5.0862882495e-04    1.5082328608e-04   -2.2742658594e-04
  57.1600000   -2.7819794591e-04   -1.7831984934e-04   -1.4232571128e-04    1.0879330049e-04   -1.7815874479e-04    5.1178112739e-04    1.5110815794e-04   -2.2612768771e-04
  57.2100000   -2.6487135214e-04   -1.7158237661e-04   -1.3788215192e-04    1.0099890037e-04   -1.7901064394e-04    5.1475746630e-04    1.5094335973e-04   -2.2477561622e-04
  57.2600000   -2.5622109747e-04   -1.7102667287e-04   -1.3387293498e-04    8.8605371155e-05   -1.8061826342e-04    5.1757685030e-04    1.5024217578e-04   -2.2341608930e-04
  57.3100000   -2.5769018721e-04   -1.7769345227e-04   -1.3116088572e-04    7.4175195905e-05   -1.8302910305e-04    5.2027598839e-04    1.4898995187e-04   -2.2208700780e-04
  57.3600000   -2.7106065884e-04   -1.9079386295e-04   -1.3005639027e-04    6.0719835315e-05   -1.8618810272e-04    5.2290339575e-04    1.4724554612e-04   -2.2081287898e-04
  57.4100000   -2.9336159019e-04   -2.0787305613e-04   -1.3019161458e-04    5.0669499191e-05   -1.8994476423e-04    5.2551160698e-04    1.4513298697e-04   -2.1960116880e-04
  57.4600000   -3.1767970944e-04   -2.2538202915e-04   -1.3066227228e-04    4.5138791195e-05   -1.9407253244e-04    5.2814863358e-04    1.4282455281e-04   -2.1844127858e-04
  57.5100000   -3.3566554613e-04   -2.3954543280e-04   -1.3038370353e-04    4.3686845159e-05   -1.9829782960e-04    5.3084992350e-04    1.4051759803e-04   -2.1730641764e-04
  57.5600000   -3.4080571243e-04   -2.4733968168e-04   -1.2852546576e-04    4.4590380611e-05   -2.0233485643e-04    5.3363202716e-04    1.3840823315e-04   -2.1615814629e-04
  57.6100000   -3.3116322197e-04   -2.4734544062e-04   -1.2485713086e-04    4.5489313314e-05   -2.0592153797e-04    5.3648895502e-04    1.3666533045e-04   -2.1495288280e-04
  57.6600000   -3.1044199728e-04   -2.4023420862e-04   -1.1986933559e-04    4.4170468766e-05   -2.0885189725e-04    5.3939185509e-04    1.3540823270e-04   -2.1364929603e-04
  57.7100000   -2.8686371521e-04   -2.2871116239e-04   -1.1461722697e-04    3.9241672530e-05   -2.1100069006e-04    5.4229218867e-04    1.3469101452e-04   -2.1221531490e-04
  57.7600000   -2.7020903108e-04   -2.1686871540e-04   -1.1033824318e-04    3.0507191460e-05   -2.1233724100e-04    5.4512809454e-04    1.3449526307e-04   -2.1063352166e-04
  57.8100000   -2.6812323594e-04   -2.0908102679e-04   -1.0798415834e-04    1.8960283009e-05   -2.1292691911e-04    5.4783316486e-04    1.3473222587e-04   -2.0890395650e-04
  57.8600000   -2.8311164780e-04   -2.0873471965e-04   -1.0784500512e-04    6.4257978078e-06   -2.1292036553e-04    5.5034647240e-04    1.3525397000e-04   -2.0704380694e-04
  57.9100000   -3.1141350202e-04   -2.1718074194e-04   -1.0941367736e-04   -5.0175707586e-06   -2.1253220072e-04    5.5262244431e-04    1.3587205937e-04   -2.0508400739e-04
  57.9600000   -3.4423179647e-04   -2.3325910810e-04   -1.1155265926e-04   -1.3654510231e-05   -2.1201227557e-04    5.5463911499e-04    1.3638132887e-04   -2.0306333330e-04
  58.0100000   -3.7088888347e-04   -2.5358658330e-04   -1.1290912345e-04   -1.8613719926e-05   -2.1161341600e-04    5.5640343394e-04    1.3658572547e-04   -2.0102103658e-04
  58.0600000   -3.8273100780e-04   -2.7355270111e-04   -1.1242496352e-04   -2.0090347735e-05   -2.1155993963e-04    5.5795264973e-04    1.3632296486e-04   -1.9898934770e-04
  58.1100000   -3.7631242686e-04   -2.8872551851e-04   -1.0974435319e-04   -1.9271083401e-05   -2.1202097244e-04    5.5935130423e-04    1.3548493513e-04   -1.9698721060e-04
  58.1600000   -3.5466371120e-04   -2.9621596700e-04   -1.0535394152e-04   -1.8004282844e-05   -2.1309181799e-04    5.6068398803e-04    1.3403133427e-04   -1.9501640815e-04
  58.2100000   -3.2617896488e-04   -2.9554994629e-04   -1.0039124016e-04   -1.8313613001e-05   -2.1478545789e-04    5.6204464238e-04    1.3199488027e-04   -1.9306081440e-04
  58.2600000   -3.0155646356e-04   -2.8875646452e-04   -9.6188287509e-05   -2.1874303212e-05   -2.1703486271e-04    5.6352374725e-04    1.2947747106e-04   -1.9108894931e-04
  58.3100000   -2.8994894905e-04   -2.7964467047e-04   -9.3728099705e-05   -2.9562787294e-05   -2.1970536292e-04    5.6519511934e-04    1.2663777016e-04   -1.8905941452e-04
  58.3600000   -2.9575142989e-04   -2.7251905572e-04   -9.3233847932e-05   -4.1169362323e-05   -2.2261505960e-04    5.6710418825e-04    1.2367172309e-04   -1.8692826252e-04
  58.4100000   -3.1718299560e-04   -2.7077201339e-04   -9.4063821626e-05   -5.5341970555e-05   -2.2556030436e-04    5.6925949155e-04    1.2078835064e-04   -1.8465699264e-04
  58.4600000   -3.4712255389e-04   -2.7582946271e-04   -9.4964293114e-05   -6.9806218548e-05   -2.2834275541e-04    5.7162873916e-04    1.1818372727e-04   -1.8221974105e-04
  58.5100000   -3.7581324333e-04   -2.8679689094e-04   -9.4585062101e-05   -8.1868267250e-05   -2.3079447031e-04    5.7414019812e-04    1.1601627616e-04   -1.7960836128e-04
  58.5600000   -3.9438060475e-04   -3.0090666418e-04   -9.2050072148e-05   -8.9139311757e-05   -2.3279790727e-04    5.7668942594e-04    1.1438637681e-04   -1.7683445406e-04
  58.6100000   -3.9786044665e-04   -3.1458982729e-04   -8.7347024229e-05   -9.0327162536e-05   -2.3429850179e-04    5.7915064140e-04    1.1332280437e-04   -1.7392793466e-04
  58.6600000   -3.8667848725e-04   -3.2478297626e-04   -8.1369995779e-05   -8.5854532979e-05   -2.3530854266e-04    5.8139137315e-04    1.1277775466e-04   -1.7093232987e-04
  58.7100000   -3.6614813659e-04   -3.3000546768e-04   -7.5590330320e-05   -7.8038137835e-05   -2.3590224313e-04    5.8328856167e-04    1.1263123661e-04   -1.6789756656e-04
  58.7600000   -3.4429992797e-04   -3.3082899433e-04   -7.1484844226e-05   -7.0644288131e-05   -2.3620303528e-04    5.8474407031e-04    1.1270453572e-04   -1.6487145219e-04
  58.8100000   -3.2893806502e-04   -3.2958002691e-04   -6.9951704303e-05   -6.7831805048e-05   -2.3636506572e-04    5.8569761258e-04    1.1278138196e-04   -1.6189127864e-04
  58.8600000   -3.2502864572e-04   -3.2939057322e-04   -7.0950064578e-05   -7.2747666762e-05   -2.3655152782e-04    5.8613541044e-04    1.1263450583e-04   -1.5897696733e-04
  58.9100000   -3.3330900116e-04   -3.3294874037e-04   -7.3507454729e-05   -8.6250162775e-05   -2.3691275793e-04    5.8609341561e-04    1.1205454389e-04   -1.5612692101e-04
  58.9600000   -3.5048334715e-04   -3.4141380352e-04   -7.6088533926e-05   -1.0628573472e-04   -2.3756693135e-04    5.8565458186e-04    1.1087784778e-04   -1.5331730256e-04
  59.0100000   -3.7076173179e-04   -3.5390751889e-04   -7.7173959498e-05   -1.2827643900e-04   -2.3858574279e-04    5.8494038796e-04    1.0900971887e-04   -1.5050490067e-04
  59.0600000   -3.8804549056e-04   -3.6778833320e-04   -7.5818723885e-05   -1.4651651221e-04   -2.3998671955e-04    5.8409749618e-04    1.0643996306e-04   -1.4763316249e-04
  59.1100000   -3.9791927631e-04   -3.7962742935e-04   -7.1975744373e-05   -1.5615764455e-04   -2.4173289481e-04    5.8328101500e-04    1.0324842149e-04   -1.4464046862e-04
  59.1600000   -3.9879604861e-04   -3.8653820383e-04   -6.6471677032e-05   -1.5506300970e-04   -2.4373958940e-04    5.8263625697e-04    9.9599225817e-05   -1.4146937728e-04
  59.2100000   -3.9196402728e-04   -3.8736426723e-04   -6.0662224331e-05   -1.4478109976e-04   -2.4588713806e-04    5.8228110004e-04    9.5723851756e-05   -1.3807542272e-04
  59.2600000   -3.8071778365e-04   -3.8326546876e-04   -5.5914850174e-05   -1.3017824765e-04   -2.4803766740e-04    5.8229104963e-04    9.1894459279e-05   -1.3443413521e-04
  59.3100000   -3.6904543509e-04   -3.7745122166e-04   -5.3121488786e-05   -1.1778012407e-04   -2.5005357492e-04    5.8268885220e-04    8.8390349768e-05   -1.3054523551e-04
  59.3600000   -3.6039937212e-04   -3.7412284172e-04   -5.2416797808e-05   -1.1340378637e-04   -2.5181522412e-04    5.8344004702e-04    8.5461460116e-05   -1.2643339463e-04
  59.4100000   -3.5691935745e-04   -3.7698659283e-04   -5.3187081604e-05   -1.1998357739e-04   -2.5323556886e-04    5.8445519775e-04    8.3293488527e-05   -1.2214546763e-04
  59.4400000   -3.5762300333e-04   -3.8254525529e-04   -5.3911419045e-05   -1.2891251891e-04   -2.5390343636e-04    5.8513612019e-04    8.2401095625e-05   -1.1951402283e-04
  59.4500000   -3.5831030195e-04   -3.8505249001e-04   -5.4138362915e-05   -1.3255215433e-04   -2.5409451781e-04    5.8536749266e-04    8.2173069238e-05   -1.1863044638e-04
  59.4600000   -3.5921224219e-04   -3.8787206315e-04   -5.4342359479e-05   -1.3645460509e-04   -2.5426991417e-04    5.8559878146e-04    8.1979375499e-05   -1.1774462581e-04
  59.4700000   -3.6031926351e-04   -3.9098839654e-04   -5.4514621383e-05   -1.4057239723e-04   -2.5442978709e-04    5.8582857264e-04    8.1819500488e-05   -1.1685714709e-04
  59.4800000   -3.6162032326e-04   -3.9438168142e-04   -5.4646958510e-05   -1.4485496790e-04   -2.5457436977e-04    5.8605543192e-04    8.1692742463e-05   -1.1596859456e-04
  59.4900000   -3.6310303537e-04   -3.9802811931e-04   -5.4731891069e-05   -1.4924946429e-04   -2.5470396508e-04    5.8627791138e-04    8.1598213411e-05   -1.1507954790e-04
  59.5000000   -3.6475380459e-04   -4.0190022131e-04   -5.4762750871e-05   -1.5370157768e-04   -2.5481894323e-04    5.8649455634e-04    8.1534841588e-05   -1.1419057915e-04
  59.5100000   -3.6655795510e-04   -4.0596716163e-04   -5.4733769584e-05   -1.5815639883e-04   -2.5491973916e-04    5.8670391227e-04    8.1501375062e-05   -1.1330224973e-04
  59.5200000   -3.6849985253e-04   -4.1019518036e-04   -5.4640152959e-05   -1.6255928073e-04   -2.5500684961e-04    5.8690453173e-04    8.1496386302e-05   -1.1241510759e-04
  59.5300000   -3.7056301928e-04   -4.1454802983e-04   -5.4478140243e-05   -1.6685669458e-04   -2.5508082985e-04    5.8709498137e-04    8.1518277729e-05   -1.1152968432e-04
  59.5400000   -3.7273024295e-04   -4.1898745810e-04   -5.4245048278e-05   -1.7099706507e-04   -2.5514229019e-04    5.8727384888e-04    8.1565288233e-05   -1.1064649253e-04
  59.5500000   -3.7498367851e-04   -4.2347372263e-04   -5.3939299848e-05   -1.7493157119e-04   -2.5519189216e-04    5.8743974988e-04    8.1635500705e-05   -1.0976602316e-04
  59.5600000   -3.7730494501e-04   -4.2796612699e-04   -5.3560436273e-05   -1.7861489973e-04   -2.5523034453e-04    5.8759133472e-04    8.1726850428e-05   -1.0888874304e-04
  59.5700000   -3.7967521787e-04   -4.3242357266e-04   -5.3109114242e-05   -1.8200593918e-04   -2.5525839904e-04    5.8772729513e-04    8.1837134417e-05   -1.0801509252e-04
  59.5800000   -3.8207531813e-04   -4.3680511810e-04   -5.2587087275e-05   -1.8506840285e-04   -2.5527684606e-04    5.8784637083e-04    8.1964021579e-05   -1.0714548329e-04
  59.5900000   -3.8448580023e-04   -4.4107053720e-04   -5.1997172229e-05   -1.8777137137e-04   -2.5528650997e-04    5.8794735574e-04    8.2105063730e-05   -1.0628029631e-04
  59.6000000   -3.8688704000e-04   -4.4518086895e-04   -5.1343201594e-05   -1.9008974600e-04   -2.5528824446e-04    5.8802910420e-04    8.2257707320e-05   -1.0541987996e-04
  59.6100000   -3.8925932435e-04   -4.4909895064e-04   -5.0629962381e-05   -1.9200460558e-04   -2.5528292779e-04    5.8809053676e-04    8.2419305932e-05   -1.0456454833e-04
  59.6200000   -3.9158294461e-04   -4.5278992690e-04   -4.9863122627e-05   -1.9350346202e-04   -2.5527145784e-04    5.8813064574e-04    8.2587133380e-05   -1.0371457973e-04
  59.6300000   -3.9383829483e-04   -4.5622172750e-04   -4.9049146668e-05   -1.9458041042e-04   -2.5525474726e-04    5.8814850056e-04    8.2758397432e-05   -1.0287021535e-04
  59.6400000   -3.9600597648e-04   -4.5936550706e-04   -4.8195200394e-05   -1.9523617207e-04   -2.5523371849e-04    5.8814325260e-04    8.2930254055e-05   -1.0203165820e-04
  59.6500000   -3.9806691085e-04   -4.6219604072e-04   -4.7309047877e-05   -1.9547803029e-04   -2.5520929881e-04    5.8811413976e-04    8.3099822095e-05   -1.0119907215e-04
  59.6600000   -4.0000245978e-04   -4.6469207002e-04   -4.6398940810e-05   -1.9531966078e-04   -2.5518241552e-04    5.8806049067e-04    8.3264198352e-05   -1.0037258126e-04
  59.6700000   -4.0179455538e-04   -4.6683659450e-04   -4.5473502254e-05   -1.9478086003e-04   -2.5515399102e-04    5.8798172838e-04    8.3420472953e-05   -9.9552269277e-05
  59.6800000   -4.0342583889e-04   -4.6861710500e-04   -4.4541606212e-05   -1.9388717697e-04   -2.5512493811e-04    5.8787737374e-04    8.3565744948e-05   -9.8738179384e-05
  59.6900000   -4.0487980829e-04   -4.7002575554e-04   -4.3612254657e-05   -1.9266945451e-04   -2.5509615537e-04    5.8774704825e-04    8.3697138040e-05   -9.7930314126e-05
  59.7000000   -4.0614097415e-04   -4.7105947172e-04   -4.2694453558e-05   -1.9116328943e-04   -2.5506852263e-04    5.8759047643e-04    8.3811816378e-05   -9.7128635553e-05
  59.7100000   -4.0719502233e-04   -4.7171999431e-04   -4.1797089455e-05   -1.8940841999e-04   -2.5504289670e-04    5.8740748780e-04    8.3907000317e-05   -9.6333065592e-05
  59.7200000   -4.0802898216e-04   -4.7201385776e-04   -4.0928808191e-05   -1.8744805200e-04   -2.5502010714e-04    5.8719801826e-04    8.3979982063e-05   -9.5543486609e-05
  59.7300000   -4.0863139802e-04   -4.7195230427e-04   -4.0097897208e-05   -1.8532813496e-04   -2.5500095240e-04    5.8696211105e-04    8.4028141101e-05   -9.4759742165e-05
  59.7400000   -4.0899250184e-04   -4.7155113488e-04   -3.9312172946e-05   -1.8309660078e-04   -2.5498619605e-04    5.8669991715e-04    8.4048959352e-05   -9.3981637997e-05
  59.7500000   -4.0910438393e-04   -4.7083050012e-04   -3.8578874656e-05   -1.8080257770e-04   -2.5497656335e-04    5.8641169518e-04    8.4040035942e-05   -9.3208943156e-05
  59.7600000   -4.0896115899e-04   -4.6981463335e-04   -3.7904565915e-05   -1.7849559297e-04   -2.5497273799e-04    5.8609781077e-04    8.3999101491e-05   -9.2441391343e-05
  59.7700000   -4.0855912383e-04   -4.6853153090e-04   -3.7295045039e-05   -1.7622477725e-04   -2.5497535915e-04    5.8575873546e-04    8.3924031872e-05   -9.1678682417e-05
  59.7800000   -4.0789690367e-04   -4.6701258370e-04   -3.6755265503e-05   -1.7403808400e-04   -2.5498501890e-04    5.8539504504e-04    8.3812861337e-05   -9.0920484069e-05
  59.7900000   -4.0697558295e-04   -4.6529216585e-04   -3.6289267277e-05   -1.7198153654e-04   -2.5500225977e-04    5.8500741737e-04    8.3663794920e-05   -9.0166433634e-05
  59.8000000   -4.0579881747e-04   -4.6340718599e-04   -3.5900119947e-05   -1.7009851497e-04   -2.5502757272e-04    5.8459662975e-04    8.3475220034e-05   -8.9416140066e-05
  59.8100000   -4.0437292381e-04   -4.6139660789e-04   -3.5589878287e-05   -1.6842909417e-04   -2.5506139540e-04    5.8416355577e-04    8.3245717274e-05   -8.8669186029e-05
  59.8200000   -4.0270694295e-04   -4.5930094700e-04   -3.5359550916e-05   -1.6700944333e-04   -2.5510411072e-04    5.8370916167e-04    8.2974070180e-05   -8.7925130124e-05
  59.8300000   -4.0081267460e-04   -4.5716174991e-04   -3.5209082309e-05   -1.6587129624e-04   -2.5515604575e-04    5.8323450225e-04    8.2659274098e-05   -8.7183509189e-05
  59.8400000   -3.9870467949e-04   -4.5502106395e-04   -3.5137348586e-05   -1.6504150007e-04   -2.5521747090e-04    5.8274071635e-04    8.2300543901e-05   -8.6443840725e-05
  59.8500000   -3.9640024688e-04   -4.5292090402e-04   -3.5142167025e-05   -1.6454164933e-04   -2.5528859954e-04    5.8222902186e-04    8.1897320674e-05   -8.5705625390e-05
  59.8600000   -3.9391932542e-04   -4.5090272386e-04   -3.5220319375e-05   -1.6438780983e-04   -2.5536958774e-04    5.8170071040e-04    8.1449277141e-05   -8.4968349550e-05
  59.8700000   -3.9128441560e-04   -4.4900689868e-04   -3.5367588634e-05   -1.6459033619e-04   -2.5546053456e-04    5.8115714149e-04    8.0956321969e-05   -8.4231487883e-05
  59.8800000   -3.8852042301e-04   -4.4727222590e-04   -3.5578809028e-05   -1.6515378445e-04   -2.5556148242e-04    5.8059973651e-04    8.0418602753e-05   -8.3494506030e-05
  59.8900000   -3.8565447187e-04   -4.4573545033e-04   -3.5847928578e-05   -1.6607692015e-04   -2.5567241797e-04    5.8002997223e-04    7.9836507761e-05   -8.2756863256e-05
  59.9000000   -3.8271567952e-04   -4.4443081975e-04   -3.6168083617e-05   -1.6735282029e-04   -2.5579327310e-04    5.7944937406e-04    7.9210666364e-05   -8.2018015118e-05
  59.9100000   -3.7973489249e-04   -4.4338967629e-04   -3.6531684428e-05   -1.6896906612e-04   -2.5592392628e-04    5.7885950908e-04    7.8541948132e-05   -8.1277416141e-05
  59.9200000   -3.7674438629e-04   -4.4264008858e-04   -3.6930511009e-05   -1.7090802236e-04   -2.5606420424e-04    5.7826197873e-04    7.7831460595e-05   -8.0534522450e-05
  59.9300000   -3.7377753133e-04   -4.4220652866e-04   -3.7355817864e-05   -1.7314719677e-04   -2.5621388377e-04    5.7765841140e-04    7.7080545701e-05   -7.9788794394e-05
  59.9400000   -3.7086842802e-04   -4.4210959745e-04   -3.7798446636e-05   -1.7565967298e-04   -2.5637269383e-04    5.7705045480e-04    7.6290774905e-05   -7.9039699092e-05
  59.9500000   -3.6805151513e-04   -4.4236580147e-04   -3.8248945160e-05   -1.7841460825e-04   -2.5654031792e-04    5.7643976815e-04    7.5463942944e-05   -7.8286712946e-05
  59.9600000   -3.6536115585e-04   -4.4298738294e-04   -3.8697691561e-05   -1.8137778682e-04   -2.5671639653e-04    5.7582801437e-04    7.4602060337e-05   -7.7529324069e-05
  59.9700000   -3.6283120659e-04   -4.4398220470e-04   -3.9135021824e-05   -1.8451221880e-04   -2.5690052992e-04    5.7521685209e-04    7.3707344581e-05   -7.6767034612e-05
  59.9800000   -3.6049457430e-04   -4.4535369034e-04   -3.9551359280e-05   -1.8777877386e-04   -2.5709228093e-04    5.7460792775e-04    7.2782210144e-05   -7.5999363021e-05
  59.9900000   -3.5838276811e-04   -4.4710081971e-04   -3.9937344292e-05   -1.9113683869e-04   -2.5729117805e-04    5.7400286761e-04    7.1829257231e-05   -7.5225846160e-05
  60.0000000   -3.5652545201e-04   -4.4921817876e-04   -4.0283962513e-05   -1.9454498674e-04   -2.5749671851e-04    5.7340326985e-04    7.0851259422e-05   -7.4446041351e-05
  60.0100000   -3.5495000481e-04   -4.5169606217e-04   -4.0582670001e-05   -1.9796164904e-04   -2.5770837155e-04    5.7281069677e-04    6.9851150227e-05   -7.3659528231e-05
  60.0200000   -3.5368109462e-04   -4.5452062675e-04   -4.0825513443e-05   -2.0134577487e-04   -2.5792558176e-04    5.7222666708e-04    6.8832008614e-05   -7.2865910537e-05
  60.0300000   -3.5274027420e-04   -4.5767409265e-04   -4.1005243892e-05   -2.0465747149e-04   -2.5814777238e-04    5.7165264836e-04    6.7797043580e-05   -7.2064817699e-05
  60.0400000   -3.5214560438e-04   -4.6113498916e-04   -4.1115422353e-05   -2.0785861260e-04   -2.5837434884e-04    5.7109004974e-04    6.6749577840e-05   -7.1255906303e-05
  60.0500000   -3.5191131165e-04   -4.6487844124e-04   -4.1150515680e-05   -2.1091340614e-04   -2.5860470212e-04    5.7054021477e-04    6.5693030740e-05   -7.0438861403e-05
  60.0600000   -3.5204748650e-04   -4.6887649259e-04   -4.1105981346e-05   -2.1378891273e-04   -2.5883821218e-04    5.7000441459e-04    6.4630900455e-05   -6.9613397655e-05
  60.0700000   -3.5255982809e-04   -4.7309846060e-04   -4.0978339741e-05   -2.1645550699e-04   -2.5907425142e-04    5.6948384137e-04    6.3566745569e-05   -6.8779260310e-05
  60.0800000   -3.5344944065e-04   -4.7751131838e-04   -4.0765232805e-05   -2.1888727543e-04   -2.5931218802e-04    5.6897960216e-04    6.2504166137e-05   -6.7936226012e-05
  60.0900000   -3.5471268612e-04   -4.8208009881e-04   -4.0465467961e-05   -2.2106234539e-04   -2.5955138926e-04    5.6849271297e-04    6.1446784367e-05   -6.7084103456e-05
  60.1000000   -3.5634109714e-04   -4.8676831528e-04   -4.0079046492e-05   -2.2296314128e-04   -2.5979122473e-04    5.6802409339e-04    6.0398224935e-05   -6.6222733843e-05
  60.1100000   -3.5832135331e-04   -4.9153839407e-04   -3.9607175711e-05   -2.2457656515e-04   -2.6003106946e-04    5.6757456154e-04    5.9362095151e-05   -6.5351991204e-05
  60.1200000   -3.6063532301e-04   -4.9635211277e-04   -3.9052264458e-05   -2.2589410050e-04   -2.6027030696e-04    5.6714482953e-04    5.8341965006e-05   -6.4471782525e-05
  60.1300000   -3.6326017213e-04   -5.0117103996e-04   -3.8417901729e-05   -2.2691183929e-04   -2.6050833208e-04    5.6673549936e-04    5.7341347262e-05   -6.3582047708e-05
  60.1400000   -3.6616854002e-04   -5.0595697070e-04   -3.7708818398e-05   -2.2763043348e-04   -2.6074455375e-04    5.6634705935e-04    5.6363677643e-05   -6.2682759388e-05
  60.1500000   -3.6932878182e-04   -5.1067235324e-04   -3.6930832321e-05   -2.2805497384e-04   -2.6097839761e-04    5.6597988104e-04    5.5412295307e-05   -6.1773922575e-05
  60.1600000   -3.7270527578e-04   -5.1528070222e-04   -3.6090777299e-05   -2.2819479973e-04   -2.6120930837e-04    5.6563421675e-04    5.4490423652e-05   -6.0855574136e-05
  60.1700000   -3.7625879247e-04   -5.1974699389e-04   -3.5196416663e-05   -2.2806324492e-04   -2.6143675210e-04    5.6531019754e-04    5.3601151630e-05   -5.9927782138e-05
  60.1800000   -3.7994692252e-04   -5.2403803973e-04   -3.4256342399e-05   -2.2767732534e-04   -2.6166021829e-04    5.6500783189e-04    5.2747415595e-05   -5.8990645050e-05
  60.1900000   -3.8372455796e-04   -5.2812283435e-04   -3.3279861081e-05   -2.2705737566e-04   -2.6187922166e-04    5.6472700485e-04    5.1931981890e-05   -5.8044290797e-05
  60.2000000   -3.8754442182e-04   -5.3197287484e-04   -3.2276868021e-05   -2.2622664204e-04   -2.6209330391e-04    5.6446747791e-04    5.1157430180e-05   -5.7088875700e-05
  60.2100000   -3.9135763945e-04   -5.3556244852e-04   -3.1257711237e-05   -2.2521083949e-04   -2.6230203511e-04    5.6422888932e-04    5.0426137742e-05   -5.6124583279e-05
  60.2200000   -3.9511434446e-04   -5.3886888663e-04   -3.0233047148e-05   -2.2403768212e-04   -2.6250501503e-04    5.6401075515e-04    4.9740264696e-05   -5.5151622967e-05
  60.2300000   -3.9876431144e-04   -5.4187278226e-04   -2.9213689855e-05   -2.2273639514e-04   -2.6270187414e-04    5.6381247091e-04    4.9101740359e-05   -5.4170228704e-05
  60.2400000   -4.0225760728e-04   -5.4455817063e-04   -2.8210456233e-05   -2.2133721759e-04   -2.6289227452e-04    5.6363331373e-04    4.8512250755e-05   -5.3180657450e-05
  60.2500000   -4.0554525204e-04   -5.4691267095e-04   -2.7234009023e-05   -2.1987090451e-04   -2.6307591043e-04    5.6347244522e-04    4.7973227394e-05   -5.2183187610e-05
  60.2600000   -4.0857988060e-04   -5.4892758886e-04   -2.6294700200e-05   -2.1836823710e-04   -2.6325250885e-04    5.6332891487e-04    4.7485837364e-05   -5.1178117410e-05
  60.2700000   -4.1131639556e-04   -5.5059797944e-04   -2.5402417026e-05   -2.1685954916e-04   -2.6342182965e-04    5.6320166407e-04    4.7050974857e-05   -5.0165763181e-05
  60.2800000   -4.1371260228e-04   -5.5192267076e-04   -2.4566433069e-05   -2.1537427741e-04   -2.6358366570e-04    5.6308953067e-04    4.6669254102e-05   -4.9146457619e-05
  60.2900000   -4.1572981687e-04   -5.5290424847e-04   -2.3795266587e-05   -2.1394054257e-04   -2.6373784274e-04    5.6299125408e-04    4.6341003861e-05   -4.8120548004e-05
  60.3000000   -4.1733343804e-04   -5.5354900235e-04   -2.3096548444e-05   -2.1258476765e-04   -2.6388421909e-04    5.6290548101e-04    4.6066263447e-05   -4.7088394387e-05
  60.3100000   -4.1849347443e-04   -5.5386683587e-04   -2.2476901812e-05   -2.1133133867e-04   -2.6402268514e-04    5.6283077154e-04    4.5844780329e-05   -4.6050367779e-05
  60.3200000   -4.1918501923e-04   -5.5387114035e-04   -2.1941835570e-05   -2.1020231219e-04   -2.6415316282e-04    5.6276560586e-04    4.5676009387e-05   -4.5006848309e-05
  60.3300000   -4.1938866468e-04   -5.5357863530e-04   -2.1495653286e-05   -2.0921717318e-04   -2.6427560476e-04    5.6270839138e-04    4.5559113777e-05   -4.3958223412e-05
  60.3400000   -4.1909084981e-04   -5.5300917712e-04   -2.1141379414e-05   -2.0839264549e-04   -2.6438999340e-04    5.6265747028e-04    4.5492967412e-05   -4.2904886042e-05
  60.3500000   -4.1828413558e-04   -5.5218553816e-04   -2.0880704047e-05   -2.0774255627e-04   -2.6449634002e-04    5.6261112743e-04    4.5476159156e-05   -4.1847232881e-05
  60.3600000   -4.1696740248e-04   -5.5113315869e-04   -2.0713947368e-05   -2.0727775469e-04   -2.6459468357e-04    5.6256759877e-04    4.5506998556e-05   -4.0785662612e-05
  60.3700000   -4.1514596695e-04   -5.4987987423e-04   -2.0640044643e-05   -2.0700608396e-04   -2.6468508945e-04    5.6252507990e-04    4.5583523271e-05   -3.9720574245e-05
  60.3800000   -4.1283161352e-04   -5.4845562109e-04   -2.0656552200e-05   -2.0693240513e-04   -2.6476764819e-04    5.6248173502e-04    4.5703508004e-05   -3.8652365475e-05
  60.3900000   -4.1004254154e-04   -5.4689212272e-04   -2.0759674667e-05   -2.0705866985e-04   -2.6484247412e-04    5.6243570611e-04    4.5864475023e-05   -3.7581431122e-05
  60.4000000   -4.0680322559e-04   -5.4522256015e-04   -2.0944313259e-05   -2.0738403856e-04   -2.6490970388e-04    5.6238512229e-04    4.6063706136e-05   -3.6508161644e-05
  60.4100000   -4.0314419084e-04   -5.4348122907e-04   -2.1204134652e-05   -2.0790503993e-04   -2.6496949498e-04    5.6232810934e-04    4.6298256137e-05   -3.5432941714e-05
  60.4200000   -3.9910170493e-04   -5.4170318715e-04   -2.1531659613e-05   -2.0861576657e-04   -2.6502202428e-04    5.6226279934e-04    4.6564967576e-05   -3.4356148905e-05
  60.4300000   -3.9471738980e-04   -5.3992389428e-04   -2.1918370258e-05   -2.0950810142e-04   -2.6506748647e-04    5.6218734035e-04    4.6860486847e-05   -3.3278152435e-05
  60.4400000   -3.9003775774e-04   -5.3817884915e-04   -2.2354834415e-05   -2.1057196933e-04   -2.6510609255e-04    5.6209990613e-04    4.7181281474e-05   -3.2199312056e-05
