  25.0100000   -1.2198831622e-07    1.2891640553e-07    8.3860297071e-07   -3.6637732734e-07    1.7936584274e-07    4.6989056027e-08    8.9674272495e-07    6.1253159861e-08
  25.0200000    2.0197047813e-08    9.7380832093e-08    8.3232467041e-07   -3.4305941617e-07    1.4163397504e-07    5.1267383790e-08    9.0800557130e-07    5.2340801587e-08
  25.0300000    1.7297227865e-07    7.1822158416e-08    8.0717277827e-07   -3.1432769865e-07    1.0380320979e-07    5.5296372464e-08    9.1450803383e-07    4.2959119609e-08
  25.0400000    3.3380617140e-07    5.2802295020e-08    7.6373284426e-07   -2.8076653700e-07    6.6118157771e-08    5.9052683613e-08    9.1628425492e-07    3.3157506456e-08
  25.0500000    5.0004421681e-07    4.0744493046e-08    7.0298471953e-07   -2.4303639898e-07    2.8817930847e-08    6.2514205795e-08    9.1339538355e-07    2.2989239768e-08
  25.0600000    6.6895340238e-07    3.5924000214e-08    6.2628261315e-07   -2.0186086351e-07   -7.8655767944e-09    6.5660180127e-08    9.0592875933e-07    1.2511217602e-08
  25.0700000    8.3776775656e-07    3.8461783519e-08    5.3532702022e-07   -1.5801263095e-07   -4.3709328852e-08    6.8471343131e-08    8.9399693370e-07    1.7836587673e-09
  25.0800000    1.0037337454e-06    4.8321312341e-08    4.3212919858e-07   -1.1229882196e-07   -7.8500688572e-08    7.0930033729e-08    8.7773651327e-07   -9.1302310641e-09
  25.0900000    1.1641548632e-06    6.5308571128e-08    3.1896881979e-07   -6.5545830313e-08   -1.1203887367e-07    7.3020318118e-08    8.5730689370e-07   -2.0164625322e-08
  25.1000000    1.3164345979e-06    8.9075245780e-08    1.9834572643e-07   -1.8584043592e-08   -1.4413627938e-07    7.4728100755e-08    8.3288883195e-07   -3.1251463297e-08
  25.1100000    1.4581170850e-06    1.1912510893e-07    7.2926784548e-08    2.7767290204e-08   -1.7461968871e-07    7.6041214940e-08    8.0468290917e-07   -4.2320863716e-08
  25.1200000    1.5869248424e-06    1.5482340286e-07   -5.4511002078e-08    7.2714787134e-08   -2.0333135387e-07    7.6949519067e-08    7.7290786906e-07   -5.3301571155e-08
  25.1300000    1.7007929816e-06    1.9540906994e-07   -1.8113994732e-07    1.1550491759e-07   -2.3012991617e-07    7.7444976294e-08    7.3779889136e-07   -6.4121414339e-08
  25.1400000    1.7978993988e-06    2.4000961970e-07   -3.0414243631e-07    1.5543708373e-07   -2.5489121957e-07    7.7521723468e-08    6.9960574239e-07   -7.4707779061e-08
  25.1500000    1.8766905139e-06    2.8765826615e-07   -4.2077163800e-07    1.9187546503e-07   -2.7750892491e-07    7.7176125052e-08    6.5859089403e-07   -8.4988103286e-08
  25.1600000    1.9359022795e-06    3.3731306793e-07   -5.2841091288e-07    2.2425951563e-07   -2.9789501314e-07    7.6406828345e-08    6.1502757152e-07   -9.4890382215e-08
  25.1700000    1.9745761598e-06    3.8787758423e-07   -6.2463060867e-07    2.5211285975e-07   -3.1598009541e-07    7.5214792769e-08    5.6919776385e-07   -1.0434367460e-07
  25.1800000    1.9920699163e-06    4.3822276620e-07   -7.0724099476e-07    2.7505049816e-07   -3.3171359749e-07    7.3603310803e-08    5.2139021493e-07   -1.1327862313e-07
  25.1900000    1.9880632441e-06    4.8720947282e-07   -7.7434023394e-07    2.9278414379e-07   -3.4506375387e-07    7.1578012406e-08    4.7189840289e-07   -1.2162795718e-07
  25.2000000    1.9625581497e-06    5.3371132561e-07   -8.2435627290e-07    3.0512572690e-07   -3.5601747369e-07    6.9146869573e-08    4.2101854199e-07   -1.2932701976e-07
  25.2100000    1.9158743248e-06    5.7663727488e-07   -8.5608183259e-07    3.1198892603e-07   -3.6458003194e-07    6.6320170790e-08    3.6904757822e-07   -1.3631425877e-07
  25.2200000    1.8486395824e-06    6.1495353346e-07   -8.6870155584e-07    3.1338876184e-07   -3.7077462787e-07    6.3110485851e-08    3.1628125976e-07   -1.4253172038e-07
  25.2300000    1.7617757741e-06    6.4770437609e-07   -8.6181089756e-07    3.0943932057e-07   -3.7464179765e-07    5.9532621405e-08    2.6301222081e-07   -1.4792552453e-07
  25.2400000    1.6564803957e-06    6.7403140822e-07   -8.3542617846e-07    3.0034966127e-07   -3.7623866897e-07    5.5603569309e-08    2.0952815808e-07   -1.5244633010e-07
  25.2500000    1.5342043650e-06    6.9319085768e-07   -7.8998562171e-07    2.8641801791e-07   -3.7563811413e-07    5.1342414847e-08    1.5611006826e-07   -1.5604975107e-07
  25.2600000    1.3966264064e-06    7.0456865699e-07   -7.2634134382e-07    2.6802437653e-07   -3.7292777970e-07    4.6770257342e-08    1.0303058789e-07   -1.5869678136e-07
  25.2700000    1.2456245251e-06    7.0769282265e-07   -6.4574238690e-07    2.4562176679e-07   -3.6820898325e-07    4.1910123426e-08    5.0552418603e-08   -1.6035415827e-07
  25.2800000    1.0832450974e-06    7.0224310775e-07   -5.4980919368e-07    2.1972622171e-07   -3.6159553521e-07    3.6786828506e-08   -1.0731173292e-09   -1.6099471246e-07
  25.2900000    9.1167012747e-07    6.8805755288e-07   -4.4050003607e-07    1.9090580688e-07   -3.5321246128e-07    3.1426869860e-08   -5.1607417211e-08   -1.6059767285e-07
  25.3000000    7.3318318955e-07    6.6513588453e-07   -3.2007006250e-07    1.5976888666e-07   -3.4319466114e-07    2.5858282529e-08   -1.0082579697e-07   -1.5914892767e-07
  25.3100000    5.5013469166e-07    6.3363972589e-07   -1.9102388990e-07    1.2695182529e-07   -3.3168547066e-07    2.0110496119e-08   -1.4851856340e-07   -1.5664124718e-07
  25.3200000    3.6490687217e-07    5.9388953821e-07   -5.6062756270e-08    9.3106398248e-08   -3.1883522415e-07    1.4214167773e-08   -1.9449194731e-07   -1.5307446947e-07
  25.3300000    1.7987921566e-07    5.4635848372e-07    8.1972776142e-08    5.8887252122e-08   -3.0479974799e-07    8.2010291011e-09   -2.3856886851e-07   -1.4845561774e-07
  25.3400000   -2.6053754384e-09    4.9166318291e-07    2.2016312397e-07    2.4939418497e-08   -2.8973882927e-07    2.1037032571e-09   -2.8058957864e-07   -1.4279899871e-07
  25.3500000   -1.8027305879e-07    4.3055175000e-07    3.5557188754e-07   -8.1136068490e-09   -2.7381469083e-07   -4.0444817451e-09   -3.2041213178e-07   -1.3612620991e-07
  25.3600000   -3.5094979531e-07    3.6388921777e-07    4.8530853743e-07   -3.9681148928e-08   -2.5719047385e-07   -1.0209674168e-08   -3.5791271805e-07   -1.2846614124e-07
  25.3700000   -5.1259001995e-07    2.9264068636e-07    6.0659024339e-07   -6.9215816967e-08   -2.4002872177e-07   -1.6357692494e-08   -3.9298583267e-07   -1.1985488510e-07
  25.3800000   -6.6330283801e-07    2.1785261919e-07    7.1680151177e-07   -9.6222863324e-08   -2.2248990940e-07   -2.2454220082e-08   -4.2554429223e-07   -1.1033562267e-07
  25.3900000   -8.0137542544e-07    1.4063256739e-07    8.1355040520e-07   -1.2026837131e-07   -2.0473102149e-07   -2.8465017547e-08   -4.5551912308e-07   -9.9958421656e-08
  25.4000000   -9.2529356804e-07    6.2127813373e-08    8.9472001499e-07   -1.4098604073e-07   -1.8690416778e-07   -3.4356112977e-08   -4.8285928627e-07   -8.8780031918e-08
  25.4100000   -1.0337589409e-06   -1.6496636824e-08    9.5851422522e-07   -1.5808254290e-07   -1.6915529992e-07   -4.0093999631e-08   -5.0753127258e-07   -7.6863574214e-08
  25.4200000   -1.1257031393e-06   -9.4080331591e-08    1.0034966413e-06   -1.7134138389e-07   -1.5162297745e-07   -4.5645851151e-08   -5.2951855635e-07   -6.4278225709e-08
  25.4300000   -1.2002983806e-06   -1.6948936101e-07    1.0286219669e-06   -1.8062510284e-07   -1.3443724599e-07   -5.0979705042e-08   -5.4882096598e-07   -5.1098820210e-08
  25.4400000   -1.2569647310e-06   -2.4163770000e-07    1.0332590614e-06   -1.8587595100e-07   -1.1771861090e-07   -5.6064662099e-08   -5.6545386433e-07   -3.7405425646e-08
  25.4500000   -1.2953740178e-06   -3.0950747441e-07    1.0172052346e-06   -1.8711498974e-07   -1.0157710529e-07   -6.0871075889e-08   -5.7944731260e-07   -2.3282865190e-08
  25.4600000   -1.3154504063e-06   -3.7216771239e-07    9.8069144555e-07   -1.8443962287e-07   -8.6111510866e-08   -6.5370734976e-08   -5.9084506931e-07   -8.8202003039e-09
  25.4700000   -1.3173677396e-06   -4.2879122633e-07    9.2437829945e-07   -1.7801975174e-07   -7.1408656890e-08   -6.9537032161e-08   -5.9970353264e-07    5.8898314793e-09
  25.4800000   -1.3015437874e-06   -4.7866934529e-07    8.4934296978e-07   -1.6809253463e-07   -5.7542882338e-08   -7.3345146016e-08   -6.0609062087e-07    2.0751404791e-08
  25.4900000   -1.2686316062e-06   -5.2122415424e-07    7.5705723486e-07   -1.5495600642e-07   -4.4575601135e-08   -7.6772177811e-08   -6.1008457335e-07    3.5666222170e-08
  25.5000000   -1.2195081384e-06   -5.5601810588e-07    6.4935721015e-07   -1.3896157403e-07   -3.2555038053e-08   -7.9797306303e-08   -6.1177271177e-07    5.0534180589e-08
  25.5100000   -1.1552602691e-06   -5.8276074335e-07    5.2840535561e-07   -1.2050569436e-07   -2.1516061498e-08   -8.2401925561e-08   -6.1125018152e-07    6.5254037334e-08
  25.5200000   -1.0771686500e-06   -6.0131248158e-07    3.9664557777e-07   -1.0002081451e-07   -1.1480172417e-08   -8.4569757675e-08   -6.0861862564e-07    7.9724102923e-08
  25.5300000   -9.8668941052e-07   -6.1168541940e-07    2.5675244835e-07   -7.7965854447e-08   -2.4556401887e-09   -8.6286961754e-08   -6.0398492317e-07    9.3842944253e-08
  25.5400000   -8.8543411387e-07   -6.1404117026e-07    1.1157553965e-07   -5.4816351844e-08    5.5622603666e-09   -8.7542221605e-08   -5.9745986063e-07    1.0751011408e-07
  25.5500000   -7.7514818304e-07   -6.0868579480e-07   -3.5919877629e-08   -3.1054573906e-08    1.2590860008e-08   -8.8326834957e-08   -5.8915686987e-07    1.2062685220e-07
  25.5600000   -6.5768799709e-07   -5.9606197633e-07   -1.8271450289e-07   -7.1596916479e-09    1.8659581109e-08   -8.8634762490e-08   -5.7919076463e-07    1.3309681844e-07
  25.5700000   -5.3499707485e-07   -5.7673866195e-07   -3.2579780867e-07    1.6401710118e-08    2.3809323614e-08   -8.8462676386e-08   -5.6767654114e-07    1.4482678720e-07
  25.5800000   -4.0908140186e-07   -5.5139836908e-07   -4.6223053904e-07    3.9184585404e-08    2.8091718633e-08   -8.7809983292e-08   -5.5472822721e-07    1.5572737211e-07
  25.5900000   -2.8198438194e-07   -5.2082245282e-07   -5.8920565056e-07    6.0773777266e-08    3.1568287688e-08   -8.6678849258e-08   -5.4045778754e-07    1.6571367888e-07
  25.6000000   -1.5576147908e-07   -4.8587471435e-07   -7.0410643520e-07    8.0791456697e-08    3.4309516842e-08   -8.5074172648e-08   -5.2497410783e-07    1.7470597666e-07
  25.6100000   -3.2454940514e-08   -4.4748362464e-07   -8.0456054734e-07    9.8903634495e-08    3.6393830372e-08   -8.3003583296e-08   -5.0838206697e-07    1.8263034105e-07
  25.6200000    8.5931259202e-08   -4.0662360208e-07   -8.8848884424e-07    1.1482557933e-07    3.7906496986e-08   -8.0477387075e-08   -4.9078170436e-07    1.8941922682e-07
  25.6300000    1.9745592902e-07   -3.6429572674e-07   -9.5414801638e-07    1.2832603973e-07    3.8938472592e-08   -7.7508504992e-08   -4.7226747241e-07    1.9501206071e-07
  25.6400000    3.0026445140e-07   -3.2150825501e-07   -1.0001662060e-06    1.3923025891e-07    3.9585194999e-08   -7.4112422009e-08   -4.5292761947e-07    1.9935572404e-07
  25.6500000    3.9261161220e-07   -2.7925741344e-07   -1.0255707546e-06    1.4742167454e-07    3.9945342113e-08   -7.0307077943e-08   -4.3284364916e-07    2.0240506484e-07
  25.6600000    4.7288321294e-07   -2.3850872264e-07   -1.0298076702e-06    1.5284238567e-07    4.0119547171e-08   -6.6112761992e-08   -4.1208993988e-07    2.0412328688e-07
  25.6700000    5.3961634518e-07   -2.0017937990e-07   -1.0127523624e-06    1.5549228992e-07    4.0209122412e-08   -6.1552004428e-08   -3.9073344588e-07    2.0448233798e-07
  25.6800000    5.9151803825e-07   -1.6512190989e-07   -9.7471152345e-07    1.5542706569e-07    4.0314763431e-08   -5.6649439364e-08   -3.6883352783e-07    2.0346321409e-07
  25.6900000    6.2748210469e-07   -1.3410943716e-07   -9.1641604662e-07    1.5275497599e-07    4.0535281922e-08   -5.1431656052e-08   -3.4644192013e-07    2.0105620256e-07
  25.7000000    6.4660407009e-07   -1.0782288072e-07   -8.3900537922e-07    1.4763262031e-07    4.0966346254e-08   -4.5927037251e-08   -3.2360279992e-07    1.9726108245e-07
  25.7100000    6.4819390020e-07   -8.6840220466e-08   -7.4400343358e-07    1.4025977473e-07    4.1699280525e-08   -4.0165594885e-08   -3.0035297547e-07    1.9208722839e-07
  25.7200000    6.3178643305e-07   -7.1628067054e-08   -6.3328680552e-07    1.3087343145e-07    4.2819881641e-08   -3.4178786457e-08   -2.7672219196e-07    1.8555367591e-07
  25.7300000    5.9714941296e-07   -6.2535621963e-08   -5.0904593079e-07    1.1974118501e-07    4.4407331179e-08   -2.7999326749e-08   -2.5273355377e-07    1.7768911313e-07
  25.7400000    5.4428886180e-07   -5.9791139037e-08   -3.7373997937e-07    1.0715413583e-07    4.6533161859e-08   -2.1660999667e-08   -2.2840403236e-07    1.6853177809e-07
  25.7500000    4.7345181798e-07   -6.3500859013e-08   -2.3004657003e-07    9.3419538649e-08    4.9260302721e-08   -1.5198436409e-08   -2.0374508710e-07    1.5812931671e-07
  25.7600000    3.8512626506e-07   -7.3650382166e-08   -8.0807307357e-08    7.8853238081e-08    5.2642223796e-08   -8.6469292979e-09   -1.7876336136e-07    1.4653856826e-07
  25.7700000    2.8003817535e-07   -9.0108447420e-08    7.1029728446e-08    6.3772226974e-08    5.6722178257e-08   -2.0422095345e-09   -1.5346147327e-07    1.3382525646e-07
  25.7800000    1.5914566593e-07   -1.1263288549e-07    2.2246925267e-07    4.8487384727e-08    6.1532556951e-08    4.5797644144e-09   -1.2783886913e-07    1.2006365148e-07
  25.7900000    2.3630287277e-08   -1.4087866959e-07    3.7052864510e-07    3.3296617869e-08    6.7094349915e-08    1.1183016966e-08   -1.0189271399e-07    1.0533613140e-07
  25.8000000   -1.2511470948e-07   -1.7440776449e-07    5.1229715736e-07    1.8478548494e-08    7.3416733210e-08    1.7731776104e-08   -7.5618882359e-08    8.9732703975e-08
  25.8100000   -2.8549885131e-07   -2.1270055415e-07    6.4499325997e-07    4.2868682589e-09    8.0496781306e-08    2.4190672692e-08   -4.9012924736e-08    7.3350470139e-08
  25.8200000   -4.5575176170e-07   -2.5516855385e-07    7.6601898103e-07   -9.0544911975e-09    8.8319303885e-08    3.0524957481e-08   -2.2071110290e-08    5.6292997943e-08
  25.8300000   -6.3394308658e-07   -3.0116812944e-07    8.7301011413e-07   -2.1355284481e-08    9.6856817189e-08    3.6700695361e-08    5.2085659647e-09    3.8669692455e-08
  25.8400000   -8.1800495806e-07   -3.5001486059e-07    9.6388140786e-07   -3.2461878851e-08    1.0606963836e-07    4.2684969883e-08    3.2825340389e-08    2.0595079449e-08
  25.8500000   -1.0057566954e-06   -4.0099828943e-07    1.0368657687e-06   -4.2259184619e-08    1.1590612816e-07    4.8446064218e-08    6.0774675377e-08    2.1880504627e-09
  25.8600000   -1.1949316120e-06   -4.5339663541e-07    1.0905467849e-06   -5.0671478114e-08    1.2630303709e-07    5.3953650279e-08    8.9047272084e-08   -1.6428908560e-08
  25.8700000   -1.3832055551e-06   -5.0649128835e-07    1.1238840047e-06   -5.7662177623e-08    1.3718600888e-07    5.9178945682e-08    1.1762813228e-07   -3.5130555631e-08
  25.8800000   -1.5682269246e-06   -5.5958063704e-07    1.1362305176e-06   -6.3232573461e-08    1.4847016443e-07    6.4094886185e-08    1.4649566125e-07   -5.3789739827e-08
  25.8900000   -1.7476477900e-06   -6.1199311228e-07    1.1273425452e-06   -6.7419578780e-08    1.6006084626e-07    6.8676269344e-08    1.7562085617e-07   -7.2278264648e-08
  25.9000000   -1.9191557329e-06   -6.6309902227e-07    1.0973810128e-06   -7.0292563517e-08    1.7185445315e-07    7.2899877937e-08    2.0496655073e-07   -9.0467790748e-08
  25.9100000   -2.0805060041e-06   -7.1232112953e-07    1.0469050887e-06   -7.1949341755e-08    1.8373936088e-07    7.6744624904e-08    2.3448676296e-07   -1.0823072874e-07
  25.9200000   -2.2295535537e-06   -7.5914362377e-07    9.7685797176e-07   -7.2511537211e-08    1.9559697832e-07    8.0191635005e-08    2.6412613532e-07   -1.2544115275e-07
  25.9300000   -2.3642844882e-06   -8.0311947810e-07    8.8854528941e-07   -7.2119315153e-08    2.0730284980e-07    8.3224351377e-08    2.9381948683e-07   -1.4197568542e-07
  25.9400000   -2.4828464973e-06   -8.4387598308e-07    7.8360665320e-07   -7.0925752377e-08    2.1872785585e-07    8.5828618244e-08    3.2349147765e-07   -1.5771441363e-07
  25.9500000   -2.5835777560e-06   -8.8111846821e-07    6.6398098782e-07   -6.9090936402e-08    2.2973946837e-07    8.7992723116e-08    3.5305640449e-07   -1.7254174715e-07
  25.9600000   -2.6650338733e-06   -9.1463216657e-07    5.3186649679e-07   -6.6775991067e-08    2.4020305849e-07    8.9707459193e-08    3.8241811777e-07   -1.8634727947e-07
  25.9700000   -2.7260123940e-06   -9.4428222773e-07    3.8967602712e-07   -6.4137189916e-08    2.4998325336e-07    9.0966149264e-08    4.1147007626e-07   -1.9902661740e-07
  25.9800000   -2.7655744416e-06   -9.7001199722e-07    2.3998886192e-07   -6.1320365560e-08    2.5894530878e-07    9.1764655820e-08    4.4009554118e-07   -2.1048216883e-07
  25.9900000   -2.7830631017e-06   -9.9183961663e-07    8.5499946425e-08   -5.8455657994e-08    2.6695650326e-07    9.2101385177e-08    4.6816792159e-07   -2.2062389192e-07
  26.0000000   -2.7781181645e-06   -1.0098531385e-06   -7.1032459285e-08   -5.5652924354e-08    2.7388753867e-07    9.1977270490e-08    4.9555123056e-07   -2.2937000567e-07
  26.0100000   -2.7506868488e-06   -1.0242042413e-06   -2.2683958502e-07   -5.2997767844e-08    2.7961391904e-07    9.1395726060e-08    5.2210072590e-07   -2.3664763942e-07
  26.0200000   -2.7010303094e-06   -1.0351008477e-06   -3.7919441814e-07   -5.0548461550e-08    2.8401730639e-07    9.0362614608e-08    5.4766364339e-07   -2.4239341958e-07
  26.0300000   -2.6297256553e-06   -1.0427987805e-06   -5.2546233830e-07   -4.8333749935e-08    2.8698685198e-07    8.8886176049e-08    5.7208011731e-07   -2.4655400847e-07
  26.0400000   -2.5376633589e-06   -1.0475927728e-06   -6.6314927338e-07   -4.6351683175e-08    2.8842045606e-07    8.6976952812e-08    5.9518417094e-07   -2.4908657518e-07
  26.0500000   -2.4260398875e-06   -1.0498069700e-06   -7.8994633075e-07   -4.4569432897e-08    2.8822599008e-07    8.4647698222e-08    6.1680488631e-07   -2.4995917913e-07
  26.0600000   -2.2963456551e-06   -1.0497852823e-06   -9.0377020331e-07   -4.2924216189e-08    2.8632241652e-07    8.1913284593e-08    6.3676765386e-07   -2.4915110111e-07
  26.0700000   -2.1503482735e-06   -1.0478817620e-06   -1.0027985796e-06   -4.1325271376e-08    2.8264084606e-07    7.8790576175e-08    6.5489555099e-07   -2.4665308001e-07
  26.0800000   -1.9900712686e-06   -1.0444512813e-06   -1.0854999793e-06   -3.9656801972e-08    2.7712548416e-07    7.5298313238e-08    6.7101080186e-07   -2.4246748099e-07
  26.0900000   -1.8177684958e-06   -1.0398407177e-06   -1.1506575265e-06   -3.7781893762e-08    2.6973448535e-07    7.1456980704e-08    6.8493633035e-07   -2.3660837692e-07
  26.1000000   -1.6358945246e-06   -1.0343808305e-06   -1.1973862682e-06   -3.5547286262e-08    2.6044067072e-07    6.7288661288e-08    6.9649739320e-07   -2.2910155023e-07
  26.1100000   -1.4470714041e-06   -1.0283790826e-06   -1.2251439480e-06   -3.2788851779e-08    2.4923214383e-07    6.2816894951e-08    7.0552325020e-07   -2.1998440984e-07
  26.1200000   -1.2540521626e-06   -1.0221134220e-06   -1.2337349732e-06   -2.9337649767e-08    2.3611276673e-07    5.8066515541e-08    7.1184890046e-07   -2.0930582747e-07
  26.1300000   -1.0596816373e-06   -1.0158273739e-06   -1.2233078080e-06   -2.5026453727e-08    2.2110250341e-07    5.3063500544e-08    7.1531683931e-07   -1.9712587929e-07
  26.1400000   -8.6685518745e-07   -1.0097262712e-06   -1.1943458012e-06   -1.9696464783e-08    2.0423761952e-07    4.7834795488e-08    7.1577882861e-07   -1.8351553255e-07
  26.1500000   -6.7847586840e-07   -1.0039748405e-06   -1.1476519250e-06   -1.3204144011e-08    1.8557073895e-07    4.2408158223e-08    7.1309765786e-07   -1.6855622179e-07
  26.1600000   -4.9741074246e-07   -9.9869619329e-07   -1.0843276919e-06   -5.4278472330e-09    1.6517076808e-07    3.6811988885e-08    7.0714889621e-07   -1.5233935922e-07
  26.1700000   -3.2644700277e-07   -9.9397200097e-07   -1.0057468943e-06    3.7258352379e-09    1.4312265359e-07    3.1075164361e-08    6.9782260103e-07   -1.3496577593e-07
  26.1800000   -1.6824861026e-07   -9.8984406070e-07   -9.1352464914e-07    1.4316247409e-08    1.1952700588e-07    2.5226861160e-08    6.8502497517e-07   -1.1654509488e-07
  26.1900000   -2.5314184038e-08   -9.8631696694e-07   -8.0948261244e-07    2.6363611920e-08    9.4499586462e-08    1.9296407044e-08    6.6867993348e-07   -9.7195016843e-08
  26.2000000    1.0006318742e-07   -9.8336190250e-07   -6.9561091259e-07    3.9844778260e-08    6.8170636539e-08    1.3313100422e-08    6.4873062475e-07   -7.7040561288e-08
  26.2100000    2.0583351412e-07   -9.8092133408e-07   -5.7402776343e-07    5.4690068796e-08    4.0684085009e-08    7.3060735536e-09    6.2514079260e-07   -5.6213246207e-08
  26.2200000    2.9022417520e-07   -9.7891448322e-07   -4.4693747338e-07    7.0781239911e-08    1.2196616104e-08    1.3041208972e-09    5.9789606743e-07   -3.4850211466e-08
  26.2300000    3.5177030817e-07   -9.7724340500e-07   -3.1658779653e-07    8.7950751544e-08   -1.7123374550e-08   -4.6644380355e-09    5.6700507697e-07   -1.3093303564e-08
  26.2400000    3.8934075994e-07   -9.7579941287e-07   -1.8522729517e-07    1.0598234944e-07   -4.7096957537e-08   -1.0571898763e-08    5.3250044495e-07    8.9118965769e-09
  26.2500000    4.0215908794e-07   -9.7446972837e-07   -5.5063700569e-08    1.2461303892e-07   -7.7535935730e-08   -1.6391307668e-08    4.9443960134e-07    3.1017047504e-08
  26.2600000    3.8981916818e-07   -9.7314409976e-07    7.1776058711e-08    1.4353645531e-07   -1.0824421790e-07   -2.2096587599e-08    4.5290542617e-07    5.3072094486e-08
  26.2700000    3.5229515929e-07   -9.7172118489e-07    1.9328343607e-07    1.6240756559e-07   -1.3901927520e-07   -2.7662646090e-08    4.0800669913e-07    7.4926282706e-08
  26.2800000    2.8994547856e-07   -9.7011456520e-07    3.0760267927e-07    1.8084873006e-07   -1.6965367032e-07   -3.3065490010e-08    3.5987835629e-07    9.6429223191e-08
  26.2900000    2.0351076708e-07   -9.6825805556e-07    4.1306169281e-07    1.9845683186e-07   -1.9993665176e-07   -3.8282315509e-08    3.0868155631e-07    1.1743194116e-07
  26.3000000    9.4105644856e-08   -9.6611034871e-07    5.0819855560e-07    2.1481161551e-07   -2.2965578690e-07   -4.3291603683e-08    2.5460350821e-07    1.3778793263e-07
  26.3100000   -3.6795534137e-08   -9.6365865571e-07    5.9178359305e-07    2.2948480495e-07   -2.5859864671e-07   -4.8073183499e-08    1.9785710453e-07    1.5735421461e-07
  26.3200000   -1.8737884133e-07   -9.6092136160e-07    6.6283639846e-07    2.4204998246e-07   -2.8655449222e-07   -5.2608312585e-08    1.3868031474e-07    1.7599232817e-07
  26.3300000   -3.5551656219e-07   -9.5794952824e-07    7.2063778716e-07    2.5209290129e-07   -3.1331598665e-07   -5.6879719087e-08    7.7335396487e-08    1.9356935202e-07
  26.3400000   -5.3879822989e-07   -9.5482719204e-07    7.6473643992e-07    2.5922207427e-07   -3.3868088110e-07   -6.0871654152e-08    1.4107835212e-08    2.0995886909e-07
  26.3500000   -7.3456654559e-07   -9.5167048984e-07    7.9495029375e-07    2.6307935077e-07   -3.6245369457e-07   -6.4569931031e-08   -5.0694891447e-08    2.2504187210e-07
  26.3600000   -9.3995743216e-07   -9.4862548490e-07    8.1136271568e-07    2.6335020361e-07   -3.8444734290e-07   -6.7961932484e-08   -1.1674477998e-07    2.3870767282e-07
  26.3700000   -1.1519437894e-06   -9.4586490343e-07    8.1431364331e-07    2.5977350802e-07   -4.0448472742e-07   -7.1036644220e-08   -1.8369498039e-07    2.5085469385e-07
  26.3800000   -1.3673821332e-06   -9.4358367721e-07    8.0438600570e-07    2.5215051303e-07   -4.2240025579e-07   -7.3784647968e-08   -2.5118164932e-07    2.6139124929e-07
  26.3900000   -1.5830614806e-06   -9.4199355777e-07    7.8238773725e-07    2.4035278853e-07   -4.3804128827e-07   -7.6198121651e-08   -3.1882602014e-07    2.7023624584e-07
  26.4000000   -1.7957535657e-06   -9.4131679690e-07    7.4932981795e-07    2.2432891216e-07   -4.5126948996e-07   -7.8270822257e-08   -3.8623663038e-07    2.7731980503e-07
  26.4100000   -2.0022636427e-06   -9.4177913474e-07    7.0640085078e-07    2.0410967725e-07   -4.6196207187e-07   -7.9998076656e-08   -4.5301172166e-07    2.8258381148e-07
  26.4200000   -2.1994809849e-06   -9.4360221732e-07    6.5493874788e-07    1.7981161583e-07   -4.7001293885e-07   -8.1376731579e-08   -5.1874178572e-07    2.8598239264e-07
  26.4300000   -2.3844283360e-06   -9.4699573141e-07    5.9640008165e-07    1.5163881508e-07   -4.7533370937e-07   -8.2405138309e-08   -5.8301223140e-07    2.8748229674e-07
  26.4400000   -2.5543093011e-06   -9.5214932506e-07    5.3232777983e-07    1.1988272730e-07   -4.7785457712e-07   -8.3083101611e-08   -6.4540618782e-07    2.8706319758e-07
  26.4500000   -2.7065530867e-06   -9.5922467739e-07    4.6431778249e-07    8.4920079354e-08   -4.7752506339e-07   -8.3411831928e-08   -7.0550736409e-07    2.8471790577e-07
  26.4600000   -2.8388556864e-06   -9.6834784098e-07    3.9398534899e-07    4.7208796707e-08   -4.7431460884e-07   -8.3393886543e-08   -7.6290303306e-07    2.8045248497e-07
  26.4700000   -2.9492168989e-06   -9.7960208469e-07    3.2293168147e-07    7.2819145481e-09   -4.6821300096e-07   -8.3033128696e-08   -8.1718700467e-07    2.7428627168e-07
  26.4800000   -3.0359724930e-06   -9.9302153568e-07    2.5271146699e-07   -3.4260340838e-08   -4.5923065526e-07   -8.2334653287e-08   -8.6796268834e-07    2.6625181366e-07
  26.4900000   -3.0978209841e-06   -1.0085856894e-06    1.8480202910e-07   -7.6760283498e-08   -4.4739873813e-07   -8.1304732436e-08   -9.1484611484e-07    2.5639470304e-07
  26.5000000   -3.1338445937e-06   -1.0262151035e-06    1.2057460512e-07   -1.1951408488e-07   -4.3276910640e-07   -7.9950735020e-08   -9.5746896567e-07    2.4477331795e-07
  26.5100000   -3.1435239786e-06   -1.0457683070e-06    6.1268322731e-08   -1.6178447892e-07   -4.1541410306e-07   -7.8281080900e-08   -9.9548154753e-07    2.3145848547e-07
  26.5200000   -3.1267465505e-06   -1.0670401129e-06    7.9673065786e-09   -2.0281468321e-07   -3.9542617133e-07   -7.6305160377e-08   -1.0285557009e-06    2.1653303186e-07
  26.5300000   -3.0838081795e-06   -1.0897614407e-06   -3.8418570298e-08   -2.4184314590e-07   -3.7291732421e-07   -7.4033268037e-08   -1.0563876323e-06    2.0009125602e-07
  26.5400000   -3.0154082203e-06   -1.1136007456e-06   -7.7169084223e-08   -2.7811890100e-07   -3.4801844467e-07   -7.1476534637e-08   -1.0787006121e-06    1.8223833873e-07
  26.5500000   -2.9226380599e-06   -1.1381669942e-06   -1.0776487769e-07   -3.1091717980e-07   -3.2087842478e-07   -6.8646866293e-08   -1.0952475426e-06    1.6308964169e-07
  26.5600000   -2.8069632792e-06   -1.1630142766e-06   -1.2989426593e-07   -3.3955492649e-07   -2.9166317769e-07   -6.5556871680e-08   -1.1058133729e-06    1.4276994394e-07
  26.5700000   -2.6701997469e-06   -1.1876479499e-06   -1.4345567760e-07   -3.6340593730e-07   -2.6055449776e-07   -6.2219799184e-08   -1.1102173215e-06    1.2141262185e-07
  26.5800000   -2.5144841367e-06   -1.2115322650e-06   -1.4855555736e-07   -3.8191512573e-07   -2.2774878722e-07   -5.8649493699e-08   -1.1083148948e-06    9.9158736173e-08
  26.5900000   -2.3422392186e-06   -1.2340993384e-06   -1.4550198704e-07   -3.9461183130e-07   -1.9345566674e-07   -5.4860312715e-08   -1.0999996920e-06    7.6156100368e-08
  26.6000000   -2.1561346575e-06   -1.2547593267e-06   -1.3479400339e-07   -4.0112154625e-07   -1.5789646976e-07   -5.0867087268e-08   -1.0852049712e-06    5.2558251175e-08
  26.6100000   -1.9590439258e-06   -1.2729116630e-06   -1.1710702654e-07   -4.0117605942e-07   -1.2130264068e-07   -4.6685065874e-08   -1.0639049274e-06    2.8523410120e-08
  26.6200000   -1.7539980338e-06   -1.2879570313e-06   -9.3274623916e-08   -3.9462155306e-07   -8.3914047548e-08   -4.2329866859e-08   -1.0361157512e-06    4.2134011836e-09
  26.6300000   -1.5441369472e-06   -1.2993099708e-06   -6.4267028530e-08   -3.8142453467e-07   -4.5977222713e-08   -3.7817429591e-08   -1.0018963486e-06   -2.0207477293e-08
  26.6400000   -1.3326593976e-06   -1.3064117846e-06   -3.1166921887e-08   -3.6167536868e-07   -7.7435314134e-09   -3.3163980900e-08   -9.6134880039e-07   -4.4573578148e-08
  26.6500000   -1.1227720212e-06   -1.3087434714e-06    4.8570995634e-09   -3.3558933657e-07    3.0532689365e-08   -2.8385983823e-08   -9.1461850516e-07   -6.8719063548e-08
  26.6600000   -9.1763862288e-07   -1.3058384545e-06    4.2578709683e-08   -3.0350508844e-07    6.8596030840e-08   -2.3500113245e-08   -8.6189400446e-07   -9.2479064238e-08
  26.6700000   -7.2033044508e-07   -1.2972947983e-06    8.0743165999e-08   -2.6588052199e-07    1.0619192520e-07   -1.8523215871e-08   -8.0340649710e-07   -1.1569082762e-07
  26.6800000   -5.3377822081e-07   -1.2827866057e-06    1.1809708450e-07   -2.2328612081e-07    1.4306855717e-07   -1.3472285103e-08   -7.3942905239e-07   -1.3819486067e-07
  26.6900000   -3.6072687303e-07   -1.2620743780e-06    1.5341806699e-07   -1.7639575494e-07    1.7897876479e-07   -8.3644349561e-09   -6.7027545727e-07   -1.5983605590e-07
  26.7000000   -2.0369347042e-07   -1.2350140674e-06    1.8554351730e-07   -1.2597524946e-07    2.1368190628e-07   -3.2168708887e-09   -5.9629881573e-07   -1.8046478676e-07
  26.7100000   -6.4929236614e-08   -1.2015645349e-06    2.1339805675e-07   -7.2868825250e-08    2.4694567322e-07    1.9531309984e-09   -5.1788978204e-07   -1.9993795912e-07
  26.7200000    5.3613820283e-08   -1.1617932963e-06    2.3601896063e-07   -1.7983638072e-08    2.7854786863e-07    7.1282463640e-09   -4.3547453423e-07   -2.1812003502e-07
  26.7300000    1.5031120101e-07   -1.1158803275e-06    2.5257895166e-07    3.7727145021e-08    3.0827806786e-07    1.2291119676e-08   -3.4951241463e-07   -2.3488401046e-07
  26.7400000    2.2388866443e-07   -1.0641197641e-06    2.6240598699e-07    9.3282566131e-08    3.3593924290e-07    1.7424389889e-08   -2.6049334394e-07   -2.5011229979e-07
  26.7500000    2.7343907151e-07   -1.0069194876e-06    2.6499951440e-07    1.4769291688e-07    3.6134923789e-07    2.2510701581e-08   -1.6893492675e-07   -2.6369759828e-07
  26.7600000    2.9843319743e-07   -9.4479842060e-07    2.6004276275e-07    1.9997920637e-07    3.8434216203e-07    2.7532735254e-08   -7.5379334986e-08   -2.7554365159e-07
  26.7700000    2.9872429727e-07   -8.7838162799e-07    2.4741091139e-07    2.4919266464e-07    4.0476964968e-07    3.2473212360e-08    1.9610032709e-08   -2.8556595792e-07
  26.7800000    2.7454650206e-07   -8.0839311905e-07    2.2717479227e-07    2.9443396068e-07    4.2250197547e-07    3.7314936627e-08    1.1545211644e-07   -2.9369237314e-07
  26.7900000    2.2650707378e-07   -7.3564660938e-07    1.9960007809e-07    3.3487150869e-07    4.3742904838e-07    4.2040800216e-08    2.1155191246e-07   -2.9986365902e-07
  26.8000000    1.5557276963e-07   -6.6103417863e-07    1.6514191441e-07    3.6975868331e-07    4.4946122073e-07    4.6633816194e-08    3.0730437712e-07   -3.0403390549e-07
  26.8100000    6.3050605500e-08   -5.8551311489e-07    1.2443506537e-07    3.9844942824e-07    4.5852997092e-07    5.1077146402e-08    4.0209843038e-07   -3.0617090197e-07
  26.8200000   -4.9436618256e-08   -5.1009110080e-07    7.8279762622e-08    4.2041196719e-07    4.6458840948e-07    5.5354130886e-08    4.9532109570e-07   -3.0625636287e-07
  26.8300000   -1.7997950153e-07   -4.3580997036e-07    2.7623522231e-08    4.3524027451e-07    4.6761160374e-07    5.9448321795e-08    5.8636167925e-07   -3.0428611245e-07
  26.8400000   -3.2641545048e-07   -3.6372835738e-07   -2.6460715902e-08    4.4266306953e-07    4.6759676150e-07    6.3343519167e-08    6.7461601770e-07   -3.0027011484e-07
  26.8500000   -4.8636562778e-07   -2.9490353256e-07   -8.2799644378e-08    4.4255011597e-07    4.6456320621e-07    6.7023807824e-08    7.5949072214e-07   -2.9423244239e-07
  26.8600000   -6.5727482281e-07   -2.3037268219e-07   -1.4014733217e-07    4.3491564446e-07    4.5855221241e-07    7.0473612677e-08    8.4040740555e-07   -2.8621113155e-07
  26.8700000   -8.3645351267e-07   -1.7113405831e-07   -1.9721504184e-07    4.1991880856e-07    4.4962664447e-07    7.3677733313e-08    9.1680687609e-07   -2.7625793705e-07
  26.8800000   -1.0211214671e-06   -1.1812837052e-07   -2.5270248272e-07    3.9786119760e-07    4.3787045957e-07    7.6621408086e-08    9.8815322167e-07   -2.6443799571e-07
  26.8900000   -1.2084519834e-06   -7.2220667645e-08   -3.0532975002e-07    3.6918132691e-07    4.2338799415e-07    7.9290359769e-08    1.0539378078e-06   -2.5082938831e-07
  26.9000000   -1.3956162369e-06   -3.4183147431e-08   -3.5386925957e-07    3.3444634999e-07    4.0630315336e-07    8.1670866425e-08    1.1136831172e-06   -2.3552262697e-07
  26.9100000   -1.5798267921e-06   -4.6792640126e-09   -3.9717693063e-07    2.9434100606e-07    3.8675840649e-07    8.3749813461e-08    1.1669464095e-06   -2.1862001510e-07
  26.9200000   -1.7583797199e-06    1.5750652676e-08   -4.3422181832e-07    2.4965410433e-07    3.6491365026e-07    8.5514769455e-08    1.2133232132e-06   -2.0023497119e-07
  26.9300000   -1.9286946261e-06    2.6701863571e-08   -4.6411354907e-07    2.0126285199e-07    3.4094494577e-07    8.6954054952e-08    1.2524505358e-06   -1.8049125178e-07
  26.9400000   -2.0883519571e-06    2.7915503057e-08   -4.8612680729e-07    1.5011519413e-07    3.1504312104e-07    8.8056812805e-08    1.2840098589e-06   -1.5952207835e-07
  26.9500000   -2.2351270550e-06    1.9286528757e-08   -4.9972222992e-07    9.7210784212e-08    2.8741226179e-07    8.8813083968e-08    1.3077298390e-06   -1.3746924833e-07
  26.9600000   -2.3670204255e-06    8.6904647645e-10   -5.0456323227e-07    4.3580729104e-08    2.5826810593e-07    8.9213888006e-08    1.3233887003e-06   -1.1448213293e-07
  26.9700000   -2.4822838844e-06   -2.7121069369e-08   -5.0052813147e-07   -9.7333131832e-09    2.2783635100e-07    8.9251299144e-08    1.3308162942e-06   -9.0716649847e-08
  26.9800000   -2.5794421791e-06   -6.4306428768e-08   -4.8771729578e-07   -6.1700260900e-08    1.9635087938e-07    8.8918531579e-08    1.3298958442e-06   -6.6334187297e-08
  26.9900000   -2.6573098831e-06   -1.1015120556e-07   -4.6645503645e-07   -1.1132056382e-07    1.6405192752e-07    8.8210010045e-08    1.3205652954e-06   -4.1500471655e-08
  27.0000000   -2.7150033739e-06   -1.6396713813e-07   -4.3728591389e-07   -1.5764646623e-07    1.3118421863e-07    8.7121455660e-08    1.3028183149e-06   -1.6384433369e-08
  27.0100000   -2.7519478553e-06   -2.2492233030e-07   -4.0096569701e-07   -1.9980120660e-07    9.7995040327e-08    8.5649956861e-08    1.2767048950e-06    8.8429822185e-09
  27.0200000   -2.7678794138e-06   -2.9205275385e-07   -3.5844677102e-07   -2.3699671374e-07    6.4732341653e-08    8.3794060587e-08    1.2423315617e-06    3.4010004557e-08
  27.0300000   -2.7628421896e-06   -3.6427630051e-07   -3.1085839652e-07   -2.6854943783e-07    3.1642800802e-08    8.1553823460e-08    1.1998611946e-06    5.8945224775e-08
  27.0400000   -2.7371808925e-06   -4.4040914157e-07   -2.5948209879e-07   -2.9389392242e-07   -1.0300793629e-09    7.8930895356e-08    1.1495124403e-06    8.3478799371e-08
  27.0500000   -2.6915288905e-06   -5.1918417705e-07   -2.0572269069e-07   -3.1259394156e-07   -3.3047843645e-08    7.5928573731e-08    1.0915587068e-06    1.0744362267e-07
  27.0600000   -2.6267921534e-06   -5.9927122900e-07   -1.5107538957e-07   -3.2435086205e-07   -6.4178916405e-08    7.2551869349e-08    1.0263267973e-06    1.3067650125e-07
  27.0700000   -2.5441294638e-06   -6.7929866772e-07   -9.7089922819e-08   -3.2900906841e-07   -9.4200369052e-08    6.8807559106e-08    9.5419511149e-07    1.5301928399e-07
  27.0800000   -2.4449293658e-06   -7.5787608290e-07   -4.5332197278e-08   -3.2655841625e-07   -1.2289962023e-07    6.4704215938e-08    8.7559148852e-07    1.7431996684e-07
  27.0900000   -2.3307842551e-06   -8.3361762040e-07    2.6554745304e-09   -3.1713357447e-07   -1.5007604549e-07    6.0252261866e-08    7.9099067915e-07    1.9443375035e-07
  27.1000000   -2.2034621235e-06   -9.0516556814e-07    4.5394747943e-08   -3.0101035648e-07   -1.7554247311e-07    5.5463985473e-08    7.0091144469e-07    2.1322404536e-07
  27.1100000   -2.0648765721e-06   -9.7121378671e-07    8.1511213328e-08   -2.7859903193e-07   -1.9912660225e-07    5.0353559389e-08    6.0591334554e-07    2.3056342653e-07
  27.1200000   -1.9170554860e-06   -1.0305305141e-06    1.0977305778e-07   -2.5043491541e-07   -2.2067226267e-07    4.4937055421e-08    5.0659318977e-07    2.4633451056e-07
  27.1300000   -1.7621090445e-06   -1.0819801790e-06    1.2912735616e-07   -2.1716627579e-07   -2.4004056444e-07    3.9232427792e-08    4.0358118675e-07    2.6043077181e-07
  27.1400000   -1.6021975089e-06   -1.1245438238e-06    1.3873314801e-07   -1.7953999281e-07   -2.5711089789e-07    3.3259506205e-08    2.9753685585e-07    2.7275728458e-07
  27.1500000   -1.4394993469e-06   -1.1573377263e-06    1.3799034780e-07   -1.3838517439e-07   -2.7178179132e-07    2.7039963232e-08    1.8914467738e-07    2.8323137155e-07
  27.1600000   -1.2761801703e-06   -1.1796298437e-06    1.2656369477e-07   -9.4595127332e-08   -2.8397160229e-07    2.0597269985e-08    7.9109523548e-08    2.9178317531e-07
  27.1700000   -1.1143629334e-06   -1.1908538608e-06    1.0440101486e-07   -4.9108123228e-08   -2.9361906719e-07    1.3956658120e-08   -3.1848078679e-08    2.9835613655e-07
  27.1800000   -9.5609977138e-07   -1.1906204797e-06    7.1745182943e-08   -2.8872943339e-09   -3.0068366779e-07    7.1450300903e-09   -1.4299681661e-07    3.0290737537e-07
  27.1900000   -8.0334594120e-07   -1.1787257343e-06    2.9139346657e-08    4.3099808221e-08   -3.0514584817e-07    1.9089641357e-10   -2.5359962196e-07    3.0540798301e-07
  27.2000000   -6.5793603137e-07   -1.1551562217e-06   -2.2575032350e-08    8.7901605130e-08   -3.0700705269e-07   -6.8757319761e-09   -3.6291872197e-07    3.0584321116e-07
  27.2100000   -5.2156285408e-07   -1.1200910034e-06   -8.2267349543e-08    1.3060239512e-07   -3.0628959715e-07   -1.4023440956e-08   -4.7022076831e-07    3.0421255397e-07
  27.2200000   -3.9575910933e-07   -1.0739003160e-06   -1.4853434127e-07    1.7034129845e-07   -3.0303639414e-07   -2.1219538792e-08   -5.7478195976e-07    3.0052974586e-07
  27.2300000   -2.8188199495e-07   -1.0171408083e-06   -2.1972375849e-07    2.0632988926e-07   -2.9731048343e-07   -2.8430196643e-08   -6.7589313331e-07    2.9482264981e-07
  27.2400000   -1.8110090680e-07   -9.5054767382e-07   -2.9396473915e-07    2.3786807464e-07   -2.8919443378e-07   -3.5620578117e-08   -7.7286477941e-07    2.8713304218e-07
  27.2500000   -9.4388149586e-08   -8.7502355250e-07   -3.6920458397e-07    2.6435798155e-07   -2.7878957024e-07   -4.2755016956e-08   -8.6503196906e-07    2.7751630551e-07
  27.2600000   -2.2512751548e-08   -7.9162447786e-07   -4.4325109988e-07    2.8531548959e-07   -2.6621507540e-07   -4.9797179546e-08   -9.5175911188e-07    2.6604102724e-07
  27.2700000    3.3962772109e-08   -7.0154309667e-07   -5.1381981794e-07    3.0037919500e-07   -2.5160693128e-07   -5.6710236082e-08   -1.0324445514e-06    2.5278851126e-07
  27.2800000    7.4682744815e-08   -6.0608946475e-07   -5.7858502778e-07    3.0931666205e-07   -2.3511674793e-07   -6.3457069524e-08   -1.1065249655e-06    2.3785218289e-07
  27.2900000    9.9496001137e-08   -5.0666964579e-07   -6.3523372000e-07    3.1202780543e-07   -2.1691046354e-07   -7.0000460954e-08   -1.1734794793e-06    2.2133692811e-07
  27.3000000    1.0845098773e-07   -4.0476258293e-07   -6.8152107607e-07    3.0854537621e-07   -1.9716693513e-07   -7.6303306481e-08   -1.2328335342e-06    2.0335833725e-07
  27.3100000    1.0178858662e-07   -3.0189561707e-07   -7.1532645869e-07    2.9903261325e-07   -1.7607644968e-07   -8.2328824380e-08   -1.2841624393e-06    1.8404189781e-07
  27.3200000    7.9932842604e-08   -1.9961901848e-07   -7.3470851480e-07    2.8377801935e-07   -1.5383911475e-07   -8.8040775494e-08   -1.3270945918e-06    1.6352208796e-07
  27.3300000    4.3479896754e-08   -9.9480051876e-08   -7.3795812109e-07    2.6318754279e-07   -1.3066321309e-07   -9.3403694838e-08   -1.3613143265e-06    1.4194143954e-07
  27.3400000   -6.8146294970e-09   -2.9969999713e-09   -7.2364794200e-07    2.3777429566e-07   -1.0676348172e-07   -9.8383105531e-08   -1.3865644048e-06    1.1944952198e-07
  27.3500000   -7.0049560195e-08    8.8366411450e-08   -6.9067731913e-07    2.0814600795e-07   -8.2359340663e-08   -1.0294575426e-07   -1.4026480795e-06    9.6201885440e-08
  27.3600000   -1.4519308833e-07    1.7322572942e-07   -6.3831128884e-07    1.7499062784e-07   -5.7673106443e-08   -1.0705983800e-07   -1.4094307562e-06    7.2358978726e-08
  27.3700000   -2.3109849976e-07    2.5029917791e-07   -5.6621281849e-07    1.3906035941e-07   -3.2928180095e-08   -1.1069522863e-07   -1.4068412129e-06    4.8085016892e-08
  27.3800000   -3.2652039869e-07    3.1842931253e-07   -4.7446712818e-07    1.0115441587e-07   -8.3472340422e-09   -1.1382369158e-07   -1.3948723741e-06    2.3546827105e-08
  27.3900000   -4.3013126425e-07    3.7660266130e-07   -3.6359750233e-07    6.2101081066e-08    1.5849585092e-08   -1.1641910164e-07   -1.3735816416e-06   -1.0873143274e-09
  27.4000000   -5.4053810003e-07    4.2396681708e-07   -2.3457183641e-07    2.2739248148e-08    3.9446436407e-08   -1.1845766035e-07   -1.3430907493e-06   -2.5648855928e-08
  27.4100000   -6.5629899155e-07    4.5984482202e-07   -8.8799648614e-08   -1.6099925460e-08    6.2233505775e-08   -1.1991808293e-07   -1.3035851912e-06   -4.9970141581e-08
  27.4200000   -7.7593943409e-07    4.8374657433e-07    7.1880797747e-08   -5.3611052348e-08    8.4008691974e-08   -1.2078180814e-07   -1.2553131543e-06   -7.3885576943e-08
  27.4300000   -8.9796828460e-07    4.9537696396e-07    2.4522512188e-07   -8.9031631508e-08    1.0457921706e-07   -1.2103316027e-07   -1.1985840324e-06   -9.7232786911e-08
  27.4400000   -1.0208932214e-06    4.9464068319e-07    4.2861507453e-07   -1.2165808511e-07    1.2376315416e-07   -1.2065952361e-07   -1.1337664771e-06   -1.1985372030e-07
  27.4500000   -1.1432355998e-06    4.8164359279e-07    6.1909989776e-07   -1.5086019979e-07    1.4139086767e-07   -1.1965149116e-07   -1.0612860362e-06   -1.4159574889e-07
  27.4600000   -1.2635447156e-06    4.5669064070e-07    8.1344615103e-07   -1.7609382157e-07    1.5730635549e-07   -1.1800299769e-07   -9.8162235892e-07   -1.6231270905e-07
  27.4700000   -1.3804113108e-06    4.2028033130e-07    1.0081951290e-06   -1.9691137933e-07    1.7136846847e-07   -1.1571144539e-07   -8.9530602338e-07   -1.8186590881e-07
  27.4800000   -1.4924803706e-06    3.7309590073e-07    1.1997268595e-06   -2.1297019755e-07    1.8345201807e-07   -1.1277779022e-07   -8.0291496481e-07   -2.0012506780e-07
  27.4900000   -1.5984631769e-06    3.1599330151e-07    1.3843293489e-06   -2.2403832260e-07    1.9344875005e-07   -1.0920663113e-07   -7.0507058716e-07   -2.1696919792e-07
  27.5000000   -1.6971485643e-06    2.4998627175e-07    1.5582718848e-06   -2.2999780274e-07    2.0126818903e-07   -1.0500625965e-07   -6.0243350954e-07   -2.3228742787e-07
  27.5100000   -1.7874134101e-06    1.7622872718e-07    1.7178806655e-06   -2.3084542797e-07    2.0683832317e-07   -1.0018869787e-07   -4.9569906176e-07   -2.4597973248e-07
  27.5200000   -1.8682323462e-06    9.5994767337e-08    1.8596154025e-06   -2.2669082672e-07    2.1010615765e-07   -9.4769709071e-08   -3.8559247109e-07   -2.5795760529e-07
  27.5300000   -1.9386866854e-06    1.0656719608e-08    1.9801451791e-06   -2.1775216239e-07    2.1103811234e-07   -8.8768794902e-08   -2.7286386310e-07   -2.6814464052e-07
