# time  P_total  P_z_beam  beam_ratio  beaming_gain  wavezone_std
0.0000000000000000e+00  1.9846559872379062e-05  1.4839542129354471e-05  7.5011308732930859e-01  4.0004523493172339e+00  8.1051001815279633e-01
1.0000000000000000e+00  1.9846342476665096e-05  1.4839787810466992e-05  7.5025842308556567e-01  4.0010336923422631e+00  8.1027859515769185e-01
2.0000000000000000e+00  1.9846003699575398e-05  1.4839908257253647e-05  7.4993444011477361e-01  3.9997377604590945e+00  8.1011489435927808e-01
2.9999999999999800e+00  1.9844626683955616e-05  1.4839201674470050e-05  7.5000134006931019e-01  4.0000053602772407e+00  8.0993285827431050e-01
3.9999999999999600e+00  1.9844900135007389e-05  1.4839147797730326e-05  7.5005159606120564e-01  4.0002063842448230e+00  8.0965171405407899e-01
4.9999999999999396e+00  1.9844525451320253e-05  1.4838854737062286e-05  7.5000887372314118e-01  4.0000354948925647e+00  8.0928852713735400e-01
5.9999999999999201e+00  1.9844827597408947e-05  1.4839507327439881e-05  7.4994237156289834e-01  3.9997694862515933e+00  8.0886267973506787e-01
6.9999999999998996e+00  1.9845496741317290e-05  1.4838761956547815e-05  7.4981482276625688e-01  3.9992592910650275e+00  8.0840231483964953e-01
7.9999999999998703e+00  1.9846441179873730e-05  1.4840448261795623e-05  7.4971483066197475e-01  3.9988593226478990e+00  8.0782939355021255e-01
8.9999999999998508e+00  1.9847369300307987e-05  1.4841138665440000e-05  7.4962165911663048e-01  3.9984866364665219e+00  8.0723102891567311e-01
9.9999999999998295e+00  1.9844618240830880e-05  1.4839700777120216e-05  7.4956710254841341e-01  3.9982684101936536e+00  8.0652879071987948e-01
1.0999999999999799e+01  1.9844576331413093e-05  1.4838617023278697e-05  7.4950478238270135e-01  3.9980191295308054e+00  8.0576229826317936e-01
1.1999999999999799e+01  1.9846209170546507e-05  1.4838454926969596e-05  7.4931791217829757e-01  3.9972716487131903e+00  8.0494157087814666e-01
1.2999999999999799e+01  1.9848673186766080e-05  1.4841565408844892e-05  7.4935440492782446e-01  3.9974176197112978e+00  8.0408992457484940e-01
1.3999999999999700e+01  1.9849208917708683e-05  1.4839981622652097e-05  7.4920370826545202e-01  3.9968148330618081e+00  8.0312271509949795e-01
1.4999999999999700e+01  1.9844814552272988e-05  1.4837318098332487e-05  7.4921856256209851e-01  3.9968742502483940e+00  8.0205911294554133e-01
1.5999999999999700e+01  1.9843524972563650e-05  1.4835665322658518e-05  7.4918211556157877e-01  3.9967284622463151e+00  8.0101112573422184e-01
1.6999999999999901e+01  1.9846858518003100e-05  1.4837035253730713e-05  7.4908152192989430e-01  3.9963260877195772e+00  7.9982809611218741e-01
1.8000000000000000e+01  1.9847577542570847e-05  1.4837688297735499e-05  7.4907153299861529e-01  3.9962861319944611e+00  7.9864182087901103e-01
1.9000000000000199e+01  1.9849136180589797e-05  1.4837907087492693e-05  7.4905646522429814e-01  3.9962258608971926e+00  7.9743865828955185e-01
2.0000000000000298e+01  1.9852469870360423e-05  1.4834554373668914e-05  7.4896591874036145e-01  3.9958636749614458e+00  7.9619511842284674e-01
2.1000000000000501e+01  1.9863381404780513e-05  1.4845661851655612e-05  7.4890057625364848e-01  3.9956023050145939e+00  7.9486565718925617e-01
2.2000000000000600e+01  1.9870339228235652e-05  1.4846542098609860e-05  7.4887738442585350e-01  3.9955095377034140e+00  7.9356629153955582e-01
2.3000000000000799e+01  1.9900572858178302e-05  1.4871509219592378e-05  7.4891182720240346e-01  3.9956473088096138e+00  7.9221008588055886e-01
2.4000000000000998e+01  1.9929921356303181e-05  1.4883936782015566e-05  7.4859258742243706e-01  3.9943703496897482e+00  7.9081697296446873e-01
2.5000000000001101e+01  1.9965757890910880e-05  1.4911072908792358e-05  7.4857526877498470e-01  3.9943010750999388e+00  7.8940445520979452e-01
2.6000000000001300e+01  2.0011054751822080e-05  1.4934492194082874e-05  7.4837766271612405e-01  3.9935106508644962e+00  7.8803785484663103e-01
2.7000000000001400e+01  2.0048575371890213e-05  1.4968629651085367e-05  7.4839614102069474e-01  3.9935845640827790e+00  7.8653535160890886e-01
2.8000000000001599e+01  2.0077788055968281e-05  1.4975102846228200e-05  7.4800749814418765e-01  3.9920299925767506e+00  7.8503783473949706e-01
2.9000000000001702e+01  2.0115429382557630e-05  1.5002222399739651e-05  7.4799441006590639e-01  3.9919776402636256e+00  7.8343578440424877e-01
3.0000000000001901e+01  2.0158465465271479e-05  1.5020055020224760e-05  7.4771641338878192e-01  3.9908656535551277e+00  7.8189578770177992e-01
3.1000000000002000e+01  2.0175767927152487e-05  1.5025083723774972e-05  7.4730510839784225e-01  3.9892204335913690e+00  7.8013494302629383e-01
3.2000000000002203e+01  2.0182657356380627e-05  1.5025353354341886e-05  7.4738116551441824e-01  3.9895246620576730e+00  7.7848127870073724e-01
