# thinned to dt=0.05 from the every-step stream; the last 1 time units are kept whole (the death window)
#       time                  xA                  yA                  zA            chiA_pit                  nA                  xB                  yB                  zB            chiB_pit                  nB
   0.0000000    0.0000000000e+00    0.0000000000e+00    0.0000000000e+00    4.1085010090e-07    8.0000000000e+00    0.0000000000e+00    0.0000000000e+00    0.0000000000e+00    0.0000000000e+00    0.0000000000e+00
   0.0500000    0.0000000000e+00    0.0000000000e+00    0.0000000000e+00    4.3355820909e-07    8.0000000000e+00    0.0000000000e+00    0.0000000000e+00    0.0000000000e+00    0.0000000000e+00    0.0000000000e+00
   0.1000000    0.0000000000e+00    0.0000000000e+00    0.0000000000e+00    4.5611180482e-07    8.0000000000e+00    0.0000000000e+00    0.0000000000e+00    0.0000000000e+00    0.0000000000e+00    0.0000000000e+00
   0.1500000    0.0000000000e+00    0.0000000000e+00    0.0000000000e+00    4.7851557531e-07    8.0000000000e+00    0.0000000000e+00    0.0000000000e+00    0.0000000000e+00    0.0000000000e+00    0.0000000000e+00
   0.2000000    0.0000000000e+00    0.0000000000e+00    0.0000000000e+00    5.0077402146e-07    8.0000000000e+00    0.0000000000e+00    0.0000000000e+00    0.0000000000e+00    0.0000000000e+00    0.0000000000e+00
   0.2500000    0.0000000000e+00    0.0000000000e+00    0.0000000000e+00    5.2289142412e-07    8.0000000000e+00    0.0000000000e+00    0.0000000000e+00    0.0000000000e+00    0.0000000000e+00    0.0000000000e+00
   0.3000000    0.0000000000e+00    0.0000000000e+00    0.0000000000e+00    5.4487185115e-07    8.0000000000e+00    0.0000000000e+00    0.0000000000e+00    0.0000000000e+00    0.0000000000e+00    0.0000000000e+00
   0.3500000    0.0000000000e+00    0.0000000000e+00    0.0000000000e+00    5.6671918235e-07    8.0000000000e+00    0.0000000000e+00    0.0000000000e+00    0.0000000000e+00    0.0000000000e+00    0.0000000000e+00
   0.4000000    0.0000000000e+00    0.0000000000e+00    0.0000000000e+00    5.8843711938e-07    8.0000000000e+00    0.0000000000e+00    0.0000000000e+00    0.0000000000e+00    0.0000000000e+00    0.0000000000e+00
   0.4500000    0.0000000000e+00    0.0000000000e+00    0.0000000000e+00    6.1002923775e-07    8.0000000000e+00    0.0000000000e+00    0.0000000000e+00    0.0000000000e+00    0.0000000000e+00    0.0000000000e+00
   0.5000000    0.0000000000e+00    0.0000000000e+00    0.0000000000e+00    6.3149914631e-07    8.0000000000e+00    0.0000000000e+00    0.0000000000e+00    0.0000000000e+00    0.0000000000e+00    0.0000000000e+00
   0.5500000    0.0000000000e+00    0.0000000000e+00    0.0000000000e+00    6.5285042149e-07    8.0000000000e+00    0.0000000000e+00    0.0000000000e+00    0.0000000000e+00    0.0000000000e+00    0.0000000000e+00
   0.6000000    0.0000000000e+00    0.0000000000e+00    0.0000000000e+00    6.7408677312e-07    8.0000000000e+00    0.0000000000e+00    0.0000000000e+00    0.0000000000e+00    0.0000000000e+00    0.0000000000e+00
   0.6500000    0.0000000000e+00    0.0000000000e+00    0.0000000000e+00    6.9521219452e-07    8.0000000000e+00    0.0000000000e+00    0.0000000000e+00    0.0000000000e+00    0.0000000000e+00    0.0000000000e+00
   0.7000000    0.0000000000e+00    0.0000000000e+00    0.0000000000e+00    7.1623108698e-07    8.0000000000e+00    0.0000000000e+00    0.0000000000e+00    0.0000000000e+00    0.0000000000e+00    0.0000000000e+00
   0.7500000    0.0000000000e+00    0.0000000000e+00    0.0000000000e+00    7.3714831227e-07    8.0000000000e+00    0.0000000000e+00    0.0000000000e+00    0.0000000000e+00    0.0000000000e+00    0.0000000000e+00
   0.8000000    0.0000000000e+00    0.0000000000e+00    0.0000000000e+00    7.5796910232e-07    8.0000000000e+00    0.0000000000e+00    0.0000000000e+00    0.0000000000e+00    0.0000000000e+00    0.0000000000e+00
   0.8500000    0.0000000000e+00    0.0000000000e+00    0.0000000000e+00    7.7869875495e-07    8.0000000000e+00    0.0000000000e+00    0.0000000000e+00    0.0000000000e+00    0.0000000000e+00    0.0000000000e+00
   0.9000000    0.0000000000e+00    0.0000000000e+00    0.0000000000e+00    7.9934209079e-07    8.0000000000e+00    0.0000000000e+00    0.0000000000e+00    0.0000000000e+00    0.0000000000e+00    0.0000000000e+00
   0.9500000    0.0000000000e+00    0.0000000000e+00    0.0000000000e+00    8.1990273787e-07    8.0000000000e+00    0.0000000000e+00    0.0000000000e+00    0.0000000000e+00    0.0000000000e+00    0.0000000000e+00
   1.0000000    0.0000000000e+00    0.0000000000e+00    0.0000000000e+00    8.4038241730e-07    8.0000000000e+00    0.0000000000e+00    0.0000000000e+00    0.0000000000e+00    0.0000000000e+00    0.0000000000e+00
   1.0500000    0.0000000000e+00    0.0000000000e+00    0.0000000000e+00    8.6078049136e-07    8.0000000000e+00    0.0000000000e+00    0.0000000000e+00    0.0000000000e+00    0.0000000000e+00    0.0000000000e+00
   1.1000000    0.0000000000e+00    0.0000000000e+00    0.0000000000e+00    8.8109404882e-07    8.0000000000e+00    0.0000000000e+00    0.0000000000e+00    0.0000000000e+00    0.0000000000e+00    0.0000000000e+00
   1.1500000    0.0000000000e+00    0.0000000000e+00    0.0000000000e+00    9.0131869882e-07    8.0000000000e+00    0.0000000000e+00    0.0000000000e+00    0.0000000000e+00    0.0000000000e+00    0.0000000000e+00
   1.2000000    0.0000000000e+00    0.0000000000e+00    0.0000000000e+00    9.2145003782e-07    8.0000000000e+00    0.0000000000e+00    0.0000000000e+00    0.0000000000e+00    0.0000000000e+00    0.0000000000e+00
   1.2500000    0.0000000000e+00    0.0000000000e+00    0.0000000000e+00    9.4148551854e-07    8.0000000000e+00    0.0000000000e+00    0.0000000000e+00    0.0000000000e+00    0.0000000000e+00    0.0000000000e+00
   1.3000000    0.0000000000e+00    0.0000000000e+00    0.0000000000e+00    9.6142628394e-07    8.0000000000e+00    0.0000000000e+00    0.0000000000e+00    0.0000000000e+00    0.0000000000e+00    0.0000000000e+00
   1.3500000    0.0000000000e+00    0.0000000000e+00    0.0000000000e+00    9.8127851064e-07    8.0000000000e+00    0.0000000000e+00    0.0000000000e+00    0.0000000000e+00    0.0000000000e+00    0.0000000000e+00
   1.4000000    0.0000000000e+00    0.0000000000e+00    0.0000000000e+00    1.0010588285e-06    8.0000000000e+00    0.0000000000e+00    0.0000000000e+00    0.0000000000e+00    0.0000000000e+00    0.0000000000e+00
   1.4500000    0.0000000000e+00    0.0000000000e+00    0.0000000000e+00    1.0208667053e-06    8.0000000000e+00    0.0000000000e+00    0.0000000000e+00    0.0000000000e+00    0.0000000000e+00    0.0000000000e+00
   1.5000000    0.0000000000e+00    0.0000000000e+00    0.0000000000e+00    1.0407682318e-06    8.0000000000e+00    0.0000000000e+00    0.0000000000e+00    0.0000000000e+00    0.0000000000e+00    0.0000000000e+00
   1.5500000    0.0000000000e+00    0.0000000000e+00    0.0000000000e+00    1.0608017178e-06    8.0000000000e+00    0.0000000000e+00    0.0000000000e+00    0.0000000000e+00    0.0000000000e+00    0.0000000000e+00
   1.6000000    0.0000000000e+00    0.0000000000e+00    0.0000000000e+00    1.0809975458e-06    8.0000000000e+00    0.0000000000e+00    0.0000000000e+00    0.0000000000e+00    0.0000000000e+00    0.0000000000e+00
   1.6500000    0.0000000000e+00    0.0000000000e+00    0.0000000000e+00    1.1013740125e-06    8.0000000000e+00    0.0000000000e+00    0.0000000000e+00    0.0000000000e+00    0.0000000000e+00    0.0000000000e+00
   1.7000000    0.0000000000e+00    0.0000000000e+00    0.0000000000e+00    1.1219329754e-06    8.0000000000e+00    0.0000000000e+00    0.0000000000e+00    0.0000000000e+00    0.0000000000e+00    0.0000000000e+00
   1.7500000    0.0000000000e+00    0.0000000000e+00    0.0000000000e+00    1.1426555064e-06    8.0000000000e+00    0.0000000000e+00    0.0000000000e+00    0.0000000000e+00    0.0000000000e+00    0.0000000000e+00
   1.8000000    0.0000000000e+00    0.0000000000e+00    0.0000000000e+00    1.1634981104e-06    8.0000000000e+00    0.0000000000e+00    0.0000000000e+00    0.0000000000e+00    0.0000000000e+00    0.0000000000e+00
   1.8500000    0.0000000000e+00    0.0000000000e+00    0.0000000000e+00    1.1843904552e-06    8.0000000000e+00    0.0000000000e+00    0.0000000000e+00    0.0000000000e+00    0.0000000000e+00    0.0000000000e+00
   1.9000000    0.0000000000e+00    0.0000000000e+00    0.0000000000e+00    1.2052358187e-06    8.0000000000e+00    0.0000000000e+00    0.0000000000e+00    0.0000000000e+00    0.0000000000e+00    0.0000000000e+00
   1.9500000    0.0000000000e+00    0.0000000000e+00    0.0000000000e+00    1.2259153942e-06    8.0000000000e+00    0.0000000000e+00    0.0000000000e+00    0.0000000000e+00    0.0000000000e+00    0.0000000000e+00
   2.0000000    0.0000000000e+00    0.0000000000e+00    0.0000000000e+00    1.2462970832e-06    8.0000000000e+00    0.0000000000e+00    0.0000000000e+00    0.0000000000e+00    0.0000000000e+00    0.0000000000e+00
   2.0500000    0.0000000000e+00    0.0000000000e+00    0.0000000000e+00    1.2662484607e-06    8.0000000000e+00    0.0000000000e+00    0.0000000000e+00    0.0000000000e+00    0.0000000000e+00    0.0000000000e+00
   2.1000000    0.0000000000e+00    0.0000000000e+00    0.0000000000e+00    1.2856524139e-06    8.0000000000e+00    0.0000000000e+00    0.0000000000e+00    0.0000000000e+00    0.0000000000e+00    0.0000000000e+00
   2.1500000    0.0000000000e+00    0.0000000000e+00    0.0000000000e+00    1.3044228869e-06    8.0000000000e+00    0.0000000000e+00    0.0000000000e+00    0.0000000000e+00    0.0000000000e+00    0.0000000000e+00
   2.2000000    0.0000000000e+00    0.0000000000e+00    0.0000000000e+00    1.3225410935e-06    8.0000000000e+00    0.0000000000e+00    0.0000000000e+00    0.0000000000e+00    0.0000000000e+00    0.0000000000e+00
   2.2500000    0.0000000000e+00    0.0000000000e+00    0.0000000000e+00    1.3401717047e-06    8.0000000000e+00    0.0000000000e+00    0.0000000000e+00    0.0000000000e+00    0.0000000000e+00    0.0000000000e+00
   2.3000000    0.0000000000e+00    0.0000000000e+00    0.0000000000e+00    1.3573783756e-06    8.0000000000e+00    0.0000000000e+00    0.0000000000e+00    0.0000000000e+00    0.0000000000e+00    0.0000000000e+00
   2.3500000    0.0000000000e+00    0.0000000000e+00    0.0000000000e+00    1.3742228141e-06    8.0000000000e+00    0.0000000000e+00    0.0000000000e+00    0.0000000000e+00    0.0000000000e+00    0.0000000000e+00
   2.4000000    0.0000000000e+00    0.0000000000e+00    0.0000000000e+00    1.3907876752e-06    8.0000000000e+00    0.0000000000e+00    0.0000000000e+00    0.0000000000e+00    0.0000000000e+00    0.0000000000e+00
   2.4500000    0.0000000000e+00    0.0000000000e+00    0.0000000000e+00    1.4071650757e-06    8.0000000000e+00    0.0000000000e+00    0.0000000000e+00    0.0000000000e+00    0.0000000000e+00    0.0000000000e+00
   2.5000000    0.0000000000e+00    0.0000000000e+00    0.0000000000e+00    1.4234450396e-06    8.0000000000e+00    0.0000000000e+00    0.0000000000e+00    0.0000000000e+00    0.0000000000e+00    0.0000000000e+00
   2.5500000    0.0000000000e+00    0.0000000000e+00    0.0000000000e+00    1.4397060420e-06    8.0000000000e+00    0.0000000000e+00    0.0000000000e+00    0.0000000000e+00    0.0000000000e+00    0.0000000000e+00
   2.6000000    0.0000000000e+00    0.0000000000e+00    0.0000000000e+00    1.4560089743e-06    8.0000000000e+00    0.0000000000e+00    0.0000000000e+00    0.0000000000e+00    0.0000000000e+00    0.0000000000e+00
   2.6500000    0.0000000000e+00    0.0000000000e+00    0.0000000000e+00    1.4723948167e-06    8.0000000000e+00    0.0000000000e+00    0.0000000000e+00    0.0000000000e+00    0.0000000000e+00    0.0000000000e+00
   2.7000000    0.0000000000e+00    0.0000000000e+00    0.0000000000e+00    1.4888854502e-06    8.0000000000e+00    0.0000000000e+00    0.0000000000e+00    0.0000000000e+00    0.0000000000e+00    0.0000000000e+00
   2.7500000    0.0000000000e+00    0.0000000000e+00    0.0000000000e+00    1.5054865696e-06    8.0000000000e+00    0.0000000000e+00    0.0000000000e+00    0.0000000000e+00    0.0000000000e+00    0.0000000000e+00
   2.8000000    0.0000000000e+00    0.0000000000e+00    0.0000000000e+00    1.5221915943e-06    8.0000000000e+00    0.0000000000e+00    0.0000000000e+00    0.0000000000e+00    0.0000000000e+00    0.0000000000e+00
   2.8500000    0.0000000000e+00    0.0000000000e+00    0.0000000000e+00    1.5389856846e-06    8.0000000000e+00    0.0000000000e+00    0.0000000000e+00    0.0000000000e+00    0.0000000000e+00    0.0000000000e+00
   2.9000000    0.0000000000e+00    0.0000000000e+00    0.0000000000e+00    1.5558492886e-06    8.0000000000e+00    0.0000000000e+00    0.0000000000e+00    0.0000000000e+00    0.0000000000e+00    0.0000000000e+00
   2.9500000    0.0000000000e+00    0.0000000000e+00    0.0000000000e+00    1.5727609463e-06    8.0000000000e+00    0.0000000000e+00    0.0000000000e+00    0.0000000000e+00    0.0000000000e+00    0.0000000000e+00
   3.0000000    0.0000000000e+00    0.0000000000e+00    0.0000000000e+00    1.5896993024e-06    8.0000000000e+00    0.0000000000e+00    0.0000000000e+00    0.0000000000e+00    0.0000000000e+00    0.0000000000e+00
   3.0500000    0.0000000000e+00    0.0000000000e+00    0.0000000000e+00    1.6066444104e-06    8.0000000000e+00    0.0000000000e+00    0.0000000000e+00    0.0000000000e+00    0.0000000000e+00    0.0000000000e+00
   3.1000000    0.0000000000e+00    0.0000000000e+00    0.0000000000e+00    1.6235784693e-06    8.0000000000e+00    0.0000000000e+00    0.0000000000e+00    0.0000000000e+00    0.0000000000e+00    0.0000000000e+00
   3.1500000    0.0000000000e+00    0.0000000000e+00    0.0000000000e+00    1.6404861431e-06    8.0000000000e+00    0.0000000000e+00    0.0000000000e+00    0.0000000000e+00    0.0000000000e+00    0.0000000000e+00
   3.2000000    0.0000000000e+00    0.0000000000e+00    0.0000000000e+00    1.6573545958e-06    8.0000000000e+00    0.0000000000e+00    0.0000000000e+00    0.0000000000e+00    0.0000000000e+00    0.0000000000e+00
   3.2500000    0.0000000000e+00    0.0000000000e+00    0.0000000000e+00    1.6741733466e-06    8.0000000000e+00    0.0000000000e+00    0.0000000000e+00    0.0000000000e+00    0.0000000000e+00    0.0000000000e+00
   3.3000000    0.0000000000e+00    0.0000000000e+00    0.0000000000e+00    1.6909340248e-06    8.0000000000e+00    0.0000000000e+00    0.0000000000e+00    0.0000000000e+00    0.0000000000e+00    0.0000000000e+00
   3.3500000    0.0000000000e+00    0.0000000000e+00    0.0000000000e+00    1.7076300807e-06    8.0000000000e+00    0.0000000000e+00    0.0000000000e+00    0.0000000000e+00    0.0000000000e+00    0.0000000000e+00
   3.4000000    0.0000000000e+00    0.0000000000e+00    0.0000000000e+00    1.7242564855e-06    8.0000000000e+00    0.0000000000e+00    0.0000000000e+00    0.0000000000e+00    0.0000000000e+00    0.0000000000e+00
   3.4500000    0.0000000000e+00    0.0000000000e+00    0.0000000000e+00    1.7408094284e-06    8.0000000000e+00    0.0000000000e+00    0.0000000000e+00    0.0000000000e+00    0.0000000000e+00    0.0000000000e+00
   3.5000000    0.0000000000e+00    0.0000000000e+00    0.0000000000e+00    1.7572860259e-06    8.0000000000e+00    0.0000000000e+00    0.0000000000e+00    0.0000000000e+00    0.0000000000e+00    0.0000000000e+00
   3.5500000    0.0000000000e+00    0.0000000000e+00    0.0000000000e+00    1.7736840744e-06    8.0000000000e+00    0.0000000000e+00    0.0000000000e+00    0.0000000000e+00    0.0000000000e+00    0.0000000000e+00
   3.6000000    0.0000000000e+00    0.0000000000e+00    0.0000000000e+00    1.7900018672e-06    8.0000000000e+00    0.0000000000e+00    0.0000000000e+00    0.0000000000e+00    0.0000000000e+00    0.0000000000e+00
   3.6500000    0.0000000000e+00    0.0000000000e+00    0.0000000000e+00    1.8062380632e-06    8.0000000000e+00    0.0000000000e+00    0.0000000000e+00    0.0000000000e+00    0.0000000000e+00    0.0000000000e+00
   3.7000000    0.0000000000e+00    0.0000000000e+00    0.0000000000e+00    1.8223915906e-06    8.0000000000e+00    0.0000000000e+00    0.0000000000e+00    0.0000000000e+00    0.0000000000e+00    0.0000000000e+00
   3.7500000    0.0000000000e+00    0.0000000000e+00    0.0000000000e+00    1.8384615954e-06    8.0000000000e+00    0.0000000000e+00    0.0000000000e+00    0.0000000000e+00    0.0000000000e+00    0.0000000000e+00
   3.8000000    0.0000000000e+00    0.0000000000e+00    0.0000000000e+00    1.8544474361e-06    8.0000000000e+00    0.0000000000e+00    0.0000000000e+00    0.0000000000e+00    0.0000000000e+00    0.0000000000e+00
   3.8500000    0.0000000000e+00    0.0000000000e+00    0.0000000000e+00    1.8703487050e-06    8.0000000000e+00    0.0000000000e+00    0.0000000000e+00    0.0000000000e+00    0.0000000000e+00    0.0000000000e+00
   3.9000000    0.0000000000e+00    0.0000000000e+00    0.0000000000e+00    1.8861652533e-06    8.0000000000e+00    0.0000000000e+00    0.0000000000e+00    0.0000000000e+00    0.0000000000e+00    0.0000000000e+00
   3.9500000    0.0000000000e+00    0.0000000000e+00    0.0000000000e+00    1.9018972092e-06    8.0000000000e+00    0.0000000000e+00    0.0000000000e+00    0.0000000000e+00    0.0000000000e+00    0.0000000000e+00
   4.0000000    0.0000000000e+00    0.0000000000e+00    0.0000000000e+00    1.9175449759e-06    8.0000000000e+00    0.0000000000e+00    0.0000000000e+00    0.0000000000e+00    0.0000000000e+00    0.0000000000e+00
   4.0500000    0.0000000000e+00    0.0000000000e+00    0.0000000000e+00    1.9331091994e-06    8.0000000000e+00    0.0000000000e+00    0.0000000000e+00    0.0000000000e+00    0.0000000000e+00    0.0000000000e+00
   4.1000000    0.0000000000e+00    0.0000000000e+00    0.0000000000e+00    1.9485907030e-06    8.0000000000e+00    0.0000000000e+00    0.0000000000e+00    0.0000000000e+00    0.0000000000e+00    0.0000000000e+00
   4.1500000    0.0000000000e+00    0.0000000000e+00    0.0000000000e+00    1.9639903994e-06    8.0000000000e+00    0.0000000000e+00    0.0000000000e+00    0.0000000000e+00    0.0000000000e+00    0.0000000000e+00
   4.2000000    0.0000000000e+00    0.0000000000e+00    0.0000000000e+00    1.9793091901e-06    8.0000000000e+00    0.0000000000e+00    0.0000000000e+00    0.0000000000e+00    0.0000000000e+00    0.0000000000e+00
   4.2500000    0.0000000000e+00    0.0000000000e+00    0.0000000000e+00    1.9945478697e-06    8.0000000000e+00    0.0000000000e+00    0.0000000000e+00    0.0000000000e+00    0.0000000000e+00    0.0000000000e+00
   4.3000000    0.0000000000e+00    0.0000000000e+00    0.0000000000e+00    2.0097070511e-06    8.0000000000e+00    0.0000000000e+00    0.0000000000e+00    0.0000000000e+00    0.0000000000e+00    0.0000000000e+00
   4.3500000    0.0000000000e+00    0.0000000000e+00    0.0000000000e+00    2.0247871234e-06    8.0000000000e+00    0.0000000000e+00    0.0000000000e+00    0.0000000000e+00    0.0000000000e+00    0.0000000000e+00
   4.4000000    0.0000000000e+00    0.0000000000e+00    0.0000000000e+00    2.0397882494e-06    8.0000000000e+00    0.0000000000e+00    0.0000000000e+00    0.0000000000e+00    0.0000000000e+00    0.0000000000e+00
   4.4500000    0.0000000000e+00    0.0000000000e+00    0.0000000000e+00    2.0547103969e-06    8.0000000000e+00    0.0000000000e+00    0.0000000000e+00    0.0000000000e+00    0.0000000000e+00    0.0000000000e+00
   4.5000000    0.0000000000e+00    0.0000000000e+00    0.0000000000e+00    2.0695533975e-06    8.0000000000e+00    0.0000000000e+00    0.0000000000e+00    0.0000000000e+00    0.0000000000e+00    0.0000000000e+00
   4.5500000    0.0000000000e+00    0.0000000000e+00    0.0000000000e+00    2.0843170149e-06    8.0000000000e+00    0.0000000000e+00    0.0000000000e+00    0.0000000000e+00    0.0000000000e+00    0.0000000000e+00
   4.6000000    0.0000000000e+00    0.0000000000e+00    0.0000000000e+00    2.0990010094e-06    8.0000000000e+00    0.0000000000e+00    0.0000000000e+00    0.0000000000e+00    0.0000000000e+00    0.0000000000e+00
   4.6500000    0.0000000000e+00    0.0000000000e+00    0.0000000000e+00    2.1136051865e-06    8.0000000000e+00    0.0000000000e+00    0.0000000000e+00    0.0000000000e+00    0.0000000000e+00    0.0000000000e+00
   4.7000000    0.0000000000e+00    0.0000000000e+00    0.0000000000e+00    2.1281294217e-06    8.0000000000e+00    0.0000000000e+00    0.0000000000e+00    0.0000000000e+00    0.0000000000e+00    0.0000000000e+00
   4.7500000    0.0000000000e+00    0.0000000000e+00    0.0000000000e+00    2.1425736633e-06    8.0000000000e+00    0.0000000000e+00    0.0000000000e+00    0.0000000000e+00    0.0000000000e+00    0.0000000000e+00
   4.8000000    0.0000000000e+00    0.0000000000e+00    0.0000000000e+00    2.1569379152e-06    8.0000000000e+00    0.0000000000e+00    0.0000000000e+00    0.0000000000e+00    0.0000000000e+00    0.0000000000e+00
   4.8500000    0.0000000000e+00    0.0000000000e+00    0.0000000000e+00    2.1712222084e-06    8.0000000000e+00    0.0000000000e+00    0.0000000000e+00    0.0000000000e+00    0.0000000000e+00    0.0000000000e+00
   4.9000000    0.0000000000e+00    0.0000000000e+00    0.0000000000e+00    2.1854265652e-06    8.0000000000e+00    0.0000000000e+00    0.0000000000e+00    0.0000000000e+00    0.0000000000e+00    0.0000000000e+00
   4.9500000    0.0000000000e+00    0.0000000000e+00    0.0000000000e+00    2.1995509627e-06    8.0000000000e+00    0.0000000000e+00    0.0000000000e+00    0.0000000000e+00    0.0000000000e+00    0.0000000000e+00
   5.0000000    0.0000000000e+00    0.0000000000e+00    0.0000000000e+00    2.2135952996e-06    8.0000000000e+00    0.0000000000e+00    0.0000000000e+00    0.0000000000e+00    0.0000000000e+00    0.0000000000e+00
   5.0500000    0.0000000000e+00    0.0000000000e+00    0.0000000000e+00    2.2275593701e-06    8.0000000000e+00    0.0000000000e+00    0.0000000000e+00    0.0000000000e+00    0.0000000000e+00    0.0000000000e+00
   5.1000000    0.0000000000e+00    0.0000000000e+00    0.0000000000e+00    2.2414428477e-06    8.0000000000e+00    0.0000000000e+00    0.0000000000e+00    0.0000000000e+00    0.0000000000e+00    0.0000000000e+00
   5.1500000    0.0000000000e+00    0.0000000000e+00    0.0000000000e+00    2.2552452760e-06    8.0000000000e+00    0.0000000000e+00    0.0000000000e+00    0.0000000000e+00    0.0000000000e+00    0.0000000000e+00
   5.2000000    0.0000000000e+00    0.0000000000e+00    0.0000000000e+00    2.2689660630e-06    8.0000000000e+00    0.0000000000e+00    0.0000000000e+00    0.0000000000e+00    0.0000000000e+00    0.0000000000e+00
   5.2500000    0.0000000000e+00    0.0000000000e+00    0.0000000000e+00    2.2826044731e-06    8.0000000000e+00    0.0000000000e+00    0.0000000000e+00    0.0000000000e+00    0.0000000000e+00    0.0000000000e+00
   5.3000000    0.0000000000e+00    0.0000000000e+00    0.0000000000e+00    2.2961596164e-06    8.0000000000e+00    0.0000000000e+00    0.0000000000e+00    0.0000000000e+00    0.0000000000e+00    0.0000000000e+00
   5.3500000    0.0000000000e+00    0.0000000000e+00    0.0000000000e+00    2.3096304398e-06    8.0000000000e+00    0.0000000000e+00    0.0000000000e+00    0.0000000000e+00    0.0000000000e+00    0.0000000000e+00
   5.4000000    0.0000000000e+00    0.0000000000e+00    0.0000000000e+00    2.3230157232e-06    8.0000000000e+00    0.0000000000e+00    0.0000000000e+00    0.0000000000e+00    0.0000000000e+00    0.0000000000e+00
   5.4500000    0.0000000000e+00    0.0000000000e+00    0.0000000000e+00    2.3363140832e-06    8.0000000000e+00    0.0000000000e+00    0.0000000000e+00    0.0000000000e+00    0.0000000000e+00    0.0000000000e+00
   5.5000000    0.0000000000e+00    0.0000000000e+00    0.0000000000e+00    2.3495239780e-06    8.0000000000e+00    0.0000000000e+00    0.0000000000e+00    0.0000000000e+00    0.0000000000e+00    0.0000000000e+00
   5.5500000    0.0000000000e+00    0.0000000000e+00    0.0000000000e+00    2.3626437103e-06    8.0000000000e+00    0.0000000000e+00    0.0000000000e+00    0.0000000000e+00    0.0000000000e+00    0.0000000000e+00
   5.6000000    0.0000000000e+00    0.0000000000e+00    0.0000000000e+00    2.3756714287e-06    8.0000000000e+00    0.0000000000e+00    0.0000000000e+00    0.0000000000e+00    0.0000000000e+00    0.0000000000e+00
   5.6500000    0.0000000000e+00    0.0000000000e+00    0.0000000000e+00    2.3886051339e-06    8.0000000000e+00    0.0000000000e+00    0.0000000000e+00    0.0000000000e+00    0.0000000000e+00    0.0000000000e+00
   5.7000000    0.0000000000e+00    0.0000000000e+00    0.0000000000e+00    2.4014426927e-06    8.0000000000e+00    0.0000000000e+00    0.0000000000e+00    0.0000000000e+00    0.0000000000e+00    0.0000000000e+00
   5.7500000    0.0000000000e+00    0.0000000000e+00    0.0000000000e+00    2.4141818606e-06    8.0000000000e+00    0.0000000000e+00    0.0000000000e+00    0.0000000000e+00    0.0000000000e+00    0.0000000000e+00
   5.8000000    0.0000000000e+00    0.0000000000e+00    0.0000000000e+00    2.4268203052e-06    8.0000000000e+00    0.0000000000e+00    0.0000000000e+00    0.0000000000e+00    0.0000000000e+00    0.0000000000e+00
   5.8500000    0.0000000000e+00    0.0000000000e+00    0.0000000000e+00    2.4393556319e-06    8.0000000000e+00    0.0000000000e+00    0.0000000000e+00    0.0000000000e+00    0.0000000000e+00    0.0000000000e+00
   5.9000000    0.0000000000e+00    0.0000000000e+00    0.0000000000e+00    2.4517854108e-06    8.0000000000e+00    0.0000000000e+00    0.0000000000e+00    0.0000000000e+00    0.0000000000e+00    0.0000000000e+00
   5.9500000    0.0000000000e+00    0.0000000000e+00    0.0000000000e+00    2.4641072115e-06    8.0000000000e+00    0.0000000000e+00    0.0000000000e+00    0.0000000000e+00    0.0000000000e+00    0.0000000000e+00
   6.0000000    0.0000000000e+00    0.0000000000e+00    0.0000000000e+00    2.4763186445e-06    8.0000000000e+00    0.0000000000e+00    0.0000000000e+00    0.0000000000e+00    0.0000000000e+00    0.0000000000e+00
   6.0500000    0.0000000000e+00    0.0000000000e+00    0.0000000000e+00    2.4884174080e-06    8.0000000000e+00    0.0000000000e+00    0.0000000000e+00    0.0000000000e+00    0.0000000000e+00    0.0000000000e+00
   6.1000000    0.0000000000e+00    0.0000000000e+00    0.0000000000e+00    2.5004013358e-06    8.0000000000e+00    0.0000000000e+00    0.0000000000e+00    0.0000000000e+00    0.0000000000e+00    0.0000000000e+00
   6.1500000    0.0000000000e+00    0.0000000000e+00    0.0000000000e+00    2.5122684475e-06    8.0000000000e+00    0.0000000000e+00    0.0000000000e+00    0.0000000000e+00    0.0000000000e+00    0.0000000000e+00
   6.2000000    0.0000000000e+00    0.0000000000e+00    0.0000000000e+00    2.5240169994e-06    8.0000000000e+00    0.0000000000e+00    0.0000000000e+00    0.0000000000e+00    0.0000000000e+00    0.0000000000e+00
   6.2500000    0.0000000000e+00    0.0000000000e+00    0.0000000000e+00    2.5356455381e-06    8.0000000000e+00    0.0000000000e+00    0.0000000000e+00    0.0000000000e+00    0.0000000000e+00    0.0000000000e+00
   6.3000000    0.0000000000e+00    0.0000000000e+00    0.0000000000e+00    2.5471529548e-06    8.0000000000e+00    0.0000000000e+00    0.0000000000e+00    0.0000000000e+00    0.0000000000e+00    0.0000000000e+00
   6.3500000    0.0000000000e+00    0.0000000000e+00    0.0000000000e+00    2.5585385378e-06    8.0000000000e+00    0.0000000000e+00    0.0000000000e+00    0.0000000000e+00    0.0000000000e+00    0.0000000000e+00
   6.4000000    0.0000000000e+00    0.0000000000e+00    0.0000000000e+00    2.5698020219e-06    8.0000000000e+00    0.0000000000e+00    0.0000000000e+00    0.0000000000e+00    0.0000000000e+00    0.0000000000e+00
   6.4500000    0.0000000000e+00    0.0000000000e+00    0.0000000000e+00    2.5809436320e-06    8.0000000000e+00    0.0000000000e+00    0.0000000000e+00    0.0000000000e+00    0.0000000000e+00    0.0000000000e+00
   6.5000000    0.0000000000e+00    0.0000000000e+00    0.0000000000e+00    2.5919641207e-06    8.0000000000e+00    0.0000000000e+00    0.0000000000e+00    0.0000000000e+00    0.0000000000e+00    0.0000000000e+00
   6.5500000    0.0000000000e+00    0.0000000000e+00    0.0000000000e+00    2.6028647975e-06    8.0000000000e+00    0.0000000000e+00    0.0000000000e+00    0.0000000000e+00    0.0000000000e+00    0.0000000000e+00
   6.6000000    0.0000000000e+00    0.0000000000e+00    0.0000000000e+00    2.6136475498e-06    8.0000000000e+00    0.0000000000e+00    0.0000000000e+00    0.0000000000e+00    0.0000000000e+00    0.0000000000e+00
   6.6500000    0.0000000000e+00    0.0000000000e+00    0.0000000000e+00    2.6243148535e-06    8.0000000000e+00    0.0000000000e+00    0.0000000000e+00    0.0000000000e+00    0.0000000000e+00    0.0000000000e+00
   6.7000000    0.0000000000e+00    0.0000000000e+00    0.0000000000e+00    2.6348697718e-06    8.0000000000e+00    0.0000000000e+00    0.0000000000e+00    0.0000000000e+00    0.0000000000e+00    0.0000000000e+00
   6.7500000    0.0000000000e+00    0.0000000000e+00    0.0000000000e+00    2.6453159406e-06    8.0000000000e+00    0.0000000000e+00    0.0000000000e+00    0.0000000000e+00    0.0000000000e+00    0.0000000000e+00
   6.8000000    0.0000000000e+00    0.0000000000e+00    0.0000000000e+00    2.6556575387e-06    8.0000000000e+00    0.0000000000e+00    0.0000000000e+00    0.0000000000e+00    0.0000000000e+00    0.0000000000e+00
   6.8500000    0.0000000000e+00    0.0000000000e+00    0.0000000000e+00    2.6658992438e-06    8.0000000000e+00    0.0000000000e+00    0.0000000000e+00    0.0000000000e+00    0.0000000000e+00    0.0000000000e+00
   6.9000000    0.0000000000e+00    0.0000000000e+00    0.0000000000e+00    2.6760461781e-06    8.0000000000e+00    0.0000000000e+00    0.0000000000e+00    0.0000000000e+00    0.0000000000e+00    0.0000000000e+00
   6.9500000    0.0000000000e+00    0.0000000000e+00    0.0000000000e+00    2.6861038435e-06    8.0000000000e+00    0.0000000000e+00    0.0000000000e+00    0.0000000000e+00    0.0000000000e+00    0.0000000000e+00
   7.0000000    0.0000000000e+00    0.0000000000e+00    0.0000000000e+00    2.6960780444e-06    8.0000000000e+00    0.0000000000e+00    0.0000000000e+00    0.0000000000e+00    0.0000000000e+00    0.0000000000e+00
   7.0500000    0.0000000000e+00    0.0000000000e+00    0.0000000000e+00    2.7059747898e-06    8.0000000000e+00    0.0000000000e+00    0.0000000000e+00    0.0000000000e+00    0.0000000000e+00    0.0000000000e+00
   7.1000000    0.0000000000e+00    0.0000000000e+00    0.0000000000e+00    2.7158001758e-06    8.0000000000e+00    0.0000000000e+00    0.0000000000e+00    0.0000000000e+00    0.0000000000e+00    0.0000000000e+00
   7.1500000    0.0000000000e+00    0.0000000000e+00    0.0000000000e+00    2.7255602624e-06    8.0000000000e+00    0.0000000000e+00    0.0000000000e+00    0.0000000000e+00    0.0000000000e+00    0.0000000000e+00
   7.2000000    0.0000000000e+00    0.0000000000e+00    0.0000000000e+00    2.7352609566e-06    8.0000000000e+00    0.0000000000e+00    0.0000000000e+00    0.0000000000e+00    0.0000000000e+00    0.0000000000e+00
   7.2500000    0.0000000000e+00    0.0000000000e+00    0.0000000000e+00    2.7449078974e-06    8.0000000000e+00    0.0000000000e+00    0.0000000000e+00    0.0000000000e+00    0.0000000000e+00    0.0000000000e+00
   7.3000000    0.0000000000e+00    0.0000000000e+00    0.0000000000e+00    2.7545063261e-06    8.0000000000e+00    0.0000000000e+00    0.0000000000e+00    0.0000000000e+00    0.0000000000e+00    0.0000000000e+00
   7.3500000    0.0000000000e+00    0.0000000000e+00    0.0000000000e+00    2.7640609399e-06    8.0000000000e+00    0.0000000000e+00    0.0000000000e+00    0.0000000000e+00    0.0000000000e+00    0.0000000000e+00
   7.4000000    0.0000000000e+00    0.0000000000e+00    0.0000000000e+00    2.7735757520e-06    8.0000000000e+00    0.0000000000e+00    0.0000000000e+00    0.0000000000e+00    0.0000000000e+00    0.0000000000e+00
   7.4500000    0.0000000000e+00    0.0000000000e+00    0.0000000000e+00    2.7830539746e-06    8.0000000000e+00    0.0000000000e+00    0.0000000000e+00    0.0000000000e+00    0.0000000000e+00    0.0000000000e+00
   7.5000000    0.0000000000e+00    0.0000000000e+00    0.0000000000e+00    2.7924979109e-06    8.0000000000e+00    0.0000000000e+00    0.0000000000e+00    0.0000000000e+00    0.0000000000e+00    0.0000000000e+00
   7.5500000    0.0000000000e+00    0.0000000000e+00    0.0000000000e+00    2.8019088380e-06    8.0000000000e+00    0.0000000000e+00    0.0000000000e+00    0.0000000000e+00    0.0000000000e+00    0.0000000000e+00
   7.6000000    0.0000000000e+00    0.0000000000e+00    0.0000000000e+00    2.8112868935e-06    8.0000000000e+00    0.0000000000e+00    0.0000000000e+00    0.0000000000e+00    0.0000000000e+00    0.0000000000e+00
   7.6500000    0.0000000000e+00    0.0000000000e+00    0.0000000000e+00    2.8206309880e-06    8.0000000000e+00    0.0000000000e+00    0.0000000000e+00    0.0000000000e+00    0.0000000000e+00    0.0000000000e+00
   7.7000000    0.0000000000e+00    0.0000000000e+00    0.0000000000e+00    2.8299387421e-06    8.0000000000e+00    0.0000000000e+00    0.0000000000e+00    0.0000000000e+00    0.0000000000e+00    0.0000000000e+00
   7.7500000    0.0000000000e+00    0.0000000000e+00    0.0000000000e+00    2.8392064292e-06    8.0000000000e+00    0.0000000000e+00    0.0000000000e+00    0.0000000000e+00    0.0000000000e+00    0.0000000000e+00
   7.8000000    0.0000000000e+00    0.0000000000e+00    0.0000000000e+00    2.8484289260e-06    8.0000000000e+00    0.0000000000e+00    0.0000000000e+00    0.0000000000e+00    0.0000000000e+00    0.0000000000e+00
   7.8500000    0.0000000000e+00    0.0000000000e+00    0.0000000000e+00    2.8575996914e-06    8.0000000000e+00    0.0000000000e+00    0.0000000000e+00    0.0000000000e+00    0.0000000000e+00    0.0000000000e+00
   7.9000000    0.0000000000e+00    0.0000000000e+00    0.0000000000e+00    2.8667107738e-06    8.0000000000e+00    0.0000000000e+00    0.0000000000e+00    0.0000000000e+00    0.0000000000e+00    0.0000000000e+00
   7.9500000    0.0000000000e+00    0.0000000000e+00    0.0000000000e+00    2.8757528339e-06    8.0000000000e+00    0.0000000000e+00    0.0000000000e+00    0.0000000000e+00    0.0000000000e+00    0.0000000000e+00
   8.0000000    0.0000000000e+00    0.0000000000e+00    0.0000000000e+00    2.8847151838e-06    8.0000000000e+00    0.0000000000e+00    0.0000000000e+00    0.0000000000e+00    0.0000000000e+00    0.0000000000e+00
   8.0500000    0.0000000000e+00    0.0000000000e+00    0.0000000000e+00    2.8935858502e-06    8.0000000000e+00    0.0000000000e+00    0.0000000000e+00    0.0000000000e+00    0.0000000000e+00    0.0000000000e+00
   8.1000000    0.0000000000e+00    0.0000000000e+00    0.0000000000e+00    2.9023516585e-06    8.0000000000e+00    0.0000000000e+00    0.0000000000e+00    0.0000000000e+00    0.0000000000e+00    0.0000000000e+00
   8.1500000    0.0000000000e+00    0.0000000000e+00    0.0000000000e+00    2.9109983316e-06    8.0000000000e+00    0.0000000000e+00    0.0000000000e+00    0.0000000000e+00    0.0000000000e+00    0.0000000000e+00
   8.2000000    0.0000000000e+00    0.0000000000e+00    0.0000000000e+00    2.9195106070e-06    8.0000000000e+00    0.0000000000e+00    0.0000000000e+00    0.0000000000e+00    0.0000000000e+00    0.0000000000e+00
   8.2500000    0.0000000000e+00    0.0000000000e+00    0.0000000000e+00    2.9278723769e-06    8.0000000000e+00    0.0000000000e+00    0.0000000000e+00    0.0000000000e+00    0.0000000000e+00    0.0000000000e+00
   8.3000000    0.0000000000e+00    0.0000000000e+00    0.0000000000e+00    2.9360668462e-06    8.0000000000e+00    0.0000000000e+00    0.0000000000e+00    0.0000000000e+00    0.0000000000e+00    0.0000000000e+00
   8.3500000    0.0000000000e+00    0.0000000000e+00    0.0000000000e+00    2.9440767028e-06    8.0000000000e+00    0.0000000000e+00    0.0000000000e+00    0.0000000000e+00    0.0000000000e+00    0.0000000000e+00
   8.4000000    0.0000000000e+00    0.0000000000e+00    0.0000000000e+00    2.9518843046e-06    8.0000000000e+00    0.0000000000e+00    0.0000000000e+00    0.0000000000e+00    0.0000000000e+00    0.0000000000e+00
   8.4500000    0.0000000000e+00    0.0000000000e+00    0.0000000000e+00    2.9594718827e-06    8.0000000000e+00    0.0000000000e+00    0.0000000000e+00    0.0000000000e+00    0.0000000000e+00    0.0000000000e+00
   8.5000000    0.0000000000e+00    0.0000000000e+00    0.0000000000e+00    2.9668217523e-06    8.0000000000e+00    0.0000000000e+00    0.0000000000e+00    0.0000000000e+00    0.0000000000e+00    0.0000000000e+00
   8.5500000    0.0000000000e+00    0.0000000000e+00    0.0000000000e+00    2.9739165261e-06    8.0000000000e+00    0.0000000000e+00    0.0000000000e+00    0.0000000000e+00    0.0000000000e+00    0.0000000000e+00
   8.6000000    0.0000000000e+00    0.0000000000e+00    0.0000000000e+00    2.9807393329e-06    8.0000000000e+00    0.0000000000e+00    0.0000000000e+00    0.0000000000e+00    0.0000000000e+00    0.0000000000e+00
   8.6500000    0.0000000000e+00    0.0000000000e+00    0.0000000000e+00    2.9872740425e-06    8.0000000000e+00    0.0000000000e+00    0.0000000000e+00    0.0000000000e+00    0.0000000000e+00    0.0000000000e+00
   8.7000000    0.0000000000e+00    0.0000000000e+00    0.0000000000e+00    2.9935054868e-06    8.0000000000e+00    0.0000000000e+00    0.0000000000e+00    0.0000000000e+00    0.0000000000e+00    0.0000000000e+00
   8.7500000    0.0000000000e+00    0.0000000000e+00    0.0000000000e+00    2.9994196724e-06    8.0000000000e+00    0.0000000000e+00    0.0000000000e+00    0.0000000000e+00    0.0000000000e+00    0.0000000000e+00
   8.8000000    0.0000000000e+00    0.0000000000e+00    0.0000000000e+00    3.0050039852e-06    8.0000000000e+00    0.0000000000e+00    0.0000000000e+00    0.0000000000e+00    0.0000000000e+00    0.0000000000e+00
   8.8500000    0.0000000000e+00    0.0000000000e+00    0.0000000000e+00    3.0102473892e-06    8.0000000000e+00    0.0000000000e+00    0.0000000000e+00    0.0000000000e+00    0.0000000000e+00    0.0000000000e+00
   8.9000000    0.0000000000e+00    0.0000000000e+00    0.0000000000e+00    3.0151406096e-06    8.0000000000e+00    0.0000000000e+00    0.0000000000e+00    0.0000000000e+00    0.0000000000e+00    0.0000000000e+00
   8.9500000    0.0000000000e+00    0.0000000000e+00    0.0000000000e+00    3.0196762921e-06    8.0000000000e+00    0.0000000000e+00    0.0000000000e+00    0.0000000000e+00    0.0000000000e+00    0.0000000000e+00
   9.0000000    0.0000000000e+00    0.0000000000e+00    0.0000000000e+00    3.0238491427e-06    8.0000000000e+00    0.0000000000e+00    0.0000000000e+00    0.0000000000e+00    0.0000000000e+00    0.0000000000e+00
   9.0500000    0.0000000000e+00    0.0000000000e+00    0.0000000000e+00    3.0276560492e-06    8.0000000000e+00    0.0000000000e+00    0.0000000000e+00    0.0000000000e+00    0.0000000000e+00    0.0000000000e+00
   9.1000000    0.0000000000e+00    0.0000000000e+00    0.0000000000e+00    3.0310961744e-06    8.0000000000e+00    0.0000000000e+00    0.0000000000e+00    0.0000000000e+00    0.0000000000e+00    0.0000000000e+00
   9.1500000    0.0000000000e+00    0.0000000000e+00    0.0000000000e+00    3.0341710134e-06    8.0000000000e+00    0.0000000000e+00    0.0000000000e+00    0.0000000000e+00    0.0000000000e+00    0.0000000000e+00
   9.2000000    0.0000000000e+00    0.0000000000e+00    0.0000000000e+00    3.0368844229e-06    8.0000000000e+00    0.0000000000e+00    0.0000000000e+00    0.0000000000e+00    0.0000000000e+00    0.0000000000e+00
   9.2500000    0.0000000000e+00    0.0000000000e+00    0.0000000000e+00    3.0392426233e-06    8.0000000000e+00    0.0000000000e+00    0.0000000000e+00    0.0000000000e+00    0.0000000000e+00    0.0000000000e+00
   9.3000000    0.0000000000e+00    0.0000000000e+00    0.0000000000e+00    3.0412541636e-06    8.0000000000e+00    0.0000000000e+00    0.0000000000e+00    0.0000000000e+00    0.0000000000e+00    0.0000000000e+00
   9.3500000    0.0000000000e+00    0.0000000000e+00    0.0000000000e+00    3.0429298502e-06    8.0000000000e+00    0.0000000000e+00    0.0000000000e+00    0.0000000000e+00    0.0000000000e+00    0.0000000000e+00
   9.4000000    0.0000000000e+00    0.0000000000e+00    0.0000000000e+00    3.0442826470e-06    8.0000000000e+00    0.0000000000e+00    0.0000000000e+00    0.0000000000e+00    0.0000000000e+00    0.0000000000e+00
   9.4500000    0.0000000000e+00    0.0000000000e+00    0.0000000000e+00    3.0453275525e-06    8.0000000000e+00    0.0000000000e+00    0.0000000000e+00    0.0000000000e+00    0.0000000000e+00    0.0000000000e+00
   9.5000000    0.0000000000e+00    0.0000000000e+00    0.0000000000e+00    3.0460814503e-06    8.0000000000e+00    0.0000000000e+00    0.0000000000e+00    0.0000000000e+00    0.0000000000e+00    0.0000000000e+00
   9.5500000    0.0000000000e+00    0.0000000000e+00    0.0000000000e+00    3.0465629363e-06    8.0000000000e+00    0.0000000000e+00    0.0000000000e+00    0.0000000000e+00    0.0000000000e+00    0.0000000000e+00
   9.6000000    0.0000000000e+00    0.0000000000e+00    0.0000000000e+00    3.0467921336e-06    8.0000000000e+00    0.0000000000e+00    0.0000000000e+00    0.0000000000e+00    0.0000000000e+00    0.0000000000e+00
   9.6500000    0.0000000000e+00    0.0000000000e+00    0.0000000000e+00    3.0467904998e-06    8.0000000000e+00    0.0000000000e+00    0.0000000000e+00    0.0000000000e+00    0.0000000000e+00    0.0000000000e+00
   9.7000000    0.0000000000e+00    0.0000000000e+00    0.0000000000e+00    3.0465806299e-06    8.0000000000e+00    0.0000000000e+00    0.0000000000e+00    0.0000000000e+00    0.0000000000e+00    0.0000000000e+00
   9.7500000    0.0000000000e+00    0.0000000000e+00    0.0000000000e+00    3.0461860545e-06    8.0000000000e+00    0.0000000000e+00    0.0000000000e+00    0.0000000000e+00    0.0000000000e+00    0.0000000000e+00
   9.8000000    0.0000000000e+00    0.0000000000e+00    0.0000000000e+00    3.0456310520e-06    8.0000000000e+00    0.0000000000e+00    0.0000000000e+00    0.0000000000e+00    0.0000000000e+00    0.0000000000e+00
   9.8500000    0.0000000000e+00    0.0000000000e+00    0.0000000000e+00    3.0449404853e-06    8.0000000000e+00    0.0000000000e+00    0.0000000000e+00    0.0000000000e+00    0.0000000000e+00    0.0000000000e+00
   9.9000000    0.0000000000e+00    0.0000000000e+00    0.0000000000e+00    3.0441396698e-06    8.0000000000e+00    0.0000000000e+00    0.0000000000e+00    0.0000000000e+00    0.0000000000e+00    0.0000000000e+00
   9.9500000    0.0000000000e+00    0.0000000000e+00    0.0000000000e+00    3.0432542826e-06    8.0000000000e+00    0.0000000000e+00    0.0000000000e+00    0.0000000000e+00    0.0000000000e+00    0.0000000000e+00
  10.0000000    0.0000000000e+00    0.0000000000e+00    0.0000000000e+00    3.0423103312e-06    8.0000000000e+00    0.0000000000e+00    0.0000000000e+00    0.0000000000e+00    0.0000000000e+00    0.0000000000e+00
  10.0500000    0.0000000000e+00    0.0000000000e+00    0.0000000000e+00    3.0413341847e-06    8.0000000000e+00    0.0000000000e+00    0.0000000000e+00    0.0000000000e+00    0.0000000000e+00    0.0000000000e+00
  10.1000000    0.0000000000e+00    0.0000000000e+00    0.0000000000e+00    3.0403526692e-06    8.0000000000e+00    0.0000000000e+00    0.0000000000e+00    0.0000000000e+00    0.0000000000e+00    0.0000000000e+00
  10.1500000    0.0000000000e+00    0.0000000000e+00    0.0000000000e+00    3.0393932287e-06    8.0000000000e+00    0.0000000000e+00    0.0000000000e+00    0.0000000000e+00    0.0000000000e+00    0.0000000000e+00
  10.2000000    0.0000000000e+00    0.0000000000e+00    0.0000000000e+00    3.0384841543e-06    8.0000000000e+00    0.0000000000e+00    0.0000000000e+00    0.0000000000e+00    0.0000000000e+00    0.0000000000e+00
  10.2500000    0.0000000000e+00    0.0000000000e+00    0.0000000000e+00    3.0376548913e-06    8.0000000000e+00    0.0000000000e+00    0.0000000000e+00    0.0000000000e+00    0.0000000000e+00    0.0000000000e+00
  10.3000000    0.0000000000e+00    0.0000000000e+00    0.0000000000e+00    3.0369364262e-06    8.0000000000e+00    0.0000000000e+00    0.0000000000e+00    0.0000000000e+00    0.0000000000e+00    0.0000000000e+00
  10.3500000    0.0000000000e+00    0.0000000000e+00    0.0000000000e+00    3.0363617551e-06    8.0000000000e+00    0.0000000000e+00    0.0000000000e+00    0.0000000000e+00    0.0000000000e+00    0.0000000000e+00
  10.4000000    0.0000000000e+00    0.0000000000e+00    0.0000000000e+00    3.0359664294e-06    8.0000000000e+00    0.0000000000e+00    0.0000000000e+00    0.0000000000e+00    0.0000000000e+00    0.0000000000e+00
  10.4500000    0.0000000000e+00    0.0000000000e+00    0.0000000000e+00    3.0357891719e-06    8.0000000000e+00    0.0000000000e+00    0.0000000000e+00    0.0000000000e+00    0.0000000000e+00    0.0000000000e+00
  10.5000000    0.0000000000e+00    0.0000000000e+00    0.0000000000e+00    3.0358725437e-06    8.0000000000e+00    0.0000000000e+00    0.0000000000e+00    0.0000000000e+00    0.0000000000e+00    0.0000000000e+00
  10.5500000    0.0000000000e+00    0.0000000000e+00    0.0000000000e+00    3.0362636352e-06    8.0000000000e+00    0.0000000000e+00    0.0000000000e+00    0.0000000000e+00    0.0000000000e+00    0.0000000000e+00
  10.6000000    0.0000000000e+00    0.0000000000e+00    0.0000000000e+00    3.0370147551e-06    8.0000000000e+00    0.0000000000e+00    0.0000000000e+00    0.0000000000e+00    0.0000000000e+00    0.0000000000e+00
  10.6500000    0.0000000000e+00    0.0000000000e+00    0.0000000000e+00    3.0381840963e-06    8.0000000000e+00    0.0000000000e+00    0.0000000000e+00    0.0000000000e+00    0.0000000000e+00    0.0000000000e+00
  10.7000000    0.0000000000e+00    0.0000000000e+00    0.0000000000e+00    3.0398363528e-06    8.0000000000e+00    0.0000000000e+00    0.0000000000e+00    0.0000000000e+00    0.0000000000e+00    0.0000000000e+00
  10.7500000    0.0000000000e+00    0.0000000000e+00    0.0000000000e+00    3.0420432514e-06    8.0000000000e+00    0.0000000000e+00    0.0000000000e+00    0.0000000000e+00    0.0000000000e+00    0.0000000000e+00
  10.8000000    0.0000000000e+00    0.0000000000e+00    0.0000000000e+00    3.0448839581e-06    8.0000000000e+00    0.0000000000e+00    0.0000000000e+00    0.0000000000e+00    0.0000000000e+00    0.0000000000e+00
  10.8500000    0.0000000000e+00    0.0000000000e+00    0.0000000000e+00    3.0484453101e-06    8.0000000000e+00    0.0000000000e+00    0.0000000000e+00    0.0000000000e+00    0.0000000000e+00    0.0000000000e+00
  10.9000000    0.0000000000e+00    0.0000000000e+00    0.0000000000e+00    3.0528218134e-06    8.0000000000e+00    0.0000000000e+00    0.0000000000e+00    0.0000000000e+00    0.0000000000e+00    0.0000000000e+00
  10.9500000    0.0000000000e+00    0.0000000000e+00    0.0000000000e+00    3.0581153380e-06    8.0000000000e+00    0.0000000000e+00    0.0000000000e+00    0.0000000000e+00    0.0000000000e+00    0.0000000000e+00
  11.0000000    0.0000000000e+00    0.0000000000e+00    0.0000000000e+00    3.0644344454e-06    8.0000000000e+00    0.0000000000e+00    0.0000000000e+00    0.0000000000e+00    0.0000000000e+00    0.0000000000e+00
  11.0500000    0.0000000000e+00    0.0000000000e+00    0.0000000000e+00    3.0718932807e-06    8.0000000000e+00    0.0000000000e+00    0.0000000000e+00    0.0000000000e+00    0.0000000000e+00    0.0000000000e+00
  11.1000000    0.0000000000e+00    0.0000000000e+00    0.0000000000e+00    3.0806099615e-06    8.0000000000e+00    0.0000000000e+00    0.0000000000e+00    0.0000000000e+00    0.0000000000e+00    0.0000000000e+00
  11.1500000    0.0000000000e+00    0.0000000000e+00    0.0000000000e+00    3.0907043889e-06    8.0000000000e+00    0.0000000000e+00    0.0000000000e+00    0.0000000000e+00    0.0000000000e+00    0.0000000000e+00
  11.2000000    0.0000000000e+00    0.0000000000e+00    0.0000000000e+00    3.1022953985e-06    8.0000000000e+00    0.0000000000e+00    0.0000000000e+00    0.0000000000e+00    0.0000000000e+00    0.0000000000e+00
  11.2500000    0.0000000000e+00    0.0000000000e+00    0.0000000000e+00    3.1154971646e-06    8.0000000000e+00    0.0000000000e+00    0.0000000000e+00    0.0000000000e+00    0.0000000000e+00    0.0000000000e+00
  11.3000000    0.0000000000e+00    0.0000000000e+00    0.0000000000e+00    3.1304147705e-06    8.0000000000e+00    0.0000000000e+00    0.0000000000e+00    0.0000000000e+00    0.0000000000e+00    0.0000000000e+00
  11.3500000    0.0000000000e+00    0.0000000000e+00    0.0000000000e+00    3.1471388601e-06    8.0000000000e+00    0.0000000000e+00    0.0000000000e+00    0.0000000000e+00    0.0000000000e+00    0.0000000000e+00
  11.4000000    0.0000000000e+00    0.0000000000e+00    0.0000000000e+00    3.1657392920e-06    8.0000000000e+00    0.0000000000e+00    0.0000000000e+00    0.0000000000e+00    0.0000000000e+00    0.0000000000e+00
  11.4500000    0.0000000000e+00    0.0000000000e+00    0.0000000000e+00    3.1862577248e-06    8.0000000000e+00    0.0000000000e+00    0.0000000000e+00    0.0000000000e+00    0.0000000000e+00    0.0000000000e+00
  11.5000000    0.0000000000e+00    0.0000000000e+00    0.0000000000e+00    3.2086990718e-06    8.0000000000e+00    0.0000000000e+00    0.0000000000e+00    0.0000000000e+00    0.0000000000e+00    0.0000000000e+00
  11.5500000    0.0000000000e+00    0.0000000000e+00    0.0000000000e+00    3.2330217746e-06    8.0000000000e+00    0.0000000000e+00    0.0000000000e+00    0.0000000000e+00    0.0000000000e+00    0.0000000000e+00
  11.6000000    0.0000000000e+00    0.0000000000e+00    0.0000000000e+00    3.2591268528e-06    8.0000000000e+00    0.0000000000e+00    0.0000000000e+00    0.0000000000e+00    0.0000000000e+00    0.0000000000e+00
  11.6500000    0.0000000000e+00    0.0000000000e+00    0.0000000000e+00    3.2868457062e-06    8.0000000000e+00    0.0000000000e+00    0.0000000000e+00    0.0000000000e+00    0.0000000000e+00    0.0000000000e+00
  11.7000000    0.0000000000e+00    0.0000000000e+00    0.0000000000e+00    3.3159266720e-06    8.0000000000e+00    0.0000000000e+00    0.0000000000e+00    0.0000000000e+00    0.0000000000e+00    0.0000000000e+00
  11.7500000    0.0000000000e+00    0.0000000000e+00    0.0000000000e+00    3.3460203727e-06    8.0000000000e+00    0.0000000000e+00    0.0000000000e+00    0.0000000000e+00    0.0000000000e+00    0.0000000000e+00
  11.8000000    0.0000000000e+00    0.0000000000e+00    0.0000000000e+00    3.3766639274e-06    8.0000000000e+00    0.0000000000e+00    0.0000000000e+00    0.0000000000e+00    0.0000000000e+00    0.0000000000e+00
  11.8500000    0.0000000000e+00    0.0000000000e+00    0.0000000000e+00    3.4072641442e-06    8.0000000000e+00    0.0000000000e+00    0.0000000000e+00    0.0000000000e+00    0.0000000000e+00    0.0000000000e+00
  11.9000000    0.0000000000e+00    0.0000000000e+00    0.0000000000e+00    3.4370798589e-06    8.0000000000e+00    0.0000000000e+00    0.0000000000e+00    0.0000000000e+00    0.0000000000e+00    0.0000000000e+00
  11.9500000    0.0000000000e+00    0.0000000000e+00    0.0000000000e+00    3.4652036417e-06    8.0000000000e+00    0.0000000000e+00    0.0000000000e+00    0.0000000000e+00    0.0000000000e+00    0.0000000000e+00
  12.0000000    0.0000000000e+00    0.0000000000e+00    0.0000000000e+00    3.4905431563e-06    8.0000000000e+00    0.0000000000e+00    0.0000000000e+00    0.0000000000e+00    0.0000000000e+00    0.0000000000e+00
  12.0500000    0.0000000000e+00    0.0000000000e+00    0.0000000000e+00    3.5118025243e-06    8.0000000000e+00    0.0000000000e+00    0.0000000000e+00    0.0000000000e+00    0.0000000000e+00    0.0000000000e+00
  12.1000000    0.0000000000e+00    0.0000000000e+00    0.0000000000e+00    3.5274641357e-06    8.0000000000e+00    0.0000000000e+00    0.0000000000e+00    0.0000000000e+00    0.0000000000e+00    0.0000000000e+00
  12.1500000    0.0000000000e+00    0.0000000000e+00    0.0000000000e+00    3.5357714430e-06    8.0000000000e+00    0.0000000000e+00    0.0000000000e+00    0.0000000000e+00    0.0000000000e+00    0.0000000000e+00
  12.2000000    0.0000000000e+00    0.0000000000e+00    0.0000000000e+00    3.5347133710e-06    8.0000000000e+00    0.0000000000e+00    0.0000000000e+00    0.0000000000e+00    0.0000000000e+00    0.0000000000e+00
  12.2500000    0.0000000000e+00    0.0000000000e+00    0.0000000000e+00    3.5220110759e-06    8.0000000000e+00    0.0000000000e+00    0.0000000000e+00    0.0000000000e+00    0.0000000000e+00    0.0000000000e+00
  12.3000000    0.0000000000e+00    0.0000000000e+00    0.0000000000e+00    3.4951078856e-06    8.0000000000e+00    0.0000000000e+00    0.0000000000e+00    0.0000000000e+00    0.0000000000e+00    0.0000000000e+00
  12.3500000    0.0000000000e+00    0.0000000000e+00    0.0000000000e+00    3.4511633563e-06    8.0000000000e+00    0.0000000000e+00    0.0000000000e+00    0.0000000000e+00    0.0000000000e+00    0.0000000000e+00
  12.4000000    0.0000000000e+00    0.0000000000e+00    0.0000000000e+00    3.3870524873e-06    8.0000000000e+00    0.0000000000e+00    0.0000000000e+00    0.0000000000e+00    0.0000000000e+00    0.0000000000e+00
  12.4500000    0.0000000000e+00    0.0000000000e+00    0.0000000000e+00    3.2993712329e-06    8.0000000000e+00    0.0000000000e+00    0.0000000000e+00    0.0000000000e+00    0.0000000000e+00    0.0000000000e+00
  12.5000000    0.0000000000e+00    0.0000000000e+00    0.0000000000e+00    3.1844495430e-06    8.0000000000e+00    0.0000000000e+00    0.0000000000e+00    0.0000000000e+00    0.0000000000e+00    0.0000000000e+00
  12.5500000    0.0000000000e+00    0.0000000000e+00    0.0000000000e+00    3.0383732304e-06    8.0000000000e+00    0.0000000000e+00    0.0000000000e+00    0.0000000000e+00    0.0000000000e+00    0.0000000000e+00
  12.6000000    0.0000000000e+00    0.0000000000e+00    0.0000000000e+00    2.8570160003e-06    8.0000000000e+00    0.0000000000e+00    0.0000000000e+00    0.0000000000e+00    0.0000000000e+00    0.0000000000e+00
  12.6500000    0.0000000000e+00    0.0000000000e+00    0.0000000000e+00    2.6360829718e-06    8.0000000000e+00    0.0000000000e+00    0.0000000000e+00    0.0000000000e+00    0.0000000000e+00    0.0000000000e+00
  12.7000000    0.0000000000e+00    0.0000000000e+00    0.0000000000e+00    2.3711669702e-06    8.0000000000e+00    0.0000000000e+00    0.0000000000e+00    0.0000000000e+00    0.0000000000e+00    0.0000000000e+00
  12.7500000    0.0000000000e+00    0.0000000000e+00    0.0000000000e+00    2.0578187646e-06    8.0000000000e+00    0.0000000000e+00    0.0000000000e+00    0.0000000000e+00    0.0000000000e+00    0.0000000000e+00
  12.8000000    0.0000000000e+00    0.0000000000e+00    0.0000000000e+00    1.6916322482e-06    8.0000000000e+00    0.0000000000e+00    0.0000000000e+00    0.0000000000e+00    0.0000000000e+00    0.0000000000e+00
  12.8500000    0.0000000000e+00    0.0000000000e+00    0.0000000000e+00    1.2683452221e-06    8.0000000000e+00    0.0000000000e+00    0.0000000000e+00    0.0000000000e+00    0.0000000000e+00    0.0000000000e+00
  12.9000000    0.0000000000e+00    0.0000000000e+00    0.0000000000e+00    7.8395564179e-07    8.0000000000e+00    0.0000000000e+00    0.0000000000e+00    0.0000000000e+00    0.0000000000e+00    0.0000000000e+00
  12.9500000    0.0000000000e+00    0.0000000000e+00    0.0000000000e+00    2.3484911148e-07    8.0000000000e+00    0.0000000000e+00    0.0000000000e+00    0.0000000000e+00    0.0000000000e+00    0.0000000000e+00
  13.0000000    0.0000000000e+00    0.0000000000e+00    0.0000000000e+00    1.0000000000e-08    8.0000000000e+00    0.0000000000e+00    0.0000000000e+00    0.0000000000e+00    0.0000000000e+00    0.0000000000e+00
  13.0500000    0.0000000000e+00    0.0000000000e+00    0.0000000000e+00    1.0000000000e-08    8.0000000000e+00    0.0000000000e+00    0.0000000000e+00    0.0000000000e+00    0.0000000000e+00    0.0000000000e+00
  13.0600000    0.0000000000e+00    0.0000000000e+00    0.0000000000e+00    1.0000000000e-08    8.0000000000e+00    0.0000000000e+00    0.0000000000e+00    0.0000000000e+00    0.0000000000e+00    0.0000000000e+00
  13.0700000    0.0000000000e+00    0.0000000000e+00    0.0000000000e+00    1.0000000000e-08    8.0000000000e+00    0.0000000000e+00    0.0000000000e+00    0.0000000000e+00    0.0000000000e+00    0.0000000000e+00
  13.0800000    0.0000000000e+00    0.0000000000e+00    0.0000000000e+00    1.0000000000e-08    8.0000000000e+00    0.0000000000e+00    0.0000000000e+00    0.0000000000e+00    0.0000000000e+00    0.0000000000e+00
  13.0900000    0.0000000000e+00    0.0000000000e+00    0.0000000000e+00    1.0000000000e-08    8.0000000000e+00    0.0000000000e+00    0.0000000000e+00    0.0000000000e+00    0.0000000000e+00    0.0000000000e+00
  13.1000000    0.0000000000e+00    0.0000000000e+00    0.0000000000e+00    1.0000000000e-08    8.0000000000e+00    0.0000000000e+00    0.0000000000e+00    0.0000000000e+00    0.0000000000e+00    0.0000000000e+00
  13.1100000    0.0000000000e+00    0.0000000000e+00    0.0000000000e+00    1.0000000000e-08    8.0000000000e+00    0.0000000000e+00    0.0000000000e+00    0.0000000000e+00    0.0000000000e+00    0.0000000000e+00
  13.1200000    0.0000000000e+00    0.0000000000e+00    0.0000000000e+00    1.0000000000e-08    8.0000000000e+00    0.0000000000e+00    0.0000000000e+00    0.0000000000e+00    0.0000000000e+00    0.0000000000e+00
  13.1300000    0.0000000000e+00    0.0000000000e+00    0.0000000000e+00    1.0000000000e-08    8.0000000000e+00    0.0000000000e+00    0.0000000000e+00    0.0000000000e+00    0.0000000000e+00    0.0000000000e+00
  13.1400000    0.0000000000e+00    0.0000000000e+00    0.0000000000e+00    1.0000000000e-08    8.0000000000e+00    0.0000000000e+00    0.0000000000e+00    0.0000000000e+00    0.0000000000e+00    0.0000000000e+00
  13.1500000    0.0000000000e+00    0.0000000000e+00    0.0000000000e+00    1.0000000000e-08    8.0000000000e+00    0.0000000000e+00    0.0000000000e+00    0.0000000000e+00    0.0000000000e+00    0.0000000000e+00
  13.1600000    0.0000000000e+00    0.0000000000e+00    0.0000000000e+00    1.0000000000e-08    8.0000000000e+00    0.0000000000e+00    0.0000000000e+00    0.0000000000e+00    0.0000000000e+00    0.0000000000e+00
  13.1700000    0.0000000000e+00    0.0000000000e+00    0.0000000000e+00    1.0000000000e-08    8.0000000000e+00    0.0000000000e+00    0.0000000000e+00    0.0000000000e+00    0.0000000000e+00    0.0000000000e+00
  13.1800000    0.0000000000e+00    0.0000000000e+00    0.0000000000e+00    1.0000000000e-08    8.0000000000e+00    0.0000000000e+00    0.0000000000e+00    0.0000000000e+00    0.0000000000e+00    0.0000000000e+00
  13.1900000    0.0000000000e+00    0.0000000000e+00    0.0000000000e+00    1.0000000000e-08    8.0000000000e+00    0.0000000000e+00    0.0000000000e+00    0.0000000000e+00    0.0000000000e+00    0.0000000000e+00
  13.2000000    0.0000000000e+00    0.0000000000e+00    0.0000000000e+00    1.0000000000e-08    8.0000000000e+00    0.0000000000e+00    0.0000000000e+00    0.0000000000e+00    0.0000000000e+00    0.0000000000e+00
  13.2100000    0.0000000000e+00    0.0000000000e+00    0.0000000000e+00    1.0000000000e-08    8.0000000000e+00    0.0000000000e+00    0.0000000000e+00    0.0000000000e+00    0.0000000000e+00    0.0000000000e+00
  13.2200000    0.0000000000e+00    0.0000000000e+00    0.0000000000e+00    1.0000000000e-08    8.0000000000e+00    0.0000000000e+00    0.0000000000e+00    0.0000000000e+00    0.0000000000e+00    0.0000000000e+00
  13.2300000    0.0000000000e+00    0.0000000000e+00    0.0000000000e+00    1.0000000000e-08    8.0000000000e+00    0.0000000000e+00    0.0000000000e+00    0.0000000000e+00    0.0000000000e+00    0.0000000000e+00
  13.2400000    0.0000000000e+00    0.0000000000e+00    0.0000000000e+00    1.0000000000e-08    8.0000000000e+00    0.0000000000e+00    0.0000000000e+00    0.0000000000e+00    0.0000000000e+00    0.0000000000e+00
  13.2500000    0.0000000000e+00    0.0000000000e+00    0.0000000000e+00    1.0000000000e-08    8.0000000000e+00    0.0000000000e+00    0.0000000000e+00    0.0000000000e+00    0.0000000000e+00    0.0000000000e+00
  13.2600000    0.0000000000e+00    0.0000000000e+00    0.0000000000e+00    1.0000000000e-08    8.0000000000e+00    0.0000000000e+00    0.0000000000e+00    0.0000000000e+00    0.0000000000e+00    0.0000000000e+00
  13.2700000    0.0000000000e+00    0.0000000000e+00    0.0000000000e+00    1.0000000000e-08    8.0000000000e+00    0.0000000000e+00    0.0000000000e+00    0.0000000000e+00    0.0000000000e+00    0.0000000000e+00
  13.2800000    0.0000000000e+00    0.0000000000e+00    0.0000000000e+00    1.0000000000e-08    8.0000000000e+00    0.0000000000e+00    0.0000000000e+00    0.0000000000e+00    0.0000000000e+00    0.0000000000e+00
  13.2900000    0.0000000000e+00    0.0000000000e+00    0.0000000000e+00    1.0000000000e-08    8.0000000000e+00    0.0000000000e+00    0.0000000000e+00    0.0000000000e+00    0.0000000000e+00    0.0000000000e+00
  13.3000000    0.0000000000e+00    0.0000000000e+00    0.0000000000e+00    1.0000000000e-08    8.0000000000e+00    0.0000000000e+00    0.0000000000e+00    0.0000000000e+00    0.0000000000e+00    0.0000000000e+00
  13.3100000    0.0000000000e+00    0.0000000000e+00    0.0000000000e+00    1.0000000000e-08    8.0000000000e+00    0.0000000000e+00    0.0000000000e+00    0.0000000000e+00    0.0000000000e+00    0.0000000000e+00
  13.3200000    0.0000000000e+00    0.0000000000e+00    0.0000000000e+00    1.0000000000e-08    8.0000000000e+00    0.0000000000e+00    0.0000000000e+00    0.0000000000e+00    0.0000000000e+00    0.0000000000e+00
  13.3300000    0.0000000000e+00    0.0000000000e+00    0.0000000000e+00    1.0000000000e-08    8.0000000000e+00    0.0000000000e+00    0.0000000000e+00    0.0000000000e+00    0.0000000000e+00    0.0000000000e+00
  13.3400000    0.0000000000e+00    0.0000000000e+00    0.0000000000e+00    1.0000000000e-08    8.0000000000e+00    0.0000000000e+00    0.0000000000e+00    0.0000000000e+00    0.0000000000e+00    0.0000000000e+00
  13.3500000    0.0000000000e+00    0.0000000000e+00    0.0000000000e+00    1.0000000000e-08    8.0000000000e+00    0.0000000000e+00    0.0000000000e+00    0.0000000000e+00    0.0000000000e+00    0.0000000000e+00
  13.3600000    0.0000000000e+00    0.0000000000e+00    0.0000000000e+00    1.0000000000e-08    8.0000000000e+00    0.0000000000e+00    0.0000000000e+00    0.0000000000e+00    0.0000000000e+00    0.0000000000e+00
  13.3700000    0.0000000000e+00    0.0000000000e+00    0.0000000000e+00    1.0000000000e-08    8.0000000000e+00    0.0000000000e+00    0.0000000000e+00    0.0000000000e+00    0.0000000000e+00    0.0000000000e+00
  13.3800000    0.0000000000e+00    0.0000000000e+00    0.0000000000e+00    1.0000000000e-08    8.0000000000e+00    0.0000000000e+00    0.0000000000e+00    0.0000000000e+00    0.0000000000e+00    0.0000000000e+00
  13.3900000    0.0000000000e+00    0.0000000000e+00    0.0000000000e+00    1.0000000000e-08    8.0000000000e+00    0.0000000000e+00    0.0000000000e+00    0.0000000000e+00    0.0000000000e+00    0.0000000000e+00
  13.4000000    0.0000000000e+00    0.0000000000e+00    0.0000000000e+00    1.0000000000e-08    8.0000000000e+00    0.0000000000e+00    0.0000000000e+00    0.0000000000e+00    0.0000000000e+00    0.0000000000e+00
  13.4100000    0.0000000000e+00    0.0000000000e+00    0.0000000000e+00    1.0000000000e-08    8.0000000000e+00    0.0000000000e+00    0.0000000000e+00    0.0000000000e+00    0.0000000000e+00    0.0000000000e+00
  13.4200000    0.0000000000e+00    0.0000000000e+00    0.0000000000e+00    1.0000000000e-08    8.0000000000e+00    0.0000000000e+00    0.0000000000e+00    0.0000000000e+00    0.0000000000e+00    0.0000000000e+00
  13.4300000    0.0000000000e+00    0.0000000000e+00    0.0000000000e+00    1.0000000000e-08    8.0000000000e+00    0.0000000000e+00    0.0000000000e+00    0.0000000000e+00    0.0000000000e+00    0.0000000000e+00
  13.4400000    0.0000000000e+00    0.0000000000e+00    0.0000000000e+00    1.0000000000e-08    8.0000000000e+00    0.0000000000e+00    0.0000000000e+00    0.0000000000e+00    0.0000000000e+00    0.0000000000e+00
  13.4500000    0.0000000000e+00    0.0000000000e+00    0.0000000000e+00    1.0000000000e-08    8.0000000000e+00    0.0000000000e+00    0.0000000000e+00    0.0000000000e+00    0.0000000000e+00    0.0000000000e+00
  13.4600000    0.0000000000e+00    0.0000000000e+00    0.0000000000e+00    1.0000000000e-08    8.0000000000e+00    0.0000000000e+00    0.0000000000e+00    0.0000000000e+00    0.0000000000e+00    0.0000000000e+00
  13.4700000    0.0000000000e+00    0.0000000000e+00    0.0000000000e+00    1.0000000000e-08    8.0000000000e+00    0.0000000000e+00    0.0000000000e+00    0.0000000000e+00    0.0000000000e+00    0.0000000000e+00
  13.4800000    0.0000000000e+00    0.0000000000e+00    0.0000000000e+00    1.0000000000e-08    8.0000000000e+00    0.0000000000e+00    0.0000000000e+00    0.0000000000e+00    0.0000000000e+00    0.0000000000e+00
  13.4900000    0.0000000000e+00    0.0000000000e+00    0.0000000000e+00    1.0000000000e-08    8.0000000000e+00    0.0000000000e+00    0.0000000000e+00    0.0000000000e+00    0.0000000000e+00    0.0000000000e+00
  13.5000000    0.0000000000e+00    0.0000000000e+00    0.0000000000e+00    1.0000000000e-08    8.0000000000e+00    0.0000000000e+00    0.0000000000e+00    0.0000000000e+00    0.0000000000e+00    0.0000000000e+00
  13.5100000    0.0000000000e+00    0.0000000000e+00    0.0000000000e+00    1.0000000000e-08    8.0000000000e+00    0.0000000000e+00    0.0000000000e+00    0.0000000000e+00    0.0000000000e+00    0.0000000000e+00
  13.5200000    0.0000000000e+00    0.0000000000e+00    0.0000000000e+00    1.0000000000e-08    8.0000000000e+00    0.0000000000e+00    0.0000000000e+00    0.0000000000e+00    0.0000000000e+00    0.0000000000e+00
  13.5300000    0.0000000000e+00    0.0000000000e+00    0.0000000000e+00    1.0000000000e-08    8.0000000000e+00    0.0000000000e+00    0.0000000000e+00    0.0000000000e+00    0.0000000000e+00    0.0000000000e+00
  13.5400000    0.0000000000e+00    0.0000000000e+00    0.0000000000e+00    1.0000000000e-08    8.0000000000e+00    0.0000000000e+00    0.0000000000e+00    0.0000000000e+00    0.0000000000e+00    0.0000000000e+00
  13.5500000    0.0000000000e+00    0.0000000000e+00    0.0000000000e+00    1.0000000000e-08    8.0000000000e+00    0.0000000000e+00    0.0000000000e+00    0.0000000000e+00    0.0000000000e+00    0.0000000000e+00
  13.5600000    0.0000000000e+00    0.0000000000e+00    0.0000000000e+00    1.0000000000e-08    8.0000000000e+00    0.0000000000e+00    0.0000000000e+00    0.0000000000e+00    0.0000000000e+00    0.0000000000e+00
  13.5700000    0.0000000000e+00    0.0000000000e+00    0.0000000000e+00    1.0000000000e-08    8.0000000000e+00    0.0000000000e+00    0.0000000000e+00    0.0000000000e+00    0.0000000000e+00    0.0000000000e+00
  13.5800000    0.0000000000e+00    0.0000000000e+00    0.0000000000e+00    1.0000000000e-08    8.0000000000e+00    0.0000000000e+00    0.0000000000e+00    0.0000000000e+00    0.0000000000e+00    0.0000000000e+00
  13.5900000    0.0000000000e+00    0.0000000000e+00    0.0000000000e+00    1.0000000000e-08    8.0000000000e+00    0.0000000000e+00    0.0000000000e+00    0.0000000000e+00    0.0000000000e+00    0.0000000000e+00
  13.6000000    0.0000000000e+00    0.0000000000e+00    0.0000000000e+00    1.0000000000e-08    8.0000000000e+00    0.0000000000e+00    0.0000000000e+00    0.0000000000e+00    0.0000000000e+00    0.0000000000e+00
  13.6100000    0.0000000000e+00    0.0000000000e+00    0.0000000000e+00    1.0000000000e-08    8.0000000000e+00    0.0000000000e+00    0.0000000000e+00    0.0000000000e+00    0.0000000000e+00    0.0000000000e+00
  13.6200000    0.0000000000e+00    0.0000000000e+00    0.0000000000e+00    1.0000000000e-08    8.0000000000e+00    0.0000000000e+00    0.0000000000e+00    0.0000000000e+00    0.0000000000e+00    0.0000000000e+00
  13.6300000    0.0000000000e+00    0.0000000000e+00    0.0000000000e+00    1.0000000000e-08    8.0000000000e+00    0.0000000000e+00    0.0000000000e+00    0.0000000000e+00    0.0000000000e+00    0.0000000000e+00
  13.6400000    0.0000000000e+00    0.0000000000e+00    0.0000000000e+00    1.0000000000e-08    8.0000000000e+00    0.0000000000e+00    0.0000000000e+00    0.0000000000e+00    0.0000000000e+00    0.0000000000e+00
  13.6500000    0.0000000000e+00    0.0000000000e+00    0.0000000000e+00    1.0000000000e-08    8.0000000000e+00    0.0000000000e+00    0.0000000000e+00    0.0000000000e+00    0.0000000000e+00    0.0000000000e+00
  13.6600000    0.0000000000e+00    0.0000000000e+00    0.0000000000e+00    1.0000000000e-08    8.0000000000e+00    0.0000000000e+00    0.0000000000e+00    0.0000000000e+00    0.0000000000e+00    0.0000000000e+00
  13.6700000    0.0000000000e+00    0.0000000000e+00    0.0000000000e+00    1.0000000000e-08    8.0000000000e+00    0.0000000000e+00    0.0000000000e+00    0.0000000000e+00    0.0000000000e+00    0.0000000000e+00
  13.6800000    0.0000000000e+00    0.0000000000e+00    0.0000000000e+00    1.0000000000e-08    8.0000000000e+00    0.0000000000e+00    0.0000000000e+00    0.0000000000e+00    0.0000000000e+00    0.0000000000e+00
  13.6900000    0.0000000000e+00    0.0000000000e+00    0.0000000000e+00    1.0000000000e-08    8.0000000000e+00    0.0000000000e+00    0.0000000000e+00    0.0000000000e+00    0.0000000000e+00    0.0000000000e+00
  13.7000000    0.0000000000e+00    0.0000000000e+00    0.0000000000e+00    1.0000000000e-08    8.0000000000e+00    0.0000000000e+00    0.0000000000e+00    0.0000000000e+00    0.0000000000e+00    0.0000000000e+00
  13.7100000    0.0000000000e+00    0.0000000000e+00    0.0000000000e+00    1.0000000000e-08    8.0000000000e+00    0.0000000000e+00    0.0000000000e+00    0.0000000000e+00    0.0000000000e+00    0.0000000000e+00
  13.7200000    0.0000000000e+00    0.0000000000e+00    0.0000000000e+00    1.0000000000e-08    8.0000000000e+00    0.0000000000e+00    0.0000000000e+00    0.0000000000e+00    0.0000000000e+00    0.0000000000e+00
  13.7300000    0.0000000000e+00    0.0000000000e+00    0.0000000000e+00    1.0000000000e-08    8.0000000000e+00    0.0000000000e+00    0.0000000000e+00    0.0000000000e+00    0.0000000000e+00    0.0000000000e+00
  13.7400000    0.0000000000e+00    0.0000000000e+00    0.0000000000e+00    1.0000000000e-08    8.0000000000e+00    0.0000000000e+00    0.0000000000e+00    0.0000000000e+00    0.0000000000e+00    0.0000000000e+00
  13.7500000    0.0000000000e+00    0.0000000000e+00    0.0000000000e+00    1.0000000000e-08    8.0000000000e+00    0.0000000000e+00    0.0000000000e+00    0.0000000000e+00    0.0000000000e+00    0.0000000000e+00
  13.7600000    0.0000000000e+00    0.0000000000e+00    0.0000000000e+00    1.0000000000e-08    8.0000000000e+00    0.0000000000e+00    0.0000000000e+00    0.0000000000e+00    0.0000000000e+00    0.0000000000e+00
  13.7700000    0.0000000000e+00    0.0000000000e+00    0.0000000000e+00    1.0000000000e-08    8.0000000000e+00    0.0000000000e+00    0.0000000000e+00    0.0000000000e+00    0.0000000000e+00    0.0000000000e+00
  13.7800000    0.0000000000e+00    0.0000000000e+00    0.0000000000e+00    1.0000000000e-08    8.0000000000e+00    0.0000000000e+00    0.0000000000e+00    0.0000000000e+00    0.0000000000e+00    0.0000000000e+00
  13.7900000    0.0000000000e+00    0.0000000000e+00    0.0000000000e+00    1.0000000000e-08    8.0000000000e+00    0.0000000000e+00    0.0000000000e+00    0.0000000000e+00    0.0000000000e+00    0.0000000000e+00
  13.8000000    0.0000000000e+00    0.0000000000e+00    0.0000000000e+00    1.0000000000e-08    8.0000000000e+00    0.0000000000e+00    0.0000000000e+00    0.0000000000e+00    0.0000000000e+00    0.0000000000e+00
  13.8100000    0.0000000000e+00    0.0000000000e+00    0.0000000000e+00    1.0000000000e-08    8.0000000000e+00    0.0000000000e+00    0.0000000000e+00    0.0000000000e+00    0.0000000000e+00    0.0000000000e+00
  13.8200000    0.0000000000e+00    0.0000000000e+00    0.0000000000e+00    7.1027955387e-07    8.0000000000e+00    0.0000000000e+00    0.0000000000e+00    0.0000000000e+00    0.0000000000e+00    0.0000000000e+00
  13.8300000    0.0000000000e+00    0.0000000000e+00    0.0000000000e+00    4.5618940826e-06    8.0000000000e+00    0.0000000000e+00    0.0000000000e+00    0.0000000000e+00    0.0000000000e+00    0.0000000000e+00
  13.8400000    0.0000000000e+00    0.0000000000e+00    0.0000000000e+00    1.0646233433e-05    8.0000000000e+00    0.0000000000e+00    0.0000000000e+00    0.0000000000e+00    0.0000000000e+00    0.0000000000e+00
  13.8500000    0.0000000000e+00    0.0000000000e+00    0.0000000000e+00    1.7131558744e-05    8.0000000000e+00    0.0000000000e+00    0.0000000000e+00    0.0000000000e+00    0.0000000000e+00    0.0000000000e+00
  13.8600000    0.0000000000e+00    0.0000000000e+00    0.0000000000e+00    2.2347513861e-05    8.0000000000e+00    0.0000000000e+00    0.0000000000e+00    0.0000000000e+00    0.0000000000e+00    0.0000000000e+00
  13.8700000    0.0000000000e+00    0.0000000000e+00    0.0000000000e+00    2.4768338165e-05    8.0000000000e+00    0.0000000000e+00    0.0000000000e+00    0.0000000000e+00    0.0000000000e+00    0.0000000000e+00
  13.8800000    0.0000000000e+00    0.0000000000e+00    0.0000000000e+00    2.2906186642e-05    8.0000000000e+00    0.0000000000e+00    0.0000000000e+00    0.0000000000e+00    0.0000000000e+00    0.0000000000e+00
  13.8900000    0.0000000000e+00    0.0000000000e+00    0.0000000000e+00    1.5899200448e-05    8.0000000000e+00    0.0000000000e+00    0.0000000000e+00    0.0000000000e+00    0.0000000000e+00    0.0000000000e+00
  13.9000000    0.0000000000e+00    0.0000000000e+00    0.0000000000e+00    5.0672563008e-06    8.0000000000e+00    0.0000000000e+00    0.0000000000e+00    0.0000000000e+00    0.0000000000e+00    0.0000000000e+00
  13.9100000    0.0000000000e+00    0.0000000000e+00    0.0000000000e+00    1.0000000000e-08    8.0000000000e+00    0.0000000000e+00    0.0000000000e+00    0.0000000000e+00    0.0000000000e+00    0.0000000000e+00
  13.9200000    0.0000000000e+00    0.0000000000e+00    0.0000000000e+00    8.9587754618e-06    8.0000000000e+00    0.0000000000e+00    0.0000000000e+00    0.0000000000e+00    0.0000000000e+00    0.0000000000e+00
  13.9300000    0.0000000000e+00    0.0000000000e+00    0.0000000000e+00    3.1804933107e-05    8.0000000000e+00    0.0000000000e+00    0.0000000000e+00    0.0000000000e+00    0.0000000000e+00    0.0000000000e+00
  13.9400000    0.0000000000e+00    0.0000000000e+00    0.0000000000e+00    5.0176838123e-05    8.0000000000e+00    0.0000000000e+00    0.0000000000e+00    0.0000000000e+00    0.0000000000e+00    0.0000000000e+00
  13.9500000    0.0000000000e+00    0.0000000000e+00    0.0000000000e+00    6.5553427061e-05    8.0000000000e+00    0.0000000000e+00    0.0000000000e+00    0.0000000000e+00    0.0000000000e+00    0.0000000000e+00
  13.9600000    0.0000000000e+00    0.0000000000e+00    0.0000000000e+00    7.7285271597e-05    8.0000000000e+00    0.0000000000e+00    0.0000000000e+00    0.0000000000e+00    0.0000000000e+00    0.0000000000e+00
  13.9700000    0.0000000000e+00    0.0000000000e+00    0.0000000000e+00    7.3149915415e-05    8.0000000000e+00    0.0000000000e+00    0.0000000000e+00    0.0000000000e+00    0.0000000000e+00    0.0000000000e+00
  13.9800000    0.0000000000e+00    0.0000000000e+00    0.0000000000e+00    3.4218520596e-05    8.0000000000e+00    0.0000000000e+00    0.0000000000e+00    0.0000000000e+00    0.0000000000e+00    0.0000000000e+00
  13.9900000    0.0000000000e+00    0.0000000000e+00    0.0000000000e+00    1.0000000000e-08    8.0000000000e+00    0.0000000000e+00    0.0000000000e+00    0.0000000000e+00    0.0000000000e+00    0.0000000000e+00
  14.0000000    0.0000000000e+00    0.0000000000e+00    0.0000000000e+00    1.0000000000e-08    8.0000000000e+00    0.0000000000e+00    0.0000000000e+00    0.0000000000e+00    0.0000000000e+00    0.0000000000e+00
  14.0100000    0.0000000000e+00    0.0000000000e+00    0.0000000000e+00    3.4348538532e-05    8.0000000000e+00    0.0000000000e+00    0.0000000000e+00    0.0000000000e+00    0.0000000000e+00    0.0000000000e+00
  14.0200000    0.0000000000e+00    0.0000000000e+00    0.0000000000e+00    8.5082949369e-05    8.0000000000e+00    0.0000000000e+00    0.0000000000e+00    0.0000000000e+00    0.0000000000e+00    0.0000000000e+00
  14.0300000    0.0000000000e+00    0.0000000000e+00    0.0000000000e+00    1.1622376836e-04    8.0000000000e+00    0.0000000000e+00    0.0000000000e+00    0.0000000000e+00    0.0000000000e+00    0.0000000000e+00
  14.0400000    0.0000000000e+00    0.0000000000e+00    0.0000000000e+00    1.3996278999e-04    8.0000000000e+00    0.0000000000e+00    0.0000000000e+00    0.0000000000e+00    0.0000000000e+00    0.0000000000e+00
  14.0500000    0.0000000000e+00    0.0000000000e+00    0.0000000000e+00    1.9349576774e-04    2.4000000000e+01    0.0000000000e+00    0.0000000000e+00    0.0000000000e+00    0.0000000000e+00    0.0000000000e+00
  14.0600000    3.6458333333e-02    3.6458333333e-02    3.6458333333e-02    6.3374178508e-04    1.2000000000e+01    0.0000000000e+00    0.0000000000e+00    0.0000000000e+00    0.0000000000e+00    0.0000000000e+00
