# time  centre  cx  cy  cz  R_min  r_at_R_min  dev  log10_abs_dev  n_mots  r_mots  R_mots  M_MS_mots  theta_out_min_inside  theta_out_max_at_R_min  theta_in_max_at_R_min  n_trapped  n_anti_trapped  n_outermost
0.0000000000000000e+00  A  32.031250  24.000000  32.000000  3.8762234230e+00  1.570000  -3.413441e-03  -2.4668  0  nan  nan  nan  +nan  +6.653478e-02  +1.766924e-01  0  0  0
0.0000000000000000e+00  B  31.968750  24.000000  32.000000  3.8762234230e+00  1.570000  -3.413441e-03  -2.4668  0  nan  nan  nan  +nan  +6.653478e-02  +1.766924e-01  0  0  0
0.0000000000000000e+00  C  32.000000  24.000000  32.000000  3.8619965351e+00  1.530000  -7.071208e-03  -2.1505  0  nan  nan  nan  +nan  +1.718469e-01  +1.358354e-01  0  0  0
1.0000000000000000e+00  A  32.031250  24.468750  32.000000  3.8801979343e+00  1.590000  -2.391584e-03  -2.6213  0  nan  nan  nan  +nan  +2.437167e-01  +5.471686e-02  0  0  0
1.0000000000000000e+00  B  31.968750  24.468750  32.000000  3.8801979343e+00  1.590000  -2.391584e-03  -2.6213  0  nan  nan  nan  +nan  +2.437167e-01  +5.471686e-02  0  0  0
1.0000000000000000e+00  C  32.000000  24.468750  32.000000  3.8690206206e+00  1.530000  -5.265299e-03  -2.2786  0  nan  nan  nan  +nan  +1.764041e-01  +1.975935e-01  0  0  0
2.0000000000000000e+00  A  32.031250  24.843750  32.000000  3.8781920965e+00  1.570000  -2.907290e-03  -2.5365  0  nan  nan  nan  +nan  +6.321020e-02  +2.159856e-01  0  0  0
2.0000000000000000e+00  B  31.968750  24.843750  32.000000  3.8781920965e+00  1.570000  -2.907290e-03  -2.5365  0  nan  nan  nan  +nan  +6.321020e-02  +2.159856e-01  0  0  0
2.0000000000000000e+00  C  32.000000  24.843750  32.000000  3.8628285302e+00  1.530000  -6.857300e-03  -2.1638  0  nan  nan  nan  +nan  +1.783631e-01  +9.096825e-02  0  0  0
2.9999999999999800e+00  A  32.031250  25.281250  32.000000  3.8775572544e+00  1.570000  -3.070509e-03  -2.5128  0  nan  nan  nan  +nan  +6.617512e-02  +1.948407e-01  0  0  0
2.9999999999999800e+00  B  31.968750  25.281250  32.000000  3.8775572544e+00  1.570000  -3.070509e-03  -2.5128  0  nan  nan  nan  +nan  +6.617512e-02  +1.948407e-01  0  0  0
2.9999999999999800e+00  C  32.000000  25.281250  32.000000  3.8638239574e+00  1.530000  -6.601374e-03  -2.1804  0  nan  nan  nan  +nan  +1.751532e-01  +1.510236e-01  0  0  0
3.9999999999999600e+00  A  32.031250  25.718750  32.000000  3.8836586004e+00  1.590000  -1.501838e-03  -2.8234  0  nan  nan  nan  +nan  +2.670803e-01  +5.834325e-02  0  0  0
3.9999999999999600e+00  B  31.968750  25.718750  32.000000  3.8836586004e+00  1.590000  -1.501838e-03  -2.8234  0  nan  nan  nan  +nan  +2.670803e-01  +5.834325e-02  0  0  0
3.9999999999999600e+00  C  32.000000  25.718750  32.000000  3.8729011099e+00  1.530000  -4.267615e-03  -2.3698  0  nan  nan  nan  +nan  +1.790134e-01  +2.218095e-01  0  0  0
4.9999999999999396e+00  A  32.031250  25.968750  32.000000  3.8803357138e+00  1.570000  -2.356160e-03  -2.6278  0  nan  nan  nan  +nan  +7.728586e-02  +1.583842e-01  0  0  0
4.9999999999999396e+00  B  31.968750  25.968750  32.000000  3.8803357138e+00  1.570000  -2.356160e-03  -2.6278  0  nan  nan  nan  +nan  +7.728586e-02  +1.583842e-01  0  0  0
4.9999999999999396e+00  C  32.000000  25.968750  32.000000  3.8642223614e+00  1.530000  -6.498943e-03  -2.1872  0  nan  nan  nan  +nan  +1.814028e-01  +1.136281e-01  0  0  0
5.9999999999999201e+00  A  32.031250  26.531250  32.000000  3.8806121391e+00  1.570000  -2.285091e-03  -2.6411  0  nan  nan  nan  +nan  +2.344507e-01  +7.164269e-02  0  0  0
5.9999999999999201e+00  B  31.968750  26.531250  32.000000  3.8806121391e+00  1.570000  -2.285091e-03  -2.6411  0  nan  nan  nan  +nan  +2.344507e-01  +7.164269e-02  0  0  0
5.9999999999999201e+00  C  32.000000  26.531250  32.000000  3.8671304766e+00  1.530000  -5.751259e-03  -2.2402  0  nan  nan  nan  +nan  +1.830342e-01  +1.884099e-01  0  0  0
6.9999999999998996e+00  A  32.031250  26.781250  32.000000  3.8878433916e+00  1.570000  -4.259181e-04  -3.3707  0  nan  nan  nan  +nan  +9.274275e-02  +2.090087e-01  0  0  0
6.9999999999998996e+00  B  31.968750  26.781250  32.000000  3.8878433916e+00  1.570000  -4.259181e-04  -3.3707  0  nan  nan  nan  +nan  +9.274275e-02  +2.090087e-01  0  0  0
6.9999999999998996e+00  C  32.000000  26.781250  32.000000  3.8695119237e+00  1.530000  -5.138984e-03  -2.2891  0  nan  nan  nan  +nan  +1.922979e-01  +1.272453e-01  0  0  0
7.9999999999998703e+00  A  32.031250  27.156250  32.000000  3.8931473130e+00  1.570000  9.377331e-04  -3.0279  0  nan  nan  nan  +nan  +1.006606e-01  +2.449233e-01  0  0  0
7.9999999999998703e+00  B  31.968750  27.156250  32.000000  3.8931473130e+00  1.570000  9.377331e-04  -3.0279  0  nan  nan  nan  +nan  +1.006606e-01  +2.449233e-01  0  0  0
7.9999999999998703e+00  C  32.000000  27.156250  32.000000  3.8956709458e+00  1.610000  1.586565e-03  -2.7995  0  nan  nan  nan  +nan  +2.691741e-01  +1.748133e-01  0  0  0
8.9999999999998508e+00  A  32.031250  27.593750  32.000000  3.8850438922e+00  1.550000  -1.145676e-03  -2.9409  0  nan  nan  nan  +nan  +9.659483e-02  +1.976767e-01  0  0  0
8.9999999999998508e+00  B  31.968750  27.593750  32.000000  3.8850438922e+00  1.550000  -1.145676e-03  -2.9409  0  nan  nan  nan  +nan  +9.659483e-02  +1.976767e-01  0  0  0
8.9999999999998508e+00  C  32.000000  27.593750  32.000000  3.8789933059e+00  1.530000  -2.701297e-03  -2.5684  0  nan  nan  nan  +nan  +2.028615e-01  +2.019101e-01  0  0  0
9.9999999999998295e+00  A  32.031250  27.968750  32.000000  3.8886260534e+00  1.550000  -2.246938e-04  -3.6484  0  nan  nan  nan  +nan  +1.030388e-01  +2.325305e-01  0  0  0
9.9999999999998295e+00  B  31.968750  27.968750  32.000000  3.8886260534e+00  1.550000  -2.246938e-04  -3.6484  0  nan  nan  nan  +nan  +1.030388e-01  +2.325305e-01  0  0  0
9.9999999999998295e+00  C  32.000000  27.968750  32.000000  3.8707247279e+00  1.530000  -4.827169e-03  -2.3163  0  nan  nan  nan  +nan  +1.997856e-01  +1.473609e-01  0  0  0
1.0999999999999799e+01  A  32.031250  28.406250  32.000000  3.8931254421e+00  1.550000  9.321101e-04  -3.0305  0  nan  nan  nan  +nan  +1.102553e-01  +2.717445e-01  0  0  0
1.0999999999999799e+01  B  31.968750  28.406250  32.000000  3.8931254421e+00  1.550000  9.321101e-04  -3.0305  0  nan  nan  nan  +nan  +1.102553e-01  +2.717445e-01  0  0  0
1.0999999999999799e+01  C  32.000000  28.406250  32.000000  3.8712697067e+00  1.530000  -4.687053e-03  -2.3291  0  nan  nan  nan  +nan  +2.337851e-01  +1.969915e-01  0  0  0
1.1999999999999799e+01  A  32.031250  28.781250  32.000000  3.8984306823e+00  1.550000  2.296100e-03  -2.6390  0  nan  nan  nan  +nan  +1.175606e-01  +3.112089e-01  0  0  0
1.1999999999999799e+01  B  31.968750  28.781250  32.000000  3.8984306823e+00  1.550000  2.296100e-03  -2.6390  0  nan  nan  nan  +nan  +1.175606e-01  +3.112089e-01  0  0  0
1.1999999999999799e+01  C  32.000000  28.781250  32.000000  3.8785746101e+00  1.530000  -2.808945e-03  -2.5515  0  nan  nan  nan  +nan  +2.296923e-01  +2.098188e-01  0  0  0
1.2999999999999799e+01  A  32.031250  29.156250  32.000000  3.9044151940e+00  1.550000  3.834733e-03  -2.4163  0  nan  nan  nan  +nan  +1.241669e-01  +3.504807e-01  0  0  0
1.2999999999999799e+01  B  31.968750  29.156250  32.000000  3.9044151940e+00  1.550000  3.834733e-03  -2.4163  0  nan  nan  nan  +nan  +1.241669e-01  +3.504807e-01  0  0  0
1.2999999999999799e+01  C  32.000000  29.156250  32.000000  3.9076094570e+00  1.530000  4.655986e-03  -2.3320  0  nan  nan  nan  +nan  +2.322432e-01  +3.609888e-01  0  0  0
1.3999999999999700e+01  A  32.031250  29.531250  32.000000  3.9109221551e+00  1.550000  5.507689e-03  -2.2590  0  nan  nan  nan  +nan  +1.303709e-01  +3.894969e-01  0  0  0
1.3999999999999700e+01  B  31.968750  29.531250  32.000000  3.9109221551e+00  1.550000  5.507689e-03  -2.2590  0  nan  nan  nan  +nan  +1.303709e-01  +3.894969e-01  0  0  0
1.3999999999999700e+01  C  32.000000  29.531250  32.000000  3.8892360106e+00  1.530000  -6.787233e-05  -4.1683  0  nan  nan  nan  +nan  +3.125995e-01  +2.186497e-01  0  0  0
1.4999999999999700e+01  A  32.031250  29.906250  32.000000  3.9176060243e+00  1.570000  7.226128e-03  -2.1411  0  nan  nan  nan  +nan  +4.300030e-01  +1.284511e-01  0  0  0
1.4999999999999700e+01  B  31.968750  29.906250  32.000000  3.9176060243e+00  1.570000  7.226128e-03  -2.1411  0  nan  nan  nan  +nan  +4.300030e-01  +1.284511e-01  0  0  0
1.4999999999999700e+01  C  32.000000  29.906250  32.000000  3.8808263875e+00  1.530000  -2.230007e-03  -2.6517  0  nan  nan  nan  +nan  +2.559262e-01  +2.158875e-01  0  0  0
1.5999999999999700e+01  A  32.093750  30.406250  32.000000  3.9127779606e+00  1.550000  5.984821e-03  -2.2229  0  nan  nan  nan  +nan  +3.864087e-01  +2.023623e-01  0  0  0
1.5999999999999700e+01  B  31.906250  30.406250  32.000000  3.9127802465e+00  1.550000  5.985409e-03  -2.2229  0  nan  nan  nan  +nan  +3.864087e-01  +2.023623e-01  0  0  0
1.5999999999999700e+01  C  32.000000  30.406250  32.000000  3.8996240486e+00  1.530000  2.602918e-03  -2.5845  0  nan  nan  nan  +nan  +3.513720e-01  +2.724591e-01  0  0  0
1.6999999999999901e+01  A  32.031250  30.968750  32.000000  3.9053682474e+00  1.530000  4.079765e-03  -2.3894  0  nan  nan  nan  +nan  +4.479107e-01  +1.239715e-01  0  0  0
1.6999999999999901e+01  B  31.968750  30.968750  32.000000  3.9053682474e+00  1.530000  4.079765e-03  -2.3894  0  nan  nan  nan  +nan  +4.479107e-01  +1.239715e-01  0  0  0
1.6999999999999901e+01  C  32.000000  30.968750  32.000000  3.8927059245e+00  1.530000  8.242511e-04  -3.0839  0  nan  nan  nan  +nan  +4.152050e-01  +2.241011e-01  0  0  0
1.8000000000000000e+01  A  32.062500  31.343750  32.000000  3.9080259804e+00  1.530000  4.763075e-03  -2.3221  0  nan  nan  nan  +nan  +4.571225e-01  +1.666034e-01  0  0  0
1.8000000000000000e+01  B  31.937500  31.343750  32.000000  3.9080237381e+00  1.530000  4.762499e-03  -2.3222  0  nan  nan  nan  +nan  +4.571225e-01  +1.666034e-01  0  0  0
1.8000000000000000e+01  C  32.000000  31.343750  32.000000  nan  2.330000  nan  nan  0  nan  nan  nan  +nan  +4.408199e-03  +4.073771e-01  0  0  0
1.9000000000000199e+01  A  32.031250  31.781250  32.000000  3.9066850392e+00  1.510000  4.418316e-03  -2.3547  0  nan  nan  nan  +nan  +1.384086e-01  +4.568834e-01  0  0  0
1.9000000000000199e+01  B  31.968750  31.781250  32.000000  3.9066850392e+00  1.510000  4.418316e-03  -2.3547  0  nan  nan  nan  +nan  +1.384086e-01  +4.568834e-01  0  0  0
1.9000000000000199e+01  C  32.000000  31.781250  32.000000  3.8927563282e+00  1.450000  8.372100e-04  -3.0772  0  nan  nan  nan  +nan  +2.715823e-01  +4.006556e-01  0  0  0
2.0000000000000298e+01  A  32.093750  32.093750  32.000000  3.9173193700e+00  1.530000  7.152428e-03  -2.1455  0  nan  nan  nan  +nan  +4.701224e-01  +2.117033e-01  0  0  0
2.0000000000000298e+01  B  31.906250  32.093750  32.000000  3.9173099290e+00  1.530000  7.150001e-03  -2.1457  0  nan  nan  nan  +nan  +4.701224e-01  +2.117033e-01  0  0  0
2.0000000000000298e+01  C  32.000000  32.093750  32.000000  3.8993334232e+00  1.530000  2.528197e-03  -2.5972  0  nan  nan  nan  +nan  +3.903198e-01  +2.843738e-01  0  0  0
2.1000000000000501e+01  A  32.093750  32.468750  32.000000  3.9186329724e+00  1.510000  7.490159e-03  -2.1255  0  nan  nan  nan  +nan  +2.238044e-01  +4.753374e-01  0  0  0
2.1000000000000501e+01  B  31.906250  32.468750  32.000000  3.9186212484e+00  1.510000  7.487144e-03  -2.1257  0  nan  nan  nan  +nan  +2.238044e-01  +4.753374e-01  0  0  0
2.1000000000000501e+01  C  32.000000  32.468750  32.000000  3.9082789200e+00  1.530000  4.828106e-03  -2.3162  0  nan  nan  nan  +nan  +4.891664e-01  +2.833940e-01  0  0  0
2.2000000000000600e+01  A  32.093750  32.843750  32.000000  3.9198303801e+00  1.510000  7.798015e-03  -2.1080  0  nan  nan  nan  +nan  +2.274292e-01  +4.849010e-01  0  0  0
2.2000000000000600e+01  B  31.906250  32.843750  32.000000  3.9198165720e+00  1.510000  7.794465e-03  -2.1082  0  nan  nan  nan  +nan  +2.274292e-01  +4.849010e-01  0  0  0
2.2000000000000600e+01  C  32.000000  32.843750  32.000000  3.9015970829e+00  1.450000  3.110190e-03  -2.5072  0  nan  nan  nan  +nan  +3.409298e-01  +3.730368e-01  0  0  0
2.3000000000000799e+01  A  32.093750  33.218750  32.000000  3.9208805177e+00  1.510000  8.068008e-03  -2.0932  0  nan  nan  nan  +nan  +4.952817e-01  +2.310630e-01  0  0  0
2.3000000000000799e+01  B  31.906250  33.218750  32.000000  3.9208646022e+00  1.510000  8.063916e-03  -2.0935  0  nan  nan  nan  +nan  +4.952817e-01  +2.310630e-01  0  0  0
2.3000000000000799e+01  C  32.000000  33.218750  32.000000  3.9114022432e+00  1.450000  5.631121e-03  -2.2494  0  nan  nan  nan  +nan  +3.399651e-01  +5.076402e-01  0  0  0
2.4000000000000998e+01  A  32.093750  33.593750  32.000000  3.9216386155e+00  1.510000  8.262917e-03  -2.0829  0  nan  nan  nan  +nan  +5.063734e-01  +2.343084e-01  0  0  0
2.4000000000000998e+01  B  31.906250  33.593750  32.000000  3.9216206203e+00  1.510000  8.258290e-03  -2.0831  0  nan  nan  nan  +nan  +5.063734e-01  +2.343084e-01  0  0  0
2.4000000000000998e+01  C  32.000000  33.593750  32.000000  3.9027892550e+00  1.450000  3.416700e-03  -2.4664  0  nan  nan  nan  +nan  +3.475152e-01  +4.301985e-01  0  0  0
2.5000000000001101e+01  A  32.093750  33.968750  32.000000  3.9218994300e+00  1.490000  8.329973e-03  -2.0794  0  nan  nan  nan  +nan  +2.444361e-01  +5.224985e-01  0  0  0
2.5000000000001101e+01  B  31.906250  33.968750  32.000000  3.9218789484e+00  1.490000  8.324707e-03  -2.0796  0  nan  nan  nan  +nan  +2.444361e-01  +5.224985e-01  0  0  0
2.5000000000001101e+01  C  32.000000  33.968750  32.000000  3.9062141802e+00  1.450000  4.297257e-03  -2.3668  0  nan  nan  nan  +nan  +3.347610e-01  +5.103176e-01  0  0  0
2.6000000000001300e+01  A  32.093750  34.343750  32.000000  3.9215417696e+00  1.490000  8.238018e-03  -2.0842  0  nan  nan  nan  +nan  +2.461665e-01  +5.568130e-01  0  0  0
2.6000000000001300e+01  B  31.906250  34.343750  32.000000  3.9215192560e+00  1.490000  8.232229e-03  -2.0845  0  nan  nan  nan  +nan  +2.461665e-01  +5.568130e-01  0  0  0
2.6000000000001300e+01  C  32.000000  34.343750  32.000000  3.9021144096e+00  1.450000  3.243196e-03  -2.4890  0  nan  nan  nan  +nan  +3.508594e-01  +5.006179e-01  0  0  0
2.7000000000001400e+01  A  32.062500  34.656250  32.000000  3.9209080725e+00  1.490000  8.075093e-03  -2.0929  0  nan  nan  nan  +nan  +6.908550e-01  +2.143065e-01  0  0  0
2.7000000000001400e+01  B  31.937500  34.656250  32.000000  3.9208969083e+00  1.490000  8.072222e-03  -2.0930  0  nan  nan  nan  +nan  +6.908550e-01  +2.143065e-01  0  0  0
2.7000000000001400e+01  C  32.000000  34.656250  32.000000  nan  2.330000  nan  nan  0  nan  nan  nan  +nan  +2.599413e-02  +6.469219e-01  0  0  0
2.8000000000001599e+01  A  32.072917  34.968750  32.000000  3.9192701877e+00  1.470000  7.653988e-03  -2.1161  0  nan  nan  nan  +nan  +2.222141e-01  +7.233763e-01  0  0  0
2.8000000000001599e+01  B  31.927083  34.968750  32.000000  3.9192583674e+00  1.470000  7.650949e-03  -2.1163  0  nan  nan  nan  +nan  +2.222141e-01  +7.233763e-01  0  0  0
2.8000000000001599e+01  C  32.000000  34.968750  32.000000  3.8951146749e+00  1.450000  1.443547e-03  -2.8406  0  nan  nan  nan  +nan  +5.846960e-01  +3.307205e-01  0  0  0
2.9000000000001702e+01  A  32.218750  35.343750  32.031250  3.9532114331e+00  1.530000  1.638037e-02  -1.7857  0  nan  nan  nan  +nan  +7.657393e-01  +3.134291e-01  0  0  0
2.9000000000001702e+01  B  31.781250  35.343750  32.031250  3.9531603735e+00  1.530000  1.636724e-02  -1.7860  0  nan  nan  nan  +nan  +7.657393e-01  +3.134291e-01  0  0  0
2.9000000000001702e+01  C  32.000000  35.343750  32.031250  3.9222515447e+00  1.450000  8.420503e-03  -2.0747  0  nan  nan  nan  +nan  +3.044675e-01  +7.981116e-01  0  0  0
3.0000000000001901e+01  A  32.156250  35.843750  32.031250  3.9117397906e+00  1.470000  5.717905e-03  -2.2428  0  nan  nan  nan  +nan  +6.869735e-01  +2.551324e-01  0  0  0
3.0000000000001901e+01  B  31.968750  35.843750  31.843750  3.9117262381e+00  1.470000  5.714420e-03  -2.2430  0  nan  nan  nan  +nan  +6.869735e-01  +2.557143e-01  0  0  0
3.0000000000001901e+01  C  32.062500  35.843750  31.937500  3.8993567479e+00  1.450000  2.534194e-03  -2.5962  0  nan  nan  nan  +nan  +5.919480e-01  +3.816221e-01  0  0  0
3.1000000000002000e+01  A  32.031250  36.281250  31.843750  3.9057293639e+00  1.450000  4.172609e-03  -2.3796  0  nan  nan  nan  +nan  +2.635017e-01  +7.011690e-01  0  0  0
3.1000000000002000e+01  B  31.968750  36.281250  31.843750  3.9057293639e+00  1.450000  4.172609e-03  -2.3796  0  nan  nan  nan  +nan  +2.635017e-01  +7.011690e-01  0  0  0
3.1000000000002000e+01  C  32.000000  36.281250  31.843750  3.9040530355e+00  1.450000  3.741621e-03  -2.4269  0  nan  nan  nan  +nan  +4.390679e-01  +5.838342e-01  0  0  0
3.2000000000002203e+01  A  32.031250  36.656250  31.843750  3.8985132187e+00  1.450000  2.317321e-03  -2.6350  0  nan  nan  nan  +nan  +7.337240e-01  +2.627026e-01  0  0  0
3.2000000000002203e+01  B  31.968750  36.656250  31.843750  3.8985132187e+00  1.450000  2.317321e-03  -2.6350  0  nan  nan  nan  +nan  +7.337240e-01  +2.627026e-01  0  0  0
3.2000000000002203e+01  C  32.000000  36.656250  31.843750  3.9014600194e+00  1.450000  3.074950e-03  -2.5122  0  nan  nan  nan  +nan  +4.537517e-01  +7.352351e-01  0  0  0
3.3000000000001997e+01  A  32.031250  37.031250  31.843750  3.8892072162e+00  1.430000  -7.527543e-05  -4.1233  0  nan  nan  nan  +nan  +2.685647e-01  +7.574910e-01  0  0  0
3.3000000000001997e+01  B  31.968750  37.031250  31.843750  3.8892072162e+00  1.430000  -7.527543e-05  -4.1233  0  nan  nan  nan  +nan  +2.685647e-01  +7.574910e-01  0  0  0
3.3000000000001997e+01  C  32.000000  37.031250  31.843750  3.8872182035e+00  1.450000  -5.866555e-04  -3.2316  0  nan  nan  nan  +nan  +6.379334e-01  +4.321245e-01  0  0  0
3.4000000000001798e+01  A  32.031250  37.406250  31.843750  3.8774186478e+00  1.430000  -3.106145e-03  -2.5078  0  nan  nan  nan  +nan  +7.842752e-01  +2.655997e-01  0  0  0
3.4000000000001798e+01  B  31.968750  37.406250  31.843750  3.8774186478e+00  1.430000  -3.106145e-03  -2.5078  0  nan  nan  nan  +nan  +7.842752e-01  +2.655997e-01  0  0  0
3.4000000000001798e+01  C  32.000000  37.406250  31.843750  3.8832221711e+00  1.450000  -1.614045e-03  -2.7921  0  nan  nan  nan  +nan  +6.837648e-01  +4.553670e-01  0  0  0
3.5000000000001599e+01  A  32.031250  37.781250  31.843750  3.8630632846e+00  1.410000  -6.796944e-03  -2.1677  0  nan  nan  nan  +nan  +2.705481e-01  +8.062934e-01  0  0  0
3.5000000000001599e+01  B  31.843750  37.781250  31.968750  3.8630693507e+00  1.410000  -6.795385e-03  -2.1678  0  nan  nan  nan  +nan  +2.698680e-01  +8.062919e-01  0  0  0
3.5000000000001599e+01  C  31.937500  37.781250  31.906250  3.8586501600e+00  1.370000  -7.931570e-03  -2.1006  0  nan  nan  nan  +nan  +4.129468e-01  +6.781114e-01  0  0  0
3.6000000000001400e+01  A  32.156250  38.156250  31.968750  3.8454310467e+00  1.410000  -1.133024e-02  -1.9458  0  nan  nan  nan  +nan  +8.313002e-01  +2.662287e-01  0  0  0
3.6000000000001400e+01  B  31.843750  38.156250  31.968750  3.8453853827e+00  1.410000  -1.134198e-02  -1.9453  0  nan  nan  nan  +nan  +8.312983e-01  +2.662890e-01  0  0  0
3.6000000000001400e+01  C  32.000000  38.156250  31.968750  3.8206300031e+00  1.370000  -1.770665e-02  -1.7519  0  nan  nan  nan  +nan  +6.684530e-01  +3.877296e-01  0  0  0
3.7000000000001201e+01  A  32.093750  38.468750  32.156250  3.8349550349e+00  1.410000  -1.402364e-02  -1.8531  0  nan  nan  nan  +nan  +8.579280e-01  +2.888164e-01  0  0  0
3.7000000000001201e+01  B  31.906250  38.468750  32.156250  3.8349075996e+00  1.410000  -1.403584e-02  -1.8528  0  nan  nan  nan  +nan  +8.579298e-01  +2.884815e-01  0  0  0
3.7000000000001201e+01  C  32.000000  38.468750  32.156250  3.8021340620e+00  1.370000  -2.246200e-02  -1.6486  0  nan  nan  nan  +nan  +6.950442e-01  +3.618679e-01  0  0  0
3.8000000000001002e+01  A  32.125000  38.843750  32.000000  3.7983590769e+00  1.370000  -2.343256e-02  -1.6302  0  nan  nan  nan  +nan  +8.687991e-01  +2.727372e-01  0  0  0
3.8000000000001002e+01  B  31.875000  38.843750  32.000000  3.7983098633e+00  1.370000  -2.344521e-02  -1.6299  0  nan  nan  nan  +nan  +8.687928e-01  +2.728595e-01  0  0  0
3.8000000000001002e+01  C  32.000000  38.843750  32.000000  3.7833228488e+00  1.370000  -2.729841e-02  -1.5639  0  nan  nan  nan  +nan  +7.607351e-01  +4.059557e-01  0  0  0
3.9000000000000803e+01  A  32.093750  39.218750  31.906250  3.7792753370e+00  1.370000  -2.833903e-02  -1.5476  0  nan  nan  nan  +nan  +8.940136e-01  +2.937101e-01  0  0  0
3.9000000000000803e+01  B  31.906250  39.218750  31.906250  3.7792276661e+00  1.370000  -2.835129e-02  -1.5474  0  nan  nan  nan  +nan  +8.940057e-01  +2.938951e-01  0  0  0
3.9000000000000803e+01  C  32.000000  39.218750  31.906250  3.7628651575e+00  1.370000  -3.255813e-02  -1.4873  0  nan  nan  nan  +nan  +9.570444e-01  +4.025969e-01  0  0  0
4.0000000000000597e+01  A  32.031250  39.468750  31.906250  3.7365926109e+00  1.330000  -3.931287e-02  -1.4055  0  nan  nan  nan  +nan  +1.059452e+00  +2.781478e-01  0  0  0
4.0000000000000597e+01  B  31.968750  39.468750  31.906250  3.7365926109e+00  1.330000  -3.931287e-02  -1.4055  0  nan  nan  nan  +nan  +1.059452e+00  +2.781478e-01  0  0  0
4.0000000000000597e+01  C  32.000000  39.468750  31.906250  3.6949270236e+00  1.290000  -5.002519e-02  -1.3008  0  nan  nan  nan  +nan  +8.557292e-01  +3.466062e-01  0  0  0
4.1000000000000398e+01  A  32.031250  39.906250  32.156250  3.6930071277e+00  1.290000  -5.051880e-02  -1.2965  0  nan  nan  nan  +nan  +2.807173e-01  +1.079144e+00  0  0  0
4.1000000000000398e+01  B  31.843750  39.906250  31.968750  3.6928033307e+00  1.290000  -5.057120e-02  -1.2961  0  nan  nan  nan  +nan  +2.839287e-01  +1.079120e+00  0  0  0
4.1000000000000398e+01  C  31.937500  39.906250  32.062500  3.6749984758e+00  1.290000  -5.514887e-02  -1.2585  0  nan  nan  nan  +nan  +9.469534e-01  +4.245126e-01  0  0  0
4.2000000000000199e+01  A  32.031250  40.281250  32.156250  3.6430740078e+00  1.250000  -6.335673e-02  -1.1982  0  nan  nan  nan  +nan  +2.914416e-01  +1.110218e+00  0  0  0
4.2000000000000199e+01  B  31.906250  40.281250  32.093750  3.6556604836e+00  1.270000  -6.012071e-02  -1.2210  0  nan  nan  nan  +nan  +3.135212e-01  +1.117033e+00  0  0  0
4.2000000000000199e+01  C  31.968750  40.281250  32.125000  3.6018853364e+00  1.210000  -7.394644e-02  -1.1311  0  nan  nan  nan  +nan  +8.140674e-01  +4.089463e-01  0  0  0
4.3000000000000000e+01  A  32.031250  40.593750  32.062500  3.5757717155e+00  1.210000  -8.066031e-02  -1.0933  0  nan  nan  nan  +nan  +2.489979e-01  +1.116739e+00  0  0  0
4.3000000000000000e+01  B  31.937500  40.640625  31.953125  3.5792092631e+00  1.210000  -7.977651e-02  -1.0981  0  nan  nan  nan  +nan  +2.588375e-01  +1.117770e+00  0  0  0
4.3000000000000000e+01  C  31.984375  40.617188  32.007812  3.5533987220e+00  1.130000  -8.641246e-02  -1.0634  0  nan  nan  nan  +nan  +4.577518e-01  +9.753085e-01  0  0  0
4.3999999999999801e+01  A  32.031250  40.968750  32.093750  3.5190812334e+00  1.170000  -9.523557e-02  -1.0212  0  nan  nan  nan  +nan  +2.918088e-01  +1.137021e+00  0  0  0
4.3999999999999801e+01  B  31.906250  41.031250  32.031250  3.5193110949e+00  1.170000  -9.517648e-02  -1.0215  0  nan  nan  nan  +nan  +2.986998e-01  +1.137227e+00  0  0  0
4.3999999999999801e+01  C  31.968750  41.000000  32.062500  3.4744602470e+00  1.130000  -1.067077e-01  -0.9718  0  nan  nan  nan  +nan  +7.681213e-01  +4.644979e-01  0  0  0
