  25.0100000   -1.4372615701e-05    1.5120253081e-04    1.1458870256e-05    3.0333051822e-05    7.1808938179e-06    2.9080290555e-06    3.3934190892e-06    4.4299105912e-07
  25.0200000   -1.4529204047e-05    1.5115686544e-04    1.1522302880e-05    3.0399754657e-05    7.1965259106e-06    2.9099965645e-06    3.3959293155e-06    4.4100608569e-07
  25.0300000   -1.4692072227e-05    1.5109575057e-04    1.1560204929e-05    3.0471894535e-05    7.2126012162e-06    2.9111594225e-06    3.3904972876e-06    4.3887612311e-07
  25.0400000   -1.4866624213e-05    1.5102025818e-04    1.1571798760e-05    3.0549502512e-05    7.2290945618e-06    2.9115826084e-06    3.3770916104e-06    4.3661876288e-07
  25.0500000   -1.5058134756e-05    1.5093169476e-04    1.1556887289e-05    3.0632545121e-05    7.2459777526e-06    2.9113362580e-06    3.3557285826e-06    4.3425212447e-07
  25.0600000   -1.5271669029e-05    1.5083158476e-04    1.1515859514e-05    3.0720925678e-05    7.2632196295e-06    2.9104951998e-06    3.3264725053e-06    4.3179478027e-07
  25.0700000   -1.5512006065e-05    1.5072165015e-04    1.1449683145e-05    3.0814486262e-05    7.2807861273e-06    2.9091384394e-06    3.2894356881e-06    4.2926567555e-07
  25.0800000   -1.5783567363e-05    1.5060378644e-04    1.1359884697e-05    3.0913010366e-05    7.2986403869e-06    2.9073486363e-06    3.2447781657e-06    4.2668404670e-07
  25.0900000   -1.6090351806e-05    1.5048003539e-04    1.1248517286e-05    3.1016226049e-05    7.3167428797e-06    2.9052115277e-06    3.1927071389e-06    4.2406933258e-07
  25.1000000   -1.6435877937e-05    1.5035255485e-04    1.1118116976e-05    3.1123809712e-05    7.3350515643e-06    2.9028153664e-06    3.1334761119e-06    4.2144110184e-07
  25.1100000   -1.6823134502e-05    1.5022358632e-04    1.0971648625e-05    3.1235390230e-05    7.3535220565e-06    2.9002503192e-06    3.0673837620e-06    4.1881895401e-07
  25.1200000   -1.7254540063e-05    1.5009542049e-04    1.0812442387e-05    3.1350553540e-05    7.3721078430e-06    2.8976078500e-06    2.9947725064e-06    4.1622244564e-07
  25.1300000   -1.7731912221e-05    1.4997036161e-04    1.0644122338e-05    3.1468847556e-05    7.3907605035e-06    2.8949801212e-06    2.9160268154e-06    4.1367098584e-07
  25.1400000   -1.8256446849e-05    1.4985069098e-04    1.0470528759e-05    3.1589787355e-05    7.4094299511e-06    2.8924593576e-06    2.8315712562e-06    4.1118377080e-07
  25.1500000   -1.8828707608e-05    1.4973863041e-04    1.0295635836e-05    3.1712860637e-05    7.4280647050e-06    2.8901372281e-06    2.7418682592e-06    4.0877968538e-07
  25.1600000   -1.9448625748e-05    1.4963630610e-04    1.0123466511e-05    3.1837533331e-05    7.4466121549e-06    2.8881042273e-06    2.6474156566e-06    4.0647722105e-07
  25.1700000   -2.0115510078e-05    1.4954571361e-04    9.9580064746e-06    3.1963255367e-05    7.4650188663e-06    2.8864490730e-06    2.5487439823e-06    4.0429439130e-07
  25.1800000   -2.0828066732e-05    1.4946868461e-04    9.8031190923e-06    3.2089466586e-05    7.4832308750e-06    2.8852580982e-06    2.4464135458e-06    4.0224864097e-07
  25.1900000   -2.1584428323e-05    1.4940685574e-04    9.6624631430e-06    3.2215602630e-05    7.5011940066e-06    2.8846146830e-06    2.3410113095e-06    4.0035678975e-07
  25.2000000   -2.2382191799e-05    1.4936164044e-04    9.5394151761e-06    3.2341100968e-05    7.5188541835e-06    2.8845986840e-06    2.2331475654e-06    3.9863492786e-07
  25.2100000   -2.3218464168e-05    1.4933420401e-04    9.4369982176e-06    3.2465406818e-05    7.5361577570e-06    2.8852859026e-06    2.1234524673e-06    3.9709834515e-07
  25.2200000   -2.4089915261e-05    1.4932544244e-04    9.3578182436e-06    3.2587979094e-05    7.5530518248e-06    2.8867475699e-06    2.0125723776e-06    3.9576147027e-07
  25.2300000   -2.4992836509e-05    1.4933596548e-04    9.3040098916e-06    3.2708296221e-05    7.5694845526e-06    2.8890498818e-06    1.9011661195e-06    3.9463777459e-07
  25.2400000   -2.5923204470e-05    1.4936608403e-04    9.2771925389e-06    3.2825861864e-05    7.5854054806e-06    2.8922535401e-06    1.7899011040e-06    3.9373973294e-07
  25.2500000   -2.6876748213e-05    1.4941580246e-04    9.2784375891e-06    3.2940210477e-05    7.6007658491e-06    2.8964133574e-06    1.6794493691e-06    3.9307874369e-07
  25.2600000   -2.7849019075e-05    1.4948481560e-04    9.3082477628e-06    3.3050912658e-05    7.6155188835e-06    2.9015778869e-06    1.5704835653e-06    3.9266507063e-07
  25.2700000   -2.8835461758e-05    1.4957251090e-04    9.3665486726e-06    3.3157580230e-05    7.6296200931e-06    2.9077890937e-06    1.4636729030e-06    3.9250778719e-07
  25.2800000   -2.9831485407e-05    1.4967797546e-04    9.4526928246e-06    3.3259871023e-05    7.6430275371e-06    2.9150820853e-06    1.3596790866e-06    3.9261473101e-07
  25.2900000   -3.0832533537e-05    1.4980000799e-04    9.5654759696e-06    3.3357493327e-05    7.6557020917e-06    2.9234848684e-06    1.2591522543e-06    3.9299245614e-07
  25.3000000   -3.1834151653e-05    1.4993713551e-04    9.7031652768e-06    3.3450209880e-05    7.6676076789e-06    2.9330181671e-06    1.1627269661e-06    3.9364618514e-07
  25.3100000   -3.2832051459e-05    1.5008763451e-04    9.8635387085e-06    3.3537841437e-05    7.6787115059e-06    2.9436952926e-06    1.0710182328e-06    3.9457978189e-07
  25.3200000   -3.3822170665e-05    1.5024955628e-04    1.0043934641e-05    3.3620269744e-05    7.6889842480e-06    2.9555220470e-06    9.8461765874e-07    3.9579571804e-07
  25.3300000   -3.4800727477e-05    1.5042075603e-04    1.0241310577e-05    3.3697439944e-05    7.6984002479e-06    2.9684966948e-06    9.0408966973e-07    3.9729505335e-07
  25.3400000   -3.5764269049e-05    1.5059892526e-04    1.0452309628e-05    3.3769362365e-05    7.7069376500e-06    2.9826099794e-06    8.2996789019e-07    3.9907741441e-07
  25.3500000   -3.6709713167e-05    1.5078162696e-04    1.0673333199e-05    3.3836113492e-05    7.7145785480e-06    2.9978451844e-06    7.6275167706e-07    4.0114098506e-07
  25.3600000   -3.7634382695e-05    1.5096633299e-04    1.0900618328e-05    3.3897836280e-05    7.7213090854e-06    3.0141782494e-06    7.0290282739e-07    4.0348249608e-07
  25.3700000   -3.8536032400e-05    1.5115046314e-04    1.1130317878e-05    3.3954739578e-05    7.7271195409e-06    3.0315779386e-06    6.5084250195e-07    4.0609724059e-07
  25.3800000   -3.9412867902e-05    1.5133142508e-04    1.1358581818e-05    3.4007096701e-05    7.7320043835e-06    3.0500060610e-06    6.0694836173e-07    4.0897906431e-07
  25.3900000   -4.0263556712e-05    1.5150665472e-04    1.1581637826e-05    3.4055243151e-05    7.7359623071e-06    3.0694177165e-06    5.7155194591e-07    4.1212039970e-07
  25.4000000   -4.1087231337e-05    1.5167365622e-04    1.1795869436e-05    3.4099573367e-05    7.7389962262e-06    3.0897616089e-06    5.4493633058e-07    4.1551227099e-07
  25.4100000   -4.1883484752e-05    1.5183004102e-04    1.1997890066e-05    3.4140536635e-05    7.7411132781e-06    3.1109803962e-06    5.2733403506e-07    4.1914434254e-07
  25.4200000   -4.2652358430e-05    1.5197356525e-04    1.2184611242e-05    3.4178632006e-05    7.7423247614e-06    3.1330110727e-06    5.1892526643e-07    4.2300493727e-07
  25.4300000   -4.3394323518e-05    1.5210216500e-04    1.2353303758e-05    3.4214402410e-05    7.7426460813e-06    3.1557854019e-06    5.1983641600e-07    4.2708108487e-07
  25.4400000   -4.4110255566e-05    1.5221398867e-04    1.2501650280e-05    3.4248427853e-05    7.7420966579e-06    3.1792303724e-06    5.3013892875e-07    4.3135858822e-07
  25.4500000   -4.4801403591e-05    1.5230742613e-04    1.2627788539e-05    3.4281317877e-05    7.7406998161e-06    3.2032686943e-06    5.4984847354e-07    4.3582204564e-07
  25.4600000   -4.5469354072e-05    1.5238113405e-04    1.2730344056e-05    3.4313703324e-05    7.7384826571e-06    3.2278193190e-06    5.7892444830e-07    4.4045495944e-07
  25.4700000   -4.6115990770e-05    1.5243405702e-04    1.2808451970e-05    3.4346227406e-05    7.7354759177e-06    3.2527979722e-06    6.1726984950e-07    4.4523976481e-07
  25.4800000   -4.6743451154e-05    1.5246544418e-04    1.2861767470e-05    3.4379536386e-05    7.7317137894e-06    3.2781177538e-06    6.6473147160e-07    4.5015793216e-07
  25.4900000   -4.7354080298e-05    1.5247486106e-04    1.2890464838e-05    3.4414269776e-05    7.7272337568e-06    3.3036896789e-06    7.2110046444e-07    4.5519003858e-07
  25.5000000   -4.7950383137e-05    1.5246219640e-04    1.2895225171e-05    3.4451050375e-05    7.7220763882e-06    3.3294233085e-06    7.8611323464e-07    4.6031585745e-07
  25.5100000   -4.8534975988e-05    1.5242766399e-04    1.2877213204e-05    3.4490474204e-05    7.7162851361e-06    3.3552273368e-06    8.5945269933e-07    4.6551445932e-07
  25.5200000   -4.9110538126e-05    1.5237179929e-04    1.2838043936e-05    3.4533100506e-05    7.7099061148e-06    3.3810102092e-06    9.4074988325e-07    4.7076430018e-07
  25.5300000   -4.9679764311e-05    1.5229545115e-04    1.2779739831e-05    3.4579442044e-05    7.7029878807e-06    3.4066807342e-06    1.0295858264e-06    4.7604332677e-07
  25.5400000   -5.0245318950e-05    1.5219976851e-04    1.2704679750e-05    3.4629955813e-05    7.6955811932e-06    3.4321486901e-06    1.1254938592e-06    4.8132909985e-07
  25.5500000   -5.0809792705e-05    1.5208618254e-04    1.2615540751e-05    3.4685034379e-05    7.6877387744e-06    3.4573254245e-06    1.2279621520e-06    4.8659888090e-07
  25.5600000   -5.1375662115e-05    1.5195638435e-04    1.2515234247e-05    3.4744997993e-05    7.6795150768e-06    3.4821244513e-06    1.3364365899e-06    4.9182976859e-07
  25.5700000   -5.1945252821e-05    1.5181229864e-04    1.2406837913e-05    3.4810087684e-05    7.6709660244e-06    3.5064620092e-06    1.4503239262e-06    4.9699880637e-07
  25.5800000   -5.2520706857e-05    1.5165605394e-04    1.2293524991e-05    3.4880459450e-05    7.6621487722e-06    3.5302576395e-06    1.5689951868e-06    5.0208310702e-07
  25.5900000   -5.3103954417e-05    1.5148994947e-04    1.2178492569e-05    3.4956179779e-05    7.6531214647e-06    3.5534347026e-06    1.6917893568e-06    5.0705997016e-07
  25.6000000   -5.3696690311e-05    1.5131641968e-04    1.2064890394e-05    3.5037222472e-05    7.6439429961e-06    3.5759208806e-06    1.8180172614e-06    5.1190700574e-07
  25.6100000   -5.4300355412e-05    1.5113799660e-04    1.1955751905e-05    3.5123467050e-05    7.6346727532e-06    3.5976486595e-06    1.9469656671e-06    5.1660226387e-07
  25.6200000   -5.4916123059e-05    1.5095727082e-04    1.1853928876e-05    3.5214698701e-05    7.6253703979e-06    3.6185557756e-06    2.0779015621e-06    5.2112435904e-07
  25.6300000   -5.5544890559e-05    1.5077685164e-04    1.1762031182e-05    3.5310609910e-05    7.6160956316e-06    3.6385856121e-06    2.2100765870e-06    5.2545257650e-07
  25.6400000   -5.6187275523e-05    1.5059932705e-04    1.1682372845e-05    3.5410803744e-05    7.6069079695e-06    3.6576875675e-06    2.3427316001e-06    5.2956701400e-07
  25.6500000   -5.6843617055e-05    1.5042722403e-04    1.1616925584e-05    3.5514798809e-05    7.5978665241e-06    3.6758173893e-06    2.4751013283e-06    5.3344869174e-07
  25.6600000   -5.7513981394e-05    1.5026296999e-04    1.1567280703e-05    3.5622035854e-05    7.5890298037e-06    3.6929374467e-06    2.6064191164e-06    5.3707966469e-07
  25.6700000   -5.8198171817e-05    1.5010885569e-04    1.1534620131e-05    3.5731885923e-05    7.5804555001e-06    3.7090169782e-06    2.7359216760e-06    5.4044314392e-07
  25.6800000   -5.8895742321e-05    1.4996700043e-04    1.1519697019e-05    3.5843660026e-05    7.5722003056e-06    3.7240322695e-06    2.8628538850e-06    5.4352359156e-07
  25.6900000   -5.9606014779e-05    1.4983931982e-04    1.1522826309e-05    3.5956620104e-05    7.5643197236e-06    3.7379668074e-06    2.9864735492e-06    5.4630684113e-07
  25.7000000   -6.0328099000e-05    1.4972749676e-04    1.1543885211e-05    3.6069991184e-05    7.5568678999e-06    3.7508113705e-06    3.1060561124e-06    5.4878018151e-07
  25.7100000   -6.1060915338e-05    1.4963295594e-04    1.1582323534e-05    3.6182974558e-05    7.5498974495e-06    3.7625640679e-06    3.2208992968e-06    5.5093245069e-07
  25.7200000   -6.1803219205e-05    1.4955684230e-04    1.1637183377e-05    3.6294761708e-05    7.5434593080e-06    3.7732303423e-06    3.3303276196e-06    5.5275412597e-07
  25.7300000   -6.2553627150e-05    1.4950000370e-04    1.1707127740e-05    3.6404548777e-05    7.5376025718e-06    3.7828229127e-06    3.4336967878e-06    5.5423739323e-07
  25.7400000   -6.3310643860e-05    1.4946297805e-04    1.1790477091e-05    3.6511551343e-05    7.5323743695e-06    3.7913616692e-06    3.5303978941e-06    5.5537621600e-07
  25.7500000   -6.4072689725e-05    1.4944598510e-04    1.1885253143e-05    3.6615019221e-05    7.5278197226e-06    3.7988735215e-06    3.6198614524e-06    5.5616639603e-07
  25.7600000   -6.4838128346e-05    1.4944892285e-04    1.1989228595e-05    3.6714251006e-05    7.5239814216e-06    3.8053922002e-06    3.7015611742e-06    5.5660562889e-07
  25.7700000   -6.5605293748e-05    1.4947136886e-04    1.2099981732e-05    3.6808608104e-05    7.5208999046e-06    3.8109580136e-06    3.7750175081e-06    5.5669353007e-07
  25.7800000   -6.6372516721e-05    1.4951258607e-04    1.2214954518e-05    3.6897527954e-05    7.5186131537e-06    3.8156175582e-06    3.8398009095e-06    5.5643167838e-07
  25.7900000   -6.7138150055e-05    1.4957153331e-04    1.2331512904e-05    3.6980536224e-05    7.5171565759e-06    3.8194233903e-06    3.8955347986e-06    5.5582363180e-07
  25.8000000   -6.7900592265e-05    1.4964688023e-04    1.2447007929e-05    3.7057257642e-05    7.5165629227e-06    3.8224336572e-06    3.9418982022e-06    5.5487492461e-07
  25.8100000   -6.8658309603e-05    1.4973702625e-04    1.2558836260e-05    3.7127425334e-05    7.5168621717e-06    3.8247116853e-06    3.9786280571e-06    5.5359307918e-07
  25.8200000   -6.9409856111e-05    1.4984012346e-04    1.2664498823e-05    3.7190888393e-05    7.5180814509e-06    3.8263255461e-06    4.0055211542e-06    5.5198758025e-07
  25.8300000   -7.0153891552e-05    1.4995410297e-04    1.2761656325e-05    3.7247617480e-05    7.5202449486e-06    3.8273475829e-06    4.0224357088e-06    5.5006985102e-07
  25.8400000   -7.0889197065e-05    1.5007670434e-04    1.2848180407e-05    3.7297708440e-05    7.5233738352e-06    3.8278539152e-06    4.0292925476e-06    5.4785321982e-07
  25.8500000   -7.1614688541e-05    1.5020550770e-04    1.2922199453e-05    3.7341383617e-05    7.5274861629e-06    3.8279239050e-06    4.0260758951e-06    5.4535286630e-07
  25.8600000   -7.2329427588e-05    1.5033796795e-04    1.2982138073e-05    3.7378991006e-05    7.5325968167e-06    3.8276396249e-06    4.0128337697e-06    5.4258574197e-07
  25.8700000   -7.3032630198e-05    1.5047145071e-04    1.3026749617e-05    3.7411001060e-05    7.5387174249e-06    3.8270852934e-06    3.9896779365e-06    5.3957053012e-07
  25.8800000   -7.3723673050e-05    1.5060326939e-04    1.3055140987e-05    3.7438001249e-05    7.5458562901e-06    3.8263467005e-06    3.9567834850e-06    5.3632753314e-07
  25.8900000   -7.4402097630e-05    1.5073072283e-04    1.3066789489e-05    3.7460688397e-05    7.5540183185e-06    3.8255106259e-06    3.9143879828e-06    5.3287858516e-07
  25.9000000   -7.5067612164e-05    1.5085113311e-04    1.3061551412e-05    3.7479858899e-05    7.5632049691e-06    3.8246642492e-06    3.8627902047e-06    5.2924694587e-07
  25.9100000   -7.5720091587e-05    1.5096188283e-04    1.3039662340e-05    3.7496396978e-05    7.5734141760e-06    3.8238945722e-06    3.8023484673e-06    5.2545717588e-07
  25.9200000   -7.6359575598e-05    1.5106045147e-04    1.3001729348e-05    3.7511261125e-05    7.5846403007e-06    3.8232878144e-06    3.7334785819e-06    5.2153501385e-07
  25.9300000   -7.6986264987e-05    1.5114445022e-04    1.2948715405e-05    3.7525468998e-05    7.5968740729e-06    3.8229288488e-06    3.6566513787e-06    5.1750723840e-07
  25.9400000   -7.7600516383e-05    1.5121165499e-04    1.2881916481e-05    3.7540080930e-05    7.6101025485e-06    3.8229006303e-06    3.5723899195e-06    5.1340151939e-07
  25.9500000   -7.8202835607e-05    1.5126003690e-04    1.2802931946e-05    3.7556182508e-05    7.6243090602e-06    3.8232836449e-06    3.4812662896e-06    5.0924626495e-07
  25.9600000   -7.8793869741e-05    1.5128779004e-04    1.2713629127e-05    3.7574866272e-05    7.6394731861e-06    3.8241553689e-06    3.3838981161e-06    5.0507045818e-07
  25.9700000   -7.9374398061e-05    1.5129335609e-04    1.2616102755e-05    3.7597213108e-05    7.6555707200e-06    3.8255897592e-06    3.2809446925e-06    5.0090349089e-07
  25.9800000   -7.9945322066e-05    1.5127544540e-04    1.2512630405e-05    3.7624273483e-05    7.6725736522e-06    3.8276567718e-06    3.1731028961e-06    4.9677498939e-07
  25.9900000   -8.0507654535e-05    1.5123305440e-04    1.2405624857e-05    3.7657048969e-05    7.6904501501e-06    3.8304218909e-06    3.0611027546e-06    4.9271463339e-07
  26.0000000   -8.1062507965e-05    1.5116547902e-04    1.2297584464e-05    3.7696474314e-05    7.7091645663e-06    3.8339457137e-06    2.9457028347e-06    4.8875198460e-07
  26.0100000   -8.1611082363e-05    1.5107232398e-04    1.2191042622e-05    3.7743400478e-05    7.7286774466e-06    3.8382835513e-06    2.8276853825e-06    4.8491627779e-07
  26.0200000   -8.2154652544e-05    1.5095350787e-04    1.2088517351e-05    3.7798578841e-05    7.7489455523e-06    3.8434850765e-06    2.7078512776e-06    4.8123627267e-07
  26.0300000   -8.2694554926e-05    1.5080926397e-04    1.1992462074e-05    3.7862647016e-05    7.7699218998e-06    3.8495940037e-06    2.5870148695e-06    4.7774002930e-07
  26.0400000   -8.3232174078e-05    1.5064013678e-04    1.1905218530e-05    3.7936116395e-05    7.7915558147e-06    3.8566478208e-06    2.4659986692e-06    4.7445474902e-07
  26.0500000   -8.3768928936e-05    1.5044697442e-04    1.1828972725e-05    3.8019361752e-05    7.8137930001e-06    3.8646775504e-06    2.3456279652e-06    4.7140658306e-07
  26.0600000   -8.4306258815e-05    1.5023091686e-04    1.1765714695e-05    3.8112613090e-05    7.8365756285e-06    3.8737075662e-06    2.2267254007e-06    4.6862045353e-07
  26.0700000   -8.4845609290e-05    1.4999338032e-04    1.1717202832e-05    3.8215949890e-05    7.8598424432e-06    3.8837554517e-06    2.1101055284e-06    4.6611987378e-07
  26.0800000   -8.5388417977e-05    1.4973603808e-04    1.1684933323e-05    3.8329297885e-05    7.8835288956e-06    3.8948319077e-06    1.9965693910e-06    4.6392678391e-07
  26.0900000   -8.5936100336e-05    1.4946079768e-04    1.1670115118e-05    3.8452428436e-05    7.9075672847e-06    3.9069406960e-06    1.8868991847e-06    4.6206138436e-07
  26.1000000   -8.6490035498e-05    1.4916977529e-04    1.1673650783e-05    3.8584960503e-05    7.9318869331e-06    3.9200786463e-06    1.7818529797e-06    4.6054199002e-07
  26.1100000   -8.7051552237e-05    1.4886526712e-04    1.1696123487e-05    3.8726365261e-05    7.9564143776e-06    3.9342357026e-06    1.6821596102e-06    4.5938487379e-07
  26.1200000   -8.7621915167e-05    1.4854971873e-04    1.1737790008e-05    3.8875973238e-05    7.9810735906e-06    3.9493950028e-06    1.5885137197e-06    4.5860413529e-07
  26.1300000   -8.8202311310e-05    1.4822569217e-04    1.1798579875e-05    3.9032983838e-05    8.0057862179e-06    3.9655330402e-06    1.5015709948e-06    4.5821158080e-07
  26.1400000   -8.8793837029e-05    1.4789583185e-04    1.1878100364e-05    3.9196477175e-05    8.0304718469e-06    3.9826198197e-06    1.4219436565e-06    4.5821660871e-07
  26.1500000   -8.9397485579e-05    1.4756282923e-04    1.1975647010e-05    3.9365427950e-05    8.0550482967e-06    4.0006190961e-06    1.3501962148e-06    4.5862610332e-07
  26.1600000   -9.0014135352e-05    1.4722938708e-04    1.2090219384e-05    3.9538721161e-05    8.0794319285e-06    4.0194886439e-06    1.2868414969e-06    4.5944437544e-07
  26.1700000   -9.0644538935e-05    1.4689818358e-04    1.2220541528e-05    3.9715169350e-05    8.1035379834e-06    4.0391805618e-06    1.2323370387e-06    4.6067306206e-07
  26.1800000   -9.1289313200e-05    1.4657183684e-04    1.2365086551e-05    3.9893531127e-05    8.1272809506e-06    4.0596416034e-06    1.1870817958e-06    4.6231109287e-07
  26.1900000   -9.1948930566e-05    1.4625287027e-04    1.2522104774e-05    4.0072530622e-05    8.1505749339e-06    4.0808135712e-06    1.1514132465e-06    4.6435464633e-07
  26.2000000   -9.2623711532e-05    1.4594367927e-04    1.2689654874e-05    4.0250877552e-05    8.1733340783e-06    4.1026337199e-06    1.1256048946e-06    4.6679713696e-07
  26.2100000   -9.3313818807e-05    1.4564649976e-04    1.2865637248e-05    4.0427287536e-05    8.1954729725e-06    4.1250351961e-06    1.1098641749e-06    4.6962920730e-07
  26.2200000   -9.4019253037e-05    1.4536337871e-04    1.3047829005e-05    4.0600502307e-05    8.2169071037e-06    4.1479474941e-06    1.1043308197e-06    4.7283873797e-07
  26.2300000   -9.4739850388e-05    1.4509614741e-04    1.3233919998e-05    4.0769309530e-05    8.2375533074e-06    4.1712969541e-06    1.1090756317e-06    4.7641089402e-07
  26.2400000   -9.5475282085e-05    1.4484639755e-04    1.3421549125e-05    4.0932561801e-05    8.2573302467e-06    4.1950072668e-06    1.1240997647e-06    4.8032816365e-07
  26.2500000   -9.6225056075e-05    1.4461546051e-04    1.3608340479e-05    4.1089194570e-05    8.2761588906e-06    4.2189999837e-06    1.1493344231e-06    4.8457043353e-07
  26.2600000   -9.6988520869e-05    1.4440439025e-04    1.3791938651e-05    4.1238242664e-05    8.2939630030e-06    4.2431950612e-06    1.1846410671e-06    4.8911508090e-07
  26.2700000   -9.7764871697e-05    1.4421394979e-04    1.3970042819e-05    4.1378855159e-05    8.3106696526e-06    4.2675114045e-06    1.2298120800e-06    4.9393706669e-07
  26.2800000   -9.8553159001e-05    1.4404460170e-04    1.4140439066e-05    4.1510308309e-05    8.3262096964e-06    4.2918673922e-06    1.2845718901e-06    4.9900906992e-07
  26.2900000   -9.9352299214e-05    1.4389650258e-04    1.4301030712e-05    4.1632016397e-05    8.3405182997e-06    4.3161814618e-06    1.3485785875e-06    5.0430161826e-07
  26.3000000   -1.0016108793e-04    1.4376950158e-04    1.4449866125e-05    4.1743540294e-05    8.3535354145e-06    4.3403726103e-06    1.4214259683e-06    5.0978324978e-07
  26.3100000   -1.0097821529e-04    1.4366314311e-04    1.4585164031e-05    4.1844593559e-05    8.3652062794e-06    4.3643609565e-06    1.5026460414e-06    5.1542068569e-07
  26.3200000   -1.0180228346e-04    1.4357667365e-04    1.4705335901e-05    4.1935046097e-05    8.3754818991e-06    4.3880682627e-06    1.5917119769e-06    5.2117900776e-07
  26.3300000   -1.0263182618e-04    1.4350905243e-04    1.4809005434e-05    4.2014925274e-05    8.3843194929e-06    4.4114184412e-06    1.6880414340e-06    5.2702186547e-07
  26.3400000   -1.0346532999e-04    1.4345896608e-04    1.4895024977e-05    4.2084414456e-05    8.3916829544e-06    4.4343380599e-06    1.7910003197e-06    5.3291169059e-07
  26.3500000   -1.0430125705e-04    1.4342484682e-04    1.4962488924e-05    4.2143849115e-05    8.3975432579e-06    4.4567568050e-06    1.8999069064e-06    5.3880990961e-07
  26.3600000   -1.0513806909e-04    1.4340489419e-04    1.5010743990e-05    4.2193710482e-05    8.4018788587e-06    4.4786079367e-06    2.0140362687e-06    5.4467720235e-07
  26.3700000   -1.0597425228e-04    1.4339709973e-04    1.5039396534e-05    4.2234616996e-05    8.4046760495e-06    4.4998287125e-06    2.1326250800e-06    5.5047371964e-07
  26.3800000   -1.0680834266e-04    1.4339927456e-04    1.5048316865e-05    4.2267313576e-05    8.4059292895e-06    4.5203607856e-06    2.2548766513e-06    5.5615934457e-07
  26.3900000   -1.0763895161e-04    1.4340907930e-04    1.5037640688e-05    4.2292659037e-05    8.4056414853e-06    4.5401505547e-06    2.3799662525e-06    5.6169395671e-07
  26.4000000   -1.0846479102e-04    1.4342405606e-04    1.5007767745e-05    4.2311611813e-05    8.4038242432e-06    4.5591495070e-06    2.5070466401e-06    5.6703768479e-07
  26.4100000   -1.0928469771e-04    1.4344166191e-04    1.4959357758e-05    4.2325214227e-05    8.4004980582e-06    4.5773144983e-06    2.6352537560e-06    5.7215117499e-07
  26.4200000   -1.1009765662e-04    1.4345930345e-04    1.4893323740e-05    4.2334575655e-05    8.3956924668e-06    4.5946080089e-06    2.7637125832e-06    5.7699585929e-07
  26.4300000   -1.1090282232e-04    1.4347437201e-04    1.4810822753e-05    4.2340854767e-05    8.3894461326e-06    4.6109983629e-06    2.8915431002e-06    5.8153421313e-07
  26.4400000   -1.1169953838e-04    1.4348427910e-04    1.4713244275e-05    4.2345241228e-05    8.3818068996e-06    4.6264598909e-06    3.0178662839e-06    5.8573002813e-07
  26.4500000   -1.1248735422e-04    1.4348649129e-04    1.4602196128e-05    4.2348937116e-05    8.3728317583e-06    4.6409730620e-06    3.1418101581e-06    5.8954866460e-07
  26.4600000   -1.1326603894e-04    1.4347856445e-04    1.4479488101e-05    4.2353138382e-05    8.3625867716e-06    4.6545245869e-06    3.2625158052e-06    5.9295730011e-07
  26.4700000   -1.1403559182e-04    1.4345817661e-04    1.4347113317e-05    4.2359016588e-05    8.3511469357e-06    4.6671074426e-06    3.3791433158e-06    5.9592519560e-07
  26.4800000   -1.1479624922e-04    1.4342315897e-04    1.4207227415e-05    4.2367701333e-05    8.3385959653e-06    4.6787208853e-06    3.4908776535e-06    5.9842390005e-07
  26.4900000   -1.1554848743e-04    1.4337152476e-04    1.4062125581e-05    4.2380263463e-05    8.3250260349e-06    4.6893704076e-06    3.5969343449e-06    6.0042749499e-07
  26.5000000   -1.1629302153e-04    1.4330149550e-04    1.3914217518e-05    4.2397699467e-05    8.3105374319e-06    4.6990676617e-06    3.6965650264e-06    6.0191281183e-07
  26.5100000   -1.1703079975e-04    1.4321152420e-04    1.3766000456e-05    4.2420917198e-05    8.2952381584e-06    4.7078303322e-06    3.7890627308e-06    6.0285961137e-07
  26.5200000   -1.1776299368e-04    1.4310031526e-04    1.3620030284e-05    4.2450723160e-05    8.2792434742e-06    4.7156819720e-06    3.8737669344e-06    6.0325077906e-07
  26.5300000   -1.1849098400e-04    1.4296684081e-04    1.3478890961e-05    4.2487811539e-05    8.2626753568e-06    4.7226518030e-06    3.9500682992e-06    6.0307249149e-07
  26.5400000   -1.1921634195e-04    1.4281035311e-04    1.3345162416e-05    4.2532755055e-05    8.2456619213e-06    4.7287744776e-06    4.0174130963e-06    6.0231434001e-07
  26.5500000   -1.1994080677e-04    1.4263039301e-04    1.3221387063e-05    4.2585997834e-05    8.2283367647e-06    4.7340897967e-06    4.0753072479e-06    6.0096949296e-07
  26.5600000   -1.2066625923e-04    1.4242679420e-04    1.3110035309e-05    4.2647850354e-05    8.2108382524e-06    4.7386424211e-06    4.1233199924e-06    5.9903476584e-07
  26.5700000   -1.2139469177e-04    1.4219968332e-04    1.3013470272e-05    4.2718486429e-05    8.1933087729e-06    4.7424815151e-06    4.1610871170e-06    5.9651072453e-07
  26.5800000   -1.2212817537e-04    1.4194947575e-04    1.2933912164e-05    4.2797942377e-05    8.1758939061e-06    4.7456604006e-06    4.1883137631e-06    5.9340173848e-07
  26.5900000   -1.2286882403e-04    1.4167686739e-04    1.2873402671e-05    4.2886118249e-05    8.1587415800e-06    4.7482361493e-06    4.2047767344e-06    5.8971601828e-07
  26.6000000   -1.2361875697e-04    1.4138282223e-04    1.2833769913e-05    4.2982781102e-05    8.1420011636e-06    4.7502691822e-06    4.2103263559e-06    5.8546561426e-07
  26.6100000   -1.2438005954e-04    1.4106855630e-04    1.2816594382e-05    4.3087570264e-05    8.1258225391e-06    4.7518228337e-06    4.2048878055e-06    5.8066643159e-07
  26.6200000   -1.2515474326e-04    1.4073551775e-04    1.2823176520e-05    4.3200004389e-05    8.1103551224e-06    4.7529629085e-06    4.1884619534e-06    5.7533815544e-07
  26.6300000   -1.2594470572e-04    1.4038536388e-04    1.2854506526e-05    4.3319490297e-05    8.0957468789e-06    4.7537572148e-06    4.1611256560e-06    5.6950422106e-07
  26.6400000   -1.2675169113e-04    1.4001993497e-04    1.2911236937e-05    4.3445333346e-05    8.0821433137e-06    4.7542751030e-06    4.1230315581e-06    5.6319169385e-07
  26.6500000   -1.2757725222e-04    1.3964122560e-04    1.2993658757e-05    4.3576749182e-05    8.0696864529e-06    4.7545869804e-06    4.0744073439e-06    5.5643117731e-07
  26.6600000   -1.2842271413e-04    1.3925135380e-04    1.3101681611e-05    4.3712876708e-05    8.0585138094e-06    4.7547638417e-06    4.0155544662e-06    5.4925666824e-07
  26.6700000   -1.2928914108e-04    1.3885252857e-04    1.3234818671e-05    4.3852792018e-05    8.0487573719e-06    4.7548767871e-06    3.9468463674e-06    5.4170538447e-07
  26.6800000   -1.3017730649e-04    1.3844701603e-04    1.3392176917e-05    4.3995523111e-05    8.0405425778e-06    4.7549965452e-06    3.8687261918e-06    5.3381759007e-07
  26.6900000   -1.3108766722e-04    1.3803710497e-04    1.3572453208e-05    4.4140065127e-05    8.0339873353e-06    4.7551930130e-06    3.7817039948e-06    5.2563637465e-07
  26.7000000   -1.3202034239e-04    1.3762507223e-04    1.3773936691e-05    4.4285395942e-05    8.0292010406e-06    4.7555347940e-06    3.6863534810e-06    5.1720743655e-07
  26.7100000   -1.3297509744e-04    1.3721314835e-04    1.3994517936e-05    4.4430491807e-05    8.0262836494e-06    4.7560887624e-06    3.5833082987e-06    5.0857881437e-07
  26.7200000   -1.3395133375e-04    1.3680348413e-04    1.4231705080e-05    4.4574342890e-05    8.0253247810e-06    4.7569196260e-06    3.4732578649e-06    4.9980062882e-07
  26.7300000   -1.3494808425e-04    1.3639811849e-04    1.4482647100e-05    4.4715968414e-05    8.0264028762e-06    4.7580895272e-06    3.3569428227e-06    4.9092479710e-07
  26.7400000   -1.3596401523e-04    1.3599894824e-04    1.4744164348e-05    4.4854431249e-05    8.0295844078e-06    4.7596576589e-06    3.2351500994e-06    4.8200471784e-07
  26.7500000   -1.3699743443e-04    1.3560770014e-04    1.5012786184e-05    4.4988851717e-05    8.0349231516e-06    4.7616798943e-06    3.1087076304e-06    4.7309496140e-07
  26.7600000   -1.3804630561e-04    1.3522590571e-04    1.5284795484e-05    4.5118420434e-05    8.0424595469e-06    4.7642084752e-06    2.9784787686e-06    4.6425093806e-07
  26.7700000   -1.3910826925e-04    1.3485487913e-04    1.5556279611e-05    4.5242410013e-05    8.0522200950e-06    4.7672916740e-06    2.8453564238e-06    4.5552856783e-07
  26.7800000   -1.4018066952e-04    1.3449569860e-04    1.5823187362e-05    4.5360185455e-05    8.0642168983e-06    4.7709735550e-06    2.7102569714e-06    4.4698390952e-07
  26.7900000   -1.4126058691e-04    1.3414919149e-04    1.6081391003e-05    4.5471213120e-05    8.0784472312e-06    4.7752937052e-06    2.5741139759e-06    4.3867282822e-07
  26.8000000   -1.4234487627e-04    1.3381592338e-04    1.6326752793e-05    4.5575068131e-05    8.0948932477e-06    4.7802870458e-06    2.4378717559e-06    4.3065063101e-07
  26.8100000   -1.4343020967e-04    1.3349619127e-04    1.6555194769e-05    4.5671440143e-05    8.1135217675e-06    4.7859836456e-06    2.3024788449e-06    4.2297170500e-07
  26.8200000   -1.4451312348e-04    1.3319002103e-04    1.6762770777e-05    4.5760137363e-05    8.1342841742e-06    4.7924085915e-06    2.1688814159e-06    4.1568916455e-07
  26.8300000   -1.4559006896e-04    1.3289716909e-04    1.6945739480e-05    4.5841088814e-05    8.1571164186e-06    4.7995818856e-06    2.0380166649e-06    4.0885448803e-07
  26.8400000   -1.4665746562e-04    1.3261712832e-04    1.7100637054e-05    4.5914344808e-05    8.1819391304e-06    4.8075183823e-06    1.9108062461e-06    4.0251718302e-07
  26.8500000   -1.4771175633e-04    1.3234913806e-04    1.7224348153e-05    4.5980075592e-05    8.2086578457e-06    4.8162277657e-06    1.7881497820e-06    3.9672442922e-07
  26.8600000   -1.4874946354e-04    1.3209219813e-04    1.7314173644e-05    4.6038568233e-05    8.2371633364e-06    4.8257145453e-06    1.6709184954e-06    3.9152076536e-07
  26.8700000   -1.4976724542e-04    1.3184508654e-04    1.7367893859e-05    4.6090221786e-05    8.2673320759e-06    4.8359781163e-06    1.5599490172e-06    3.8694775346e-07
  26.8800000   -1.5076195120e-04    1.3160638061e-04    1.7383825709e-05    4.6135540776e-05    8.2990267888e-06    4.8470128296e-06    1.4560374056e-06    3.8304369326e-07
  26.8900000   -1.5173067454e-04    1.3137448120e-04    1.7360872486e-05    4.6175127144e-05    8.3320971301e-06    4.8588081174e-06    1.3599334272e-06    3.7984332669e-07
  26.9000000   -1.5267080417e-04    1.3114763968e-04    1.7298564947e-05    4.6209670696e-05    8.3663804850e-06    4.8713486267e-06    1.2723351186e-06    3.7737756188e-07
  26.9100000   -1.5358007084e-04    1.3092398703e-04    1.7197092552e-05    4.6239938316e-05    8.4017028268e-06    4.8846144213e-06    1.1938837139e-06    3.7567325655e-07
  26.9200000   -1.5445658958e-04    1.3070156493e-04    1.7057323828e-05    4.6266761955e-05    8.4378797476e-06    4.8985811668e-06    1.1251589265e-06    3.7475297044e-07
  26.9300000   -1.5529889680e-04    1.3047835793e-04    1.6880815045e-05    4.6291025654e-05    8.4747175233e-06    4.9132203888e-06    1.0666746438e-06    3.7463478245e-07
  26.9400000   -1.5610598114e-04    1.3025232654e-04    1.6669806433e-05    4.6313651779e-05    8.5120143003e-06    4.9284997282e-06    1.0188750620e-06    3.7533210453e-07
  26.9500000   -1.5687730776e-04    1.3002144049e-04    1.6427205701e-05    4.6335586655e-05    8.5495613732e-06    4.9443832402e-06    9.8213130587e-07    3.7685356259e-07
  26.9600000   -1.5761283539e-04    1.2978371163e-04    1.6156558455e-05    4.6357785804e-05    8.5871445097e-06    4.9608316828e-06    9.5673852343e-07    3.7920285832e-07
  26.9700000   -1.5831302578e-04    1.2953722613e-04    1.5862005797e-05    4.6381199024e-05    8.6245453885e-06    4.9778028667e-06    9.4291350360e-07    3.8237870008e-07
  26.9800000   -1.5897884536e-04    1.2928017516e-04    1.5548229270e-05    4.6406755534e-05    8.6615430596e-06    4.9952520013e-06    9.4079284163e-07    3.8637475184e-07
  26.9900000   -1.5961175881e-04    1.2901088389e-04    1.5220383800e-05    4.6435349369e-05    8.6979154731e-06    5.0131320336e-06    9.5043164546e-07    3.9117960227e-07
  27.0000000   -1.6021371464e-04    1.2872783805e-04    1.4884019576e-05    4.6467825276e-05    8.7334410557e-06    5.0313940488e-06    9.7180281000e-07    3.9677678475e-07
  27.0100000   -1.6078712297e-04    1.2842970778e-04    1.4544993888e-05    4.6504965390e-05    8.7679003060e-06    5.0499876239e-06    1.0047968676e-06    4.0314482745e-07
  27.0200000   -1.6133482553e-04    1.2811536845e-04    1.4209374300e-05    4.6547476770e-05    8.8010774166e-06    5.0688612198e-06    1.0492223985e-06    4.1025731124e-07
  27.0300000   -1.6186005866e-04    1.2778391787e-04    1.3883334811e-05    4.6595980078e-05    8.8327619043e-06    5.0879625743e-06    1.1048070302e-06    4.1808299582e-07
  27.0400000   -1.6236640938e-04    1.2743468998e-04    1.3573046739e-05    4.6650999619e-05    8.8627502372e-06    5.1072390852e-06    1.1711989966e-06    4.2658596115e-07
  27.0500000   -1.6285776556e-04    1.2706726445e-04    1.3284566296e-05    4.6712954822e-05    8.8908474478e-06    5.1266381840e-06    1.2479692643e-06    4.3572577894e-07
  27.0600000   -1.6333826066e-04    1.2668147233e-04    1.3023720862e-05    4.6782153325e-05    8.9168687127e-06    5.1461077303e-06    1.3346142042e-06    4.4545770981e-07
  27.0700000   -1.6381221407e-04    1.2627739748e-04    1.2795996314e-05    4.6858785882e-05    8.9406409159e-06    5.1655963583e-06    1.4305587846e-06    4.5573294604e-07
  27.0800000   -1.6428406789e-04    1.2585537390e-04    1.2606427402e-05    4.6942923037e-05    8.9620041269e-06    5.1850538590e-06    1.5351602961e-06    4.6649887854e-07
  27.0900000   -1.6475832108e-04    1.2541597894e-04    1.2459493591e-05    4.7034513792e-05    8.9808130440e-06    5.2044314971e-06    1.6477125474e-06    4.7769937840e-07
  27.1000000   -1.6523946220e-04    1.2496002259e-04    1.2359022444e-05    4.7133386165e-05    8.9969383509e-06    5.2236823555e-06    1.7674505330e-06    4.8927511780e-07
  27.1100000   -1.6573190163e-04    1.2448853294e-04    1.2308102702e-05    4.7239249754e-05    9.0102679920e-06    5.2427616434e-06    1.8935555092e-06    5.0116390656e-07
  27.1200000   -1.6623990442e-04    1.2400273819e-04    1.2309008990e-05    4.7351700222e-05    9.0207083365e-06    5.2616269753e-06    2.0251604983e-06    5.1330105919e-07
  27.1300000   -1.6676752498e-04    1.2350404545e-04    1.2363139962e-05    4.7470225683e-05    9.0281852629e-06    5.2802386367e-06    2.1613561175e-06    5.2561977487e-07
  27.1400000   -1.6731854447e-04    1.2299401664e-04    1.2470971399e-05    4.7594214874e-05    9.0326451003e-06    5.2985598424e-06    2.3011967443e-06    5.3805153312e-07
  27.1500000   -1.6789641202e-04    1.2247434213e-04    1.2632025673e-05    4.7722967043e-05    9.0340554541e-06    5.3165569336e-06    2.4437069620e-06    5.5052651203e-07
  27.1600000   -1.6850419083e-04    1.2194681222e-04    1.2844858440e-05    4.7855703335e-05    9.0324058844e-06    5.3341995764e-06    2.5878882261e-06    5.6297400972e-07
  27.1700000   -1.6914450984e-04    1.2141328725e-04    1.3107063389e-05    4.7991579547e-05    9.0277084644e-06    5.3514609232e-06    2.7327257285e-06    5.7532288992e-07
  27.1800000   -1.6981952194e-04    1.2087566669e-04    1.3415295285e-05    4.8129700058e-05    9.0199981675e-06    5.3683177457e-06    2.8771953965e-06    5.8750201469e-07
  27.1900000   -1.7053086939e-04    1.2033585775e-04    1.3765311391e-05    4.8269132701e-05    9.0093331033e-06    5.3847505420e-06    3.0202709733e-06    5.9944070010e-07
  27.2000000   -1.7127965702e-04    1.1979574407e-04    1.4152030783e-05    4.8408924261e-05    8.9957945933e-06    5.4007436071e-06    3.1609311728e-06    6.1106915989e-07
  27.2100000   -1.7206643358e-04    1.1925715494e-04    1.4569610886e-05    4.8548116522e-05    8.9794870843e-06    5.4162850798e-06    3.2981667881e-06    6.2231896121e-07
  27.2200000   -1.7289118173e-04    1.1872183562e-04    1.5011540090e-05    4.8685762400e-05    8.9605378963e-06    5.4313669548e-06    3.4309877592e-06    6.3312345956e-07
  27.2300000   -1.7375331684e-04    1.1819141923e-04    1.5470744998e-05    4.8820941973e-05    8.9390967830e-06    5.4459850705e-06    3.5584301543e-06    6.4341823164e-07
  27.2400000   -1.7465169443e-04    1.1766740061e-04    1.5939710476e-05    4.8952778162e-05    8.9153353540e-06    5.4601390708e-06    3.6795629531e-06    6.5314151258e-07
  27.2500000   -1.7558462645e-04    1.1715111269e-04    1.6410610488e-05    4.9080451712e-05    8.8894462948e-06    5.4738323248e-06    3.7934946680e-06    6.6223460874e-07
  27.2600000   -1.7654990596e-04    1.1664370559e-04    1.6875447376e-05    4.9203215286e-05    8.8616424465e-06    5.4870718381e-06    3.8993796830e-06    6.7064227205e-07
  27.2700000   -1.7754483995e-04    1.1614612886e-04    1.7326196944e-05    4.9320406369e-05    8.8321557036e-06    5.4998681244e-06    3.9964243172e-06    6.7831310840e-07
  27.2800000   -1.7856628966e-04    1.1565911721e-04    1.7754956747e-05    4.9431458727e-05    8.8012357654e-06    5.5122350466e-06    4.0838925399e-06    6.8519991485e-07
  27.2900000   -1.7961071797e-04    1.1518317973e-04    1.8154094700e-05    4.9535912316e-05    8.7691487335e-06    5.5241896629e-06    4.1611113075e-06    6.9126001379e-07
  27.3000000   -1.8067424285e-04    1.1471859294e-04    1.8516395068e-05    4.9633421282e-05    8.7361755521e-06    5.5357520219e-06    4.2274754827e-06    6.9645557144e-07
  27.3100000   -1.8175269632e-04    1.1426539770e-04    1.8835199020e-05    4.9723760078e-05    8.7026103205e-06    5.5469449518e-06    4.2824522985e-06    7.0075385998e-07
  27.3200000   -1.8284168770e-04    1.1382339986e-04    1.9104536906e-05    4.9806827466e-05    8.6687584778e-06    5.5577938303e-06    4.3255853353e-06    7.0412752368e-07
  27.3300000   -1.8393667042e-04    1.1339217486e-04    1.9319249451e-05    4.9882648314e-05    8.6349348704e-06    5.5683263269e-06    4.3564979837e-06    7.0655477977e-07
  27.3400000   -1.8503301112e-04    1.1297107594e-04    1.9475095497e-05    4.9951373243e-05    8.6014617039e-06    5.5785721675e-06    4.3748963606e-06    7.0801960958e-07
  27.3500000   -1.8612606002e-04    1.1255924586e-04    1.9568843781e-05    5.0013275959e-05    8.5686664075e-06    5.5885628377e-06    4.3805716659e-06    7.0851190153e-07
  27.3600000   -1.8721122151e-04    1.1215563198e-04    1.9598346899e-05    5.0068748468e-05    8.5368794319e-06    5.5983313114e-06    4.3734019629e-06    7.0802757292e-07
  27.3700000   -1.8828402377e-04    1.1175900424e-04    1.9562595641e-05    5.0118294146e-05    8.5064319412e-06    5.6079117671e-06    4.3533533434e-06    7.0656861818e-07
  27.3800000   -1.8934018624e-04    1.1136797590e-04    1.9461752397e-05    5.0162518778e-05    8.4776535081e-06    5.6173392879e-06    4.3204805064e-06    7.0414317366e-07
  27.3900000   -1.9037568417e-04    1.1098102652e-04    1.9297162781e-05    5.0202119779e-05    8.4508697342e-06    5.6266495785e-06    4.2749267228e-06    7.0076549218e-07
  27.4000000   -1.9138680891e-04    1.1059652681e-04    1.9071344763e-05    5.0237873722e-05    8.4263998514e-06    5.6358786605e-06    4.2169231703e-06    6.9645591459e-07
  27.4100000   -1.9237022314e-04    1.1021276496e-04    1.8787955473e-05    5.0270622476e-05    8.4045543481e-06    5.6450625911e-06    4.1467876690e-06    6.9124077717e-07
  27.4200000   -1.9332301026e-04    1.0982797395e-04    1.8451735889e-05    5.0301258036e-05    8.3856325830e-06    5.6542371723e-06    4.0649228297e-06    6.8515230489e-07
  27.4300000   -1.9424271704e-04    1.0944035938e-04    1.8068434305e-05    5.0330706554e-05    8.3699204430e-06    5.6634376727e-06    3.9718135727e-06    6.7822843831e-07
  27.4400000   -1.9512738901e-04    1.0904812732e-04    1.7644709789e-05    5.0359911627e-05    8.3576880449e-06    5.6726985651e-06    3.8680241006e-06    6.7051264633e-07
  27.4500000   -1.9597559787e-04    1.0864951180e-04    1.7188017361e-05    5.0389817325e-05    8.3491874988e-06    5.6820532588e-06    3.7541943072e-06    6.6205369835e-07
  27.4600000   -1.9678646083e-04    1.0824280141e-04    1.6706476876e-05    5.0421351177e-05    8.3446507701e-06    5.6915338637e-06    3.6310356437e-06    6.5290538353e-07
  27.4700000   -1.9755965128e-04    1.0782636463e-04    1.6208728068e-05    5.0455407441e-05    8.3442876140e-06    5.7011709585e-06    3.4993264812e-06    6.4312622867e-07
  27.4800000   -1.9829540091e-04    1.0739867345e-04    1.5703774401e-05    5.0492830997e-05    8.3482836469e-06    5.7109933791e-06    3.3599070144e-06    6.3277914938e-07
  27.4900000   -1.9899449313e-04    1.0695832494e-04    1.5200818751e-05    5.0534402170e-05    8.3567985477e-06    5.7210280211e-06    3.2136736982e-06    6.2193109420e-07
  27.5000000   -1.9965824810e-04    1.0650406048e-04    1.4709093916e-05    5.0580822712e-05    8.3699643810e-06    5.7312996724e-06    3.0615732932e-06    6.1065266135e-07
  27.5100000   -2.0028849947e-04    1.0603478229e-04    1.4237691445e-05    5.0632703278e-05    8.3878841207e-06    5.7418308527e-06    2.9045965581e-06    5.9901767226e-07
  27.5200000   -2.0088756341e-04    1.0554956708e-04    1.3795391870e-05    5.0690552581e-05    8.4106303044e-06    5.7526416859e-06    2.7437715972e-06    5.8710274325e-07
  27.5300000   -2.0145820040e-04    1.0504767670e-04    1.3390499845e-05    5.0754768466e-05    8.4382439086e-06    5.7637497857e-06    2.5801569498e-06    5.7498681755e-07
  27.5400000   -2.0200357046e-04    1.0452856559e-04    1.3030687360e-05    5.0825631070e-05    8.4707333951e-06    5.7751701761e-06    2.4148344544e-06    5.6275069422e-07
  27.5500000   -2.0252718249e-04    1.0399188499e-04    1.2722848174e-05    5.0903298159e-05    8.5080739830e-06    5.7869152204e-06    2.2489019259e-06    5.5047654471e-07
  27.5600000   -2.0303283876e-04    1.0343748391e-04    1.2472966382e-05    5.0987802824e-05    8.5502071236e-06    5.7989945905e-06    2.0834656960e-06    5.3824740124e-07
  27.5700000   -2.0352457520e-04    1.0286540699e-04    1.2286001706e-05    5.1079053468e-05    8.5970402108e-06    5.8114152490e-06    1.9196330979e-06    5.2614665946e-07
  27.5800000   -2.0400659872e-04    1.0227588917e-04    1.2165793924e-05    5.1176836195e-05    8.6484465038e-06    5.8241814488e-06    1.7585049060e-06    5.1425754679e-07
  27.5900000   -2.0448322249e-04    1.0166934755e-04    1.2114988314e-05    5.1280819451e-05    8.7042653068e-06    5.8372947761e-06    1.6011678213e-06    5.0266262730e-07
  27.6000000   -2.0495880014e-04    1.0104637052e-04    1.2134983671e-05    5.1390560955e-05    8.7643023526e-06    5.8507541983e-06    1.4486870065e-06    4.9144326990e-07
  27.6100000   -2.0543766004e-04    1.0040770433e-04    1.2225904028e-05    5.1505516674e-05    8.8283304576e-06    5.8645561383e-06    1.3020987781e-06    4.8067915884e-07
  27.6200000   -2.0592404072e-04    9.9754237601e-05    1.2386594681e-05    5.1625051731e-05    8.8960904047e-06    5.8786945771e-06    1.1624034788e-06    4.7044778003e-07
  27.6300000   -2.0642202835e-04    9.9086983902e-05    1.2614642630e-05    5.1748453020e-05    8.9672920262e-06    5.8931611597e-06    1.0305585647e-06    4.6082392959e-07
  27.6400000   -2.0693549733e-04    9.8407062810e-05    1.2906421119e-05    5.1874943318e-05    9.0416155745e-06    5.9079453410e-06    9.0747198846e-07    4.5187924921e-07
  27.6500000   -2.0746805490e-04    9.7715679819e-05    1.3257157438e-05    5.2003696577e-05    9.1187132792e-06    5.9230345330e-06    7.9399588620e-07    4.4368176579e-07
  27.6600000   -2.0802299052e-04    9.7014105414e-05    1.3661022680e-05    5.2133854114e-05    9.1982111374e-06    5.9384142742e-06    6.9092065211e-07    4.3629546148e-07
  27.6700000   -2.0860323097e-04    9.6303653744e-05    1.4111241676e-05    5.2264541423e-05    9.2797109037e-06    5.9540684099e-06    5.9896942997e-07    4.2977985385e-07
  27.6800000   -2.0921130153e-04    9.5585661229e-05    1.4600220978e-05    5.2394885242e-05    9.3627922918e-06    5.9699792878e-06    5.1879302633e-07    4.2418961630e-07
  27.6900000   -2.0984929410e-04    9.4861465482e-05    1.5119692359e-05    5.2524030553e-05    9.4470153528e-06    5.9861279664e-06    4.5096534210e-07    4.1957422331e-07
  27.7000000   -2.1051884236e-04    9.4132384860e-05    1.5660869005e-05    5.2651157218e-05    9.5319230409e-06    6.0024944163e-06    3.9597928969e-07    4.1597762452e-07
  27.7100000   -2.1122110460e-04    9.3399698997e-05    1.6214611263e-05    5.2775495881e-05    9.6170439139e-06    6.0190577652e-06    3.5424328445e-07    4.1343794500e-07
  27.7200000   -2.1195675406e-04    9.2664630628e-05    1.6771598694e-05    5.2896342858e-05    9.7018950069e-06    6.0357964942e-06    3.2607828420e-07    4.1198725293e-07
  27.7300000   -2.1272597705e-04    9.1928328935e-05    1.7322505028e-05    5.3013073733e-05    9.7859848116e-06    6.0526886868e-06    3.1171543312e-07    4.1165131862e-07
  27.7400000   -2.1352847867e-04    9.1191854652e-05    1.7858172492e-05    5.3125155357e-05    9.8688163579e-06    6.0697122474e-06    3.1129432280e-07    4.1244944409e-07
  27.7500000   -2.1436349589e-04    9.0456167145e-05    1.8369782149e-05    5.3232156043e-05    9.9498904111e-06    6.0868451335e-06    3.2486184821e-07    4.1439432587e-07
  27.7600000   -2.1522981770e-04    8.9722113622e-05    1.8849016786e-05    5.3333753764e-05    1.0028708701e-05    6.1040655845e-06    3.5237172619e-07    4.1749195620e-07
  27.7700000   -2.1612581184e-04    8.8990420526e-05    1.9288213235e-05    5.3429742200e-05    1.0104777224e-05    6.1213523267e-06    3.9368462469e-07    4.2174156364e-07
  27.7800000   -2.1704945751e-04    8.8261687240e-05    1.9680501121e-05    5.3520034453e-05    1.0177609558e-05    6.1386848010e-06    4.4856892723e-07    4.2713560112e-07
  27.7900000   -2.1799838348e-04    8.7536382106e-05    2.0019925287e-05    5.3604664420e-05    1.0246730179e-05    6.1560433558e-06    5.1670214819e-07    4.3365977828e-07
  27.8000000   -2.1896991082e-04    8.6814840711e-05    2.0301549597e-05    5.3683785794e-05    1.0311677758e-05    6.1734094449e-06    5.9767294160e-07    4.4129311859e-07
  27.8100000   -2.1996109946e-04    8.6097266434e-05    2.0521540179e-05    5.3757668683e-05    1.0372008423e-05    6.1907658022e-06    6.9098373589e-07    4.5000809047e-07
  27.8200000   -2.2096879762e-04    8.5383733118e-05    2.0677226470e-05    5.3826693884e-05    1.0427298942e-05    6.2080966240e-06    7.9605393560e-07    4.5977074822e-07
  27.8300000   -2.2198969340e-04    8.4674189729e-05    2.0767139096e-05    5.3891344989e-05    1.0477149825e-05    6.2253876994e-06    9.1222371534e-07    4.7054093125e-07
  27.8400000   -2.2302036739e-04    8.3968466874e-05    2.0791023938e-05    5.3952198463e-05    1.0521188320e-05    6.2426265592e-06    1.0387583479e-06    4.8227249574e-07
  27.8500000   -2.2405734561e-04    8.3266284973e-05    2.0749832246e-05    5.4009911773e-05    1.0559071271e-05    6.2598025942e-06    1.1748530206e-06    4.9491358363e-07
  27.8600000   -2.2509715162e-04    8.2567263848e-05    2.0645687287e-05    5.4065210001e-05    1.0590487817e-05    6.2769071505e-06    1.3196381715e-06    5.0840693353e-07
  27.8700000   -2.2613635713e-04    8.1870933569e-05    2.0481828284e-05    5.4118870958e-05    1.0615161940e-05    6.2939336092e-06    1.4721852426e-06    5.2269021909e-07
  27.8800000   -2.2717163017e-04    8.1176746203e-05    2.0262533080e-05    5.4171709302e-05    1.0632854787e-05    6.3108774545e-06    1.6315128316e-06    5.3769642575e-07
  27.8900000   -2.2819977999e-04    8.0484088342e-05    1.9993021195e-05    5.4224559831e-05    1.0643366814e-05    6.3277363029e-06    1.7965932284e-06    5.5335425426e-07
  27.9000000   -2.2921779820e-04    7.9792294083e-05    1.9679339483e-05    5.4278260321e-05    1.0646539677e-05    6.3445099325e-06    1.9663592454e-06    5.6958854124e-07
  27.9100000   -2.3022289523e-04    7.9100658233e-05    1.9328232926e-05    5.4333634228e-05    1.0642257898e-05    6.3612002781e-06    2.1397113279e-06    5.8632072725e-07
  27.9200000   -2.3121253183e-04    7.8408449475e-05    1.8947003199e-05    5.4391473605e-05    1.0630450259e-05    6.3778114096e-06    2.3155248944e-06    6.0346931773e-07
  27.9300000   -2.3218444510e-04    7.7714923298e-05    1.8543358234e-05    5.4452522545e-05    1.0611090932e-05    6.3943494984e-06    2.4926578325e-06    6.2095039109e-07
  27.9400000   -2.3313666871e-04    7.7019334483e-05    1.8125255754e-05    5.4517461494e-05    1.0584200331e-05    6.4108227429e-06    2.6699581190e-06    6.3867810023e-07
  27.9500000   -2.3406754713e-04    7.6320948899e-05    1.7700744263e-05    5.4586892717e-05    1.0549845667e-05    6.4272412937e-06    2.8462715103e-06    6.5656519374e-07
  27.9600000   -2.3497574391e-04    7.5619054455e-05    1.7277804531e-05    5.4661327209e-05    1.0508141206e-05    6.4436171587e-06    3.0204492536e-06    6.7452355320e-07
  27.9700000   -2.3586024381e-04    7.4912971084e-05    1.6864195102e-05    5.4741173318e-05    1.0459248229e-05    6.4599640820e-06    3.1913557450e-06    6.9246471652e-07
  27.9800000   -2.3672034916e-04    7.4202059620e-05    1.6467304781e-05    5.4826727288e-05    1.0403374686e-05    6.4762974033e-06    3.3578761181e-06    7.1030042719e-07
  27.9900000   -2.3755567056e-04    7.3485729421e-05    1.6094015074e-05    5.4918165925e-05    1.0340774526e-05    6.4926339257e-06    3.5189236642e-06    7.2794316657e-07
  28.0000000   -2.3836611241e-04    7.2763444771e-05    1.5750575421e-05    5.5015541522e-05    1.0271746749e-05    6.5089917294e-06    3.6734470883e-06    7.4530668425e-07
  28.0100000   -2.3915185356e-04    7.2034729877e-05    1.5442493461e-05    5.5118779166e-05    1.0196634131e-05    6.5253900180e-06    3.8204375014e-06    7.6230651851e-07
  28.0200000   -2.3991332377e-04    7.1299172594e-05    1.5174442545e-05    5.5227676451e-05    1.0115821655e-05    6.5418489186e-06    3.9589351462e-06    7.7886050372e-07
  28.0300000   -2.4065117654e-04    7.0556426765e-05    1.4950188104e-05    5.5341905670e-05    1.0029734662e-05    6.5583892823e-06    4.0880357531e-06    7.9488929004e-07
  28.0400000   -2.4136625893e-04    6.9806213256e-05    1.4772534143e-05    5.5461018399e-05    9.9388366934e-06    6.5750324871e-06    4.2068965589e-06    8.1031678271e-07
  28.0500000   -2.4205957910e-04    6.9048319793e-05    1.4643290655e-05    5.5584452430e-05    9.8436271018e-06    6.5918002227e-06    4.3147418808e-06    8.2507063977e-07
  28.0600000   -2.4273227241e-04    6.8282599562e-05    1.4563262376e-05    5.5711540916e-05    9.7446383566e-06    6.6087142751e-06    4.4108682315e-06    8.3908267787e-07
  28.0700000   -2.4338556664e-04    6.7508968779e-05    1.4532258677e-05    5.5841523596e-05    9.6424331455e-06    6.6257963082e-06    4.4946489694e-06    8.5228928657e-07
  28.0800000   -2.4402074726e-04    6.6727403271e-05    1.4549124128e-05    5.5973559825e-05    9.5376012142e-06    6.6430676440e-06    4.5655384001e-06    8.6463181425e-07
  28.0900000   -2.4463912333e-04    6.5937934204e-05    1.4611788653e-05    5.6106743274e-05    9.4307560355e-06    6.6605490519e-06    4.6230753389e-06    8.7605690661e-07
  28.1000000   -2.4524199481e-04    6.5140643124e-05    1.4717335922e-05    5.6240117943e-05    9.3225312522e-06    6.6782605236e-06    4.6668861046e-06    8.8651681864e-07
  28.1100000   -2.4583062199e-04    6.4335656377e-05    1.4862088165e-05    5.6372695256e-05    9.2135769728e-06    6.6962210677e-06    4.6966869236e-06    8.9596969527e-07
  28.1200000   -2.4640619740e-04    6.3523139119e-05    1.5041705321e-05    5.6503471882e-05    9.1045559213e-06    6.7144485113e-06    4.7122857068e-06    9.0437981515e-07
  28.1300000   -2.4696982100e-04    6.2703289020e-05    1.5251296051e-05    5.6631447962e-05    8.9961394607e-06    6.7329592994e-06    4.7135832387e-06    9.1171777877e-07
  28.1400000   -2.4752247888e-04    6.1876329799e-05    1.5485538100e-05    5.6755645468e-05    8.8890035168e-06    6.7517683149e-06    4.7005737110e-06    9.1796069130e-07
  28.1500000   -2.4806502585e-04    6.1042504744e-05    1.5738805113e-05    5.6875126213e-05    8.7838244438e-06    6.7708887031e-06    4.6733446498e-06    9.2309226162e-07
  28.1600000   -2.4859817234e-04    6.0202070338e-05    1.6005297078e-05    5.6989009362e-05    8.6812748278e-06    6.7903317138e-06    4.6320762021e-06    9.2710289883e-07
  28.1700000   -2.4912247546e-04    5.9355290074e-05    1.6279171376e-05    5.7096487953e-05    8.5820192942e-06    6.8101065588e-06    4.5770398151e-06    9.2998974473e-07
  28.1800000   -2.4963833460e-04    5.8502428643e-05    1.6554671707e-05    5.7196844227e-05    8.4867103020e-06    6.8302202782e-06    4.5085962914e-06    9.3175666718e-07
  28.1900000   -2.5014599121e-04    5.7643746520e-05    1.6826251877e-05    5.7289463443e-05    8.3959839873e-06    6.8506776304e-06    4.4271932565e-06    9.3241421125e-07
  28.2000000   -2.5064553294e-04    5.6779495098e-05    1.7088691950e-05    5.7373845888e-05    8.3104560834e-06    6.8714810017e-06    4.3333620508e-06    9.3197953446e-07
  28.2100000   -2.5113690159e-04    5.5909912357e-05    1.7337204212e-05    5.7449616957e-05    8.2307179014e-06    6.8926303262e-06    4.2277140586e-06    9.3047625095e-07
  28.2200000   -2.5161990480e-04    5.5035219208e-05    1.7567526904e-05    5.7516534963e-05    8.1573324584e-06    6.9141230409e-06    4.1109365131e-06    9.2793428319e-07
  28.2300000   -2.5209423091e-04    5.4155616514e-05    1.7776003675e-05    5.7574496670e-05    8.0908307353e-06    6.9359540377e-06    3.9837878089e-06    9.2438965090e-07
  28.2400000   -2.5255946663e-04    5.3271282864e-05    1.7959647389e-05    5.7623540342e-05    8.0317081015e-06    6.9581156537e-06    3.8470923426e-06    9.1988423166e-07
  28.2500000   -2.5301511700e-04    5.2382373020e-05    1.8116187079e-05    5.7663846302e-05    7.9804209559e-06    6.9805976845e-06    3.7017349175e-06    9.1446548448e-07
  28.2600000   -2.5346062698e-04    5.1489017164e-05    1.8244097316e-05    5.7695734939e-05    7.9373835503e-06    7.0033874090e-06    3.5486547760e-06    9.0818613608e-07
  28.2700000   -2.5389540424e-04    5.0591320839e-05    1.8342609628e-05    5.7719662216e-05    7.9029650878e-06    7.0264696311e-06    3.3888392577e-06    9.0110384666e-07
  28.2800000   -2.5431884235e-04    4.9689365652e-05    1.8411706113e-05    5.7736212759e-05    7.8774870590e-06    7.0498267565e-06    3.2233171802e-06    8.9328082903e-07
  28.2900000   -2.5473034409e-04    4.8783210588e-05    1.8452095681e-05    5.7746090622e-05    7.8612208656e-06    7.0734388803e-06    3.0531519489e-06    8.8478346385e-07
  28.3000000   -2.5512934385e-04    4.7872894043e-05    1.8465173806e-05    5.7750107894e-05    7.8543857381e-06    7.0972838916e-06    2.8794344468e-06    8.7568187093e-07
  28.3100000   -2.5551532895e-04    4.6958436415e-05    1.8452967027e-05    5.7749171367e-05    7.8571469751e-06    7.1213376109e-06    2.7032757698e-06    8.6604946971e-07
  28.3200000   -2.5588785925e-04    4.6039843238e-05    1.8418063835e-05    5.7744267467e-05    7.8696144894e-06    7.1455739292e-06    2.5257998683e-06    8.5596252801e-07
  28.3300000   -2.5624658445e-04    4.5117108792e-05    1.8363533679e-05    5.7736445723e-05    7.8918417147e-06    7.1699649661e-06    2.3481360839e-06    8.4549967231e-07
  28.3400000   -2.5659125883e-04    4.4190220139e-05    1.8292836308e-05    5.7726801094e-05    7.9238248395e-06    7.1944812631e-06    2.1714117220e-06    8.3474142533e-07
  28.3500000   -2.5692175314e-04    4.3259161451e-05    1.8209723737e-05    5.7716455417e-05    7.9655024116e-06    7.2190919598e-06    1.9967446187e-06    8.2376967462e-07
  28.3600000   -2.5723806314e-04    4.2323918624e-05    1.8118137194e-05    5.7706538351e-05    8.0167552850e-06    7.2437650098e-06    1.8252358417e-06    8.1266720582e-07
  28.3700000   -2.5754031502e-04    4.1384484052e-05    1.8022101692e-05    5.7698168152e-05    8.0774069411e-06    7.2684673956e-06    1.6579624991e-06    8.0151719126e-07
  28.3800000   -2.5782876717e-04    4.0440861452e-05    1.7925620649e-05    5.7692432564e-05    8.1472241624e-06    7.2931653562e-06    1.4959707360e-06    7.9040267325e-07
  28.3900000   -2.5810380872e-04    3.9493070709e-05    1.7832573161e-05    5.7690370248e-05    8.2259180730e-06    7.3178246307e-06    1.3402689803e-06    7.7940607900e-07
  28.4000000   -2.5836595466e-04    3.8541152634e-05    1.7746616230e-05    5.7692953022e-05    8.3131455300e-06    7.3424106796e-06    1.1918214595e-06    7.6860872377e-07
  28.4100000   -2.5861583786e-04    3.7585173480e-05    1.7671094299e-05    5.7701069262e-05    8.4085108618e-06    7.3668889508e-06    1.0515420378e-06    7.5809032721e-07
  28.4200000   -2.5885419821e-04    3.6625229218e-05    1.7608958088e-05    5.7715508717e-05    8.5115679477e-06    7.3912251233e-06    9.2028841377e-07    7.4792854888e-07
  28.4300000   -2.5908186921e-04    3.5661449422e-05    1.7562694580e-05    5.7736949068e-05    8.6218226204e-06    7.4153853491e-06    7.9885672074e-07    7.3819853363e-07
  28.4400000   -2.5929976236e-04    3.4694000709e-05    1.7534269602e-05    5.7765944424e-05    8.7387353859e-06    7.4393365152e-06    6.8797656144e-07    7.2897247611e-07
  28.4500000   -2.5950884991e-04    3.3723089567e-05    1.7525084353e-05    5.7802915987e-05    8.8617244367e-06    7.4630464868e-06    5.8830650995e-07    7.2031919828e-07
  28.4600000   -2.5971014625e-04    3.2748964637e-05    1.7535946585e-05    5.7848145007e-05    8.9901689497e-06    7.4864843398e-06    5.0043010639e-07    7.1230377984e-07
  28.4700000   -2.5990468864e-04    3.1771918223e-05    1.7567057030e-05    5.7901768242e-05    9.1234126372e-06    7.5096205998e-06    4.2485237126e-07    7.0498716643e-07
  28.4800000   -2.6009351773e-04    3.0792287012e-05    1.7618011200e-05    5.7963775901e-05    9.2607675513e-06    7.5324274704e-06    3.6199685704e-07    6.9842586803e-07
  28.4900000   -2.6027765831e-04    2.9810451951e-05    1.7687816335e-05    5.8034012190e-05    9.4015180789e-06    7.5548790500e-06    3.1220327067e-07    6.9267161316e-07
  28.5000000   -2.6045810089e-04    2.8826837272e-05    1.7774922896e-05    5.8112178366e-05    9.5449251427e-06    7.5769515265e-06    2.7572566284e-07    6.8777110353e-07
  28.5100000   -2.6063578465e-04    2.7841908420e-05    1.7877269708e-05    5.8197838378e-05    9.6902305696e-06    7.5986233777e-06    2.5273117507e-07    6.8376575742e-07
  28.5200000   -2.6081158192e-04    2.6856169143e-05    1.7992341485e-05    5.8290426826e-05    9.8366615875e-06    7.6198755397e-06    2.4329941768e-07    6.8069149730e-07
  28.5300000   -2.6098628503e-04    2.5870157448e-05    1.8117237288e-05    5.8389259233e-05    9.9834354384e-06    7.6406915635e-06    2.4742239350e-07    6.7857858521e-07
  28.5400000   -2.6116059537e-04    2.4884440595e-05    1.8248748074e-05    5.8493544395e-05    1.0129764057e-05    7.6610577614e-06    2.6500504247e-07    6.7745148715e-07
  28.5500000   -2.6133511527e-04    2.3899609052e-05    1.8383441435e-05    5.8602398570e-05    1.0274858822e-05    7.6809633278e-06    2.9586632962e-07    6.7732875580e-07
  28.5600000   -2.6151034283e-04    2.2916269439e-05    1.8517751420e-05    5.8714861313e-05    1.0417935311e-05    7.7004004354e-06    3.3974093636e-07    6.7822298554e-07
  28.5700000   -2.6168666962e-04    2.1935036556e-05    1.8648071174e-05    5.8829912624e-05    1.0558218047e-05    7.7193643206e-06    3.9628147851e-07    6.8014076148e-07
  28.5800000   -2.6186438149e-04    2.0956524489e-05    1.8770846225e-05    5.8946491102e-05    1.0694945216e-05    7.7378533377e-06    4.6506127021e-07    6.8308269151e-07
  28.5900000   -2.6204366235e-04    1.9981336931e-05    1.8882666094e-05    5.9063512890e-05    1.0827373290e-05    7.7558690104e-06    5.4557760045e-07    6.8704343077e-07
  28.6000000   -2.6222460071e-04    1.9010056794e-05    1.8980352046e-05    5.9179890901e-05    1.0954781584e-05    7.7734160268e-06    6.3725550167e-07    6.9201176811e-07
  28.6100000   -2.6240719890e-04    1.8043235215e-05    1.9061038931e-05    5.9294554138e-05    1.1076476657e-05    7.7905022453e-06    7.3945197423e-07    6.9797074249e-07
  28.6200000   -2.6259138456e-04    1.7081380166e-05    1.9122249137e-05    5.9406466714e-05    1.1191796567e-05    7.8071386589e-06    8.5146063731e-07    7.0489778760e-07
  28.6300000   -2.6277702411e-04    1.6124944771e-05    1.9161956982e-05    5.9514646228e-05    1.1300114929e-05    7.8233393468e-06    9.7251677852e-07    7.1276491330e-07
  28.6400000   -2.6296393773e-04    1.5174315495e-05    1.9178642005e-05    5.9618181192e-05    1.1400844785e-05    7.8391213957e-06    1.1018027544e-06    7.2153891048e-07
  28.6500000   -2.6315191548e-04    1.4229800479e-05    1.9171329920e-05    5.9716247240e-05    1.1493442214e-05    7.8545048033e-06    1.2384537235e-06    7.3118158750e-07
  28.6600000   -2.6334073400e-04    1.3291618147e-05    1.9139620379e-05    5.9808121716e-05    1.1577409697e-05    7.8695123639e-06    1.3815636387e-06    7.4165005729e-07
  28.6700000   -2.6353017328e-04    1.2359886367e-05    1.9083700872e-05    5.9893196584e-05    1.1652299195e-05    7.8841695203e-06    1.5301914930e-06    7.5289699594e-07
  28.6800000   -2.6372003304e-04    1.1434612341e-05    1.9004346508e-05    5.9970989244e-05    1.1717714925e-05    7.8985042199e-06    1.6833677344e-06    7.6487098754e-07
  28.6900000   -2.6391014820e-04    1.0515683515e-05    1.8902905711e-05    6.0041151243e-05    1.1773315827e-05    7.9125467249e-06    1.8401008535e-06    7.7751684665e-07
  28.7000000   -2.6410040290e-04    9.6028596624e-06    1.8781272214e-05    6.0103474558e-05    1.1818817680e-05    7.9263294310e-06    1.9993840529e-06    7.9077596347e-07
  28.7100000   -2.6429074271e-04    8.6957664386e-06    1.8641844079e-05    6.0157895517e-05    1.1853994886e-05    7.9398866481e-06    2.1602019762e-06    8.0458669051e-07
  28.7200000   -2.6448118451e-04    7.7938905925e-06    1.8487470631e-05    6.0204496192e-05    1.1878681868e-05    7.9532543849e-06    2.3215374448e-06    8.1888472379e-07
  28.7300000   -2.6467182393e-04    6.8965770328e-06    1.8321388713e-05    6.0243503273e-05    1.1892774147e-05    7.9664701054e-06    2.4823781602e-06    8.3360347872e-07
  28.7400000   -2.6486283971e-04    6.0030279316e-06    1.8147149610e-05    6.0275284474e-05    1.1896228982e-05    7.9795724886e-06    2.6417233249e-06    8.4867452562e-07
  28.7500000   -2.6505449520e-04    5.1123040596e-06    1.7968538493e-05    6.0300342484e-05    1.1889065679e-05    7.9926011625e-06    2.7985901229e-06    8.6402797090e-07
  28.7600000   -2.6524713654e-04    4.2233283888e-06    1.7789488133e-05    6.0319306691e-05    1.1871365486e-05    8.0055964509e-06    2.9520200564e-06    8.7959289125e-07
  28.7700000   -2.6544118774e-04    3.3348921944e-06    1.7613988967e-05    6.0332922642e-05    1.1843271129e-05    8.0185990966e-06    3.1010850331e-06    8.9529773349e-07
  28.7800000   -2.6563714260e-04    2.4456635825e-06    1.7445997518e-05    6.0342039632e-05    1.1804985951e-05    8.0316499869e-06    3.2448932461e-06    9.1107073388e-07
  28.7900000   -2.6583555367e-04    1.5541985346e-06    1.7289345315e-05    6.0347596529e-05    1.1756772702e-05    8.0447898807e-06    3.3825947280e-06    9.2684032321e-07
  28.8000000   -2.6603701846e-04    6.5895443191e-07    1.7147650354e-05    6.0350606074e-05    1.1698951923e-05    8.0580591327e-06    3.5133865814e-06    9.4253552901e-07
  28.8100000   -2.6624216328e-04   -2.4169404188e-07    1.7024233123e-05    6.0352138008e-05    1.1631900032e-05    8.0714974267e-06    3.6365178886e-06    9.5808637773e-07
  28.8200000   -2.6645162512e-04   -1.1494367472e-06    1.6922039029e-05    6.0353301239e-05    1.1556047016e-05    8.0851434852e-06    3.7512941855e-06    9.7342425401e-07
  28.8300000   -2.6666603190e-04   -2.0660078179e-06    1.6843569094e-05    6.0355225420e-05    1.1471873825e-05    8.0990348396e-06    3.8570815394e-06    9.8848229546e-07
  28.8400000   -2.6688598183e-04   -2.9931635297e-06    1.6790820296e-05    6.0359042234e-05    1.1379909445e-05    8.1132075491e-06    3.9533101955e-06    1.0031957232e-06
  28.8500000   -2.6711202226e-04   -3.9326585791e-06    1.6765237039e-05    6.0365866645e-05    1.1280727696e-05    8.1276959608e-06    4.0394777416e-06    1.0175022017e-06
  28.8600000   -2.6734462867e-04   -4.8862210770e-06    1.6767674713e-05    6.0376778566e-05    1.1174943735e-05    8.1425324871e-06    4.1151518148e-06    1.0313421255e-06
  28.8700000   -2.6758418447e-04   -5.8555266191e-06    1.6798376210e-05    6.0392805104e-05    1.1063210323e-05    8.1577473733e-06    4.1799722941e-06    1.0446589426e-06
  28.8800000   -2.6783096209e-04   -6.8421718236e-06    1.6856961834e-05    6.0414903789e-05    1.0946213880e-05    8.1733684962e-06    4.2336529985e-06    1.0573994170e-06
  28.8900000   -2.6808510607e-04   -7.8476477891e-06    1.6942432905e-05    6.0443946983e-05    1.0824670320e-05    8.1894211847e-06    4.2759828728e-06    1.0695138792e-06
  28.9000000   -2.6834661862e-04   -8.8733138590e-06    1.7053188882e-05    6.0480707774e-05    1.0699320727e-05    8.2059280260e-06    4.3068266668e-06    1.0809564539e-06
  28.9100000   -2.6861534813e-04   -9.9203722521e-06    1.7187057668e-05    6.0525847549e-05    1.0570926886e-05    8.2229087349e-06    4.3261250729e-06    1.0916852710e-06
  28.9200000   -2.6889098120e-04   -1.0989843949e-05    1.7341338403e-05    6.0579905478e-05    1.0440266700e-05    8.2403800126e-06    4.3338943803e-06    1.1016626201e-06
  28.9300000   -2.6917303833e-04   -1.2082546397e-05    1.7512855826e-05    6.0643289988e-05    1.0308129512e-05    8.2583554308e-06    4.3302256198e-06    1.1108551294e-06
  28.9400000   -2.6946087384e-04   -1.3199073429e-05    1.7698024978e-05    6.0716272448e-05    1.0175311383e-05    8.2768453563e-06    4.3152831969e-06    1.1192338574e-06
  28.9500000   -2.6975367993e-04   -1.4339777881e-05    1.7892924876e-05    6.0798983075e-05    1.0042610326e-05    8.2958568665e-06    4.2893030626e-06    1.1267744164e-06
  28.9600000   -2.7005049507e-04   -1.5504757379e-05    1.8093379613e-05    6.0891409159e-05    9.9108215643e-06    8.3153937113e-06    4.2525904182e-06    1.1334570172e-06
  28.9700000   -2.7035021674e-04   -1.6693843578e-05    1.8295045003e-05    6.0993395554e-05    9.7807328108e-06    8.3354563008e-06    4.2055169809e-06    1.1392665218e-06
  28.9800000   -2.7065161832e-04   -1.7906595321e-05    1.8493499090e-05    6.1104647451e-05    9.6531196049e-06    8.3560416918e-06    4.1485178088e-06    1.1441924579e-06
  28.9900000   -2.7095336988e-04   -1.9142295890e-05    1.8684334511e-05    6.1224735348e-05    9.5287407555e-06    8.3771436197e-06    4.0820877677e-06    1.1482290091e-06
  29.0000000   -2.7125406247e-04   -2.0399954642e-05    1.8863250748e-05    6.1353102097e-05    9.4083338968e-06    8.3987525597e-06    4.0067776007e-06    1.1513749627e-06
  29.0100000   -2.7155223566e-04   -2.1678313186e-05    1.9026144392e-05    6.1489071873e-05    9.2926111839e-06    8.4208557720e-06    3.9231896791e-06    1.1536336662e-06
  29.0200000   -2.7184640753e-04   -2.2975856136e-05    1.9169195531e-05    6.1631860948e-05    9.1822551777e-06    8.4434374218e-06    3.8319734545e-06    1.1550129277e-06
  29.0300000   -2.7213510662e-04   -2.4290826456e-05    1.9288948391e-05    6.1780590006e-05    9.0779149175e-06    8.4664786751e-06    3.7338206254e-06    1.1555249131e-06
  29.0400000   -2.7241690521e-04   -2.5621245368e-05    1.9382384712e-05    6.1934297801e-05    8.9802022142e-06    8.4899578418e-06    3.6294600991e-06    1.1551860115e-06
  29.0500000   -2.7269045304e-04   -2.6964936516e-05    1.9446988218e-05    6.2091955936e-05    8.8896882093e-06    8.5138505339e-06    3.5196527189e-06    1.1540166808e-06
  29.0600000   -2.7295451076e-04   -2.8319554277e-05    1.9480798986e-05    6.2252484464e-05    8.8069001652e-06    8.5381298341e-06    3.4051858881e-06    1.1520412812e-06
  29.0700000   -2.7320798245e-04   -2.9682615790e-05    1.9482456567e-05    6.2414768055e-05    8.7323185659e-06    8.5627664947e-06    3.2868680256e-06    1.1492878861e-06
  29.0800000   -2.7344994615e-04   -3.1051536306e-05    1.9451231048e-05    6.2577672515e-05    8.6663745158e-06    8.5877291345e-06    3.1655229751e-06    1.1457880691e-06
  29.0900000   -2.7367968191e-04   -3.2423667330e-05    1.9387041441e-05    6.2740061244e-05    8.6094474355e-06    8.6129844682e-06    3.0419843597e-06    1.1415766951e-06
  29.1000000   -2.7389669634e-04   -3.3796337024e-05    1.9290461025e-05    6.2900811546e-05    8.5618631061e-06    8.6384975411e-06    2.9170899498e-06    1.1366916741e-06
  29.1100000   -2.7410074332e-04   -3.5166892252e-05    1.9162709722e-05    6.3058830383e-05    8.5238920487e-06    8.6642319737e-06    2.7916760496e-06    1.1311737268e-06
  29.1200000   -2.7429183989e-04   -3.6532741537e-05    1.9005633480e-05    6.3213069381e-05    8.4957482339e-06    8.6901502097e-06    2.6665719819e-06    1.1250661275e-06
  29.1300000   -2.7447027718e-04   -3.7891398226e-05    1.8821671325e-05    6.3362538886e-05    8.4775881599e-06    8.7162137961e-06    2.5425946856e-06    1.1184144332e-06
  29.1400000   -2.7463662562e-04   -3.9240523165e-05    1.8613810659e-05    6.3506320783e-05    8.4695102880e-06    8.7423836365e-06    2.4205434412e-06    1.1112662190e-06
  29.1500000   -2.7479173440e-04   -4.0577966066e-05    1.8385531788e-05    6.3643580014e-05    8.4715548165e-06    8.7686202668e-06    2.3011948088e-06    1.1036708083e-06
  29.1600000   -2.7493672488e-04   -4.1901804805e-05    1.8140742827e-05    6.3773574497e-05    8.4837038406e-06    8.7948841364e-06    2.1852977676e-06    1.0956789870e-06
  29.1700000   -2.7507297795e-04   -4.3210381984e-05    1.7883706198e-05    6.3895663431e-05    8.5058818319e-06    8.8211358679e-06    2.0735691114e-06    1.0873427322e-06
  29.1800000   -2.7520211531e-04   -4.4502337899e-05    1.7618958359e-05    6.4009313825e-05    8.5379564936e-06    8.8473365461e-06    1.9666891117e-06    1.0787149195e-06
  29.1900000   -2.7532597515e-04   -4.5776639409e-05    1.7351224213e-05    6.4114105182e-05    8.5797399354e-06    8.8734479762e-06    1.8652975033e-06    1.0698490623e-06
  29.2000000   -2.7544658233e-04   -4.7032603932e-05    1.7085327954e-05    6.4209732381e-05    8.6309901906e-06    8.8994329427e-06    1.7699897809e-06    1.0607990245e-06
  29.2100000   -2.7556611365e-04   -4.8269918171e-05    1.6826102050e-05    6.4296006627e-05    8.6914130433e-06    8.9252554721e-06    1.6813138500e-06    1.0516187533e-06
  29.2200000   -2.7568685892e-04   -4.9488650944e-05    1.6578296194e-05    6.4372854616e-05    8.7606641669e-06    8.9508810713e-06    1.5997670520e-06    1.0423620157e-06
  29.2300000   -2.7581117833e-04   -5.0689259915e-05    1.6346487851e-05    6.4440315898e-05    8.8383515411e-06    8.9762769602e-06    1.5257935668e-06    1.0330821398e-06
  29.2400000   -2.7594145703e-04   -5.1872591865e-05    1.6134996198e-05    6.4498538538e-05    8.9240381515e-06    9.0014122974e-06    1.4597822197e-06    1.0238317687e-06
  29.2500000   -2.7608005792e-04   -5.3039876342e-05    1.5947801049e-05    6.4547773217e-05    9.0172449226e-06    9.0262583783e-06    1.4020646896e-06    1.0146626066e-06
  29.2600000   -2.7622927336e-04   -5.4192712714e-05    1.5788468229e-05    6.4588365878e-05    9.1174539142e-06    9.0507888322e-06    1.3529141304e-06    1.0056252055e-06
  29.2700000   -2.7639127691e-04   -5.5333050692e-05    1.5660082830e-05    6.4620749070e-05    9.2241116866e-06    9.0749797884e-06    1.3125442313e-06    9.9676873963e-07
  29.2800000   -2.7656807618e-04   -5.6463164470e-05    1.5565191497e-05    6.4645432174e-05    9.3366328839e-06    9.0988100308e-06    1.2811086647e-06    9.8814079098e-07
  29.2900000   -2.7676146755e-04   -5.7585620862e-05    1.5505754844e-05    6.4662990736e-05    9.4544039659e-06    9.1222611346e-06    1.2587009816e-06    9.7978716160e-07
  29.3000000   -2.7697299398e-04   -5.8703241904e-05    1.5483110750e-05    6.4674054975e-05    9.5767870806e-06    9.1453175826e-06    1.2453549019e-06    9.7175169035e-07
  29.3100000   -2.7720390668e-04   -5.9819062378e-05    1.5497949173e-05    6.4679297888e-05    9.7031240414e-06    9.1679668462e-06    1.2410450115e-06    9.6407608762e-07
  29.3200000   -2.7745513157e-04   -6.0936282995e-05    1.5550298927e-05    6.4679422904e-05    9.8327404138e-06    9.1901994719e-06    1.2456878766e-06    9.5679976992e-07
  29.3300000   -2.7772724122e-04   -6.2058219971e-05    1.5639526516e-05    6.4675151521e-05    9.9649496310e-06    9.2120091167e-06    1.2591434999e-06    9.4995973349e-07
  29.3400000   -2.7802043311e-04   -6.3188251767e-05    1.5764347008e-05    6.4667210952e-05    1.0099057164e-05    9.2333925822e-06    1.2812171957e-06    9.4359042326e-07
  29.3500000   -2.7833451452e-04   -6.4329763949e-05    1.5922846673e-05    6.4656322118e-05    1.0234364685e-05    9.2543498095e-06    1.3116617430e-06    9.3772361554e-07
  29.3600000   -2.7866889465e-04   -6.5486093079e-05    1.6112516919e-05    6.4643188072e-05    1.0370174237e-05    9.2748838751e-06    1.3501799556e-06    9.3238833825e-07
  29.3700000   -2.7902258421e-04   -6.6660470590e-05    1.6330298708e-05    6.4628483077e-05    1.0505792324e-05    9.2950009269e-06    1.3964274621e-06    9.2761076948e-07
  29.3800000   -2.7939420249e-04   -6.7855967703e-05    1.6572636839e-05    6.4612842501e-05    1.0640533953e-05    9.3147101394e-06    1.4500158521e-06    9.2341418568e-07
  29.3900000   -2.7978199208e-04   -6.9075442262e-05    1.6835542708e-05    6.4596853603e-05    1.0773726582e-05    9.3340236204e-06    1.5105160128e-06    9.1981890278e-07
  29.4000000   -2.8018384085e-04   -7.0321488566e-05    1.7114664672e-05    6.4581047495e-05    1.0904713939e-05    9.3529563031e-06    1.5774617433e-06    9.1684223383e-07
