# time  P_total  P_z_beam  beam_ratio  beaming_gain  wavezone_std
0.0000000000000000e+00  1.1238558379009127e-05  8.5999914706232701e-06  8.1787299942136393e-01  4.2714919976854553e+00  9.2810892352146224e-01
1.0000000000000000e+00  1.0312401131371533e-05  7.8891855640416430e-06  8.1954148074445721e-01  4.2781659229778288e+00  9.1502826248575009e-01
2.0000000000000000e+00  9.1993978818775471e-06  7.0286322667426716e-06  8.2075612380454233e-01  4.2830244952181697e+00  8.9745831278125343e-01
2.9999999999999800e+00  7.8922821336302621e-06  6.0144056262479675e-06  8.2150758102583032e-01  4.2860303241033213e+00  8.7332632695915757e-01
3.9999999999999600e+00  6.3969676021119768e-06  4.8527125208893065e-06  8.2184729632636344e-01  4.2873891853054538e+00  8.3882702983869317e-01
4.9999999999999396e+00  4.7601309644062324e-06  3.5846619760895008e-06  8.2149579332327360e-01  4.2859831732930944e+00  7.8760102211879557e-01
5.9999999999999201e+00  3.0853249271972780e-06  2.2965894557527969e-06  8.1931450837582576e-01  4.2772580335033030e+00  7.0771052930533518e-01
6.9999999999998996e+00  1.5807655982812676e-06  1.1612439326022276e-06  8.1590840041119483e-01  4.2636336016447789e+00  5.7812598277609883e-01
7.9999999999998703e+00  5.7297321950053718e-07  4.4129308744897932e-07  8.2528372344248924e-01  4.3011348937699569e+00  4.0429102720429094e-01
8.9999999999998508e+00  5.7163163969319690e-07  5.4108883111655971e-07  8.8842125411706629e-01  4.5536850164682647e+00  4.2181616116760662e-01
9.9999999999998295e+00  2.2888545871694768e-06  2.0138932698504828e-06  8.8073897455634076e-01  4.5229558982253630e+00  9.4003671840078173e-01
1.0999999999999799e+01  6.6182529953705723e-06  5.5403128421754713e-06  9.0159747352563135e-01  4.6063898941025254e+00  1.2130294174310685e+00
1.1999999999999799e+01  1.4508641523854449e-05  1.1823416779030367e-05  8.7338976267340085e-01  4.4935590506936034e+00  1.2591657708915551e+00
1.2999999999999799e+01  2.6717085390749042e-05  2.1405314864344415e-05  8.6560987471874096e-01  4.4624394988749643e+00  1.2603621729656727e+00
1.3999999999999700e+01  4.3378050037562496e-05  3.4339559960173015e-05  8.6807288472660238e-01  4.4722915389064095e+00  1.2465872261176754e+00
1.4999999999999700e+01  6.3727132000427104e-05  5.0010463584860167e-05  8.7947987845189857e-01  4.5179195138075947e+00  1.2208013152202755e+00
1.5999999999999700e+01  8.5732634100850005e-05  6.6882860735411481e-05  8.7024994574176451e-01  4.4809997829670580e+00  1.1790207874993206e+00
1.6999999999999901e+01  1.0631883548001275e-04  8.2580880064411861e-05  8.4798854204377783e-01  4.3919541681751113e+00  1.1222699998103982e+00
1.8000000000000000e+01  1.2216952238843618e-04  9.4633635869388651e-05  8.3820823467376326e-01  4.3528329386950535e+00  1.0584606792191389e+00
1.9000000000000199e+01  1.3080851448178573e-04  1.0118824414131671e-04  8.3673607936368821e-01  4.3469443174547528e+00  9.9405645206065218e-01
2.0000000000000298e+01  1.3153327733842103e-04  1.0175485066874228e-04  8.3733598308773438e-01  4.3493439323509371e+00  9.3638357658419757e-01
2.1000000000000501e+01  1.2576596786531067e-04  9.7400884523485173e-05  8.3934104393033171e-01  4.3573641757213268e+00  8.9596869542506585e-01
2.2000000000000600e+01  1.1627315367981431e-04  9.0245850057065741e-05  8.4258216872319869e-01  4.3703286748927948e+00  8.8286437848788468e-01
2.3000000000000799e+01  1.0620692638403447e-04  8.2726408088765885e-05  8.4371073513115324e-01  4.3748429405246130e+00  9.0189895547331855e-01
2.4000000000000998e+01  9.7561620013957896e-05  7.6401781751458519e-05  8.3924916477883060e-01  4.3569966591153229e+00  9.4295541391116455e-01
2.5000000000001101e+01  9.0955425246162406e-05  7.1804206272984525e-05  8.4248109435974050e-01  4.3699243774389620e+00  9.7263962830187600e-01
2.6000000000001300e+01  8.6142379595113632e-05  6.8879085896316429e-05  8.5307472011027108e-01  4.4122988804410843e+00  9.3216955452782957e-01
2.7000000000001400e+01  8.3285230152818366e-05  6.7724510933942037e-05  8.4591839483209319e-01  4.3836735793283728e+00  8.0304127884412679e-01
2.8000000000001599e+01  8.3627134546053163e-05  6.9358117540345413e-05  8.3507672861391846e-01  4.3403069144556738e+00  6.5216838228481944e-01
2.9000000000001702e+01  8.9604496580960804e-05  7.5624005713833398e-05  8.2546594410107432e-01  4.3018637764042973e+00  5.5611884276603019e-01
3.0000000000001901e+01  1.0436041557675574e-04  8.8824777808179452e-05  8.2898424284757688e-01  4.3159369713903075e+00  5.7488689167453078e-01
3.1000000000002000e+01  1.3083121663361012e-04  1.1107714947391597e-04  8.5251257351767984e-01  4.4100502940707198e+00  6.6798537976380723e-01
3.2000000000002203e+01  1.6949602825183779e-04  1.4272311772807263e-04  8.6353455897476949e-01  4.4541382358990784e+00  6.8928323971556427e-01
3.3000000000001997e+01  2.1956104406119169e-04  1.8310095015120284e-04  8.3839431342739890e-01  4.3535772537095951e+00  6.3168340344815499e-01
3.4000000000001798e+01  2.7767543077830931e-04  2.2940399033351489e-04  8.2259728961828704e-01  4.2903891584731486e+00  5.7800815246042347e-01
3.5000000000001599e+01  3.3809011648814745e-04  2.7750266819922696e-04  8.1453493823570922e-01  4.2581397529428369e+00  5.4160213124709577e-01
3.6000000000001400e+01  3.9489971578104093e-04  3.2286332738001898e-04  8.0933066497664408e-01  4.2373226599065763e+00  5.1705272400987934e-01
3.7000000000001201e+01  4.4341417441338515e-04  3.6180270333652708e-04  8.0629982308042503e-01  4.2251992923217001e+00  5.0132432893758228e-01
3.8000000000001002e+01  4.7896308721399243e-04  3.9098153155983699e-04  8.0538955124250267e-01  4.2215582049700107e+00  4.9595798727529922e-01
3.9000000000000803e+01  4.9985699884974599e-04  4.0897694084573544e-04  8.0650668015141713e-01  4.2260267206056685e+00  5.0629943649442799e-01
4.0000000000000597e+01  5.0586068264697932e-04  4.1561575633362852e-04  8.0886108619638852e-01  4.2354443447855541e+00  5.3918409646812726e-01
