# time  centre  cx  cy  cz  R_min  r_at_R_min  dev  log10_abs_dev  n_mots  r_mots  R_mots  M_MS_mots  theta_out_min_inside  theta_out_max_at_R_min  theta_in_max_at_R_min  n_trapped  n_anti_trapped  n_outermost
5.0999999999998401e+01  A  64.015625  64.000000  64.000000  3.1860034682e+00  0.250000  -1.808707e-01  -0.7426  1  2.397313  4.297093e+00  2.300011e+00  -2.108703e-01  -1.941459e-01  -8.673845e-02  108  0  1
5.0999999999998401e+01  B  63.984375  64.000000  64.000000  3.1860034682e+00  0.250000  -1.808707e-01  -0.7426  1  2.397313  4.297093e+00  2.300011e+00  -2.108703e-01  -1.941459e-01  -8.673845e-02  108  0  1
5.0999999999998401e+01  C  64.000000  64.000000  64.000000  3.1849044563e+00  0.250000  -1.811532e-01  -0.7420  1  2.314582  4.246936e+00  2.300010e+00  -1.735962e-01  -1.245516e-01  -4.520528e-02  26  0  1
5.1999999999998202e+01  A  64.015625  64.000000  64.000000  3.1806779178e+00  0.250000  -1.822399e-01  -0.7394  1  2.446337  4.321462e+00  2.305595e+00  -2.269446e-01  -2.113772e-01  -1.121219e-01  110  0  1
5.1999999999998202e+01  B  63.984375  64.000000  64.000000  3.1806779178e+00  0.250000  -1.822399e-01  -0.7394  1  2.446337  4.321462e+00  2.305595e+00  -2.269446e-01  -2.113772e-01  -1.121219e-01  110  0  1
5.1999999999998202e+01  C  64.000000  64.000000  64.000000  3.1798209964e+00  0.250000  -1.824602e-01  -0.7388  1  2.366226  4.272738e+00  2.305806e+00  -1.887983e-01  -1.430652e-01  -6.924764e-02  27  0  1
5.2999999999998003e+01  A  64.015625  64.000000  64.000000  3.1760099667e+00  0.250000  -1.834400e-01  -0.7365  1  2.502544  4.350697e+00  2.312067e+00  -2.444645e-01  -2.301884e-01  -1.402454e-01  113  0  1
5.2999999999998003e+01  B  63.984375  64.000000  64.000000  3.1760099667e+00  0.250000  -1.834400e-01  -0.7365  1  2.502544  4.350697e+00  2.312067e+00  -2.444645e-01  -2.301884e-01  -1.402454e-01  113  0  1
5.2999999999998003e+01  C  64.000000  64.000000  64.000000  3.1754329532e+00  0.250000  -1.835884e-01  -0.7362  1  2.424743  4.303074e+00  2.312422e+00  -2.051814e-01  -1.632767e-01  -9.594478e-02  28  0  1
5.3999999999997797e+01  A  64.015625  64.000000  64.000000  3.1721254341e+00  0.250000  -1.844388e-01  -0.7341  1  2.564473  4.383917e+00  2.319118e+00  -2.625911e-01  -2.498120e-01  -1.709118e-01  116  0  1
5.3999999999997797e+01  B  63.984375  64.000000  64.000000  3.1721254341e+00  0.250000  -1.844388e-01  -0.7341  1  2.564473  4.383917e+00  2.319118e+00  -2.625911e-01  -2.498120e-01  -1.709118e-01  116  0  1
5.3999999999997797e+01  C  64.000000  64.000000  64.000000  3.1718431821e+00  0.250000  -1.845113e-01  -0.7340  1  2.488779  4.337205e+00  2.319555e+00  -2.221482e-01  -1.843819e-01  -1.251247e-01  28  0  1
5.4999999999997598e+01  A  64.015625  64.000000  64.000000  3.1691117658e+00  0.250000  -1.852136e-01  -0.7323  1  2.630835  4.420277e+00  2.326426e+00  -2.808424e-01  -2.696242e-01  -2.035953e-01  120  0  1
5.4999999999997598e+01  B  63.984375  64.000000  64.000000  3.1691117658e+00  0.250000  -1.852136e-01  -0.7323  1  2.630835  4.420277e+00  2.326426e+00  -2.808424e-01  -2.696242e-01  -2.035953e-01  120  0  1
5.4999999999997598e+01  C  64.000000  64.000000  64.000000  3.1691203871e+00  0.250000  -1.852114e-01  -0.7323  1  2.557420  4.374699e+00  2.326947e+00  -2.392805e-01  -2.054944e-01  -1.564240e-01  29  0  1
5.5999999999997399e+01  A  64.015625  64.000000  64.000000  3.1670042794e+00  0.250000  -1.857554e-01  -0.7311  1  2.700197  4.458989e+00  2.333848e+00  -2.989988e-01  -2.891383e-01  -2.376603e-01  123  0  1
5.5999999999997399e+01  B  63.984375  64.000000  64.000000  3.1670042794e+00  0.250000  -1.857554e-01  -0.7311  1  2.700197  4.458989e+00  2.333848e+00  -2.989988e-01  -2.891383e-01  -2.376603e-01  123  0  1
5.5999999999997399e+01  C  64.000000  64.000000  64.000000  3.1672859251e+00  0.250000  -1.856830e-01  -0.7312  1  2.628752  4.414294e+00  2.334393e+00  -2.568341e-01  -2.241752e-01  -1.892525e-01  30  0  1
5.6999999999997200e+01  A  64.015625  64.000000  64.000000  3.1657821758e+00  0.250000  -1.860696e-01  -0.7303  1  2.771301  4.499211e+00  2.341183e+00  -3.166476e-01  -3.049330e-01  -2.722968e-01  127  0  1
5.6999999999997200e+01  B  63.984375  64.000000  64.000000  3.1657821758e+00  0.250000  -1.860696e-01  -0.7303  1  2.771301  4.499211e+00  2.341183e+00  -3.166476e-01  -3.049330e-01  -2.722968e-01  127  0  1
5.6999999999997200e+01  C  64.000000  64.000000  64.000000  3.1663096964e+00  0.250000  -1.859340e-01  -0.7306  1  2.701618  4.455290e+00  2.341743e+00  -2.737799e-01  -2.405997e-01  -2.227932e-01  31  0  1
5.7999999999997002e+01  A  64.015625  64.000000  64.000000  3.1653714417e+00  0.250000  -1.861752e-01  -0.7301  1  2.843127  4.540328e+00  2.348318e+00  -3.328071e-01  -3.182080e-01  -3.064715e-01  130  0  1
5.7999999999997002e+01  B  63.984375  64.000000  64.000000  3.1653714417e+00  0.250000  -1.861752e-01  -0.7301  1  2.843127  4.540328e+00  2.348318e+00  -3.328071e-01  -3.182080e-01  -3.064715e-01  130  0  1
5.7999999999997002e+01  C  64.000000  64.000000  64.000000  3.1661125565e+00  0.250000  -1.859847e-01  -0.7305  1  2.774933  4.496998e+00  2.348866e+00  -2.888969e-01  -2.543185e-01  -2.557440e-01  32  0  1
5.8999999999996803e+01  A  64.015625  64.000000  64.000000  3.1656536945e+00  0.250000  -1.861027e-01  -0.7302  1  2.914419  4.581489e+00  2.355142e+00  -3.458858e-01  -3.296722e-01  -3.390839e-01  134  0  1
5.8999999999996803e+01  B  63.984375  64.000000  64.000000  3.1656536945e+00  0.250000  -1.861027e-01  -0.7302  1  2.914419  4.581489e+00  2.355142e+00  -3.458858e-01  -3.296722e-01  -3.390839e-01  134  0  1
5.8999999999996803e+01  C  64.000000  64.000000  64.000000  3.1665743804e+00  0.250000  -1.858660e-01  -0.7308  1  2.847518  4.538643e+00  2.355662e+00  -3.015092e-01  -2.612067e-01  -2.866478e-01  33  0  1
5.9999999999996597e+01  A  64.015625  64.000000  64.000000  3.1664780337e+00  0.250000  -1.858907e-01  -0.7307  1  2.984199  4.622041e+00  2.361574e+00  -3.526060e-01  -3.358655e-01  -3.277888e-01  137  0  1
5.9999999999996597e+01  B  63.984375  64.000000  64.000000  3.1664780337e+00  0.250000  -1.858907e-01  -0.7307  1  2.984199  4.622041e+00  2.361574e+00  -3.526060e-01  -3.358655e-01  -3.277888e-01  137  0  1
5.9999999999996597e+01  C  64.000000  64.000000  64.000000  3.1675451279e+00  0.250000  -1.856164e-01  -0.7314  1  2.918351  4.579533e+00  2.362050e+00  -3.078381e-01  -2.638265e-01  -2.796690e-01  34  0  1
6.0999999999996398e+01  A  64.015625  64.000000  64.000000  3.1676760220e+00  0.250000  -1.855827e-01  -0.7315  1  3.051416  4.661264e+00  2.367572e+00  -3.551674e-01  -3.402263e-01  -3.145734e-01  141  0  1
6.0999999999996398e+01  B  63.984375  64.000000  64.000000  3.1676760220e+00  0.250000  -1.855827e-01  -0.7315  1  3.051416  4.661264e+00  2.367572e+00  -3.551674e-01  -3.402263e-01  -3.145734e-01  141  0  1
6.0999999999996398e+01  C  64.000000  64.000000  64.000000  3.1688590001e+00  0.250000  -1.852786e-01  -0.7322  1  2.986331  4.618899e+00  2.367978e+00  -3.095317e-01  -2.653931e-01  -2.667308e-01  35  0  1
6.1999999999996199e+01  A  64.015625  64.000000  64.000000  3.1690763771e+00  0.250000  -1.852227e-01  -0.7323  1  3.115031  4.698372e+00  2.373014e+00  -3.522861e-01  -3.397822e-01  -3.033092e-01  144  0  1
6.1999999999996199e+01  B  63.984375  64.000000  64.000000  3.1690763771e+00  0.250000  -1.852227e-01  -0.7323  1  3.115031  4.698372e+00  2.373014e+00  -3.522861e-01  -3.397822e-01  -3.033092e-01  144  0  1
6.1999999999996199e+01  C  64.000000  64.000000  64.000000  3.1703483400e+00  0.250000  -1.848957e-01  -0.7331  1  3.049724  4.655527e+00  2.373384e+00  -3.045583e-01  -2.660392e-01  -2.556158e-01  35  0  1
6.2999999999996000e+01  A  64.015625  64.000000  64.000000  3.1705172608e+00  0.250000  -1.848522e-01  -0.7332  1  3.173841  4.732524e+00  2.377865e+00  -3.457737e-01  -3.368132e-01  -2.940003e-01  147  0  1
6.2999999999996000e+01  B  63.984375  64.000000  64.000000  3.1705172608e+00  0.250000  -1.848522e-01  -0.7332  1  3.173841  4.732524e+00  2.377865e+00  -3.457737e-01  -3.368132e-01  -2.940003e-01  147  0  1
6.2999999999996000e+01  C  64.000000  64.000000  64.000000  3.1718554037e+00  0.250000  -1.845082e-01  -0.7340  1  3.107775  4.688996e+00  2.378195e+00  -2.973692e-01  -2.659429e-01  -2.464037e-01  36  0  1
6.3999999999995801e+01  A  64.015625  64.000000  64.000000  3.1718575979e+00  0.250000  -1.845076e-01  -0.7340  1  3.222597  4.760159e+00  2.382145e+00  -3.383503e-01  -3.330343e-01  -2.866387e-01  149  0  1
6.3999999999995801e+01  B  63.984375  64.000000  64.000000  3.1718575979e+00  0.250000  -1.845076e-01  -0.7340  1  3.222597  4.760159e+00  2.382145e+00  -3.383503e-01  -3.330343e-01  -2.866387e-01  149  0  1
6.3999999999995801e+01  C  64.000000  64.000000  64.000000  3.1732432367e+00  0.250000  -1.841514e-01  -0.7348  1  3.140135  4.705584e+00  2.382521e+00  -2.874118e-01  -2.611389e-01  -2.390813e-01  37  0  1
6.4999999999996305e+01  A  64.015625  64.000000  64.000000  3.1729853614e+00  0.250000  -1.842177e-01  -0.7347  1  3.177408  4.725370e+00  2.386258e+00  -3.325290e-01  -3.276685e-01  -2.812022e-01  147  0  1
6.4999999999996305e+01  B  63.984375  64.000000  64.000000  3.1729853614e+00  0.250000  -1.842177e-01  -0.7347  1  3.177408  4.725370e+00  2.386258e+00  -3.325290e-01  -3.276685e-01  -2.812022e-01  147  0  1
6.4999999999996305e+01  C  64.000000  64.000000  64.000000  3.1744035815e+00  0.250000  -1.838530e-01  -0.7355  1  3.105600  4.678328e+00  2.386467e+00  -2.786015e-01  -2.565252e-01  -2.336244e-01  36  0  1
6.5999999999996902e+01  A  64.015625  64.000000  64.000000  3.1738224899e+00  0.250000  -1.840024e-01  -0.7352  1  3.136033  4.693491e+00  2.389439e+00  -3.269909e-01  -3.221799e-01  -2.776632e-01  145  0  1
6.5999999999996902e+01  B  63.984375  64.000000  64.000000  3.1738224899e+00  0.250000  -1.840024e-01  -0.7352  1  3.136033  4.693491e+00  2.389439e+00  -3.269909e-01  -3.221799e-01  -2.776632e-01  145  0  1
6.5999999999996902e+01  C  64.000000  64.000000  64.000000  3.1752617407e+00  0.250000  -1.836324e-01  -0.7361  1  3.071703  4.651722e+00  2.389521e+00  -2.723680e-01  -2.518256e-01  -2.300041e-01  36  0  1
6.6999999999997399e+01  A  64.015625  64.000000  64.000000  3.1743267688e+00  0.250000  -1.838728e-01  -0.7355  1  3.107865  4.670511e+00  2.391679e+00  -3.221872e-01  -3.178736e-01  -2.759711e-01  143  0  1
6.6999999999997399e+01  B  63.984375  64.000000  64.000000  3.1743267688e+00  0.250000  -1.838728e-01  -0.7355  1  3.107865  4.670511e+00  2.391679e+00  -3.221872e-01  -3.178736e-01  -2.759711e-01  143  0  1
6.6999999999997399e+01  C  64.000000  64.000000  64.000000  3.1757782883e+00  0.250000  -1.834996e-01  -0.7364  1  3.046506  4.630909e+00  2.391680e+00  -2.688035e-01  -2.481698e-01  -2.281743e-01  35  0  1
6.7999999999997897e+01  A  64.015625  64.000000  64.000000  3.1744904914e+00  0.250000  -1.838307e-01  -0.7356  1  3.092297  4.655844e+00  2.393069e+00  -3.196458e-01  -3.153354e-01  -2.760711e-01  143  0  1
6.7999999999997897e+01  B  63.984375  64.000000  64.000000  3.1744904914e+00  0.250000  -1.838307e-01  -0.7356  1  3.092297  4.655844e+00  2.393069e+00  -3.196458e-01  -3.153354e-01  -2.760711e-01  143  0  1
6.7999999999997897e+01  C  64.000000  64.000000  64.000000  3.1759476759e+00  0.250000  -1.834561e-01  -0.7365  1  3.032645  4.617590e+00  2.393014e+00  -2.678457e-01  -2.460518e-01  -2.280810e-01  35  0  1
6.8999999999998394e+01  A  64.015625  64.000000  64.000000  3.1743364686e+00  0.250000  -1.838703e-01  -0.7355  1  3.088925  4.649094e+00  2.393681e+00  -3.194354e-01  -3.146255e-01  -2.779061e-01  142  0  1
6.8999999999998394e+01  B  63.984375  64.000000  64.000000  3.1743364686e+00  0.250000  -1.838703e-01  -0.7355  1  3.088925  4.649094e+00  2.393681e+00  -3.194354e-01  -3.146255e-01  -2.779061e-01  142  0  1
6.8999999999998394e+01  C  64.000000  64.000000  64.000000  3.1757942748e+00  0.250000  -1.834955e-01  -0.7364  1  3.030571  4.611801e+00  2.393583e+00  -2.693264e-01  -2.455198e-01  -2.296710e-01  35  0  1
6.9999999999998906e+01  A  64.015625  64.000000  64.000000  3.1739120004e+00  0.250000  -1.839794e-01  -0.7352  1  3.096659  4.649481e+00  2.393593e+00  -3.213338e-01  -3.156661e-01  -2.813827e-01  143  0  1
6.9999999999998906e+01  B  63.984375  64.000000  64.000000  3.1739120004e+00  0.250000  -1.839794e-01  -0.7352  1  3.096659  4.649481e+00  2.393593e+00  -3.213338e-01  -3.156661e-01  -2.813827e-01  143  0  1
6.9999999999998906e+01  C  64.000000  64.000000  64.000000  3.1753662737e+00  0.250000  -1.836055e-01  -0.7361  1  3.039280  4.612840e+00  2.393464e+00  -2.729627e-01  -2.465218e-01  -2.328625e-01  35  0  1
7.0999999999999403e+01  A  64.015625  64.000000  64.000000  3.1732812436e+00  0.250000  -1.841416e-01  -0.7348  1  3.114603  4.656391e+00  2.392954e+00  -3.247330e-01  -3.180676e-01  -2.863621e-01  144  0  1
7.0999999999999403e+01  B  63.984375  64.000000  64.000000  3.1732812436e+00  0.250000  -1.841416e-01  -0.7348  1  3.114603  4.656391e+00  2.392954e+00  -3.247330e-01  -3.180676e-01  -2.863621e-01  144  0  1
7.0999999999999403e+01  C  64.000000  64.000000  64.000000  3.1747282402e+00  0.250000  -1.837696e-01  -0.7357  1  3.057874  4.620148e+00  2.392797e+00  -2.784058e-01  -2.489249e-01  -2.375288e-01  36  0  1
7.1999999999999901e+01  A  64.015625  64.000000  64.000000  3.1725170425e+00  0.250000  -1.843381e-01  -0.7344  1  3.141446  4.668985e+00  2.391736e+00  -3.299359e-01  -3.215856e-01  -2.926582e-01  145  0  1
7.1999999999999901e+01  B  63.984375  64.000000  64.000000  3.1725170425e+00  0.250000  -1.843381e-01  -0.7344  1  3.141446  4.668985e+00  2.391736e+00  -3.299359e-01  -3.215856e-01  -2.926582e-01  145  0  1
7.1999999999999901e+01  C  64.000000  64.000000  64.000000  3.1739529312e+00  0.250000  -1.839689e-01  -0.7353  1  3.085710  4.633372e+00  2.391567e+00  -2.850980e-01  -2.522183e-01  -2.434979e-01  36  0  1
7.3000000000000398e+01  A  64.015625  64.000000  64.000000  3.1716929191e+00  0.250000  -1.845500e-01  -0.7339  1  3.177503  4.687498e+00  2.390172e+00  -3.354151e-01  -3.255270e-01  -3.000300e-01  147  0  1
7.3000000000000398e+01  B  63.984375  64.000000  64.000000  3.1716929191e+00  0.250000  -1.845500e-01  -0.7339  1  3.177503  4.687498e+00  2.390172e+00  -3.354151e-01  -3.255270e-01  -3.000300e-01  147  0  1
7.3000000000000398e+01  C  64.000000  64.000000  64.000000  3.1731135388e+00  0.250000  -1.841847e-01  -0.7347  1  3.121020  4.651252e+00  2.389990e+00  -2.912063e-01  -2.555481e-01  -2.505448e-01  36  0  1
7.4000000000000995e+01  A  64.015625  64.000000  64.000000  3.1708759009e+00  0.250000  -1.847600e-01  -0.7334  1  3.219449  4.709842e+00  2.388246e+00  -3.413648e-01  -3.291163e-01  -3.081940e-01  149  0  1
7.4000000000000995e+01  B  63.984375  64.000000  64.000000  3.1708759009e+00  0.250000  -1.847600e-01  -0.7334  1  3.219449  4.709842e+00  2.388246e+00  -3.413648e-01  -3.291163e-01  -3.081940e-01  149  0  1
7.4000000000000995e+01  C  64.000000  64.000000  64.000000  3.1722766855e+00  0.250000  -1.843999e-01  -0.7342  1  3.164261  4.674325e+00  2.388056e+00  -2.972516e-01  -2.594280e-01  -2.584008e-01  37  0  1
7.5000000000001506e+01  A  64.015625  64.000000  64.000000  3.1701210159e+00  0.250000  -1.849541e-01  -0.7329  1  3.268177  4.736636e+00  2.386177e+00  -3.470314e-01  -3.317496e-01  -3.168413e-01  151  0  1
7.5000000000001506e+01  B  63.984375  64.000000  64.000000  3.1701210159e+00  0.250000  -1.849541e-01  -0.7329  1  3.268177  4.736636e+00  2.386177e+00  -3.470314e-01  -3.317496e-01  -3.168413e-01  151  0  1
7.5000000000001506e+01  C  64.000000  64.000000  64.000000  3.1714970353e+00  0.250000  -1.846003e-01  -0.7338  1  3.212371  4.700464e+00  2.385965e+00  -3.030159e-01  -2.622387e-01  -2.667696e-01  38  0  1
7.6000000000002004e+01  A  64.015625  64.000000  64.000000  3.1694677869e+00  0.250000  -1.851220e-01  -0.7325  1  3.306451  4.756650e+00  2.383874e+00  -3.513733e-01  -3.345056e-01  -3.256606e-01  153  0  1
7.6000000000002004e+01  B  63.984375  64.000000  64.000000  3.1694677869e+00  0.250000  -1.851220e-01  -0.7325  1  3.306451  4.756650e+00  2.383874e+00  -3.513733e-01  -3.345056e-01  -3.256606e-01  153  0  1
7.6000000000002004e+01  C  64.000000  64.000000  64.000000  3.1708140105e+00  0.250000  -1.847759e-01  -0.7334  1  3.235967  4.710919e+00  2.383663e+00  -3.072990e-01  -2.630648e-01  -2.753475e-01  38  0  1
7.7000000000002501e+01  A  64.015625  64.000000  64.000000  3.1689386955e+00  0.250000  -1.852581e-01  -0.7322  1  3.286441  4.738618e+00  2.381570e+00  -3.543120e-01  -3.371478e-01  -3.343475e-01  152  0  1
7.7000000000002501e+01  B  63.984375  64.000000  64.000000  3.1689386955e+00  0.250000  -1.852581e-01  -0.7322  1  3.286441  4.738618e+00  2.381570e+00  -3.543120e-01  -3.371478e-01  -3.343475e-01  152  0  1
7.7000000000002501e+01  C  64.000000  64.000000  64.000000  3.1702502486e+00  0.250000  -1.849209e-01  -0.7330  1  3.216567  4.693489e+00  2.381346e+00  -3.102006e-01  -2.638249e-01  -2.838371e-01  38  0  1
7.8000000000002998e+01  A  64.015625  64.000000  64.000000  3.1685396404e+00  0.250000  -1.853607e-01  -0.7320  1  3.268156  4.721812e+00  2.379220e+00  -3.553096e-01  -3.391331e-01  -3.201588e-01  151  0  1
7.8000000000002998e+01  B  63.984375  64.000000  64.000000  3.1685396404e+00  0.250000  -1.853607e-01  -0.7320  1  3.268156  4.721812e+00  2.379220e+00  -3.553096e-01  -3.391331e-01  -3.201588e-01  151  0  1
7.8000000000002998e+01  C  64.000000  64.000000  64.000000  3.1698121704e+00  0.250000  -1.850335e-01  -0.7327  1  3.197152  4.676228e+00  2.378966e+00  -3.106858e-01  -2.644358e-01  -2.720571e-01  37  0  1
7.9000000000003496e+01  A  64.015625  64.000000  64.000000  3.1682622192e+00  0.250000  -1.854320e-01  -0.7318  1  3.250058  4.705222e+00  2.376886e+00  -3.551385e-01  -3.400478e-01  -3.067749e-01  151  0  1
7.9000000000003496e+01  B  63.984375  64.000000  64.000000  3.1682622192e+00  0.250000  -1.854320e-01  -0.7318  1  3.250058  4.705222e+00  2.376886e+00  -3.551385e-01  -3.400478e-01  -3.067749e-01  151  0  1
7.9000000000003496e+01  C  64.000000  64.000000  64.000000  3.1694922334e+00  0.250000  -1.851158e-01  -0.7326  1  3.179502  4.660217e+00  2.376652e+00  -3.095911e-01  -2.648471e-01  -2.590154e-01  37  0  1
8.0000000000003993e+01  A  64.015625  64.000000  64.000000  3.1680869285e+00  0.250000  -1.854771e-01  -0.7317  1  3.233840  4.689948e+00  2.374723e+00  -3.535292e-01  -3.393624e-01  -2.946823e-01  150  0  1
8.0000000000003993e+01  B  63.984375  64.000000  64.000000  3.1680869285e+00  0.250000  -1.854771e-01  -0.7317  1  3.233840  4.689948e+00  2.374723e+00  -3.535292e-01  -3.393624e-01  -2.946823e-01  150  0  1
8.0000000000003993e+01  C  64.000000  64.000000  64.000000  3.1692720211e+00  0.250000  -1.851724e-01  -0.7324  1  3.163980  4.645623e+00  2.374490e+00  -3.078530e-01  -2.650202e-01  -2.472265e-01  37  0  1
8.1000000000004505e+01  A  64.015625  64.000000  64.000000  3.1679870397e+00  0.250000  -1.855028e-01  -0.7316  1  3.219803  4.676161e+00  2.372658e+00  -3.514818e-01  -3.374051e-01  -2.840156e-01  149  0  1
8.1000000000004505e+01  B  63.984375  64.000000  64.000000  3.1679870397e+00  0.250000  -1.855028e-01  -0.7316  1  3.219803  4.676161e+00  2.372658e+00  -3.514818e-01  -3.374051e-01  -2.840156e-01  149  0  1
8.1000000000004505e+01  C  64.000000  64.000000  64.000000  3.1691261707e+00  0.250000  -1.852099e-01  -0.7323  1  3.148907  4.631378e+00  2.372422e+00  -3.049833e-01  -2.649494e-01  -2.368188e-01  37  0  1
8.2000000000005002e+01  A  64.015625  64.000000  64.000000  3.1679325058e+00  0.250000  -1.855168e-01  -0.7316  1  3.207260  4.663398e+00  2.370805e+00  -3.492243e-01  -3.354581e-01  -2.748704e-01  148  0  1
8.2000000000005002e+01  B  63.984375  64.000000  64.000000  3.1679325058e+00  0.250000  -1.855168e-01  -0.7316  1  3.207260  4.663398e+00  2.370805e+00  -3.492243e-01  -3.354581e-01  -2.748704e-01  148  0  1
8.2000000000005002e+01  C  64.000000  64.000000  64.000000  3.1690261066e+00  0.250000  -1.852356e-01  -0.7323  1  3.137253  4.619350e+00  2.370584e+00  -3.013343e-01  -2.646587e-01  -2.278831e-01  37  0  1
8.3000000000005599e+01  A  64.015625  64.000000  64.000000  3.1678936787e+00  0.250000  -1.855268e-01  -0.7316  1  3.198329  4.652990e+00  2.369237e+00  -3.462538e-01  -3.335908e-01  -2.673198e-01  148  0  1
8.3000000000005599e+01  B  63.984375  64.000000  64.000000  3.1678936787e+00  0.250000  -1.855268e-01  -0.7316  1  3.198329  4.652990e+00  2.369237e+00  -3.462538e-01  -3.335908e-01  -2.673198e-01  148  0  1
8.3000000000005599e+01  C  64.000000  64.000000  64.000000  3.1689437534e+00  0.250000  -1.852568e-01  -0.7322  1  3.127869  4.608817e+00  2.369025e+00  -2.978716e-01  -2.641946e-01  -2.204868e-01  36  0  1
8.4000000000006096e+01  A  64.015625  64.000000  64.000000  3.1678441566e+00  0.250000  -1.855395e-01  -0.7316  1  3.190170  4.643114e+00  2.367835e+00  -3.431797e-01  -3.317327e-01  -2.614151e-01  148  0  1
8.4000000000006096e+01  B  63.984375  64.000000  64.000000  3.1678441566e+00  0.250000  -1.855395e-01  -0.7316  1  3.190170  4.643114e+00  2.367835e+00  -3.431797e-01  -3.317327e-01  -2.614151e-01  148  0  1
8.4000000000006096e+01  C  64.000000  64.000000  64.000000  3.1688542297e+00  0.250000  -1.852798e-01  -0.7322  1  3.120983  4.599938e+00  2.367635e+00  -2.949214e-01  -2.632538e-01  -2.146769e-01  36  0  1
8.5000000000006594e+01  A  64.015625  64.000000  64.000000  3.1677629046e+00  0.250000  -1.855604e-01  -0.7315  1  3.186301  4.635985e+00  2.366706e+00  -3.404776e-01  -3.291757e-01  -2.571869e-01  147  0  1
8.5000000000006594e+01  B  63.984375  64.000000  64.000000  3.1677629046e+00  0.250000  -1.855604e-01  -0.7315  1  3.186301  4.635985e+00  2.366706e+00  -3.404776e-01  -3.291757e-01  -2.571869e-01  147  0  1
8.5000000000006594e+01  C  64.000000  64.000000  64.000000  3.1687379703e+00  0.250000  -1.853097e-01  -0.7321  1  3.116724  4.592720e+00  2.366546e+00  -2.926514e-01  -2.618842e-01  -2.104823e-01  36  0  1
8.6000000000007105e+01  A  64.015625  64.000000  64.000000  3.1676353500e+00  0.250000  -1.855932e-01  -0.7314  1  3.183598  4.629621e+00  2.365851e+00  -3.385976e-01  -3.272673e-01  -2.546419e-01  147  0  1
8.6000000000007105e+01  B  63.984375  64.000000  64.000000  3.1676353500e+00  0.250000  -1.855932e-01  -0.7314  1  3.183598  4.629621e+00  2.365851e+00  -3.385976e-01  -3.272673e-01  -2.546419e-01  147  0  1
8.6000000000007105e+01  C  64.000000  64.000000  64.000000  3.1685816587e+00  0.250000  -1.853499e-01  -0.7320  1  3.113606  4.586238e+00  2.365728e+00  -2.912424e-01  -2.608047e-01  -2.079100e-01  36  0  1
8.7000000000007603e+01  A  64.015625  64.000000  64.000000  3.1674538850e+00  0.250000  -1.856398e-01  -0.7313  1  3.184175  4.625336e+00  2.365288e+00  -3.375353e-01  -3.260410e-01  -2.537670e-01  147  0  1
8.7000000000007603e+01  B  63.984375  64.000000  64.000000  3.1674538850e+00  0.250000  -1.856398e-01  -0.7313  1  3.184175  4.625336e+00  2.365288e+00  -3.375353e-01  -3.260410e-01  -2.537670e-01  147  0  1
8.7000000000007603e+01  C  64.000000  64.000000  64.000000  3.1683787215e+00  0.250000  -1.854021e-01  -0.7319  1  3.114329  4.582146e+00  2.365190e+00  -2.906638e-01  -2.598127e-01  -2.069477e-01  36  0  1
8.8000000000008100e+01  A  64.015625  64.000000  64.000000  3.1672176951e+00  0.250000  -1.857006e-01  -0.7312  1  3.187456  4.622777e+00  2.365003e+00  -3.372639e-01  -3.255024e-01  -2.545258e-01  147  0  1
8.8000000000008100e+01  B  63.984375  64.000000  64.000000  3.1672176951e+00  0.250000  -1.857006e-01  -0.7312  1  3.187456  4.622777e+00  2.365003e+00  -3.372639e-01  -3.255024e-01  -2.545258e-01  147  0  1
8.8000000000008100e+01  C  64.000000  64.000000  64.000000  3.1681290314e+00  0.250000  -1.854662e-01  -0.7317  1  3.116663  4.579082e+00  2.364935e+00  -2.908621e-01  -2.594236e-01  -2.075627e-01  36  0  1
8.9000000000008598e+01  A  64.015625  64.000000  64.000000  3.1669312107e+00  0.250000  -1.857742e-01  -0.7310  1  3.193130  4.621757e+00  2.364995e+00  -3.377252e-01  -3.256311e-01  -2.568517e-01  148  0  1
8.9000000000008598e+01  B  63.984375  64.000000  64.000000  3.1669312107e+00  0.250000  -1.857742e-01  -0.7310  1  3.193130  4.621757e+00  2.364995e+00  -3.377252e-01  -3.256311e-01  -2.568517e-01  148  0  1
8.9000000000008598e+01  C  64.000000  64.000000  64.000000  3.1678373756e+00  0.250000  -1.855412e-01  -0.7316  1  3.122703  4.578330e+00  2.364945e+00  -2.917660e-01  -2.596850e-01  -2.096943e-01  36  0  1
9.0000000000009095e+01  A  64.015625  64.000000  64.000000  3.1666061105e+00  0.250000  -1.858578e-01  -0.7308  1  3.201926  4.622713e+00  2.365217e+00  -3.390170e-01  -3.263767e-01  -2.606177e-01  148  0  1
9.0000000000009095e+01  B  63.984375  64.000000  64.000000  3.1666061105e+00  0.250000  -1.858578e-01  -0.7308  1  3.201926  4.622713e+00  2.365217e+00  -3.390170e-01  -3.263767e-01  -2.606177e-01  148  0  1
9.0000000000009095e+01  C  64.000000  64.000000  64.000000  3.1675153382e+00  0.250000  -1.856240e-01  -0.7314  1  3.131809  4.579492e+00  2.365196e+00  -2.933027e-01  -2.602029e-01  -2.132443e-01  37  0  1
9.1000000000009607e+01  A  64.015625  64.000000  64.000000  3.1662573223e+00  0.250000  -1.859475e-01  -0.7306  1  3.213507  4.625417e+00  2.365548e+00  -3.408006e-01  -3.276646e-01  -2.656820e-01  149  0  1
9.1000000000009607e+01  B  63.984375  64.000000  64.000000  3.1662573223e+00  0.250000  -1.859475e-01  -0.7306  1  3.213507  4.625417e+00  2.365548e+00  -3.408006e-01  -3.276646e-01  -2.656820e-01  149  0  1
9.1000000000009607e+01  C  64.000000  64.000000  64.000000  3.1671772758e+00  0.250000  -1.857109e-01  -0.7312  1  3.144177  4.582740e+00  2.365555e+00  -2.953808e-01  -2.609902e-01  -2.180677e-01  37  0  1
9.2000000000010203e+01  A  64.015625  64.000000  64.000000  3.1658990040e+00  0.250000  -1.860396e-01  -0.7304  1  3.226068  4.628748e+00  2.366131e+00  -3.430296e-01  -3.294167e-01  -2.718657e-01  149  0  1
9.2000000000010203e+01  B  63.984375  64.000000  64.000000  3.1658990040e+00  0.250000  -1.860396e-01  -0.7304  1  3.226068  4.628748e+00  2.366131e+00  -3.430296e-01  -3.294167e-01  -2.718657e-01  149  0  1
9.2000000000010203e+01  C  64.000000  64.000000  64.000000  3.1668365676e+00  0.250000  -1.857985e-01  -0.7310  1  3.157320  4.586466e+00  2.366152e+00  -2.977520e-01  -2.620801e-01  -2.239929e-01  37  0  1
9.3000000000010701e+01  A  64.015625  64.000000  64.000000  3.1655467296e+00  0.250000  -1.861302e-01  -0.7302  1  3.240077  4.633001e+00  2.366859e+00  -3.456183e-01  -3.314062e-01  -2.789442e-01  150  0  1
9.3000000000010701e+01  B  63.984375  64.000000  64.000000  3.1655467296e+00  0.250000  -1.861302e-01  -0.7302  1  3.240077  4.633001e+00  2.366859e+00  -3.456183e-01  -3.314062e-01  -2.789442e-01  150  0  1
9.3000000000010701e+01  C  64.000000  64.000000  64.000000  3.1665076181e+00  0.250000  -1.858831e-01  -0.7308  1  3.171800  4.591008e+00  2.366915e+00  -3.003502e-01  -2.632154e-01  -2.308052e-01  37  0  1
9.4000000000011198e+01  A  64.015625  64.000000  64.000000  3.1652144248e+00  0.250000  -1.862156e-01  -0.7300  1  3.255701  4.638272e+00  2.367730e+00  -3.484125e-01  -3.329020e-01  -2.866674e-01  151  0  1
9.4000000000011198e+01  B  63.984375  64.000000  64.000000  3.1652144248e+00  0.250000  -1.862156e-01  -0.7300  1  3.255701  4.638272e+00  2.367730e+00  -3.484125e-01  -3.329020e-01  -2.866674e-01  151  0  1
9.4000000000011198e+01  C  64.000000  64.000000  64.000000  3.1662030083e+00  0.250000  -1.859614e-01  -0.7306  1  3.187259  4.596139e+00  2.367822e+00  -3.031947e-01  -2.640176e-01  -2.382647e-01  37  0  1
9.5000000000011696e+01  A  64.015625  64.000000  64.000000  3.1649129453e+00  0.250000  -1.862931e-01  -0.7298  1  3.273920  4.645172e+00  2.368605e+00  -3.510256e-01  -3.345235e-01  -2.947609e-01  152  0  1
9.5000000000011696e+01  B  63.984375  64.000000  64.000000  3.1649129453e+00  0.250000  -1.862931e-01  -0.7298  1  3.273920  4.645172e+00  2.368605e+00  -3.510256e-01  -3.345235e-01  -2.947609e-01  152  0  1
9.5000000000011696e+01  C  64.000000  64.000000  64.000000  3.1659322317e+00  0.250000  -1.860310e-01  -0.7304  1  3.205773  4.603123e+00  2.368731e+00  -3.060238e-01  -2.648798e-01  -2.461061e-01  37  0  1
9.6000000000012193e+01  A  64.015625  64.000000  64.000000  3.1646497854e+00  0.250000  -1.863608e-01  -0.7296  1  3.293291  4.652800e+00  2.369557e+00  -3.531256e-01  -3.362098e-01  -3.029492e-01  153  0  1
9.6000000000012193e+01  B  63.984375  64.000000  64.000000  3.1646497854e+00  0.250000  -1.863608e-01  -0.7296  1  3.293291  4.652800e+00  2.369557e+00  -3.531256e-01  -3.362098e-01  -3.029492e-01  153  0  1
9.6000000000012193e+01  C  64.000000  64.000000  64.000000  3.1657013846e+00  0.250000  -1.860904e-01  -0.7303  1  3.226029  4.611284e+00  2.369704e+00  -3.086896e-01  -2.657597e-01  -2.540604e-01  38  0  1
9.7000000000012705e+01  A  64.015625  64.000000  64.000000  3.1644268002e+00  0.250000  -1.864181e-01  -0.7295  1  3.313042  4.660688e+00  2.370483e+00  -3.553265e-01  -3.379009e-01  -3.109656e-01  154  0  1
9.7000000000012705e+01  B  63.984375  64.000000  64.000000  3.1644268002e+00  0.250000  -1.864181e-01  -0.7295  1  3.313042  4.660688e+00  2.370483e+00  -3.553265e-01  -3.379009e-01  -3.109656e-01  154  0  1
9.7000000000012705e+01  C  64.000000  64.000000  64.000000  3.1655108232e+00  0.250000  -1.861394e-01  -0.7302  1  3.245885  4.619212e+00  2.370644e+00  -3.114361e-01  -2.666150e-01  -2.618648e-01  38  0  1
9.8000000000013202e+01  A  64.015625  64.000000  64.000000  3.1642255146e+00  0.250000  -1.864699e-01  -0.7294  1  3.334978  4.669983e+00  2.371215e+00  -3.573698e-01  -3.395897e-01  -3.185553e-01  155  0  1
9.8000000000013202e+01  B  63.984375  64.000000  64.000000  3.1642255146e+00  0.250000  -1.864699e-01  -0.7294  1  3.334978  4.669983e+00  2.371215e+00  -3.573698e-01  -3.395897e-01  -3.185553e-01  155  0  1
9.8000000000013202e+01  C  64.000000  64.000000  64.000000  3.1653412885e+00  0.250000  -1.861830e-01  -0.7301  1  3.266673  4.627697e+00  2.371401e+00  -3.137771e-01  -2.674645e-01  -2.692734e-01  38  0  1
9.9000000000013699e+01  A  64.015625  64.000000  64.000000  3.1640172466e+00  0.250000  -1.865234e-01  -0.7293  1  3.356929  4.679309e+00  2.372074e+00  -3.588797e-01  -3.412215e-01  -3.255370e-01  156  0  1
9.9000000000013699e+01  B  63.984375  64.000000  64.000000  3.1640172466e+00  0.250000  -1.865234e-01  -0.7293  1  3.356929  4.679309e+00  2.372074e+00  -3.588797e-01  -3.412215e-01  -3.255370e-01  156  0  1
9.9000000000013699e+01  C  64.000000  64.000000  64.000000  3.1651635342e+00  0.250000  -1.862287e-01  -0.7300  1  3.288778  4.636975e+00  2.372276e+00  -3.156248e-01  -2.682284e-01  -2.759965e-01  38  0  1
1.0000000000001400e+02  A  64.015625  64.000000  64.000000  3.1637782958e+00  0.250000  -1.865848e-01  -0.7291  1  3.377346  4.687712e+00  2.372848e+00  -3.599679e-01  -3.427078e-01  -3.318020e-01  157  0  1
1.0000000000001400e+02  B  63.984375  64.000000  64.000000  3.1637782958e+00  0.250000  -1.865848e-01  -0.7291  1  3.377346  4.687712e+00  2.372848e+00  -3.599679e-01  -3.427078e-01  -3.318020e-01  157  0  1
1.0000000000001400e+02  C  64.000000  64.000000  64.000000  3.1649531330e+00  0.250000  -1.862828e-01  -0.7298  1  3.310714  4.646310e+00  2.373060e+00  -3.170325e-01  -2.688562e-01  -2.819717e-01  39  0  1
