# thinned to dt=0.05 from the every-step stream; the last 1 time units are kept whole (the death window)
#       time                  xA                  yA                  zA            chiA_pit                  nA                  xB                  yB                  zB            chiB_pit                  nB
   0.0000000   -6.0000000000e+00    0.0000000000e+00    0.0000000000e+00    1.0000000000e-08    8.0000000000e+00    6.0000000000e+00    0.0000000000e+00    0.0000000000e+00    1.0000000000e-08    8.0000000000e+00
   0.0100000   -6.0000000000e+00    0.0000000000e+00    0.0000000000e+00    1.0000000000e-08    8.0000000000e+00    6.0000000000e+00    0.0000000000e+00    0.0000000000e+00    1.0000000000e-08    8.0000000000e+00
   0.0200000   -6.0000000000e+00    0.0000000000e+00    0.0000000000e+00    1.0000000000e-08    8.0000000000e+00    6.0000000000e+00    0.0000000000e+00    0.0000000000e+00    1.0000000000e-08    8.0000000000e+00
   0.0300000   -6.0000000000e+00    0.0000000000e+00    0.0000000000e+00    1.0000000000e-08    8.0000000000e+00    6.0000000000e+00    0.0000000000e+00    0.0000000000e+00    1.0000000000e-08    8.0000000000e+00
   0.0400000   -6.0000000000e+00    7.8125000000e-03    0.0000000000e+00    1.0000000000e-08    4.0000000000e+00    6.0000000000e+00   -7.8125000000e-03    0.0000000000e+00    1.0000000000e-08    4.0000000000e+00
   0.0500000   -6.0000000000e+00    7.8125000000e-03    0.0000000000e+00    1.0000000000e-08    4.0000000000e+00    6.0000000000e+00   -7.8125000000e-03    0.0000000000e+00    1.0000000000e-08    4.0000000000e+00
   0.0600000   -6.0000000000e+00    7.8125000000e-03    0.0000000000e+00    1.0000000000e-08    4.0000000000e+00    6.0000000000e+00   -7.8125000000e-03    0.0000000000e+00    1.0000000000e-08    4.0000000000e+00
   0.0700000   -6.0000000000e+00    7.8125000000e-03    0.0000000000e+00    1.0000000000e-08    4.0000000000e+00    6.0000000000e+00   -7.8125000000e-03    0.0000000000e+00    1.0000000000e-08    4.0000000000e+00
   0.0800000   -6.0000000000e+00    7.8125000000e-03    0.0000000000e+00    1.0000000000e-08    4.0000000000e+00    6.0000000000e+00   -7.8125000000e-03    0.0000000000e+00    1.0000000000e-08    4.0000000000e+00
   0.0900000   -6.0000000000e+00    7.8125000000e-03    0.0000000000e+00    1.0000000000e-08    4.0000000000e+00    6.0000000000e+00   -7.8125000000e-03    0.0000000000e+00    1.0000000000e-08    4.0000000000e+00
   0.1000000   -6.0000000000e+00    7.8125000000e-03    0.0000000000e+00    1.0000000000e-08    4.0000000000e+00    6.0000000000e+00   -7.8125000000e-03    0.0000000000e+00    1.0000000000e-08    4.0000000000e+00
   0.1100000   -6.0000000000e+00    7.8125000000e-03    0.0000000000e+00    1.0000000000e-08    4.0000000000e+00    6.0000000000e+00   -7.8125000000e-03    0.0000000000e+00    1.0000000000e-08    4.0000000000e+00
   0.1200000   -6.0000000000e+00    7.8125000000e-03    0.0000000000e+00    1.0000000000e-08    4.0000000000e+00    6.0000000000e+00   -7.8125000000e-03    0.0000000000e+00    1.0000000000e-08    4.0000000000e+00
   0.1300000   -6.0000000000e+00    7.8125000000e-03    0.0000000000e+00    1.0000000000e-08    4.0000000000e+00    6.0000000000e+00   -7.8125000000e-03    0.0000000000e+00    1.0000000000e-08    4.0000000000e+00
   0.1400000   -6.0000000000e+00    1.5625000000e-02    0.0000000000e+00    1.0000000000e-08    8.0000000000e+00    6.0000000000e+00   -1.5625000000e-02    0.0000000000e+00    1.0000000000e-08    8.0000000000e+00
   0.1500000   -6.0000000000e+00    1.5625000000e-02    0.0000000000e+00    1.0000000000e-08    8.0000000000e+00    6.0000000000e+00   -1.5625000000e-02    0.0000000000e+00    1.0000000000e-08    8.0000000000e+00
   0.1600000   -6.0000000000e+00    1.5625000000e-02    0.0000000000e+00    1.0000000000e-08    8.0000000000e+00    6.0000000000e+00   -1.5625000000e-02    0.0000000000e+00    1.0000000000e-08    8.0000000000e+00
   0.1700000   -6.0000000000e+00    1.5625000000e-02    0.0000000000e+00    1.0000000000e-08    8.0000000000e+00    6.0000000000e+00   -1.5625000000e-02    0.0000000000e+00    1.0000000000e-08    8.0000000000e+00
   0.1800000   -6.0000000000e+00    2.3437500000e-02    0.0000000000e+00    1.0000000000e-08    4.0000000000e+00    6.0000000000e+00   -2.3437500000e-02    0.0000000000e+00    1.0000000000e-08    4.0000000000e+00
   0.1900000   -6.0000000000e+00    2.3437500000e-02    0.0000000000e+00    1.0000000000e-08    4.0000000000e+00    6.0000000000e+00   -2.3437500000e-02    0.0000000000e+00    1.0000000000e-08    4.0000000000e+00
   0.2000000   -6.0000000000e+00    2.3437500000e-02    0.0000000000e+00    1.0000000000e-08    4.0000000000e+00    6.0000000000e+00   -2.3437500000e-02    0.0000000000e+00    1.0000000000e-08    4.0000000000e+00
   0.2100000   -6.0000000000e+00    2.3437500000e-02    0.0000000000e+00    1.0000000000e-08    4.0000000000e+00    6.0000000000e+00   -2.3437500000e-02    0.0000000000e+00    1.0000000000e-08    4.0000000000e+00
   0.2200000   -6.0000000000e+00    2.3437500000e-02    0.0000000000e+00    1.0000000000e-08    4.0000000000e+00    6.0000000000e+00   -2.3437500000e-02    0.0000000000e+00    1.0000000000e-08    4.0000000000e+00
   0.2300000   -6.0000000000e+00    2.3437500000e-02    0.0000000000e+00    1.0000000000e-08    4.0000000000e+00    6.0000000000e+00   -2.3437500000e-02    0.0000000000e+00    1.0000000000e-08    4.0000000000e+00
   0.2400000   -6.0000000000e+00    2.3437500000e-02    0.0000000000e+00    1.0000000000e-08    4.0000000000e+00    6.0000000000e+00   -2.3437500000e-02    0.0000000000e+00    1.0000000000e-08    4.0000000000e+00
   0.2500000   -6.0000000000e+00    2.3437500000e-02    0.0000000000e+00    1.0000000000e-08    4.0000000000e+00    6.0000000000e+00   -2.3437500000e-02    0.0000000000e+00    1.0000000000e-08    4.0000000000e+00
   0.2600000   -6.0000000000e+00    2.3437500000e-02    0.0000000000e+00    1.0000000000e-08    4.0000000000e+00    6.0000000000e+00   -2.3437500000e-02    0.0000000000e+00    1.0000000000e-08    4.0000000000e+00
   0.2700000   -6.0000000000e+00    2.3437500000e-02    0.0000000000e+00    1.0000000000e-08    4.0000000000e+00    6.0000000000e+00   -2.3437500000e-02    0.0000000000e+00    1.0000000000e-08    4.0000000000e+00
   0.2800000   -6.0000000000e+00    2.3437500000e-02    0.0000000000e+00    1.0000000000e-08    4.0000000000e+00    6.0000000000e+00   -2.3437500000e-02    0.0000000000e+00    1.0000000000e-08    4.0000000000e+00
   0.2900000   -6.0000000000e+00    2.3437500000e-02    0.0000000000e+00    1.0000000000e-08    4.0000000000e+00    6.0000000000e+00   -2.3437500000e-02    0.0000000000e+00    1.0000000000e-08    4.0000000000e+00
   0.3000000   -6.0000000000e+00    2.3437500000e-02    0.0000000000e+00    1.0000000000e-08    4.0000000000e+00    6.0000000000e+00   -2.3437500000e-02    0.0000000000e+00    1.0000000000e-08    4.0000000000e+00
   0.3100000   -6.0000000000e+00    2.3437500000e-02    0.0000000000e+00    1.0000000000e-08    4.0000000000e+00    6.0000000000e+00   -2.3437500000e-02    0.0000000000e+00    1.0000000000e-08    4.0000000000e+00
   0.3200000   -6.0000000000e+00    2.3437500000e-02    0.0000000000e+00    1.0000000000e-08    4.0000000000e+00    6.0000000000e+00   -2.3437500000e-02    0.0000000000e+00    1.0000000000e-08    4.0000000000e+00
   0.3300000   -6.0000000000e+00    2.3437500000e-02    0.0000000000e+00    1.0000000000e-08    4.0000000000e+00    6.0000000000e+00   -2.3437500000e-02    0.0000000000e+00    1.0000000000e-08    4.0000000000e+00
   0.3400000   -5.9921875000e+00    2.3437500000e-02    0.0000000000e+00    1.0013909995e-08    2.0000000000e+00    5.9921875000e+00   -2.3437500000e-02    0.0000000000e+00    1.0013918402e-08    2.0000000000e+00
   0.3500000   -6.0000000000e+00    3.9062500000e-02    0.0000000000e+00    1.0000000000e-08    4.0000000000e+00    6.0000000000e+00   -3.9062500000e-02    0.0000000000e+00    1.0000000000e-08    4.0000000000e+00
   0.3600000   -6.0000000000e+00    3.9062500000e-02    0.0000000000e+00    1.0000000000e-08    4.0000000000e+00    6.0000000000e+00   -3.9062500000e-02    0.0000000000e+00    1.0000000000e-08    4.0000000000e+00
   0.3700000   -6.0000000000e+00    3.9062500000e-02    0.0000000000e+00    1.0000000000e-08    4.0000000000e+00    6.0000000000e+00   -3.9062500000e-02    0.0000000000e+00    1.0000000000e-08    4.0000000000e+00
   0.3800000   -6.0000000000e+00    3.9062500000e-02    0.0000000000e+00    1.0000000000e-08    4.0000000000e+00    6.0000000000e+00   -3.9062500000e-02    0.0000000000e+00    1.0000000000e-08    4.0000000000e+00
   0.3900000   -6.0000000000e+00    3.9062500000e-02    0.0000000000e+00    1.0000000000e-08    4.0000000000e+00    6.0000000000e+00   -3.9062500000e-02    0.0000000000e+00    1.0000000000e-08    4.0000000000e+00
   0.4000000   -6.0000000000e+00    3.9062500000e-02    0.0000000000e+00    1.0000000000e-08    4.0000000000e+00    6.0000000000e+00   -3.9062500000e-02    0.0000000000e+00    1.0000000000e-08    4.0000000000e+00
   0.4100000   -6.0000000000e+00    3.9062500000e-02    0.0000000000e+00    1.0000000000e-08    4.0000000000e+00    6.0000000000e+00   -3.9062500000e-02    0.0000000000e+00    1.0000000000e-08    4.0000000000e+00
   0.4200000   -6.0000000000e+00    3.9062500000e-02    0.0000000000e+00    1.0000000000e-08    4.0000000000e+00    6.0000000000e+00   -3.9062500000e-02    0.0000000000e+00    1.0000000000e-08    4.0000000000e+00
   0.4300000   -6.0000000000e+00    3.9062500000e-02    0.0000000000e+00    1.0000000000e-08    4.0000000000e+00    6.0000000000e+00   -3.9062500000e-02    0.0000000000e+00    1.0000000000e-08    4.0000000000e+00
   0.4400000   -6.0000000000e+00    3.9062500000e-02    0.0000000000e+00    1.0000000000e-08    4.0000000000e+00    6.0000000000e+00   -3.9062500000e-02    0.0000000000e+00    1.0000000000e-08    4.0000000000e+00
   0.4500000   -6.0000000000e+00    3.9062500000e-02    0.0000000000e+00    1.0000000000e-08    4.0000000000e+00    6.0000000000e+00   -3.9062500000e-02    0.0000000000e+00    1.0000000000e-08    4.0000000000e+00
   0.4600000   -6.0000000000e+00    3.9062500000e-02    0.0000000000e+00    1.0000000000e-08    4.0000000000e+00    6.0000000000e+00   -3.9062500000e-02    0.0000000000e+00    1.0000000000e-08    4.0000000000e+00
   0.4700000   -5.9921875000e+00    3.9062500000e-02    0.0000000000e+00    1.0001970895e-08    2.0000000000e+00    5.9921875000e+00   -3.9062500000e-02    0.0000000000e+00    1.0001975952e-08    2.0000000000e+00
   0.4800000   -5.9921875000e+00    3.9062500000e-02    0.0000000000e+00    1.0013161727e-08    2.0000000000e+00    5.9921875000e+00   -3.9062500000e-02    0.0000000000e+00    1.0013174449e-08    2.0000000000e+00
   0.4900000   -5.9921875000e+00    3.9062500000e-02    0.0000000000e+00    1.0036462044e-08    2.0000000000e+00    5.9921875000e+00   -3.9062500000e-02    0.0000000000e+00    1.0036482250e-08    2.0000000000e+00
   0.5000000   -5.9921875000e+00    3.9062500000e-02    0.0000000000e+00    1.0075118824e-08    2.0000000000e+00    5.9921875000e+00   -3.9062500000e-02    0.0000000000e+00    1.0075146188e-08    2.0000000000e+00
