# thinned to dt=0.05 from the every-step stream; the last 1 time units are kept whole (the death window)
#       time              L2_Ham              L2_Mom
   0.0000000    2.9899715573e-03    2.8862579891e-06
   0.0500000    3.4028018978e-03    4.2110344937e-06
   0.1000000    3.4027690812e-03    5.6048559318e-06
   0.1500000    3.4027633117e-03    7.0549649594e-06
   0.2000000    3.4027831825e-03    8.4140910074e-06
   0.2500000    3.4028308203e-03    9.6528612556e-06
   0.3000000    3.4029100912e-03    1.0771945302e-05
   0.3500000    3.4030254491e-03    1.1780321475e-05
   0.4000000    3.4031812426e-03    1.2688961173e-05
   0.4500000    3.4033813262e-03    1.3508713848e-05
   0.5000000    3.4036288625e-03    1.4249561713e-05
   0.5500000    3.4039262425e-03    1.4920387600e-05
   0.6000000    3.4042750780e-03    1.5528957513e-05
   0.6500000    3.4046762371e-03    1.6082007799e-05
   0.7000000    3.4051299038e-03    1.6585380403e-05
   0.7500000    3.4056356485e-03    1.7044164795e-05
   0.8000000    3.4061924984e-03    1.7462824056e-05
   0.8500000    3.4067990020e-03    1.7845303697e-05
   0.9000000    3.4074532900e-03    1.8195127477e-05
   0.9500000    3.4081531345e-03    1.8515478056e-05
   1.0000000    3.4088960114e-03    1.8809256925e-05
   1.0500000    3.4096791621e-03    1.9079120501e-05
   1.1000000    3.4104996492e-03    1.9327501269e-05
   1.1500000    3.4113544066e-03    1.9556631635e-05
   1.2000000    3.4122402854e-03    1.9768577624e-05
   1.2500000    3.4131540982e-03    1.9965274155e-05
   1.3000000    3.4140926619e-03    2.0148549794e-05
   1.3500000    3.4150528368e-03    2.0320134428e-05
   1.4000000    3.4160315588e-03    2.0481652595e-05
   1.4500000    3.4170258649e-03    2.0634613550e-05
   1.5000000    3.4180329151e-03    2.0780409195e-05
   1.5500000    3.4190500132e-03    2.0920321495e-05
   1.6000000    3.4200746223e-03    2.1055532514e-05
   1.6500000    3.4211043778e-03    2.1187131481e-05
   1.7000000    3.4221370974e-03    2.1316119926e-05
   1.7500000    3.4231707884e-03    2.1443417780e-05
   1.8000000    3.4242036529e-03    2.1569869699e-05
   1.8500000    3.4252340907e-03    2.1696248657e-05
   1.9000000    3.4262607020e-03    2.1823256384e-05
   1.9500000    3.4272822887e-03    2.1951523923e-05
   2.0000000    3.4282978540e-03    2.2081615469e-05
   2.0500000    3.4293066012e-03    2.2214035059e-05
   2.1000000    3.4303079314e-03    2.2349232706e-05
   2.1500000    3.4313014411e-03    2.2487607541e-05
   2.2000000    3.4322869177e-03    2.2629508914e-05
   2.2500000    3.4332643362e-03    2.2775238144e-05
   2.3000000    3.4342338538e-03    2.2925052037e-05
   2.3500000    3.4351958050e-03    2.3079166983e-05
   2.4000000    3.4361506964e-03    2.3237761802e-05
   2.4500000    3.4370992006e-03    2.3400979118e-05
   2.5000000    3.4380421510e-03    2.3568926649e-05
   2.5500000    3.4389805353e-03    2.3741679562e-05
   2.6000000    3.4399154904e-03    2.3919283580e-05
   2.6500000    3.4408482961e-03    2.4101757578e-05
   2.7000000    3.4417803698e-03    2.4289095023e-05
   2.7500000    3.4427132614e-03    2.4481264879e-05
   2.8000000    3.4436486479e-03    2.4678213146e-05
   2.8500000    3.4445883288e-03    2.4879865580e-05
   2.9000000    3.4455342219e-03    2.5086131042e-05
   2.9500000    3.4464883592e-03    2.5296904306e-05
   3.0000000    3.4474528833e-03    2.5512067743e-05
   3.0500000    3.4484300443e-03    2.5731492170e-05
   3.1000000    3.4494221973e-03    2.5955037755e-05
   3.1500000    3.4504318006e-03    2.6182555530e-05
   3.2000000    3.4514614141e-03    2.6413889405e-05
   3.2500000    3.4525136986e-03    2.6648878186e-05
   3.3000000    3.4535914157e-03    2.6887357228e-05
   3.3500000    3.4546974279e-03    2.7129159758e-05
   3.4000000    3.4558347002e-03    2.7374118148e-05
   3.4500000    3.4570063014e-03    2.7622065209e-05
   3.5000000    3.4582154075e-03    2.7872835320e-05
   3.5500000    3.4594653047e-03    2.8126265215e-05
   3.6000000    3.4607593942e-03    2.8382194568e-05
   3.6500000    3.4621011976e-03    2.8640466706e-05
   3.7000000    3.4634943628e-03    2.8900929503e-05
   3.7500000    3.4649426709e-03    2.9163436223e-05
   3.8000000    3.4664500436e-03    2.9427846006e-05
   3.8500000    3.4680205524e-03    2.9694023941e-05
   3.9000000    3.4696584287e-03    2.9961841029e-05
   3.9500000    3.4713680758e-03    3.0231174328e-05
   4.0000000    3.4731540813e-03    3.0501907266e-05
   4.0500000    3.4750212301e-03    3.0773929866e-05
   4.1000000    3.4769745187e-03    3.1047138631e-05
   4.1500000    3.4790191704e-03    3.1321436147e-05
   4.2000000    3.4811606529e-03    3.1596730760e-05
   4.2500000    3.4834046987e-03    3.1872936605e-05
   4.3000000    3.4857573262e-03    3.2149973889e-05
   4.3500000    3.4882248627e-03    3.2427769071e-05
   4.4000000    3.4908139677e-03    3.2706254658e-05
   4.4500000    3.4935316575e-03    3.2985368729e-05
   4.5000000    3.4963853332e-03    3.3265054552e-05
   4.5500000    3.4993828113e-03    3.3545260497e-05
   4.6000000    3.5025323584e-03    3.3825940125e-05
   4.6500000    3.5058427274e-03    3.4107052113e-05
   4.7000000    3.5093231955e-03    3.4388559795e-05
   4.7500000    3.5129836032e-03    3.4670430426e-05
   4.8000000    3.5168343976e-03    3.4952634518e-05
   4.8500000    3.5208866787e-03    3.5235145544e-05
   4.9000000    3.5251522530e-03    3.5517940020e-05
   4.9500000    3.5296436893e-03    3.5800997759e-05
   5.0000000    3.5343743809e-03    3.6084302048e-05
   5.0500000    3.5393586092e-03    3.6367839625e-05
   5.1000000    3.5446116137e-03    3.6651600460e-05
   5.1500000    3.5501496681e-03    3.6935577421e-05
   5.2000000    3.5559901631e-03    3.7219765865e-05
   5.2500000    3.5621516977e-03    3.7504163244e-05
   5.3000000    3.5686541788e-03    3.7788768784e-05
   5.3500000    3.5755189277e-03    3.8073583334e-05
   5.4000000    3.5827687973e-03    3.8358609401e-05
   5.4500000    3.5904282988e-03    3.8643851320e-05
   5.5000000    3.5985237418e-03    3.8929315406e-05
   5.5500000    3.6070833876e-03    3.9215009923e-05
   5.6000000    3.6161376167e-03    3.9500944889e-05
   5.6500000    3.6257191141e-03    3.9787131814e-05
   5.7000000    3.6358630722e-03    4.0073583541e-05
   5.7500000    3.6466074152e-03    4.0360314262e-05
   5.8000000    3.6579930473e-03    4.0647339720e-05
   5.8500000    3.6700641280e-03    4.0934677436e-05
   5.9000000    3.6828683760e-03    4.1222346801e-05
   5.9500000    3.6964574065e-03    4.1510369035e-05
   6.0000000    3.7108871058e-03    4.1798767094e-05
   6.0500000    3.7262180487e-03    4.2087565632e-05
   6.1000000    3.7425159653e-03    4.2376791082e-05
   6.1500000    3.7598522645e-03    4.2666471859e-05
   6.2000000    3.7783046209e-03    4.2956638610e-05
   6.2500000    3.7979576342e-03    4.3247324497e-05
   6.3000000    3.8189035699e-03    4.3538565492e-05
   6.3500000    3.8412431961e-03    4.3830400720e-05
   6.4000000    3.8650867286e-03    4.4122872836e-05
   6.4500000    3.8905549051e-03    4.4416028413e-05
   6.5000000    3.9177802055e-03    4.4709918311e-05
   6.5500000    3.9469082437e-03    4.5004598097e-05
   6.6000000    3.9780993578e-03    4.5300128632e-05
   6.6500000    4.0115304329e-03    4.5596576923e-05
   6.7000000    4.0473969967e-03    4.5894017256e-05
   6.7500000    4.0859156382e-03    4.6192532554e-05
   6.8000000    4.1273268074e-03    4.6492215888e-05
   6.8500000    4.1718980665e-03    4.6793172207e-05
   6.9000000    4.2199278804e-03    4.7095520410e-05
   6.9500000    4.2717500524e-03    4.7399395919e-05
   7.0000000    4.3277389386e-03    4.7704953883e-05
   7.0500000    4.3883156038e-03    4.8012373141e-05
   7.1000000    4.4539551233e-03    4.8321861141e-05
   7.1500000    4.5251952860e-03    4.8633660036e-05
   7.2000000    4.6026470233e-03    4.8948054264e-05
   7.2500000    4.6870069772e-03    4.9265380022e-05
   7.3000000    4.7790727381e-03    4.9586037152e-05
   7.3500000    4.8797614401e-03    4.9910504199e-05
   7.4000000    4.9901326091e-03    5.0239357645e-05
   7.4500000    5.1114164462e-03    5.0573296737e-05
   7.5000000    5.2450491204e-03    5.0913175853e-05
   7.5500000    5.3927171897e-03    5.1260047115e-05
   7.6000000    5.5564140373e-03    5.1615217052e-05
   7.6500000    5.7385122989e-03    5.1980322711e-05
   7.7000000    5.9418578400e-03    5.2357435090e-05
   7.7500000    6.1698931670e-03    5.2749201469e-05
   7.8000000    6.4268216364e-03    5.3159044101e-05
   7.8500000    6.7178291402e-03    5.3591441995e-05
   7.9000000    7.0493882164e-03    5.4052337532e-05
   7.9500000    7.4296827317e-03    5.4549734494e-05
   8.0000000    7.8692128882e-03    5.5094596401e-05
   8.0500000    8.3816767280e-03    5.5702228033e-05
   8.1000000    8.9852877712e-03    5.6394457021e-05
   8.1500000    9.7048032103e-03    5.7203183476e-05
   8.2000000    1.0574753901e-02    5.8176356193e-05
   8.2500000    1.1644798040e-02    5.9388437914e-05
   8.3000000    1.2989028056e-02    6.0959592186e-05
   8.3500000    1.4723114311e-02    6.3092828440e-05
   8.4000000    1.7038241131e-02    6.6150829208e-05
   8.4500000    2.0274768448e-02    7.0828630398e-05
   8.5000000    2.5103022441e-02    7.8587019649e-05
   8.5500000    3.3051138139e-02    9.2927489537e-05
   8.6000000    4.8522861084e-02    1.2424195960e-04
   8.6500000    9.1571218055e-02    2.2025822226e-04
   8.7000000    8.2087653738e-01    1.9460729588e-03
   8.7500000    1.1805898569e-01    2.9111535764e-04
   8.8000000    5.5195000467e-02    1.4788515561e-04
   8.8500000    3.6106061231e-02    1.0784271677e-04
   8.9000000    2.6896621331e-02    9.0438051947e-05
   8.9500000    2.1486273673e-02    8.1319744644e-05
   9.0000000    1.7934874612e-02    7.6006386516e-05
   9.0500000    1.5431183425e-02    7.2691227649e-05
   9.1000000    1.3576047019e-02    7.0526286810e-05
   9.1500000    1.2150225203e-02    6.9070066105e-05
   9.2000000    1.1023292947e-02    6.8074328397e-05
   9.2500000    1.0112806409e-02    6.7390866064e-05
   9.3000000    9.3641020614e-03    6.6926799475e-05
   9.3500000    8.7395103986e-03    6.6621543492e-05
   9.4000000    8.2122343141e-03    6.6434225397e-05
   9.4500000    7.7626969382e-03    6.6336469859e-05
   9.5000000    7.3762700078e-03    6.6308087557e-05
   9.5500000    7.0418101032e-03    6.6334405992e-05
   9.6000000    6.7506864021e-03    6.6404565251e-05
   9.6500000    6.4961176911e-03    6.6510400065e-05
   9.7000000    6.2727097503e-03    6.6645688768e-05
   9.7500000    6.0761259633e-03    6.6805637984e-05
   9.8000000    5.9028485720e-03    6.6986522420e-05
   9.8500000    5.7500028994e-03    6.7185428984e-05
   9.9000000    5.6152261486e-03    6.7400072478e-05
   9.9500000    5.4965683162e-03    6.7628661370e-05
  10.0000000    5.3924166279e-03    6.7869799242e-05
  10.0500000    5.3014374808e-03    6.8122412126e-05
  10.1000000    5.2225316280e-03    6.8385695025e-05
  10.1500000    5.1547995504e-03    6.8659072958e-05
  10.2000000    5.0975148157e-03    6.8942173343e-05
  10.2500000    5.0501038359e-03    6.9234807536e-05
  10.3000000    5.0121308895e-03    6.9536960133e-05
  10.3500000    4.9832876173e-03    6.9848785246e-05
  10.4000000    4.9633864751e-03    7.0170609490e-05
  10.4500000    4.9523578526e-03    7.0502820187e-05
  10.5000000    4.9502507763e-03    7.0845918908e-05
  10.5500000    4.9572373134e-03    7.1201412194e-05
  10.6000000    4.9736210169e-03    7.1570405078e-05
  10.6500000    4.9998499905e-03    7.1954308946e-05
  10.7000000    5.0365354824e-03    7.2354943728e-05
  10.7500000    5.0844773172e-03    7.2774639238e-05
  10.8000000    5.1446980389e-03    7.3216368267e-05
  10.8500000    5.2184884262e-03    7.3683896743e-05
  10.9000000    5.3074681684e-03    7.4181969790e-05
  10.9500000    5.4136671557e-03    7.4716596054e-05
  11.0000000    5.5396353322e-03    7.5295482439e-05
  11.0500000    5.6885928873e-03    7.5928655871e-05
  11.1000000    5.8646385731e-03    7.6629340742e-05
  11.1500000    6.0730436069e-03    7.7415233296e-05
  11.2000000    6.3206746195e-03    7.8310412673e-05
  11.2500000    6.6166164082e-03    7.9348279929e-05
  11.3000000    6.9731134730e-03    8.0576189191e-05
  11.3500000    7.4070379252e-03    8.2062956200e-05
  11.4000000    7.9422618432e-03    8.3911469459e-05
  11.4500000    8.6136581534e-03    8.6280768810e-05
  11.5000000    9.4742023849e-03    8.9426608197e-05
  11.5500000    1.0608394893e-02    9.3780422400e-05
  11.6000000    1.2159709369e-02    1.0011456318e-04
  11.6500000    1.4392775461e-02    1.0992215182e-04
  11.7000000    1.7855282708e-02    1.2641164261e-04
  11.7500000    2.3894245634e-02    1.5767174823e-04
  11.8000000    3.6951144016e-02    2.3066767705e-04
  11.8500000    8.5433277520e-02    5.1808287722e-04
  11.9000000    2.4151076588e-01    1.4751505602e-03
  11.9500000    4.9079215607e-02    3.1376095093e-04
  12.0000000    2.7112650520e-02    1.8723402341e-04
  12.0500000    1.8679820575e-02    1.4214375829e-04
  12.1000000    1.4248280265e-02    1.2051148992e-04
  12.1500000    1.1536406766e-02    1.0852024484e-04
  12.2000000    9.7207967271e-03    1.0126468018e-04
  12.2500000    8.4318128778e-03    9.6607592106e-05
  12.3000000    7.4788810741e-03    9.3491404193e-05
  12.3500000    6.7538129865e-03    9.1344175525e-05
  12.4000000    6.1906794910e-03    8.9835223356e-05
  12.4500000    5.7470753373e-03    8.8762984110e-05
  12.5000000    5.3945607403e-03    8.7999181450e-05
  12.5500000    5.1134355955e-03    8.7459186275e-05
  12.6000000    4.8897202847e-03    8.7085435107e-05
  12.6500000    4.7133321359e-03    8.6837737891e-05
  12.7000000    4.5769446028e-03    8.6687397389e-05
  12.7500000    4.4752547269e-03    8.6613525114e-05
  12.8000000    4.4045056198e-03    8.6600667869e-05
  12.8500000    4.3621755702e-03    8.6637240292e-05
  12.9000000    4.3467818646e-03    8.6714466648e-05
  12.9500000    4.3577690739e-03    8.6825653077e-05
  13.0000000    4.3954653833e-03    8.6965680784e-05
  13.0500000    4.4611003761e-03    8.7130652075e-05
  13.1000000    4.5568859444e-03    8.7317646814e-05
  13.1500000    4.6861705441e-03    8.7524563910e-05
  13.2000000    4.8536877642e-03    8.7750035530e-05
  13.2500000    5.0659358024e-03    8.7993413954e-05
  13.3000000    5.3317492985e-03    8.8254845968e-05
  13.3500000    5.6631670456e-03    8.8535472963e-05
  13.4000000    6.0767738581e-03    8.8837837143e-05
  13.4500000    6.5958341265e-03    8.9166658920e-05
  13.5000000    7.2538074143e-03    8.9530331747e-05
  13.5500000    8.1004028566e-03    8.9943796616e-05
  13.6000000    9.2125883885e-03    9.0435064577e-05
  13.6500000    1.0716013504e-02    9.1059143639e-05
  13.7000000    1.2830461536e-02    9.1933048925e-05
  13.7500000    1.5977967172e-02    9.3334867213e-05
  13.8000000    2.1084396947e-02    9.6035871714e-05
  13.8500000    3.0649854331e-02    1.0273567488e-04
  13.9000000    5.4563430583e-02    1.2746415493e-04
  13.9500000    2.1454887951e-01    3.8047953577e-04
  14.0000000    1.2106727597e-01    2.3977933481e-04
  14.0500000    4.9162666705e-02    1.3314879612e-04
  14.1000000    3.1741734811e-02    1.1390366756e-04
  14.1500000    2.3986798235e-02    1.0732314333e-04
  14.2000000    1.9665905553e-02    1.0448940852e-04
  14.2500000    1.6964065620e-02    1.0318438780e-04
  14.3000000    1.5160870068e-02    1.0264224256e-04
  14.3500000    1.3915333723e-02    1.0254277257e-04
  14.4000000    1.3047221543e-02    1.0273605791e-04
  14.4500000    1.2454669450e-02    1.0314895236e-04
  14.5000000    1.2078618769e-02    1.0374875662e-04
  14.5500000    1.1886129049e-02    1.0452846885e-04
  14.6000000    1.1862437743e-02    1.0550194391e-04
  14.6500000    1.2007803992e-02    1.0670524078e-04
  14.7000000    1.2337759034e-02    1.0820405849e-04
  14.7500000    1.2886912009e-02    1.1011023877e-04
  14.8000000    1.3718116265e-02    1.1261542880e-04
  14.8500000    1.4941949254e-02    1.1606194672e-04
  14.9000000    1.6759487443e-02    1.2110378816e-04
  14.9500000    1.9565978310e-02    1.2911525488e-04
  15.0000000    2.4245017421e-02    1.4340272376e-04
  15.0500000    3.3238084678e-02    1.7375450090e-04
  15.1000000    5.6633670734e-02    2.6268474321e-04
  15.1500000    2.4936423295e-01    1.0753346607e-03
  15.2000000    9.2794471155e-02    4.1187857230e-04
  15.2500000    3.7606422158e-02    1.9165029921e-04
  15.3000000    2.3101488693e-02    1.4330475611e-04
  15.3500000    1.6479086594e-02    1.2565238541e-04
  15.4000000    1.2728335502e-02    1.1776156051e-04
  15.4500000    1.0341871683e-02    1.1383121904e-04
  15.5000000    8.7094853102e-03    1.1176574198e-04
  15.5500000    7.5371020615e-03    1.1067468202e-04
  15.6000000    6.6655079087e-03    1.1013359410e-04
  15.6500000    6.0009750380e-03    1.0992181884e-04
  15.7000000    5.4847265034e-03    1.0991660043e-04
  15.7500000    5.0780425008e-03    1.1004586800e-04
  15.8000000    4.7543983780e-03    1.1026544064e-04
  15.8500000    4.4950441798e-03    1.1054728555e-04
  15.9000000    4.2863867500e-03    1.1087313311e-04
  15.9500000    4.1183698721e-03    1.1123083974e-04
  16.0000000    3.9834333470e-03    1.1161223058e-04
  16.0500000    3.8758215653e-03    1.1201177433e-04
  16.1000000    3.7911105069e-03    1.1242574363e-04
  16.1500000    3.7258754473e-03    1.1285166660e-04
  16.2000000    3.6774516974e-03    1.1328795638e-04
  16.2500000    3.6437581995e-03    1.1373365187e-04
  16.3000000    3.6231642945e-03    1.1418823123e-04
  16.3500000    3.6143864429e-03    1.1465147653e-04
  16.4000000    3.6164057691e-03    1.1512337700e-04
  16.4500000    3.6283999605e-03    1.1560406110e-04
  16.5000000    3.6496848429e-03    1.1609374762e-04
  16.5500000    3.6796622276e-03    1.1659270760e-04
  16.6000000    3.7177715993e-03    1.1710123295e-04
  16.6500000    3.7634440508e-03    1.1761961174e-04
  16.7000000    3.8160576767e-03    1.1814811217e-04
  16.7500000    3.8748944957e-03    1.1868697396e-04
  16.8000000    3.9390999246e-03    1.1923640058e-04
  16.8500000    4.0076468705e-03    1.1979654373e-04
  16.9000000    4.0793075954e-03    1.2036747569e-04
  16.9500000    4.1526374949e-03    1.2094915222e-04
  17.0000000    4.2259756085e-03    1.2154137272e-04
  17.0500000    4.2974667230e-03    1.2214374416e-04
  17.1000000    4.3651089983e-03    1.2275565154e-04
  17.1500000    4.4268288428e-03    1.2337623704e-04
  17.2000000    4.4805812422e-03    1.2400439265e-04
  17.2500000    4.5244692080e-03    1.2463877217e-04
  17.3000000    4.5568712434e-03    1.2527782233e-04
  17.3500000    4.5765618916e-03    1.2591982450e-04
  17.4000000    4.5828088203e-03    1.2656293188e-04
  17.4500000    4.5754314732e-03    1.2720518727e-04
  17.5000000    4.5548112918e-03    1.2784451321e-04
  17.5500000    4.5218510087e-03    1.2847867681e-04
  17.6000000    4.4778888240e-03    1.2910524411e-04
  17.6500000    4.4245803182e-03    1.2972086302e-04
  17.7000000    4.3637651433e-03    1.3032369572e-04
  17.7500000    4.2973359351e-03    1.3091047197e-04
  17.8000000    4.2271242794e-03    1.3147786646e-04
  17.8500000    4.1548135493e-03    1.3202266390e-04
  17.9000000    4.0818828102e-03    1.3254190313e-04
  17.9500000    4.0095808719e-03    1.3303305397e-04
  18.0000000    3.9389258383e-03    1.3349419610e-04
  18.0500000    3.8707234599e-03    1.3392416932e-04
  18.1000000    3.8055971071e-03    1.3432268632e-04
  18.1500000    3.7440228570e-03    1.3469040608e-04
  18.2000000    3.6863645518e-03    1.3502896365e-04
  18.2500000    3.6329053026e-03    1.3534095503e-04
  18.3000000    3.5838734610e-03    1.3562988192e-04
  18.3500000    3.5394623600e-03    1.3590006319e-04
  18.4000000    3.4998440612e-03    1.3615651925e-04
  18.4500000    3.4651779329e-03    1.3640483360e-04
  18.5000000    3.4356151634e-03    1.3665099483e-04
  18.5500000    3.4113003710e-03    1.3690122658e-04
  18.6000000    3.3923713629e-03    1.3716181959e-04
  18.6500000    3.3789579081e-03    1.3743897842e-04
  18.7000000    3.3711801527e-03    1.3773868519e-04
  18.7500000    3.3691470904e-03    1.3806657904e-04
  18.8000000    3.3729553019e-03    1.3842785531e-04
  18.8500000    3.3826880071e-03    1.3882719138e-04
  18.9000000    3.3984143007e-03    1.3926870060e-04
  18.9500000    3.4201882271e-03    1.3975590827e-04
  19.0000000    3.4480470921e-03    1.4029174466e-04
  19.0500000    3.4820080942e-03    1.4087855192e-04
  19.1000000    3.5220619917e-03    1.4151809683e-04
  19.1500000    3.5681620871e-03    1.4221157088e-04
  19.2000000    3.6202063605e-03    1.4295955409e-04
  19.2500000    3.6780102293e-03    1.4376192028e-04
  19.3000000    3.7412674123e-03    1.4461765877e-04
  19.3500000    3.8094970512e-03    1.4552457905e-04
  19.4000000    3.8819770020e-03    1.4647887128e-04
  19.4500000    3.9576664031e-03    1.4747452936e-04
  19.5000000    4.0351254962e-03    1.4850268803e-04
  19.5500000    4.1124469814e-03    1.4955096158e-04
  19.6000000    4.1872198996e-03    1.5060291686e-04
  19.6500000    4.2565519489e-03    1.5163789460e-04
  19.7000000    4.3171759668e-03    1.5263146783e-04
  19.7500000    4.3656575353e-03    1.5355679401e-04
  19.8000000    4.3987013177e-03    1.5438692010e-04
  19.8500000    4.4135257861e-03    1.5509780903e-04
  19.9000000    4.4082468227e-03    1.5567159653e-04
  19.9500000    4.3821920135e-03    1.5609942160e-04
  20.0000000    4.3360705466e-03    1.5638313117e-04
  20.0500000    4.2719524426e-03    1.5653533448e-04
  20.1000000    4.1930575972e-03    1.5657774495e-04
  20.1500000    4.1034026215e-03    1.5653830989e-04
  20.2000000    4.0073838940e-03    1.5644792519e-04
  20.2500000    3.9093794729e-03    1.5633743762e-04
  20.3000000    3.8134336250e-03    1.5623535920e-04
  20.3500000    3.7230570696e-03    1.5616646061e-04
  20.4000000    3.6411461550e-03    1.5615118416e-04
  20.4500000    3.5700033116e-03    1.5620565177e-04
  20.5000000    3.5114316469e-03    1.5634200622e-04
  20.5500000    3.4668765321e-03    1.5656887552e-04
  20.6000000    3.4375927453e-03    1.5689183331e-04
  20.6500000    3.4248236474e-03    1.5731382201e-04
  20.7000000    3.4299865413e-03    1.5783557299e-04
  20.7500000    3.4548644946e-03    1.5845608136e-04
  20.8000000    3.5018089119e-03    1.5917320014e-04
  20.8500000    3.5739586588e-03    1.5998443295e-04
  20.9000000    3.6754799625e-03    1.6088800882e-04
  20.9500000    3.8118252961e-03    1.6188431385e-04
  21.0000000    3.9899962234e-03    1.6297776994e-04
  21.0500000    4.2187694529e-03    1.6417928492e-04
  21.1000000    4.5087974276e-03    1.6550935915e-04
  21.1500000    4.8724077520e-03    1.6700168857e-04
  21.2000000    5.3227735712e-03    1.6870647786e-04
  21.2500000    5.8718820662e-03    1.7069124371e-04
  21.3000000    6.5264045400e-03    1.7303391985e-04
  21.3500000    7.2803599377e-03    1.7579839639e-04
  21.4000000    8.1040172133e-03    1.7897946180e-04
  21.4500000    8.9311715193e-03    1.8241372950e-04
  21.5000000    9.6529729026e-03    1.8569489584e-04
  21.5500000    1.0132895572e-02    1.8819753534e-04
  21.6000000    1.0252203986e-02    1.8930821968e-04
  21.6500000    9.9680730124e-03    1.8878791903e-04
  21.7000000    9.3399933470e-03    1.8695299165e-04
  21.7500000    8.4992138202e-03    1.8448026203e-04
  21.8000000    7.5882445928e-03    1.8203160717e-04
  21.8500000    6.7156946056e-03    1.8001782310e-04
  21.9000000    5.9435155788e-03    1.7858679428e-04
  21.9500000    5.2956704956e-03    1.7772252256e-04
  22.0000000    4.7726042383e-03    1.7734246365e-04
  22.0500000    4.3632243808e-03    1.7735460591e-04
  22.1000000    4.0525783346e-03    1.7768050803e-04
  22.1500000    3.8261113850e-03    1.7825989020e-04
  22.2000000    3.6718239119e-03    1.7904794482e-04
  22.2500000    3.5813502638e-03    1.8001102753e-04
  22.3000000    3.5506444027e-03    1.8112299155e-04
  22.3500000    3.5807608913e-03    1.8236280857e-04
  22.4000000    3.6791835474e-03    1.8371355893e-04
  22.4500000    3.8623049334e-03    1.8516256441e-04
  22.5000000    4.1601330680e-03    1.8670484766e-04
  22.5500000    4.6255291972e-03    1.8834780212e-04
  22.6000000    5.3536115201e-03    1.9012610028e-04
  22.6500000    6.5270651601e-03    1.9214121449e-04
  22.7000000    8.5392284769e-03    1.9469122220e-04
  22.7500000    1.2412212162e-02    1.9883030182e-04
  22.8000000    2.1873827206e-02    2.1017070964e-04
  22.8500000    6.9580120548e-02    3.1328055944e-04
  22.9000000    8.2108946588e-02    3.4769176783e-04
  22.9500000    3.0149502950e-02    2.2627342336e-04
  23.0000000    2.0742392669e-02    2.1537673794e-04
  23.0500000    1.7506055659e-02    2.1475987649e-04
  23.1000000    1.6731232713e-02    2.1816072164e-04
  23.1500000    1.7872244005e-02    2.2633475326e-04
  23.2000000    2.2031198987e-02    2.4638834384e-04
  23.2500000    3.6036631839e-02    3.2079095709e-04
  23.3000000    3.5624277452e-01    2.5765776042e-03
  23.3500000    3.4167735355e-02    3.2188227989e-04
  23.4000000    1.4810536459e-02    2.3044432968e-04
  23.4500000    9.1014288139e-03    2.1489755190e-04
  23.5000000    6.5298791208e-03    2.1114198814e-04
  23.5500000    5.1649250599e-03    2.1067619497e-04
  23.6000000    4.3863352753e-03    2.1148483898e-04
  23.6500000    3.9363378572e-03    2.1292148968e-04
  23.7000000    3.6932757358e-03    2.1473708595e-04
  23.7500000    3.5996292935e-03    2.1682688806e-04
  23.8000000    3.6364336985e-03    2.1915298903e-04
  23.8500000    3.8175087335e-03    2.2172423377e-04
  23.9000000    4.1996445415e-03    2.2461012952e-04
  23.9500000    4.9214927910e-03    2.2800809417e-04
  24.0000000    6.3305659659e-03    2.3249733912e-04
  24.0500000    9.5155953259e-03    2.4031996086e-04
  24.1000000    2.0385173691e-02    2.6860053573e-04
  24.1500000    1.9780252795e-01    1.0788278420e-03
  24.2000000    1.8803327461e-02    2.4563791841e-04
  24.2500000    1.0736732608e-02    2.3888170049e-04
  24.3000000    8.0388514274e-03    2.4033912584e-04
  24.3500000    6.7853522098e-03    2.4298532951e-04
  24.4000000    6.1424594989e-03    2.4606471184e-04
  24.4500000    5.8381466186e-03    2.4950463856e-04
  24.5000000    5.7757938229e-03    2.5342149271e-04
  24.5500000    5.9441360296e-03    2.5809881929e-04
  24.6000000    6.4107461903e-03    2.6416050456e-04
  24.6500000    7.3894777206e-03    2.7321828848e-04
  24.7000000    9.5418938872e-03    2.9080333013e-04
  24.7500000    1.5872995552e-02    3.4873686073e-04
  24.8000000    1.0459419475e-01    1.5633595700e-03
  24.8500000    1.8775781115e-02    3.8477551028e-04
  24.9000000    8.3675506225e-03    2.9891642239e-04
  24.9500000    5.5281847222e-03    2.8915269198e-04
  25.0000000    4.3399105741e-03    2.9003081264e-04
  25.0500000    3.7743457271e-03    2.9399203427e-04
  25.1000000    3.5146200697e-03    2.9934990875e-04
  25.1500000    3.4449610159e-03    3.0561877536e-04
  25.2000000    3.5361946877e-03    3.1269549468e-04
  25.2500000    3.8237993673e-03    3.2070971747e-04
  25.3000000    4.4412030455e-03    3.3016484313e-04
  25.3500000    5.7784982286e-03    3.4278067286e-04
  25.4000000    9.3075074779e-03    3.6715109751e-04
  25.4500000    2.8664202717e-02    5.3377954707e-04
  25.5000000    2.8075832289e-02    5.0273642721e-04
  25.5500000    1.0323245856e-02    3.8289560982e-04
  25.6000000    6.8589638590e-03    3.8113737988e-04
  25.6500000    5.4746870958e-03    3.8848704759e-04
  25.7000000    4.7803598330e-03    3.9816951609e-04
  25.7500000    4.4000597544e-03    4.0894108751e-04
  25.8000000    4.1950719129e-03    4.2046711751e-04
  25.8500000    4.1081858364e-03    4.3265929670e-04
  25.9000000    4.1199092498e-03    4.4553845318e-04
  25.9500000    4.2367710674e-03    4.5922690367e-04
  26.0000000    4.4964186918e-03    4.7403060459e-04
  26.0500000    4.9968879357e-03    4.9072991013e-04
  26.1000000    6.0006162398e-03    5.1171194120e-04
  26.1500000    8.4114591134e-03    5.4741445022e-04
  26.2000000    1.8301866504e-02    7.0234327333e-04
  26.2500000    4.1328019506e-02    1.1909454379e-03
  26.3000000    9.2040212035e-03    5.9326677465e-04
  26.3500000    5.3954362115e-03    5.7620415950e-04
  26.4000000    4.0869912919e-03    5.8409869013e-04
  26.4500000    3.5108940834e-03    5.9680390110e-04
  26.5000000    3.2398261323e-03    6.1107226064e-04
  26.5500000    3.1281955867e-03    6.2604337278e-04
  26.6000000    3.1239259854e-03    6.4143847446e-04
  26.6500000    3.2202927914e-03    6.5719421715e-04
  26.7000000    3.4497104362e-03    6.7340153695e-04
  26.7500000    3.9097721269e-03    6.9041670389e-04
  26.8000000    4.8677033459e-03    7.0943094064e-04
  26.8500000    7.2412349464e-03    7.3593402885e-04
  26.9000000    1.7178811490e-02    8.3195925966e-04
  26.9500000    4.1551857688e-02    1.1751871255e-03
  27.0000000    1.0215163286e-02    7.9024120910e-04
  27.0500000    6.3556126417e-03    7.8756059266e-04
  27.1000000    4.9517664250e-03    7.9916243800e-04
  27.1500000    4.2730066292e-03    8.1362939687e-04
  27.2000000    3.9006214874e-03    8.2913328176e-04
  27.2500000    3.6864993788e-03    8.4520477197e-04
  27.3000000    3.5679430319e-03    8.6170915694e-04
  27.3500000    3.5170259347e-03    8.7862929568e-04
  27.4000000    3.5237839678e-03    8.9600923119e-04
  27.4500000    3.5912873413e-03    9.1394860791e-04
  27.5000000    3.7376067524e-03    9.3263386498e-04
  27.5500000    4.0068936603e-03    9.5244129363e-04
  27.6000000    4.5034528148e-03    9.7427231011e-04
  27.6500000    5.5096837624e-03    1.0009302258e-03
  27.7000000    8.0662943596e-03    1.0459734743e-03
  27.7500000    2.1007582162e-02    1.3064559948e-03
  27.8000000    2.3398430830e-02    1.3712576843e-03
  27.8500000    7.4873883144e-03    1.0941984223e-03
  27.9000000    4.7560273168e-03    1.0931300942e-03
  27.9500000    3.7517696149e-03    1.1094986961e-03
  28.0000000    3.2862253835e-03    1.1299670286e-03
  28.0500000    3.0460565474e-03    1.1521575824e-03
  28.1000000    2.9175877113e-03    1.1754004616e-03
  28.1500000    2.8527167002e-03    1.1994511979e-03
  28.2000000    2.8298830182e-03    1.2242024124e-03
  28.2500000    2.8403844475e-03    1.2495987174e-03
  28.3000000    2.8834654066e-03    1.2756072218e-03
  28.3500000    2.9654518780e-03    1.3022071922e-03
  28.4000000    3.1020335636e-03    1.3293886277e-03
  28.4500000    3.3252776352e-03    1.3571605047e-03
  28.5000000    3.7014884571e-03    1.3855813416e-03
  28.5500000    4.3809311340e-03    1.4148724815e-03
  28.6000000    5.7695482074e-03    1.4459588269e-03
  28.6500000    9.4185343932e-03    1.4847381070e-03
  28.7000000    3.1500274866e-02    1.6838956208e-03
  28.7500000    2.3884962387e-02    1.6689767758e-03
  28.8000000    9.3330718589e-03    1.5893524575e-03
  28.8500000    6.2416169665e-03    1.6078261775e-03
  28.9000000    4.9787175010e-03    1.6353046452e-03
  28.9500000    4.3330957868e-03    1.6653419212e-03
  29.0000000    3.9659085195e-03    1.6965423130e-03
  29.0500000    3.7478255810e-03    1.7284408266e-03
  29.1000000    3.6209680341e-03    1.7608402009e-03
  29.1500000    3.5577543496e-03    1.7936455971e-03
  29.2000000    3.5461640071e-03    1.8268138934e-03
  29.2500000    3.5844424825e-03    1.8603401664e-03
  29.3000000    3.6805473262e-03    1.8942642291e-03
  29.3500000    3.8559628162e-03    1.9287016962e-03
  29.4000000    4.1573452057e-03    1.9639318031e-03
  29.4500000    4.6890361061e-03    2.0006655506e-03
  29.5000000    5.7187985497e-03    2.0410721441e-03
  29.5500000    8.1517748650e-03    2.0946667095e-03
  29.6000000    1.7918691294e-02    2.2629620392e-03
  29.6500000    4.5301404817e-02    2.9552278741e-03
  29.7000000    9.8231476306e-03    2.1916636607e-03
  29.7500000    5.7877479175e-03    2.1981267182e-03
  29.8000000    4.3688203688e-03    2.2261559221e-03
  29.8500000    3.7058316330e-03    2.2578555378e-03
  29.9000000    3.3506805687e-03    2.2905536469e-03
  29.9500000    3.1444642278e-03    2.3235655206e-03
  30.0000000    3.0187303263e-03    2.3566578626e-03
  30.0500000    2.9402673012e-03    2.3897353976e-03
  30.1000000    2.8915967686e-03    2.4227542597e-03
  30.1500000    2.8629747558e-03    2.4556929631e-03
  30.2000000    2.8487610458e-03    2.4885413580e-03
  30.2500000    2.8456453547e-03    2.5212961830e-03
  30.3000000    2.8517342826e-03    2.5539593646e-03
  30.3500000    2.8660680881e-03    2.5865376446e-03
  30.4000000    2.8883688984e-03    2.6190430443e-03
  30.4500000    2.9189259963e-03    2.6514941703e-03
  30.5000000    2.9585746244e-03    2.6839183316e-03
  30.5500000    3.0087529283e-03    2.7163548710e-03
  30.6000000    3.0716411580e-03    2.7488604142e-03
  30.6500000    3.1504059334e-03    2.7815171294e-03
  30.7000000    3.2495968531e-03    2.8144459411e-03
  30.7500000    3.3757826107e-03    2.8478286299e-03
  30.8000000    3.5385841072e-03    2.8819457363e-03
  30.8500000    3.7524003143e-03    2.9172448723e-03
  30.9000000    4.0394118927e-03    2.9544711621e-03
  30.9500000    4.4350973397e-03    2.9949325768e-03
  31.0000000    4.9991107299e-03    3.0410866015e-03
  31.0500000    5.8388486282e-03    3.0979816891e-03
  31.1000000    7.1674133410e-03    3.1773283256e-03
  31.1500000    9.4740921557e-03    3.3114572022e-03
  31.2000000    1.4185620711e-02    3.6174829510e-03
  31.2500000    2.7989085600e-02    4.7951531394e-03
  31.3000000    3.7669086933e-01    4.7512885186e-02
  31.3500000    3.6326206957e-02    5.3875050227e-03
  31.4000000    1.8529645838e-02    3.8186101828e-03
  31.4500000    1.3126503900e-02    3.5034526329e-03
  31.5000000    1.0638694366e-02    3.4057165421e-03
  31.5500000    9.3078459390e-03    3.3736596375e-03
  31.6000000    8.5751882633e-03    3.3680115830e-03
  31.6500000    8.2201607323e-03    3.3752800141e-03
  31.7000000    8.1560753010e-03    3.3901496373e-03
  31.7500000    8.3712978600e-03    3.4107082230e-03
  31.8000000    8.9230516627e-03    3.4371703495e-03
  31.8500000    9.9761065512e-03    3.4723711440e-03
  31.9000000    1.1943914798e-02    3.5253697503e-03
  31.9500000    1.6039846773e-02    3.6289683256e-03
  32.0000000    2.7680387791e-02    3.9805301868e-03
  32.0500000    1.8245787220e-01    1.2818662427e-02
  32.1000000    3.4899633115e-02    4.0811883066e-03
  32.1500000    1.5433796561e-02    3.5917496858e-03
  32.2000000    9.8909099803e-03    3.5431076414e-03
  32.2500000    7.3657478276e-03    3.5453505969e-03
  32.3000000    5.9757880781e-03    3.5600758434e-03
  32.3500000    5.1281642449e-03    3.5792987487e-03
  32.4000000    4.5768295000e-03    3.6007118037e-03
  32.4500000    4.2017990421e-03    3.6235298495e-03
  32.5000000    3.9381362242e-03    3.6474731558e-03
  32.5500000    3.7480854661e-03    3.6724542400e-03
  32.6000000    3.6085211553e-03    3.6984652191e-03
  32.6500000    3.5047016892e-03    3.7255326427e-03
  32.7000000    3.4269230609e-03    3.7536980045e-03
  32.7500000    3.3686230277e-03    3.7830090111e-03
  32.8000000    3.3252594421e-03    3.8135156874e-03
  32.8500000    3.2936230737e-03    3.8452687770e-03
  32.9000000    3.2714042645e-03    3.8783192295e-03
  32.9500000    3.2569128164e-03    3.9127182344e-03
  33.0000000    3.2488929636e-03    3.9485174885e-03
  33.0500000    3.2463987570e-03    3.9857695702e-03
  33.1000000    3.2487086315e-03    4.0245282797e-03
  33.1500000    3.2552658614e-03    4.0648489402e-03
  33.2000000    3.2656364038e-03    4.1067886426e-03
  33.2500000    3.2794786086e-03    4.1504064267e-03
  33.3000000    3.2965211327e-03    4.1957633791e-03
  33.3500000    3.3165466004e-03    4.2429226293e-03
  33.4000000    3.3393793272e-03    4.2919492907e-03
  33.4500000    3.3648759491e-03    4.3429103489e-03
  33.5000000    3.3929181530e-03    4.3958745127e-03
  33.5500000    3.4234069345e-03    4.4509120333e-03
  33.6000000    3.4562579699e-03    4.5080944971e-03
  33.6500000    3.4913978081e-03    4.5674946343e-03
  33.7000000    3.5287606693e-03    4.6291860987e-03
  33.7500000    3.5682857047e-03    4.6932432408e-03
  33.8000000    3.6099146215e-03    4.7597409099e-03
  33.8500000    3.6535895965e-03    4.8287542493e-03
  33.9000000    3.6992514231e-03    4.9003585731e-03
  33.9500000    3.7468378486e-03    4.9746293480e-03
  34.0000000    3.7962820812e-03    5.0516422870e-03
  34.0500000    3.8475114696e-03    5.1314735613e-03
  34.1000000    3.9004463735e-03    5.2142001982e-03
  34.1500000    3.9549992501e-03    5.2999007060e-03
  34.2000000    4.0110739658e-03    5.3886559277e-03
  34.2500000    4.0685653545e-03    5.4805501646e-03
  34.3000000    4.1273590606e-03    5.5756726455e-03
  34.3500000    4.1873317233e-03    5.6741193282e-03
  34.4000000    4.2483515910e-03    5.7759951962e-03
  34.4500000    4.3102796550e-03    5.8814170881e-03
  34.5000000    4.3729713844e-03    5.9905170885e-03
  34.5500000    4.4362791394e-03    6.1034466041e-03
  34.6000000    4.5000553384e-03    6.2203811800e-03
  34.6500000    4.5641564578e-03    6.3415261093e-03
  34.7000000    4.6284479351e-03    6.4671228634e-03
  34.7500000    4.6928100439e-03    6.5974563906e-03
  34.8000000    4.7571447835e-03    6.7328633613e-03
  34.8500000    4.8213838152e-03    6.8737413331e-03
  34.9000000    4.8854974799e-03    7.0205589433e-03
  34.9500000    4.9495049177e-03    7.1738670931e-03
  35.0000000    5.0134852818e-03    7.3343111386e-03
  35.0500000    5.0775899795e-03    7.5026442201e-03
  35.1000000    5.1420558731e-03    7.6797418755e-03
  35.1500000    5.2072193642e-03    7.8666180504e-03
  35.2000000    5.2735313618e-03    8.0644426483e-03
  35.2500000    5.3415732048e-03    8.2745610395e-03
  35.3000000    5.4120736465e-03    8.4985160593e-03
  35.3500000    5.4859270601e-03    8.7380732306e-03
  35.4000000    5.5642131162e-03    8.9952506082e-03
  35.4500000    5.6482183181e-03    9.2723546286e-03
  35.5000000    5.7394600462e-03    9.5720237434e-03
  35.5500000    5.8397140694e-03    9.8972819752e-03
  35.6000000    5.9510468772e-03    1.0251605210e-02
  35.6500000    6.0758547041e-03    1.0639004086e-02
  35.7000000    6.2169118517e-03    1.1064129218e-02
  35.7500000    6.3774319499e-03    1.1532406261e-02
  35.8000000    6.5611472072e-03    1.2050210990e-02
  35.8500000    6.7724125543e-03    1.2625097581e-02
  35.9000000    7.0163442930e-03    1.3266098475e-02
  35.9500000    7.2990068282e-03    1.3984121678e-02
  36.0000000    7.6276671725e-03    1.4792483465e-02
  36.0500000    8.0111462298e-03    1.5707632844e-02
  36.1000000    8.4603104258e-03    1.6750153175e-02
  36.1500000    8.9887703592e-03    1.7946172291e-02
  36.2000000    9.6138914138e-03    1.9329388572e-02
  36.2500000    1.0358286518e-02    2.0944050586e-02
  36.3000000    1.1252076728e-02    2.2849457595e-02
  36.3500000    1.2336417677e-02    2.5126971039e-02
  36.4000000    1.3669198457e-02    2.7891339520e-02
  36.4500000    1.5334648634e-02    3.1309788006e-02
  36.5000000    1.7460381213e-02    3.5635884603e-02
  36.5500000    2.0249581368e-02    4.1273511262e-02
  36.6000000    2.4046779037e-02    4.8907589760e-02
  36.6500000    2.9486700529e-02    5.9799947617e-02
  36.7000000    3.7881297719e-02    7.6558622668e-02
  36.7500000    5.2451314923e-02    1.0558590186e-01
  36.8000000    8.3781360024e-02    1.6792164584e-01
  36.8500000    1.9893991422e-01    3.9688174718e-01
  36.9000000    6.0630607712e-01    1.2037011972e+00
  36.9500000    1.2372261290e-01    2.4440217143e-01
  37.0000000    7.0093670509e-02    1.3776412266e-01
  37.0500000    4.9511275274e-02    9.6819325186e-02
  37.1000000    3.8650148789e-02    7.5202598310e-02
  37.1500000    3.1955389706e-02    6.1871902768e-02
  37.2000000    2.7427122945e-02    5.2851730339e-02
  37.2500000    2.4168894729e-02    4.6359918170e-02
  37.3000000    2.1718963196e-02    4.1478420124e-02
  37.3500000    1.9815327328e-02    3.7686242524e-02
  37.4000000    1.8298294225e-02    3.4665771683e-02
  37.4500000    1.7065009148e-02    3.2212390477e-02
  37.5000000    1.6046256231e-02    3.0188363274e-02
  37.5500000    1.5193764332e-02    2.8497607529e-02
  37.6000000    1.4472859829e-02    2.7071085626e-02
  37.6500000    1.3858008483e-02    2.5857932979e-02
  37.7000000    1.3330001256e-02    2.4819870902e-02
  37.7500000    1.2874123893e-02    2.3927566363e-02
  37.8000000    1.2478928334e-02    2.3158190146e-02
  37.8500000    1.2135386174e-02    2.2493732734e-02
  37.9000000    1.1836292508e-02    2.1919821040e-02
  37.9500000    1.1575837805e-02    2.1424869565e-02
  38.0000000    1.1349297729e-02    2.0999459342e-02
  38.0500000    1.1152804217e-02    2.0635880794e-02
  38.1000000    1.0983171158e-02    2.0327790451e-02
  38.1500000    1.0837761697e-02    2.0069948482e-02
  38.2000000    1.0714388158e-02    1.9858017562e-02
  38.2500000    1.0611233765e-02    1.9688407552e-02
  38.3000000    1.0526792261e-02    1.9558153862e-02
  38.3500000    1.0459819203e-02    1.9464821950e-02
  38.4000000    1.0409293674e-02    1.9406433930e-02
  38.4500000    1.0374389418e-02    1.9381408949e-02
  38.5000000    1.0354450422e-02    1.9388515528e-02
  38.5500000    1.0348972840e-02    1.9426837418e-02
  38.6000000    1.0357591505e-02    1.9495747539e-02
  38.6500000    1.0380068973e-02    1.9594886332e-02
  38.7000000    1.0416287823e-02    1.9724147617e-02
  38.7500000    1.0466246079e-02    1.9883671439e-02
  38.8000000    1.0530055237e-02    2.0073842078e-02
  38.8500000    1.0607940396e-02    2.0295289466e-02
  38.9000000    1.0700241641e-02    2.0548894568e-02
  38.9500000    1.0807418336e-02    2.0835802137e-02
  39.0000000    1.0930057089e-02    2.1157440025e-02
  39.0500000    1.1068881545e-02    2.1515541393e-02
  39.1000000    1.1224765361e-02    2.1912173581e-02
  39.1500000    1.1398748473e-02    2.2349776658e-02
  39.2000000    1.1592057247e-02    2.2831211865e-02
  39.2500000    1.1806130604e-02    2.3359821940e-02
  39.3000000    1.2042651730e-02    2.3939502745e-02
  39.3500000    1.2303586406e-02    2.4574790819e-02
  39.4000000    1.2591231595e-02    2.5270975215e-02
  39.4500000    1.2908275962e-02    2.6034236509e-02
  39.5000000    1.3257874361e-02    2.6871816305e-02
  39.5500000    1.3643741911e-02    2.7792232258e-02
  39.6000000    1.4070273476e-02    2.8805551458e-02
  39.6500000    1.4542696721e-02    2.9923740310e-02
  39.7000000    1.5067269700e-02    3.1161113479e-02
  39.7500000    1.5651536051e-02    3.2534918241e-02
  39.8000000    1.6304662656e-02    3.4066105713e-02
  39.8500000    1.7037892456e-02    3.5780363861e-02
  39.9000000    1.7865157017e-02    3.7709515371e-02
  39.9500000    1.8803919920e-02    3.9893443170e-02
  40.0000000    1.9876363207e-02    4.2382798504e-02
  40.0500000    2.1111085869e-02    4.5242878103e-02
  40.1000000    2.2545592544e-02    4.8559304178e-02
  40.1500000    2.4230040610e-02    5.2446576851e-02
  40.2000000    2.6233053322e-02    5.7061343254e-02
  40.2500000    2.8651064732e-02    6.2623727044e-02
  40.3000000    3.1623981767e-02    6.9453076563e-02
  40.3500000    3.5362775058e-02    7.8030940151e-02
  40.4000000    4.0201134491e-02    8.9118968056e-02
  40.4500000    4.6699857931e-02    1.0399717676e-01
  40.5000000    5.5879644928e-02    1.2499529467e-01
  40.5500000    6.9814066506e-02    1.5684620006e-01
  40.6000000    9.3458786965e-02    2.1086106958e-01
  40.6500000    1.4232522106e-01    3.2244429008e-01
  40.7000000    3.0259896398e-01    6.8831213326e-01
  40.7500000    2.1632810147e+00    4.9399436958e+00
  40.8000000    2.3405588216e-01    5.3649163880e-01
  40.8500000    1.2309697281e-01    2.8318209766e-01
  40.9000000    8.3239611474e-02    1.9215941108e-01
  40.9500000    6.2736745084e-02    1.4531234377e-01
  41.0000000    5.0252244565e-02    1.1676649016e-01
  41.0500000    4.1856701788e-02    9.7553087316e-02
  41.1000000    3.5827609936e-02    8.3740569068e-02
  41.1500000    3.1290777066e-02    7.3333626281e-02
  41.2000000    2.7755340608e-02    6.5211884258e-02
  41.2500000    2.4924421763e-02    5.8697731475e-02
  41.3000000    2.2607920067e-02    5.3357279631e-02
  41.3500000    2.0678467392e-02    4.8899828873e-02
  41.4000000    1.9047523547e-02    4.5123303966e-02
  41.4500000    1.7651628955e-02    4.1882876425e-02
  41.5000000    1.6444111347e-02    3.9072035178e-02
  41.5500000    1.5389879302e-02    3.6610703694e-02
  41.6000000    1.4462040408e-02    3.4437521450e-02
  41.6500000    1.3639639613e-02    3.2504683855e-02
  41.7000000    1.2906105362e-02    3.0774397152e-02
  41.7500000    1.2248158364e-02    2.9216389964e-02
  41.8000000    1.1655029369e-02    2.7806134038e-02
  41.8500000    1.1117881784e-02    2.6523552989e-02
  41.9000000    1.0629334406e-02    2.5354393653e-02
  41.9500000    1.0175396054e-02    2.4257165214e-02
  42.0000000    9.7561852530e-03    2.3247289599e-02
  42.0500000    9.3861343175e-03    2.2406624873e-02
  42.1000000    9.0529447111e-03    2.1686031684e-02
  42.1500000    8.7270903474e-03    2.0885227907e-02
  42.2000000    8.3112593559e-03    1.9420288680e-02
  42.2500000    7.9249832420e-03    1.7777635371e-02
  42.3000000    7.6139746712e-03    1.6602801129e-02
  42.3500000    7.3591900255e-03    1.6060958686e-02
  42.4000000    7.1124702265e-03    1.5777544425e-02
  42.4500000    6.8863935852e-03    1.5384496492e-02
  42.5000000    6.7132407494e-03    1.4973458761e-02
  42.5500000    6.6086391494e-03    1.4712635909e-02
  42.6000000    6.5560659808e-03    1.4589104159e-02
  42.6400000    6.5209331377e-03    1.4513372140e-02
  42.6500000    6.5082147307e-03    1.4486655615e-02
  42.6600000    6.4926211885e-03    1.4453913584e-02
  42.6700000    6.4736237694e-03    1.4413972500e-02
  42.6800000    6.4508173152e-03    1.4365859948e-02
  42.6900000    6.4239446154e-03    1.4308852684e-02
  42.7000000    6.3929093119e-03    1.4242517482e-02
  42.7100000    6.3577592469e-03    1.4166645454e-02
  42.7200000    6.3186772748e-03    1.4081236696e-02
  42.7300000    6.2759780129e-03    1.3986571225e-02
  42.7400000    6.2300707836e-03    1.3883124559e-02
  42.7500000    6.1814271488e-03    1.3771538051e-02
  42.7600000    6.1305762145e-03    1.3652665123e-02
  42.7700000    6.0781535590e-03    1.3528258879e-02
  42.7800000    6.0248652897e-03    1.3400268029e-02
  42.7900000    5.9714545456e-03    1.3270790628e-02
  42.8000000    5.9183537741e-03    1.3140800195e-02
  42.8100000    5.8657853026e-03    1.3009843555e-02
  42.8200000    5.8141505067e-03    1.2878119940e-02
  42.8300000    5.7640355379e-03    1.2746824735e-02
  42.8400000    5.7160515015e-03    1.2617429160e-02
  42.8500000    5.6707121101e-03    1.2491096237e-02
  42.8600000    5.6284375545e-03    1.2368725942e-02
  42.8700000    5.5895816923e-03    1.2251072808e-02
  42.8800000    5.5544601948e-03    1.2138996969e-02
  42.8900000    5.5233341603e-03    1.2034084440e-02
  42.9000000    5.4962857060e-03    1.1934877303e-02
  42.9100000    5.4732940649e-03    1.1843139691e-02
  42.9200000    5.4543825634e-03    1.1759913679e-02
  42.9300000    5.4395859070e-03    1.1686266863e-02
  42.9400000    5.4288614402e-03    1.1624037786e-02
  42.9500000    5.4219002599e-03    1.1572015689e-02
  42.9600000    5.4183540117e-03    1.1530543167e-02
  42.9700000    5.4178274642e-03    1.1500095141e-02
  42.9800000    5.4198302621e-03    1.1481381030e-02
  42.9900000    5.4237670211e-03    1.1473772916e-02
  43.0000000    5.4289254152e-03    1.1475672075e-02
  43.0100000    5.4346076084e-03    1.1485718465e-02
  43.0200000    5.4401651938e-03    1.1502461850e-02
  43.0300000    5.4450172583e-03    1.1524293088e-02
  43.0400000    5.4487111202e-03    1.1546954730e-02
  43.0500000    5.4508545364e-03    1.1567994503e-02
  43.0600000    5.4510549689e-03    1.1590860537e-02
  43.0700000    5.4490967519e-03    1.1615375967e-02
  43.0800000    5.4450116919e-03    1.1636646664e-02
  43.0900000    5.4388585355e-03    1.1652989797e-02
  43.1000000    5.4307374344e-03    1.1663081136e-02
  43.1100000    5.4207687258e-03    1.1666039417e-02
  43.1200000    5.4090487062e-03    1.1661219347e-02
  43.1300000    5.3956493504e-03    1.1648302031e-02
  43.1400000    5.3806453992e-03    1.1627234140e-02
  43.1500000    5.3641072942e-03    1.1598090023e-02
  43.1600000    5.3461148518e-03    1.1561053961e-02
  43.1700000    5.3267553313e-03    1.1516228398e-02
  43.1800000    5.3061731744e-03    1.1463951577e-02
  43.1900000    5.2845398617e-03    1.1404681933e-02
  43.2000000    5.2620422339e-03    1.1338969681e-02
  43.2100000    5.2388754580e-03    1.1267457234e-02
  43.2200000    5.2152521392e-03    1.1191056422e-02
  43.2300000    5.1913868964e-03    1.1110888347e-02
  43.2400000    5.1674831527e-03    1.1028193289e-02
  43.2500000    5.1437084406e-03    1.0944230076e-02
  43.2600000    5.1202087746e-03    1.0860320014e-02
  43.2700000    5.0971110726e-03    1.0777793333e-02
  43.2800000    5.0745133046e-03    1.0697844295e-02
  43.2900000    5.0524831964e-03    1.0621524664e-02
  43.3000000    5.0310612321e-03    1.0549729191e-02
  43.3100000    5.0102924994e-03    1.0483618166e-02
  43.3200000    4.9902614680e-03    1.0424887776e-02
  43.3300000    4.9709306570e-03    1.0372791877e-02
  43.3400000    4.9521349769e-03    1.0325146130e-02
  43.3500000    4.9337001201e-03    1.0281953790e-02
  43.3600000    4.9153884839e-03    1.0241605849e-02
  43.3700000    4.8970374330e-03    1.0202559799e-02
  43.3800000    4.8785383341e-03    1.0163398727e-02
  43.3900000    4.8598280722e-03    1.0122905269e-02
  43.4000000    4.8408784682e-03    1.0079330878e-02
  43.4100000    4.8216778078e-03    1.0030972488e-02
  43.4200000    4.8022934291e-03    9.9798730101e-03
  43.4300000    4.7828692031e-03    9.9270568436e-03
  43.4400000    4.7634033098e-03    9.8699964975e-03
  43.4500000    4.7438504990e-03    9.8072629288e-03
  43.4600000    4.7243512686e-03    9.7404173703e-03
  43.4700000    4.7051243998e-03    9.6711685799e-03
  43.4800000    4.6864115527e-03    9.6012177368e-03
  43.4900000    4.6684395832e-03    9.5322235619e-03
  43.5000000    4.6513750611e-03    9.4656985040e-03
  43.5100000    4.6353331371e-03    9.4029873355e-03
  43.5200000    4.6203979314e-03    9.3377623353e-03
  43.5300000    4.6068790536e-03    9.2817648911e-03
  43.5400000    4.5947149027e-03    9.2420374826e-03
  43.5500000    4.5841651455e-03    9.2180591290e-03
  43.5600000    4.5748914970e-03    9.2081339123e-03
  43.5700000    4.5659445211e-03    9.2018101419e-03
  43.5800000    4.5564439219e-03    9.1946077767e-03
  43.5900000    4.5459174579e-03    9.1861563118e-03
  43.6000000    4.5341417747e-03    9.1729915077e-03
  43.6100000    4.5208888302e-03    9.1525459521e-03
  43.6200000    4.5060055895e-03    9.1209242784e-03
  43.6300000    4.4897211775e-03    9.0754743206e-03
  43.6400000    4.4726270501e-03    9.0148019344e-03
