# time  P_total  P_z_beam  beam_ratio  beaming_gain  wavezone_std
0.0000000000000000e+00  1.6895163304942841e-05  1.2630327014380650e-05  7.4954505994289911e-01  3.9981802397715964e+00  1.0957684144362634e+00
1.0000000000000000e+00  1.4534817418291434e-05  1.0863578320770808e-05  7.4926643510840274e-01  3.9970657404336110e+00  1.0745035845512900e+00
2.0000000000000000e+00  1.1741770971525345e-05  8.7663526994442917e-06  7.4894618120759004e-01  3.9957847248303602e+00  1.0417194309045377e+00
2.9999999999999800e+00  8.5770616433896600e-06  6.3910919164316340e-06  7.4842821559763895e-01  3.9937128623905558e+00  9.8926983968344373e-01
3.9999999999999600e+00  5.2499056368233398e-06  3.8981802508404519e-06  7.4768660108909923e-01  3.9907464043563969e+00  8.9975263709218545e-01
4.9999999999999396e+00  2.2266606603192901e-06  1.6407803212676305e-06  7.4579303219592064e-01  3.9831721287836825e+00  7.3236926299737715e-01
5.9999999999999201e+00  3.6536641001028308e-07  2.6570986952390959e-07  7.3255201972272255e-01  3.9302080788908902e+00  5.4561702914327026e-01
6.9999999999998996e+00  1.0335679618443035e-06  7.9973020230561872e-07  7.4933121866077557e-01  3.9973248746431023e+00  8.5231043409064611e-01
7.9999999999998703e+00  6.1291456077479803e-06  4.6640636086123024e-06  7.5233213934627552e-01  4.0093285573851016e+00  1.4971121275625483e+00
8.9999999999998508e+00  1.7837429250733854e-05  1.3489081398679285e-05  7.4676470276609530e-01  3.9870588110643812e+00  1.6511699432492011e+00
9.9999999999998295e+00  3.8071452828370289e-05  2.8712378886560773e-05  6.8982752357557786e-01  3.7593100943023114e+00  1.6100254348461029e+00
1.0999999999999799e+01  6.7435397939797170e-05  5.0768008881783444e-05  7.4868652729626917e-01  3.9947461091850767e+00  1.4939096717685572e+00
1.1999999999999799e+01  1.0409807297159423e-04  7.8276524284309998e-05  7.4777937843127973e-01  3.9911175137251189e+00  1.3962445828179826e+00
1.2999999999999799e+01  1.4323903608191816e-04  1.0762071470885396e-04  7.4658823432320309e-01  3.9863529372928124e+00  1.3019320238114787e+00
1.3999999999999700e+01  1.7755100379896588e-04  1.3329420073641455e-04  7.4156635941648341e-01  3.9662654376659336e+00  1.2056699581898778e+00
1.4999999999999700e+01  1.9995221917923987e-04  1.4998061531580427e-04  7.8498217837267481e-01  4.1399287134906988e+00  1.1074124736320563e+00
1.5999999999999700e+01  2.0609215204364686e-04  1.5440405409357418e-04  7.5230832248904100e-01  4.0092332899561640e+00  1.0068934636468720e+00
1.6999999999999901e+01  1.9652288897932857e-04  1.4701924078443067e-04  7.5083381002854288e-01  4.0033352401141720e+00  9.1950357829869656e-01
1.8000000000000000e+01  1.7588200704738897e-04  1.3137629638860433e-04  7.5044370660989446e-01  4.0017748264395774e+00  8.5921344178652137e-01
1.9000000000000199e+01  1.5184888390071635e-04  1.1331223356609862e-04  7.4847814950211822e-01  3.9939125980084729e+00  8.4565500089872336e-01
2.0000000000000298e+01  1.3276839412020952e-04  9.9184927597858474e-05  7.4213132451276564e-01  3.9685252980510626e+00  9.0184637724792782e-01
2.1000000000000501e+01  1.2653014746174569e-04  9.4913882307513242e-05  7.7417585472702355e-01  4.0967034189080938e+00  9.4648003940582848e-01
2.2000000000000600e+01  1.3922142192160711e-04  1.0508334579642238e-04  7.5350437864545039e-01  4.0140175145818020e+00  7.7157865830791439e-01
2.3000000000000799e+01  1.7434151347644827e-04  1.3227209879480560e-04  7.4768911000449600e-01  3.9907564400179840e+00  7.3164060779311413e-01
2.4000000000000998e+01  2.3152038839685424e-04  1.7607056314544340e-04  7.4723489245842278e-01  3.9889395698336911e+00  8.1022744945586000e-01
2.5000000000001101e+01  3.0589510296434081e-04  2.3272873659754023e-04  7.6295018112433055e-01  4.0518007244973226e+00  8.8044577368923038e-01
2.6000000000001300e+01  3.8809358197448070e-04  2.9506768548964350e-04  7.5536475495254773e-01  4.0214590198101909e+00  7.4752791668932173e-01
2.7000000000001400e+01  4.6715174178945138e-04  3.5487101242808171e-04  7.5440493535071396e-01  4.0176197414028554e+00  7.0590544474597461e-01
2.8000000000001599e+01  5.3318855427535075e-04  4.0463646386505015e-04  7.5272298294754414e-01  4.0108919317901766e+00  7.5450329391485649e-01
2.9000000000001702e+01  5.7983960522656338e-04  4.3956692699195760e-04  7.4445993475640604e-01  3.9778397390256242e+00  9.0272934226699719e-01
3.0000000000001901e+01  6.0529683837658957e-04  4.5841315134828863e-04  7.5406604045205361e-01  4.0162641618082144e+00  8.3390706064990550e-01
3.1000000000002000e+01  6.1287548766981786e-04  4.6372519523880332e-04  7.5354968223212671e-01  4.0141987289285073e+00  8.3863221499960305e-01
3.2000000000002203e+01  6.0918056673916045e-04  4.6052966787016211e-04  7.5265212442634455e-01  4.0106084977053786e+00  7.3059854209543473e-01
3.3000000000001997e+01  6.0150769182861072e-04  4.5436927245626630e-04  7.5263048587852666e-01  4.0105219435141066e+00  6.1737606191510042e-01
3.4000000000001798e+01  5.9617365513430886e-04  4.4997073997442251e-04  7.5243294785810189e-01  4.0097317914324080e+00  5.9228227206993156e-01
3.5000000000001599e+01  5.9690558438468160e-04  4.5023941888130536e-04  7.5313413084043013e-01  4.0125365233617210e+00  6.3153566791854399e-01
3.6000000000001400e+01  6.0315588583446727e-04  4.5458413947210326e-04  7.5624085797084539e-01  4.0249634318833820e+00  7.1287192402872823e-01
3.7000000000001201e+01  6.1195381681215517e-04  4.6089060185408912e-04  7.4953616005024282e-01  3.9981446402009713e+00  7.0063748909723933e-01
3.8000000000001002e+01  6.1813826056596156e-04  4.6527334988139614e-04  7.5064059941514294e-01  4.0025623976605722e+00  6.7518164571194572e-01
