#       time         integral Re         integral Im         integral Re         integral Im         integral Re         integral Im         integral Re         integral Im
#       r =            20.000000           20.000000           28.000000           28.000000           36.000000           36.000000           44.000000           44.000000
   0.0100000    6.2270185777e-09   -8.9626750067e-06    1.5377946704e-08   -3.5711071318e-06   -1.3961219820e-08   -1.7707610077e-06    4.0268689599e-09   -9.9469876418e-07
   0.0200000    6.4029895520e-09   -8.9663727021e-06    1.5278215255e-08   -3.5576677937e-06   -1.3810983891e-08   -1.7709073493e-06    3.9996405388e-09   -9.9495739546e-07
   0.0300000    6.4901719462e-09   -8.9701472797e-06    1.5082516716e-08   -3.5362831146e-06   -1.3599212697e-08   -1.7710232638e-06    3.9760854314e-09   -9.9520247770e-07
   0.0400000    6.4898994608e-09   -8.9740245123e-06    1.4796228269e-08   -3.5073731760e-06   -1.3329248460e-08   -1.7711136734e-06    3.9560039530e-09   -9.9543397516e-07
   0.0500000    6.4069775897e-09   -8.9780286281e-06    1.4424667547e-08   -3.4712726928e-06   -1.3004561214e-08   -1.7711834104e-06    3.9391416797e-09   -9.9565207396e-07
   0.0600000    6.2474157967e-09   -8.9821811229e-06    1.3973732894e-08   -3.4282487874e-06   -1.2628740158e-08   -1.7712372187e-06    3.9251763190e-09   -9.9585719753e-07
   0.0700000    6.0184357558e-09   -8.9864999091e-06    1.3449880924e-08   -3.3785125946e-06   -1.2205498190e-08   -1.7712797498e-06    3.9137350116e-09   -9.9604998861e-07
   0.0800000    5.7283654091e-09   -8.9909986576e-06    1.2860079059e-08   -3.3222313954e-06   -1.1738646508e-08   -1.7713155456e-06    3.9043875557e-09   -9.9623127223e-07
   0.0900000    5.3865437666e-09   -8.9956862353e-06    1.2211759074e-08   -3.2595409201e-06   -1.1232097170e-08   -1.7713490438e-06    3.8966769838e-09   -9.9640208101e-07
   0.1000000    5.0031925226e-09   -9.0005664525e-06    1.1512769255e-08   -3.1905575711e-06   -1.0689845150e-08   -1.7713845732e-06    3.8900884288e-09   -9.9656362042e-07
   0.1100000    4.5892405839e-09   -9.0056379579e-06    1.0771307420e-08   -3.1153903682e-06   -1.0115953484e-08   -1.7714263291e-06    3.8840958363e-09   -9.9671724940e-07
   0.1200000    4.1561555602e-09   -9.0108943404e-06    9.9958654926e-09   -3.0341523845e-06   -9.5145473808e-09   -1.7714783835e-06    3.8781406698e-09   -9.9686448351e-07
   0.1300000    3.7157511258e-09   -9.0163244623e-06    9.1951475622e-09   -2.9469717133e-06   -8.8897964049e-09   -1.7715446501e-06    3.8716465629e-09   -9.9700697253e-07
   0.1400000    3.2799401380e-09   -9.0219129375e-06    8.3779998028e-09   -2.8540014933e-06   -8.2458864959e-09   -1.7716288967e-06    3.8640294581e-09   -9.9714646574e-07
   0.1500000    2.8605665017e-09   -9.0276408472e-06    7.5533272652e-09   -2.7554292468e-06   -7.5870278719e-09   -1.7717347180e-06    3.8547017507e-09   -9.9728481779e-07
   0.1600000    2.4691233118e-09   -9.0334865608e-06    6.7300033634e-09   -2.6514851065e-06   -6.9174102030e-09   -1.7718655206e-06    3.8430835808e-09   -9.9742397302e-07
   0.1700000    2.1165607910e-09   -9.0394266339e-06    5.9167743138e-09   -2.5424491217e-06   -6.2412094075e-09   -1.7720245217e-06    3.8285973290e-09   -9.9756591158e-07
   0.1800000    1.8130653459e-09   -9.0454368972e-06    5.1221833715e-09   -2.4286573288e-06   -5.5625453436e-09   -1.7722147200e-06    3.8106857144e-09   -9.9771268840e-07
   0.1900000    1.5678366455e-09   -9.0514934487e-06    4.3544472333e-09   -2.3105067296e-06   -4.8854849866e-09   -1.7724388973e-06    3.7888209802e-09   -9.9786635982e-07
   0.2000000    1.3889083055e-09   -9.0575737106e-06    3.6213887801e-09   -2.1884589695e-06   -4.2140068492e-09   -1.7726995813e-06    3.7624902360e-09   -9.9802901850e-07
   0.2100000    1.2829953699e-09   -9.0636574740e-06    2.9303096286e-09   -2.0630427806e-06   -3.5519898503e-09   -1.7729990554e-06    3.7312254029e-09   -9.9820273345e-07
   0.2200000    1.2553305062e-09   -9.0697277477e-06    2.2879252925e-09   -1.9348550971e-06   -2.9031925883e-09   -1.7733393268e-06    3.6945951438e-09   -9.9838956341e-07
   0.2300000    1.3095756780e-09   -9.0757716044e-06    1.7002546726e-09   -1.8045608403e-06   -2.2712329501e-09   -1.7737221210e-06    3.6522091584e-09   -9.9859152379e-07
   0.2400000    1.4477232426e-09   -9.0817807662e-06    1.1725452407e-09   -1.6728913335e-06   -1.6595717700e-09   -1.7741488767e-06    3.6037278291e-09   -9.9881058147e-07
   0.2500000    1.6700748981e-09   -9.0877520449e-06    7.0919572152e-10   -1.5406414212e-06   -1.0714950793e-09   -1.7746207198e-06    3.5488596174e-09   -9.9904863719e-07
   0.2600000    1.9752354024e-09   -9.0936876020e-06    3.1367107178e-10   -1.4086651328e-06   -5.1008968776e-10   -1.7751384509e-06    3.4873695498e-09   -9.9930751905e-07
   0.2700000    2.3601310044e-09   -9.0995949248e-06   -1.1518908102e-11   -1.2778701048e-06    2.1756665145e-11   -1.7757025529e-06    3.4190751772e-09   -9.9958895838e-07
   0.2800000    2.8200896611e-09   -9.1054865793e-06   -2.6490145610e-10   -1.1492106620e-06    5.2139138398e-10   -1.7763131776e-06    3.3438589255e-09   -9.9989458711e-07
   0.2900000    3.3489493170e-09   -9.1113797884e-06   -4.4605587710e-10   -1.0236796284e-06    9.8639509729e-10   -1.7769701294e-06    3.2616576296e-09   -1.0002259353e-06
   0.3000000    3.9391661229e-09   -9.1172957480e-06   -5.5562812120e-10   -9.0229898640e-07    1.4146030360e-09   -1.7776728732e-06    3.1724669651e-09   -1.0005844011e-06
   0.3100000    4.5820164052e-09   -9.1232587456e-06   -5.9532890965e-10   -7.8610939859e-07    1.8041126296e-09   -1.7784205278e-06    3.0763443288e-09   -1.0009712539e-06
   0.3200000    5.2677680723e-09   -9.1292951186e-06   -5.6792246998e-10   -6.7615877049e-07    2.1532938581e-09   -1.7792118710e-06    2.9734054282e-09   -1.0013876319e-06
   0.3300000    5.9859041874e-09   -9.1354321167e-06   -4.7718245083e-10   -5.7348989770e-07    2.4608005954e-09   -1.7800453399e-06    2.8638212862e-09   -1.0018345288e-06
   0.3400000    6.7253362850e-09   -9.1416965857e-06   -3.2784177723e-10   -4.7912742462e-07    2.7255746972e-09   -1.7809190311e-06    2.7478205874e-09   -1.0023127837e-06
   0.3500000    7.4746605523e-09   -9.1481137213e-06   -1.2552271279e-10   -3.9406423180e-07    2.9468477789e-09   -1.7818307155e-06    2.6256819806e-09   -1.0028230919e-06
   0.3600000    8.2223947242e-09   -9.1547057214e-06    1.2335739578e-10   -3.1924745905e-07    3.1241542715e-09   -1.7827778425e-06    2.4977385171e-09   -1.0033659813e-06
   0.3700000    8.9572523457e-09   -9.1614905568e-06    4.1169832399e-10   -2.5556437872e-07    3.2573203543e-09   -1.7837575713e-06    2.3643642331e-09   -1.0039418186e-06
   0.3800000    9.6683445013e-09   -9.1684808470e-06    7.3181751399e-10   -2.0382831530e-07    3.3464710502e-09   -1.7847667606e-06    2.2259758534e-09   -1.0045508055e-06
   0.3900000    1.0345455289e-08   -9.1756828447e-06    1.0756019055e-09   -1.6476485562e-07    3.3920242807e-09   -1.7858020108e-06    2.0830295641e-09   -1.0051929671e-06
   0.4000000    1.0979218756e-08   -9.1830956816e-06    1.4346423861e-09   -1.3899866313e-07    3.3946857489e-09   -1.7868596611e-06    1.9360125886e-09   -1.0058681718e-06
   0.4100000    1.1561376348e-08   -9.1907108104e-06    1.8003918459e-09   -1.2704097450e-07    3.3554470330e-09   -1.7879358366e-06    1.7854406897e-09   -1.0065761011e-06
   0.4200000    1.2084875905e-08   -9.1985117215e-06    2.1643030875e-09   -1.2927823200e-07    3.2755708217e-09   -1.7890264602e-06    1.6318586571e-09   -1.0073162676e-06
   0.4300000    1.2544095074e-08   -9.2064739486e-06    2.5180100210e-09   -1.4596194646e-07    3.1565834852e-09   -1.7901272851e-06    1.4758179791e-09   -1.0080880061e-06
   0.4400000    1.2934905928e-08   -9.2145654113e-06    2.8534628948e-09   -1.7720009088e-07    3.0002601514e-09   -1.7912339221e-06    1.3178899355e-09   -1.0088904713e-06
   0.4500000    1.3254783039e-08   -9.2227469787e-06    3.1630907816e-09   -2.2295019917e-07    2.8086171537e-09   -1.7923418787e-06    1.1586503140e-09   -1.0097226337e-06
   0.4600000    1.3502839928e-08   -9.2309734336e-06    3.4399398095e-09   -2.8301445155e-07    2.5838901132e-09   -1.7934465747e-06    9.9867580170e-10   -1.0105832897e-06
   0.4700000    1.3679854328e-08   -9.2391946505e-06    3.6777940810e-09   -3.5703676486e-07    2.3285175510e-09   -1.7945434103e-06    8.3854301900e-10   -1.0114710578e-06
   0.4800000    1.3788236078e-08   -9.2473570104e-06    3.8713153134e-09   -4.4450219262e-07    2.0451277352e-09   -1.7956277698e-06    6.7881856458e-10   -1.0123843605e-06
   0.4900000    1.3831981533e-08   -9.2554050736e-06    4.0161081177e-09   -5.4473861674e-07    1.7365090821e-09   -1.7966950644e-06    5.2005146714e-10   -1.0133214409e-06
   0.5000000    1.3816564551e-08   -9.2632833591e-06    4.1088214599e-09   -6.5692082586e-07    1.4056007483e-09   -1.7977407845e-06    3.6277583800e-10   -1.0142803695e-06
