# time  Re_m-2(R=14)  Im_m-2(R=14)  Re_m-1(R=14)  Im_m-1(R=14)  Re_m0(R=14)  Im_m0(R=14)  Re_m1(R=14)  Im_m1(R=14)  Re_m2(R=14)  Im_m2(R=14)  Re_m-2(R=30)  Im_m-2(R=30)  Re_m-1(R=30)  Im_m-1(R=30)  Re_m0(R=30)  Im_m0(R=30)  Re_m1(R=30)  Im_m1(R=30)  Re_m2(R=30)  Im_m2(R=30)
0.0000000000000000e+00  -3.9056934689551781e-03  1.9231181172018690e-03  1.7473933424906076e-06  2.9497205792021369e-06  3.2345654611142640e-03  -3.4982460721602604e-17  1.7473933568361403e-06  -2.9497206012462841e-06  -3.9056934689543571e-03  -1.9231181172016784e-03  -2.0099591610800194e-04  2.9904513815256643e-04  3.0014375726210350e-07  1.1794401087587849e-07  1.6420022795388134e-04  -2.6542571495601552e-17  3.0014376363027640e-07  -1.1794401787922009e-07  -2.0099591610807003e-04  -2.9904513815253250e-04
5.0000000000000000e-01  -3.7988330588301683e-03  1.9187603667355337e-03  1.8199643001366040e-06  2.8901237912969559e-06  3.1663833466319649e-03  -5.1394333938376696e-15  1.8199642981257344e-06  -2.8901237880606492e-06  -3.7988330588263220e-03  -1.9187603667367840e-03  -1.9891548655446697e-04  3.2075360007549478e-04  2.5134469613993113e-07  1.2998180686212076e-07  1.6365465947195437e-04  5.7878449500155986e-16  2.5134469458252781e-07  -1.2998180780662452e-07  -1.9891548655271929e-04  -3.2075360007548129e-04
1.0000000000000000e+00  -3.6792670025890626e-03  1.9096642784667611e-03  1.8870070766942313e-06  2.8212199809663437e-06  3.0908085921424137e-03  -8.3798290843265649e-15  1.8870070971927810e-06  -2.8212199897384833e-06  -3.6792670025903350e-03  -1.9096642784657896e-03  -1.9686952709369697e-04  3.1704209913950760e-04  1.1699712802602965e-07  1.2931086075611760e-07  1.6260387289151107e-04  8.7967878818156315e-16  1.1699712893239725e-07  -1.2931086061703161e-07  -1.9686952709257690e-04  -3.1704209913807721e-04
1.5000000000000000e+00  -3.5455910274969802e-03  1.8891143316854002e-03  1.9443911064221833e-06  2.7415184645498184e-06  3.0070302081043349e-03  -8.8279840523234482e-15  1.9443911210478157e-06  -2.7415184553218175e-06  -3.5455910275218666e-03  -1.8891143316797331e-03  -1.9447180393277684e-04  3.1276972536174318e-04  1.4445466978323045e-07  1.2608769556407081e-07  1.6123617103913049e-04  -1.5603458619167484e-15  1.4445467037712046e-07  -1.2608769430404582e-07  -1.9447180393341503e-04  -3.1276972536306075e-04
2.0000000000000000e+00  -3.3957853464592477e-03  1.8637331120939719e-03  1.9982562745696186e-06  2.6524358217864744e-06  2.9146164056341132e-03  4.0065471556757770e-15  1.9982562911334712e-06  -2.6524358360787133e-06  -3.3957853464449779e-03  -1.8637331121204546e-03  -1.9176394076061959e-04  3.0714126855460014e-04  1.2609833415317886e-07  1.2266682548517891e-07  1.5966110939601131e-04  -1.9644560166289144e-15  1.2609833619324159e-07  -1.2266682293219159e-07  -1.9176394075838416e-04  -3.0714126855333330e-04
2.4999999999999898e+00  -3.2285560242712279e-03  1.8307674529427619e-03  2.0444707296990102e-06  2.5521088148144574e-06  2.8115889515348195e-03  4.6058263539899835e-15  2.0444707453516014e-06  -2.5521087901510141e-06  -3.2285560242353833e-03  -1.8307674529571189e-03  -1.8882485757366809e-04  3.0035755198072064e-04  7.6340189089533227e-08  1.1936212807414518e-07  1.5793824873813099e-04  -9.4995486188398631e-16  7.6340189589848232e-08  -1.1936212870196013e-07  -1.8882485757263948e-04  -3.0035755198144570e-04
2.9999999999999800e+00  -3.0414163074788613e-03  1.7882913417823459e-03  2.0977071644721078e-06  2.4378022403230883e-06  2.6976454331825521e-03  1.9355997111104167e-14  2.0977071994252883e-06  -2.4378021961978763e-06  -3.0414163074638555e-03  -1.7882913417995897e-03  -1.8569182200819031e-04  2.9834677156079936e-04  5.8458445683749247e-08  1.1763623417751541e-07  1.5607489768648002e-04  -1.6820676728107435e-15  5.8458445128301000e-08  -1.1763623438358212e-07  -1.8569182200770570e-04  -2.9834677155961259e-04
3.4999999999999698e+00  -2.8327291355631640e-03  1.7357117843867789e-03  2.1382446837453675e-06  2.3113227684065765e-06  2.5706953440005104e-03  1.8687274763642264e-14  2.1382446809034801e-06  -2.3113228116306195e-06  -2.8327291355516558e-03  -1.7357117843872999e-03  -1.8233599645368326e-04  3.0071804407095761e-04  7.8416147353412555e-08  1.1755046453716423e-07  1.5410813738800765e-04  -8.3823862767943257e-16  7.8416150261225669e-08  -1.1755046506941578e-07  -1.8233599645500675e-04  -3.0071804406973105e-04
3.9999999999999600e+00  -2.6000194905586023e-03  1.6753180353424749e-03  2.1613029451757622e-06  2.1692560785296775e-06  2.4297888884847112e-03  1.4445526887304702e-14  2.1613028974285569e-06  -2.1692561034601937e-06  -2.6000194905132995e-03  -1.6753180353363387e-03  -1.7874501055003552e-04  3.0344046899629534e-04  1.0971087850468033e-07  1.1800991532645268e-07  1.5199267927832431e-04  -3.9407678475414289e-16  1.0971088048630974e-07  -1.1800991685781575e-07  -1.7874501054897303e-04  -3.0344046899721068e-04
4.4999999999999503e+00  -2.3409774354350818e-03  1.6008591176968781e-03  2.2267516727634075e-06  2.0090209644545856e-06  2.2729505847821378e-03  -2.3392356438391507e-14  2.2267517066839837e-06  -2.0090209516318676e-06  -2.3409774354487462e-03  -1.6008591176960628e-03  -1.7487293942779206e-04  3.0380434813245393e-04  1.3080251826499255e-07  1.1787192617710652e-07  1.4969626205792630e-04  1.2062580319980730e-15  1.3080251779678712e-07  -1.1787192585950445e-07  -1.7487293942701807e-04  -3.0380434812920501e-04
4.9999999999999396e+00  -2.0530109434608681e-03  1.5222848719715397e-03  2.1825954506772070e-06  1.8326853900141334e-06  2.0984711432303496e-03  1.3619181872754141e-14  2.1825953291423167e-06  -1.8326853701170855e-06  -2.0530109435134649e-03  -1.5222848719744974e-03  -1.7067184506574812e-04  3.0183072949899550e-04  1.3904943430057438e-07  1.1679898430900301e-07  1.4721350935161648e-04  8.3793846037874932e-16  1.3904943556752987e-07  -1.1679898314887821e-07  -1.7067184506903567e-04  -3.0183072949836683e-04
5.4999999999999298e+00  -1.7339662355544566e-03  1.4284270244984338e-03  2.1581400934917151e-06  1.6345749208119019e-06  1.9036880674718230e-03  3.1817793164730032e-15  2.1581401165377342e-06  -1.6345748958367100e-06  -1.7339662355490017e-03  -1.4284270244905575e-03  -1.6610770952646411e-04  2.9882785514670268e-04  1.4137988983581525e-07  1.1508130170847028e-07  1.4453813178068141e-04  -3.6567365245033807e-16  1.4137988973213058e-07  -1.1508130169453860e-07  -1.6610770953060907e-04  -2.9882785514561658e-04
5.9999999999999201e+00  -1.3809856016800326e-03  1.3230927811910013e-03  2.1403198110905208e-06  1.4138802842421610e-06  1.6877928069877813e-03  3.6492754347874912e-15  2.1403197819483653e-06  -1.4138803290156488e-06  -1.3809856016184969e-03  -1.3230927811572223e-03  -1.6115488805264032e-04  2.9576166279670464e-04  1.4509648858122931e-07  1.1315298326139144e-07  1.4164037689623873e-04  1.5789721164268704e-15  1.4509648982250803e-07  -1.1315298252497648e-07  -1.6115488805163201e-04  -2.9576166279896444e-04
6.4999999999999103e+00  -9.9140960958290407e-04  1.2123661151868836e-03  2.1401126993065493e-06  1.1741807118619665e-06  1.4471949445631202e-03  -8.8599781808071376e-15  2.1401126789580846e-06  -1.1741807442020696e-06  -9.9140960959515165e-04  -1.2123661151177759e-03  -1.5577452165780993e-04  2.9272407902511665e-04  1.5162401922512590e-07  1.1120929802761483e-07  1.3847028273939772e-04  -9.3934895059317840e-17  1.5162402124292704e-07  -1.1120929799307174e-07  -1.5577452165709631e-04  -2.9272407902783583e-04
6.9999999999998996e+00  -5.6278887023244128e-04  1.0923802365704672e-03  2.1134950471507694e-06  9.1218640019154118e-07  1.1795975960596915e-03  -1.3188767162804552e-14  2.1134950712970356e-06  -9.1218643981015934e-07  -5.6278887018452236e-04  -1.0923802365569474e-03  -1.4991984833820197e-04  2.8934038150192648e-04  1.5599110927018457e-07  1.0919482304846434e-07  1.3502606153069062e-04  2.1059991925820483e-15  1.5599111279698237e-07  -1.0919482646564908e-07  -1.4991984833950253e-04  -2.8934038150282951e-04
7.4999999999998801e+00  -9.2906085706346311e-05  9.6345623526012324e-04  2.1045711472806777e-06  6.2507806640272151e-07  8.8185368041815448e-04  -1.5596473561967951e-14  2.1045711701528619e-06  -6.2507800055217769e-07  -9.2906085683104581e-05  -9.6345623523461522e-04  -1.4354459457437694e-04  2.8531649381367531e-04  1.5361826985711848e-07  1.0697926413201943e-07  1.3129688103389277e-04  2.9779931420007488e-16  1.5361826991840756e-07  -1.0697926472204772e-07  -1.4354459457384451e-04  -2.8531649381557429e-04
7.9999999999998703e+00  4.2058225545728317e-04  8.2278464909121287e-04  2.0692515628370147e-06  3.1223692149166689e-07  5.5170874549345422e-04  1.1117509026554138e-14  2.0692515455960492e-06  -3.1223694251994648e-07  4.2058225543197301e-04  -8.2278464909140564e-04  -1.3658916636673311e-04  2.8065211958374335e-04  1.4689978983307861e-07  1.0442844500386522e-07  1.2723003862675806e-04  -1.4376695507703160e-15  1.4689978958687085e-07  -1.0442844735127836e-07  -1.3658916636365788e-04  -2.8065211958437224e-04
8.4999999999998597e+00  9.7875798207190082e-04  6.7811011818797904e-04  2.0791662581026762e-06  -2.3930802223606839e-08  1.8578656304725215e-04  3.4609002201092288e-14  2.0791662478681990e-06  2.3930744184768977e-08  9.7875798207952341e-04  -6.7811011819582183e-04  -1.2897535073619218e-04  2.7552054603395689e-04  1.4278844566937863e-07  1.0145556833712298e-07  1.2276830329623509e-04  -1.2995147713039954e-15  1.4278844610255954e-07  -1.0145556992284625e-07  -1.2897535073196236e-04  -2.7552054603027462e-04
8.9999999999998508e+00  1.5828782032448246e-03  5.2168294955096106e-04  2.0295197224852207e-06  -3.8769293138428539e-07  -2.1710236806811488e-04  1.9756967261741303e-14  2.0295197184261630e-06  3.8769292460032890e-07  1.5828782032681801e-03  -5.2168294952756073e-04  -1.2063362887546893e-04  2.6990596096246582e-04  1.4366902564529445e-07  9.8038556314514397e-08  1.1789777991469695e-04  -1.3091852405836793e-15  1.4366902331784482e-07  -9.8038556186067568e-08  -1.2063362887005444e-04  -2.6990596096121579e-04
9.4999999999998401e+00  2.2318718847230729e-03  3.5778163051185437e-04  1.9433632833300779e-06  -7.7316203305207494e-07  -6.6275117110078702e-04  -3.4752750468504921e-14  1.9433632839996770e-06  7.7316204561988563e-07  2.2318718848333098e-03  -3.5778163051667408e-04  -1.1151530294176241e-04  2.6349871264211554e-04  1.4550131359696632e-07  9.4258784806630622e-08  1.1262787507119719e-04  1.5977317786261850e-15  1.4550131403188637e-07  -9.4258780748745990e-08  -1.1151530294840094e-04  -2.6349871264493029e-04
9.9999999999998295e+00  2.9260729847696183e-03  1.8888106207356640e-04  1.7151101099405033e-06  -1.1790228584328963e-06  -1.1482492499852864e-03  5.3990186683916010e-14  1.7151101096764687e-06  1.1790229604309264e-06  2.9260729848390632e-03  -1.8888106203392998e-04  -1.0154958738242510e-04  2.5606096848670567e-04  1.4514306990881416e-07  9.0216296432619067e-08  1.0686207739550811e-04  -1.4290981067396945e-16  1.4514307234989966e-07  -9.0216293656752140e-08  -1.0154958738970903e-04  -2.5606096848400682e-04
1.0499999999999799e+01  3.6625770631306164e-03  1.2480494464100638e-05  1.6977675172496118e-06  -1.5989450203169357e-06  -1.6784074424723036e-03  5.4533742972762145e-14  1.6977674906289915e-06  1.5989450151818887e-06  3.6625770631849405e-03  -1.2480494449980382e-05  -9.0621408395063913e-05  2.4766532181107361e-04  1.4327545177746789e-07  8.5868225612574261e-08  1.0051500983703448e-04  3.8775897775880988e-16  1.4327545523285944e-07  -8.5868225740190813e-08  -9.0621408394958312e-05  -2.4766532181449199e-04
1.0999999999999799e+01  4.4390932830366053e-03  -1.6703299823859189e-04  1.8968530260973294e-06  -2.0458641981314164e-06  -2.2485103958524554e-03  1.2633506572693257e-14  1.8968530217777572e-06  2.0458642267813839e-06  4.4390932830007121e-03  1.6703299830155840e-04  -7.8615717845606923e-05  2.3829125053979221e-04  1.4060172544418462e-07  8.0903352885672446e-08  9.3531987410109348e-05  -7.4488659716694409e-16  1.4060172948664446e-07  -8.0903360244494673e-08  -7.8615717848280999e-05  -2.3829125053509209e-04
1.1499999999999799e+01  5.2485515251234089e-03  -3.5209715265422791e-04  1.6868101089850353e-06  -2.5023568672837707e-06  -2.8597012807372851e-03  -3.6717685641084186e-14  1.6868100467209696e-06  2.5023569525686141e-06  5.2485515251664465e-03  3.5209715266826296e-04  -6.5410140985385596e-05  2.2762130566184022e-04  1.3646355386596682e-07  7.4925827652708991e-08  8.5904063603293161e-05  2.8801862475812947e-15  1.3646354880894023e-07  -7.4925819092016919e-08  -6.5410140992161751e-05  -2.2762130566281478e-04
1.1999999999999799e+01  6.0868533765979903e-03  -5.4139769980656675e-04  1.5740731484885645e-06  -2.9607100320145438e-06  -3.5051894428370124e-03  1.3186822375157656e-14  1.5740732083945027e-06  2.9607099771102095e-06  6.0868533766462295e-03  5.4139769978987144e-04  -5.0876506934131776e-05  2.1546649466217533e-04  1.3108071466097668e-07  6.7838255064584357e-08  7.7550075802477008e-05  -3.2287995976827471e-16  1.3108071506687445e-07  -6.7838256848921821e-08  -5.0876506935044532e-05  -2.1546649466293026e-04
1.2499999999999799e+01  6.9440638156871883e-03  -7.3281074534046510e-04  1.6161109460780788e-06  -3.4210253405253116e-06  -4.1816513636539687e-03  8.2446070505609939e-15  1.6161109183870327e-06  3.4210253089305731e-06  6.9440638157010365e-03  7.3281074533563617e-04  -3.4892473609950314e-05  2.0200549425035885e-04  1.2639212760974966e-07  5.9801237467506766e-08  6.8334999804066103e-05  2.5037764525245084e-15  1.2639212967669484e-07  -5.9801233737189297e-08  -3.4892473611272817e-05  -2.0200549424951968e-04
1.2999999999999799e+01  7.8119176930178235e-03  -9.2873048139802843e-04  1.4488002037138175e-06  -3.8766402854251112e-06  -4.8784238224899128e-03  7.1281934009375346e-14  1.4488003052296799e-06  3.8766403839128236e-06  7.8119176931322320e-03  9.2873048147789510e-04  -1.7298757828974530e-05  1.8768214068160888e-04  1.2474693441182633e-07  5.1093882162148671e-08  5.8190585919000801e-05  -3.0144245584577483e-15  1.2474693509753833e-07  -5.1093885389652745e-08  -1.7298757829023343e-05  -1.8768214067993669e-04
1.3499999999999799e+01  8.6763720960710729e-03  -1.1367022586638224e-03  1.4273951149589420e-06  -4.3329508062171525e-06  -5.5869651744635696e-03  -2.2379003489746141e-14  1.4273951799451673e-06  4.3329507778931585e-06  8.6763720961647271e-03  1.1367022587511712e-03  2.1051252152495715e-06  1.7231564892701611e-04  1.2237183670766177e-07  4.1717461000879783e-08  4.7027849817263877e-05  5.9086297307116937e-15  1.2237184443696378e-07  -4.1717462884621474e-08  2.1051252140223055e-06  -1.7231564892540536e-04
1.3999999999999700e+01  9.5228962904892623e-03  -1.3475888401485090e-03  1.1881620705389884e-06  -4.7505235658238000e-06  -6.2995673297073559e-03  4.4046582313027501e-14  1.1881619526971299e-06  4.7505235763667175e-06  9.5228962906488031e-03  1.3475888402250647e-03  2.3505580616520777e-05  1.5513782455651550e-04  1.0899158870497108e-07  3.1379334948082330e-08  3.4762699365889985e-05  1.2924663983916555e-17  1.0899158355777387e-07  -3.1379330245201068e-08  2.3505580617023887e-05  -1.5513782455047745e-04
1.4499999999999700e+01  1.0343690974801905e-02  -1.5489916443878911e-03  1.0970267093439911e-06  -5.1439875457078530e-06  -6.9963597612544299e-03  -1.2864414530378357e-14  1.0970266497454695e-06  5.1439875819322902e-06  1.0343690974811552e-02  1.5489916444284167e-03  4.7133537550352441e-05  1.3574674262691234e-04  8.8696059644674478e-08  1.9693027892928311e-08  2.1186431009359940e-05  1.9630060021023335e-15  8.8696066484366808e-08  -1.9693027870006613e-08  4.7133537551223909e-05  -1.3574674262350795e-04
1.4999999999999700e+01  1.1120581091460092e-02  -1.7606040685794841e-03  1.0735589576829416e-06  -5.4952179527345633e-06  -7.6705732824566587e-03  3.6473377622173522e-14  1.0735590451069023e-06  5.4952179533181394e-06  1.1120581091526895e-02  1.7606040687130099e-03  7.3253219969435446e-05  1.1442357302739107e-04  7.6832609474620269e-08  6.5587924052496780e-09  6.1886426965623310e-06  -9.6634018485302871e-16  7.6832609207269884e-08  -6.5587941966525092e-09  7.3253219968254411e-05  -1.1442357302489960e-04
1.5499999999999700e+01  1.1841063895259463e-02  -1.9782525691948659e-03  8.0542975769595520e-07  -5.8302048595723627e-06  -8.2994316844120803e-03  5.9661223037648162e-14  8.0542974899387454e-07  5.8302046659050547e-06  1.1841063895367033e-02  1.9782525692535490e-03  1.0215036972678561e-04  9.1407952838974715e-05  7.6953652391465459e-08  -8.2521268499927456e-09  -1.0349965359048234e-05  1.7510473890571736e-16  7.6953649026096251e-08  8.2521273883229040e-09  1.0215036972683928e-04  -9.1407952837762549e-05
1.5999999999999700e+01  1.2483927737118188e-02  -2.2041711560398252e-03  8.3798835711067922e-07  -6.0902035620787899e-06  -8.8808944698933259e-03  1.5613211780038643e-14  8.3798834151246395e-07  6.0902035303460380e-06  1.2483927737192880e-02  2.2041711561100194e-03  1.3414333720828729e-04  6.6666177244953945e-05  8.0529143477993777e-08  -2.4709244379566652e-08  -2.8678278396724658e-05  -3.5584452331172156e-15  8.0529141566499091e-08  2.4709246549425620e-08  1.3414333721492252e-04  -6.6666177242746130e-05
1.6499999999999801e+01  1.3036521065542057e-02  -2.4402555372457762e-03  6.2260659566934753e-07  -6.3208185359941877e-06  -9.3944033279234462e-03  -3.2837660114377139e-14  6.2260664479144021e-07  6.3208187125382571e-06  1.3036521065622159e-02  2.4402555373232082e-03  1.6960743783962854e-04  3.9743565574558536e-05  7.0321449711366776e-08  -4.2980877304289231e-08  -4.9018344539094524e-05  1.2790914834567141e-15  7.0321448810342506e-08  4.2980875431598812e-08  1.6960743783960011e-04  -3.9743565572734041e-05
1.6999999999999901e+01  1.3483830263153227e-02  -2.6848808869218374e-03  4.7663382690791557e-07  -6.4630638264945265e-06  -9.8274188057677417e-03  3.5434078360287863e-14  4.7663390702760521e-07  6.4630636743299110e-06  1.3483830263149039e-02  2.6848808869904262e-03  2.0891131502774864e-04  1.0233530377725034e-05  3.7284332616127529e-08  -6.3461668524925220e-08  -7.1626552171257876e-05  5.5163285387732327e-16  3.7284334040646119e-08  6.3461668649465771e-08  2.0891131502511563e-04  -1.0233530376966157e-05
1.7499999999999901e+01  1.3810362746793103e-02  -2.9400539857484262e-03  3.8511066888213338e-07  -6.5821051253146227e-06  -1.0176267458448967e-02  2.7100746302567875e-14  3.8511065243648415e-07  6.5821051844745216e-06  1.3810362746735512e-02  2.9400539857270015e-03  2.5249481174876388e-04  -2.2086562391893971e-05  -1.9170703641270001e-08  -8.6434049955616242e-08  -9.6730410856364545e-05  8.5684264757468920e-16  -1.9170702369359613e-08  8.6434054441807729e-08  2.5249481175055249e-04  2.2086562389354424e-05
1.8000000000000000e+01  1.4009467681300847e-02  -3.2003363482261881e-03  -4.8993278255991909e-08  -6.6065688829082167e-06  -1.0419232985884461e-02  1.9915348870350701e-14  -4.8993264216033846e-08  6.6065689351311301e-06  1.4009467681331968e-02  3.2003363482494751e-03  3.0083196688816165e-04  -5.7283076441538416e-05  -8.2939575885660846e-08  -1.1192253328211383e-07  -1.2459829047372324e-04  1.8446630585744949e-15  -8.2939573864605572e-08  1.1192252900145835e-07  3.0083196689342019e-04  5.7283076439989260e-05
1.8500000000000099e+01  1.4068085033108434e-02  -3.4708960106079197e-03  -6.9787931636572898e-08  -6.5761753974741693e-06  -1.0553831868649100e-02  -5.5924574460285495e-14  -6.9787914797269598e-08  6.5761753013028803e-06  1.4068085032965433e-02  3.4708960106047430e-03  3.5449566292735496e-04  -9.5086899566321516e-05  -1.2045430993618558e-07  -1.3981625808687124e-07  -1.5554842715354158e-04  6.3676919419703706e-16  -1.2045430706846748e-07  1.3981627224835016e-07  3.5449566291446331e-04  9.5086899560376686e-05
1.9000000000000199e+01  1.3981279199819221e-02  -3.7535450481069395e-03  -3.6140706495778218e-07  -6.4801512683869239e-06  -1.0574820994617894e-02  1.2187154090808131e-14  -3.6140698851827652e-07  6.4801511632594422e-06  1.3981279199706841e-02  3.7535450481517392e-03  4.1417083738696663e-04  -1.3542269151718990e-04  -1.3242367787738488e-07  -1.7130686799826764e-07  -1.9000101602641565e-04  -1.5965041102482583e-15  -1.3242368005659829e-07  1.7130686453987749e-07  4.1417083738610154e-04  1.3542269152423363e-04
1.9500000000000199e+01  1.3741297080425229e-02  -4.0439226313094155e-03  -6.4901535046823361e-07  -6.3267732382787736e-06  -1.0476803173978621e-02  1.4236746818333673e-14  -6.4901524690759886e-07  6.3267734076405279e-06  1.3741297080646062e-02  4.0439226313513455e-03  4.8049646601226829e-04  -1.7889745952081665e-04  -1.5397967836860487e-07  -2.0633467765070622e-07  -2.2842509568211025e-04  9.4336309266977573e-17  -1.5397968358237832e-07  2.0633468083848676e-07  4.8049646600723949e-04  1.7889745951711990e-04
2.0000000000000298e+01  1.3347484623703840e-02  -4.3419194474653682e-03  -7.9748615590573101e-07  -6.1069324435830280e-06  -1.0265206335503138e-02  -7.9665759395147057e-14  -7.9748604907085080e-07  6.1069325876081956e-06  1.3347484623813827e-02  4.3419194473350515e-03  5.5422365562930471e-04  -2.2644303755781387e-04  -2.0134383391988459e-07  -2.4528668730022135e-07  -2.7138807069588026e-04  2.7079505680866053e-15  -2.0134382607077991e-07  2.4528668504796455e-07  5.5422365562671845e-04  2.2644303756075418e-04
2.0500000000000401e+01  1.2803610695911594e-02  -4.6477964916839028e-03  -8.1250279443550816e-07  -5.8378495236163160e-06  -9.9247841536147137e-03  -9.9199111652879118e-14  -8.1250263574011228e-07  5.8378494146180733e-06  1.2803610695946495e-02  4.6477964917078403e-03  6.3613522763484134e-04  -2.7878903639065610e-04  -2.5207846766561211e-07  -2.8836182552898332e-07  -3.1930062676039468e-04  1.3563917102231416e-15  -2.5207846179122543e-07  2.8836182242472896e-07  6.3613522763223231e-04  2.7878903639178096e-04
2.1000000000000501e+01  1.2108320553102077e-02  -4.9579041540806354e-03  -1.1946678297059713e-06  -5.5229073175805973e-06  -9.4769544543957616e-03  -8.8420434439951540e-14  -1.1946676048136539e-06  5.5229072380785668e-06  1.2108320553009698e-02  4.9579041541649065e-03  7.2708333430385489e-04  -3.3582037012665287e-04  -2.7410584613166220e-07  -3.3616298240197794e-07  -3.7265083547325084e-04  5.5244064537631805e-15  -2.7410584165537492e-07  3.3616297911794729e-07  7.2708333430150445e-04  3.3582037014137314e-04
2.1500000000000600e+01  1.1272657699532909e-02  -5.2701684085681363e-03  -1.5231543408719853e-06  -5.1624216903115730e-06  -8.9125733163581359e-03  -1.8155304191448673e-15  -1.5231543176899292e-06  5.1624215641055104e-06  1.1272657699519737e-02  5.2701684085737603e-03  8.2801435543615573e-04  -3.9666546563507009e-04  -2.9688376676032044e-07  -3.8910859869351285e-07  -4.3210781274619141e-04  3.1186433599390194e-15  -2.9688375983807931e-07  3.8910861209023549e-07  8.2801435543900198e-04  3.9666546564234726e-04
2.2000000000000600e+01  1.0300861399359576e-02  -5.5823121898273941e-03  -1.5814852769324069e-06  -4.7586201870248326e-06  -8.2559060508223571e-03  -7.2016909579905586e-14  -1.5814851788223670e-06  4.7586202276816382e-06  1.0300861399144469e-02  5.5823121898551150e-03  9.3997095547963762e-04  -4.6105233927313497e-04  -3.5201377950813881e-07  -4.4795842073962571e-07  -4.9841732337004799e-04  4.6658592847310400e-15  -3.5201377433924439e-07  4.4795841645799656e-07  9.3997095547785779e-04  4.6105233927941336e-04
2.2500000000000700e+01  9.2027749068872219e-03  -5.8926910786794764e-03  -1.7708906641059412e-06  -4.3154196023036308e-06  -7.5066971087338844e-03  -6.1294963245653311e-14  -1.7708905655006854e-06  4.3154196015662446e-06  9.2027749070919228e-03  5.8926910785149162e-03  1.0641688325246229e-03  -5.3003893534074435e-04  -4.0577665665246431e-07  -5.1434860585100597e-07  -5.7227953030596003e-04  -1.2199958476113537e-15  -4.0577665109258102e-07  5.1434860564270490e-07  1.0641688325155952e-03  5.3003893533948787e-04
2.3000000000000799e+01  7.9929892226126998e-03  -6.2000058912839648e-03  -3.9711356354623027e-06  -3.8284161561642984e-06  -6.6782696210670222e-03  -1.1108911642139507e-14  -3.9711357183413502e-06  3.8284162632102343e-06  7.9929892227179524e-03  6.2000058913851772e-03  1.2018361569543611e-03  -6.0526074727337105e-04  -4.4433766460192879e-07  -5.8794364611877091e-07  -6.5464977501278332e-04  -1.8661512256551525e-15  -4.4433766752691503e-07  5.8794364143389997e-07  1.2018361569496761e-03  6.0526074727756550e-04
2.3500000000000899e+01  6.6809338235674729e-03  -6.5007456390175165e-03  -4.0558932090154378e-06  -3.2536963086191870e-06  -5.7679121442243608e-03  1.3358993002521996e-13  -4.0558931242972057e-06  3.2536963830540796e-06  6.6809338236295179e-03  6.5007456389844882e-03  1.3540940553578100e-03  -6.8741068958310921e-04  -5.2411456187350630e-07  -6.6670640002661858e-07  -7.4635728846921153e-04  -2.6157531493603428e-15  -5.2411457086447633e-07  6.6670639105834543e-07  1.3540940553583296e-03  6.8741068958091294e-04
2.4000000000000998e+01  5.2801712000851084e-03  -6.7895303576661556e-03  -4.0347071408108754e-06  -2.6952008051962629e-06  -4.7937408338914207e-03  7.3083222416545079e-14  -4.0347071525821414e-06  2.6952007329745340e-06  5.2801712002772090e-03  6.7895303574901237e-03  1.5220238502053310e-03  -7.7600857618576665e-04  -7.1026484897300386e-07  -7.5157541028767789e-07  -8.4891325741263783e-04  4.8670444327805133e-15  -7.1026484832094001e-07  7.5157541057330163e-07  1.5220238502055049e-03  7.7600857619737076e-04
2.4500000000000998e+01  3.7997695626657470e-03  -7.0616091292082196e-03  -3.8043551393871012e-06  -2.1255981164366569e-06  -3.7766384932743729e-03  -9.4631184941081081e-14  -3.8043550364311087e-06  2.1255983259186303e-06  3.7997695627340908e-03  7.0616091292019798e-03  1.7068442509560568e-03  -8.7047219599441987e-04  -9.3051004867320755e-07  -8.4599037005226684e-07  -9.6316279219020172e-04  3.8355266508230423e-15  -9.3051003702755823e-07  8.4599037180462629e-07  1.7068442509538049e-03  8.7047219599286783e-04
2.5000000000001101e+01  2.2583248224434726e-03  -7.3164534263244242e-03  -4.1021277600039692e-06  -1.5761340532703788e-06  -2.7204678358635735e-03  -2.8080836267374565e-16  -4.1021275761165451e-06  1.5761341365679892e-06  2.2583248224477257e-03  7.3164534262061057e-03  1.9089836762209221e-03  -9.7072912697860594e-04  -1.1053051790386572e-06  -1.0071884814138212e-06  -1.0886769210266239e-03  -6.4263595614795716e-16  -1.1053051785951069e-06  1.0071884842543710e-06  1.9089836762202557e-03  9.7072912698098447e-04
2.5500000000001201e+01  6.6919451224580113e-04  -7.5458894364308932e-03  -4.3681632476702963e-06  -1.0278962731169677e-06  -1.6411385315864295e-03  4.7213752005226262e-15  -4.3681630796204664e-06  1.0278962916129924e-06  6.6919451208716414e-04  7.5458894364707797e-03  2.1310204343764050e-03  -1.0765585660503358e-03  -1.0696752755529669e-06  -1.1307180463446817e-06  -1.2298461844500543e-03  3.7511335819145441e-15  -1.0696752708727662e-06  1.1307180498780669e-06  2.1310204343712256e-03  1.0765585660488894e-03
2.6000000000001300e+01  -9.6831537158253631e-04  -7.7483790922607005e-03  -4.1630436562091008e-06  -5.0936388719079356e-07  -5.3364686377357950e-04  -1.0325304521975609e-14  -4.1630437017297881e-06  5.0936408067689831e-07  -9.6831537145751153e-04  7.7483790923690392e-03  2.3733759001646178e-03  -1.1867281212733830e-03  -1.0313627662065242e-06  -1.2637406992361149e-06  -1.3860642486917636e-03  1.6932723305161418e-15  -1.0313627717011221e-06  1.2637406943129851e-06  2.3733759001581213e-03  1.1867281212714111e-03
2.6500000000001300e+01  -2.6431549890481962e-03  -7.9162253082040498e-03  -3.8632081750210702e-06  -2.0604505615157727e-08  5.8719107296328465e-04  7.0615618929549540e-14  -3.8632084131950230e-06  2.0604320673850113e-08  -2.6431549888914570e-03  7.9162253080891868e-03  2.6370046542104264e-03  -1.3003263066875975e-03  -1.1489777985234921e-06  -1.4056848400445736e-06  -1.5585184112205345e-03  3.2023229359383538e-15  -1.1489778030312972e-06  1.4056848373906358e-06  2.6370046542217927e-03  1.3003263066901740e-03
2.7000000000001400e+01  -4.3384349799913211e-03  -8.0443699503148260e-03  -4.1809702283964193e-06  4.4142028086327205e-07  1.7062120916030419e-03  1.7301969319066801e-14  -4.1809702565770208e-06  -4.4142017111366481e-07  -4.3384349801047096e-03  8.0443699504567957e-03  2.9222435757732751e-03  -1.4172798929480916e-03  -1.3472196106496247e-06  -1.5540447652171402e-06  -1.7495473147162910e-03  3.2312994036683314e-15  -1.3472196134399581e-06  1.5540447606326536e-06  2.9222435757762233e-03  1.4172798929499059e-03
2.7500000000001499e+01  -6.0336267808515599e-03  -8.1342647404458856e-03  -4.4064443943181707e-06  8.8792092603987100e-07  2.8104874393400127e-03  3.9657445621670007e-14  -4.4064445657745867e-06  -8.8792106524428671e-07  -6.0336267807144500e-03  8.1342647405366793e-03  3.2290920773729078e-03  -1.5379239486157290e-03  -1.4695110179616841e-06  -1.7120988285314885e-06  -1.9600255397003541e-03  7.3200957878631059e-15  -1.4695110232058442e-06  1.7120988290266902e-06  3.2290920773595500e-03  1.5379239486120904e-03
2.8000000000001599e+01  -7.7324049049656649e-03  -8.1758082908423221e-03  -4.3361418909254699e-06  1.2898378876275011e-06  3.8964534539316833e-03  6.7403493810708204e-17  -4.3361419404166326e-06  -1.2898379418104778e-06  -7.7324049049430164e-03  8.1758082910188320e-03  3.5570890726070400e-03  -1.6620492852209472e-03  -1.5531228882845842e-06  -1.8809734676553533e-06  -2.1900542330626602e-03  4.0342723439844232e-15  -1.5531228861890772e-06  1.8809734650610965e-06  3.5570890726099001e-03  1.6620492852175853e-03
2.8500000000001702e+01  -9.4276589434975633e-03  -8.1622810529624022e-03  -4.4128823382554209e-06  1.6557820814568504e-06  4.9772044078404366e-03  -9.7698589398686336e-14  -4.4128823723861171e-06  -1.6557820796983014e-06  -9.4276589433835364e-03  8.1622810529718981e-03  3.9051381205513391e-03  -1.7889359919264713e-03  -1.6749285998424606e-06  -2.0549857372013199e-06  -2.4412251469864395e-03  4.1040969755957394e-15  -1.6749285994998370e-06  2.0549857357253565e-06  3.9051381205547240e-03  1.7889359919242428e-03
2.9000000000001702e+01  -1.1113415562518429e-02  -8.0846199127025745e-03  -4.2097402322522336e-06  1.9961964595205941e-06  6.0707449165732300e-03  -2.8593785867704613e-14  -4.2097402246341591e-06  -1.9961962449428175e-06  -1.1113415562483256e-02  8.0846199126458403e-03  4.2715067930280369e-03  -1.9177830282204051e-03  -1.8460153981719381e-06  -2.2327025387125147e-06  -2.7136807940681255e-03  4.5314399205621109e-15  -1.8460153944994516e-06  2.2327025358667220e-06  4.2715067930335802e-03  1.9177830282145049e-03
2.9500000000001801e+01  -1.2771943594783801e-02  -7.9417537949714422e-03  -4.6756151977962649e-06  2.3338664947936953e-06  7.1324795405460651e-03  2.8381163657284839e-14  -4.6756150720150622e-06  -2.3338666746512635e-06  -1.2771943594702809e-02  7.9417537950807766e-03  4.6536039076180329e-03  -2.0483025400573796e-03  -1.9640189062260188e-06  -2.4124271347262269e-06  -3.0063760242491273e-03  4.5895612038203328e-15  -1.9640188901736200e-06  2.4124271397827625e-06  4.6536039076270448e-03  2.0483025400561241e-03
3.0000000000001901e+01  -1.4389359946452423e-02  -7.7300666743232785e-03  -5.5585715525917429e-06  3.5193020192555983e-06  8.1364518261251729e-03  5.1675924959493705e-14  -5.5585714475571307e-06  -3.5193019146583727e-06  -1.4389359946554081e-02  7.7300666744734457e-03  5.0482953573766122e-03  -2.1797253976343182e-03  -2.0293963789918737e-06  -2.5943274008903652e-06  -3.3181611782918483e-03  4.9740739278087906e-15  -2.0293963773505055e-06  2.5943273992893565e-06  5.0482953573857446e-03  2.1797253976295053e-03
3.0500000000002000e+01  -1.5977040308584482e-02  -7.4349526179277228e-03  -5.8416031743834552e-06  3.9207292502047529e-06  9.1032707572187010e-03  4.1646228159846269e-14  -5.8416030904469065e-06  -3.9207290641730149e-06  -1.5977040308376433e-02  7.4349526180301512e-03  5.4510522351103978e-03  -2.3107093072483017e-03  -2.0936627991748952e-06  -2.7711270233052841e-06  -3.6477422078001246e-03  6.3552373812721802e-15  -2.0936628163789191e-06  2.7711270204688376e-06  5.4510522351108887e-03  2.3107093072543259e-03
3.1000000000002000e+01  -1.7513010484061967e-02  -7.0535005787489037e-03  -6.1608521383782675e-06  4.2656451094407658e-06  1.0018017484021487e-02  1.6402576776068092e-13  -6.1608522762707709e-06  -4.2656450832040007e-06  -1.7513010483885889e-02  7.0535005788135707e-03  5.8568531623241658e-03  -2.4399176504623808e-03  -2.2017662292044124e-06  -2.9418928604030395e-06  -3.9921180520857344e-03  5.8581222148581039e-16  -2.2017662385694644e-06  2.9418928524413881e-06  5.8568531623356974e-03  2.4399176504757672e-03
3.1500000000002100e+01  -1.8983838156427790e-02  -6.5843407823157219e-03  -6.3539632985324205e-06  4.5733443353043935e-06  1.0873121940444057e-02  -2.1648273248347540e-14  -6.3539633125618941e-06  -4.5733442914082764e-06  -1.8983838156227260e-02  6.5843407823671070e-03  6.2592772536866140e-03  -2.5666850861020482e-03  -2.3309327194818967e-06  -3.1032331223467222e-06  -4.3463187595449600e-03  3.1049940857385064e-15  -2.3309327215599294e-06  3.1032331293639523e-06  6.2592772536848879e-03  2.5666850861138469e-03
3.2000000000002203e+01  -2.0397926044915450e-02  -6.0169674327255557e-03  -6.6567184519844457e-06  4.9422631150732440e-06  1.1698382280980402e-02  1.3281279762490487e-13  -6.6567184743589353e-06  -4.9422629936688418e-06  -2.0397926044394984e-02  6.0169674328447720e-03  6.6501706039806168e-03  -2.6917067732522785e-03  -2.4427490418903547e-06  -3.2511105653281649e-06  -4.7033265194882969e-03  4.9989766964580670e-17  -2.4427490394605052e-06  3.2511105698977632e-06  6.6501706039910980e-03  2.6917067732620294e-03
3.2500000000002103e+01  -2.1743048923450498e-02  -5.3541635897382776e-03  -6.6832951821083217e-06  5.3283426769887057e-06  1.2491499235296889e-02  1.0700809812899670e-13  -6.6832951918786494e-06  -5.3283424217765174e-06  -2.1743048923477188e-02  5.3541635897163715e-03  7.0197205804511005e-03  -2.8163338865548190e-03  -2.5132975602137833e-06  -3.3811589200261708e-06  -5.0557077532013030e-03  -4.8807393673508392e-15  -2.5132975603147475e-06  3.3811589112537123e-06  7.0197205804525499e-03  2.8163338865643010e-03
3.3000000000001997e+01  -2.2991226427819221e-02  -4.5925090205905274e-03  -6.9410749988584497e-06  5.7144186623731561e-06  1.3221934900534671e-02  -3.0007883656223144e-14  -6.9410750759781975e-06  -5.7144184284085623e-06  -2.2991226427454818e-02  4.5925090204848385e-03  7.3571120536976365e-03  -2.9397456135205331e-03  -2.5123903685772526e-06  -3.4859324046863319e-06  -5.3940833543780799e-03  -7.9855873399059443e-15  -2.5123903589875140e-06  3.4859324128107454e-06  7.3571120537024391e-03  2.9397456135065989e-03
3.3500000000001897e+01  -2.4139943924413869e-02  -3.7324910577253897e-03  -8.3081944212779686e-06  6.1750928555484957e-06  1.3896896612253604e-02  1.8397292695336576e-13  -8.3081945495882609e-06  -6.1750927824780601e-06  -2.4139943924462219e-02  3.7324910577505345e-03  7.6513296000206513e-03  -3.0579409542364666e-03  -2.3890643238634916e-06  -3.5556715657485609e-06  -5.7092002398653760e-03  -1.5220775486345095e-14  -2.3890643371911654e-06  3.5556715695059288e-06  7.6513296000039139e-03  3.0579409542305439e-03
3.4000000000001798e+01  -2.5178260917295296e-02  -2.7735372974575837e-03  -8.5294652371889284e-06  6.6678194784853419e-06  1.4515078385593200e-02  1.8484665837911751e-13  -8.5294649789741701e-06  -6.6678193637508887e-06  -2.5178260917357059e-02  2.7735372971392060e-03  7.8931556107585555e-03  -3.1675862445731369e-03  -2.2043489575139468e-06  -3.5828980861960624e-06  -5.9892509925639830e-03  -8.4032995202620343e-15  -2.2043489479481149e-06  3.5828980819907678e-06  7.8931556107477725e-03  3.1675862445847006e-03
3.4500000000001698e+01  -2.6089525160641395e-02  -1.7116929897690277e-03  -8.2567112166478346e-06  7.2304041394952832e-06  1.5051370158065718e-02  -1.5631529545149375e-13  -8.2567108572742709e-06  -7.2304040306277936e-06  -2.6089525160802578e-02  1.7116929894648626e-03  8.0726128828015869e-03  -3.2692033067923563e-03  -2.0437674979076169e-06  -3.5725247723534289e-06  -6.2254739980716726e-03  -1.0100061097125272e-14  -2.0437674874241883e-06  3.5725247605798348e-06  8.0726128828006970e-03  3.2692033068107769e-03
3.5000000000001599e+01  -2.6867868009488326e-02  -5.5180731118132211e-04  -8.2537234627536773e-06  7.7454877901188554e-06  1.5509384547634120e-02  9.0593426315364878e-15  -8.2537232394914337e-06  -7.7454875949401806e-06  -2.6867868009772013e-02  5.5180731074648212e-04  8.1799852042503882e-03  -3.3654264475665892e-03  -1.9723575731116564e-06  -3.5316260390437733e-06  -6.4084120823006199e-03  -1.8348537817705797e-14  -1.9723575530600525e-06  3.5316260274061522e-06  8.1799852042396207e-03  3.3654264475726911e-03
3.5500000000001499e+01  -2.7494483321000362e-02  7.0082386698494818e-04  -8.1340033219575979e-06  8.2359294318828615e-06  1.5884221745395614e-02  -1.8318789681785047e-13  -8.1340035153915170e-06  -8.2359292457126583e-06  -2.7494483320714691e-02  -7.0082386730227454e-04  8.2037942726191776e-03  -3.4586269092120184e-03  -1.9576030118206649e-06  -3.4434600405152349e-06  -6.5273935578771007e-03  -4.5486177487324281e-15  -1.9576029954190641e-06  3.4434600438787812e-06  8.2037942726166102e-03  3.4586269092191668e-03
3.6000000000001400e+01  -2.7944680719535705e-02  2.0331967273231888e-03  -1.0628437184271358e-05  7.1224860250453116e-06  1.6180459226546762e-02  1.4662522498237740e-13  -1.0628437076296218e-05  -7.1224855978180637e-06  -2.7944680719120006e-02  -2.0331967275056839e-03  8.1348247744256058e-03  -3.5484978335987532e-03  -2.0597325119338138e-06  -3.2982131222954701e-06  -6.5738216099961670e-03  -6.6230485527659006e-15  -2.0597325155812190e-06  3.2982131300633733e-06  8.1348247744348311e-03  3.5484978336068436e-03
3.6500000000001300e+01  -2.8223361963134162e-02  3.4445894725350186e-03  -8.5704686770439256e-06  6.4727318562486832e-06  1.6390671367000849e-02  -3.6643404239741773e-14  -8.5704687007022554e-06  -6.4727318535471461e-06  -2.8223361962988313e-02  -3.4445894724957327e-03  7.9637142135147200e-03  -3.6338597060002688e-03  -2.2675084171390221e-06  -3.1238289017915097e-06  -6.5398311461455378e-03  -7.5431327977649640e-15  -2.2675084224557306e-06  3.1238289121837374e-06  7.9637142135221030e-03  3.6338597060095248e-03
3.7000000000001201e+01  -2.8323882086035895e-02  4.9161781670558598e-03  -1.0856151228908603e-05  8.2336824349167523e-06  1.6487737700822701e-02  -1.8165407600443523e-13  -1.0856151366289890e-05  -8.2336826687208105e-06  -2.8323882086106377e-02  -4.9161781667818568e-03  7.6832708727740742e-03  -3.7124284995808405e-03  -2.4828419202867141e-06  -2.9237252756587739e-06  -6.4206153267301726e-03  -9.3739357503444184e-15  -2.4828419134585791e-06  2.9237252690868557e-06  7.6832708727744741e-03  3.7124284995841599e-03
3.7500000000001101e+01  -2.8230863043415686e-02  6.4467317511963688e-03  -1.4465002580392588e-05  1.1169981044605579e-05  1.6466657822309723e-02  5.1266689461357262e-14  -1.4465002844438289e-05  -1.1169981427872476e-05  -2.8230863043809978e-02  -6.4467317510404814e-03  7.2878393369001883e-03  -3.7832726716891755e-03  -2.5959512535444803e-06  -2.6793701352049776e-06  -6.2103547907170912e-03  -1.3514935833869660e-14  -2.5959512608965573e-06  2.6793701322330465e-06  7.2878393368975185e-03  3.7832726716822735e-03
3.8000000000001002e+01  -2.7925898310779455e-02  8.0222783974855001e-03  -1.3999070577720676e-05  1.1369938233779726e-05  1.6348336393946446e-02  -8.3618943475145813e-14  -1.3999070547790955e-05  -1.1369938810101547e-05  -2.7925898311121161e-02  -8.0222783971324804e-03  6.7753116658414341e-03  -3.8452430072094977e-03  -2.5579672950593126e-06  -2.3867993923848647e-06  -5.9031794739325509e-03  -4.7871379915145028e-15  -2.5579673045999050e-06  2.3867993839325707e-06  6.7753116658472801e-03  3.8452430072143879e-03
3.8500000000000902e+01  -2.7401560785578361e-02  9.6216072418992323e-03  -1.2844259517472566e-05  1.2557542609010654e-05  1.6126610481864721e-02  9.2891785843235430e-14  -1.2844259811684524e-05  -1.2557543044283534e-05  -2.7401560786069430e-02  -9.6216072417245266e-03  6.1440209043064969e-03  -3.8977426057081538e-03  -2.4435376121984218e-06  -2.0447333947464977e-06  -5.4995571270326270e-03  -3.5981832544420590e-15  -2.4435376171828231e-06  2.0447333840251857e-06  6.1440209043117323e-03  3.8977426057133268e-03
3.9000000000000803e+01  -2.6654876315164382e-02  1.1223246328841941e-02  -1.3502193121522243e-05  1.2742665449898160e-05  1.5798454139478110e-02  5.1562961257516082e-14  -1.3502193503755774e-05  -1.2742665659689388e-05  -2.6654876315130395e-02  -1.1223246328957005e-02  5.3989374541085636e-03  -3.9400836520851381e-03  -2.3156317551584600e-06  -1.6673763707848067e-06  -5.0002154633177875e-03  1.1589799351350086e-14  -2.3156317433188054e-06  1.6673763435387915e-06  5.3989374541360295e-03  3.9400836520824952e-03
3.9500000000000703e+01  -2.5694269772907646e-02  1.2818675404538580e-02  -1.0500652828759097e-05  1.3747883293794319e-05  1.5349360077273293e-02  6.7564768883865423e-15  -1.0500653178197340e-05  -1.3747883436238862e-05  -2.5694269772352844e-02  -1.2818675404397817e-02  4.5421186867205202e-03  -3.9724223250462059e-03  -2.1955624990939518e-06  -1.2476122378031176e-06  -4.4100847652254506e-03  5.6724949444673239e-16  -2.1955624787066121e-06  1.2476122358212119e-06  4.5421186867223018e-03  3.9724223250261091e-03
4.0000000000000597e+01  -2.4514470401275867e-02  1.4394125249834019e-02  -9.0202401226180072e-06  1.3650948503894940e-05  1.4779717594380185e-02  -5.2116134758445343e-14  -9.0202404668563830e-06  -1.3650948659981919e-05  -2.4514470400740007e-02  -1.4394125249811910e-02  3.5822396303934931e-03  -3.9923817113993176e-03  -2.1091410862494368e-06  -8.0481083404494179e-07  -3.7347480642906392e-03  -3.4143728697231396e-15  -2.1091410911478707e-06  8.0481082254384172e-07  3.5822396303573220e-03  3.9923817113622310e-03
4.0500000000000497e+01  -2.3114933029463776e-02  1.5934271897773883e-02  -5.0099419162112730e-06  1.3153176883092957e-05  1.4096578689363669e-02  -2.0799684132162544e-13  -5.0099423541608738e-06  -1.3153177072269214e-05  -2.3114933029272377e-02  -1.5934271897711513e-02  2.5270966002535478e-03  -3.9983858058682403e-03  -2.0152175229854775e-06  -3.4736194379606344e-07  -2.9792156312205284e-03  -1.2936098928704488e-14  -2.0152175177174785e-06  3.4736192323536081e-07  2.5270966002154602e-03  3.9983858058586274e-03
4.1000000000000398e+01  -2.1495764326226387e-02  1.7408998208745800e-02  -5.9148875883185506e-06  1.3782443644126115e-05  1.3311148979363297e-02  -4.0010543164194223e-14  -5.9148882084795573e-06  -1.3782444184047702e-05  -2.1495764326014178e-02  -1.7408998208317192e-02  1.3863181338369212e-03  -3.9875816592242295e-03  -1.9210138589357457e-06  1.3064380787722255e-07  -2.1575703556710696e-03  -9.9287338604665126e-15  -1.9210138340945843e-06  -1.3064383419285108e-07  1.3863181337990115e-03  3.9875816592316064e-03
4.1500000000000298e+01  -1.9675038013664645e-02  1.8794640679384435e-02  -5.1325870790164672e-06  1.3937315552884030e-05  1.2418777204865040e-02  -9.0816270519392117e-14  -5.1325874105666588e-06  -1.3937315980915711e-05  -1.9675038013888816e-02  -1.8794640679015363e-02  1.7246078392025354e-04  -3.9594021270152420e-03  -1.8649715430693988e-06  6.2999111660278863e-07  -1.2761442335024527e-03  -9.4225215601989251e-15  -1.8649715140643664e-06  -6.2999115483493414e-07  1.7246078389053838e-04  3.9594021270176853e-03
