# thinned to dt=0.05 from the every-step stream; the last 1 time units are kept whole (the death window)
#       time           min_lapse             min_chi           max_abs_K         min_lapse_x         min_lapse_y         min_lapse_z             min_phi             max_phi              min_Pi              max_Pi
   0.0000000    2.0188051901e-01    3.4750682678e-07    0.0000000000e+00    0.0000000000e+00    0.0000000000e+00    0.0000000000e+00   -9.0441482811e-01    9.0441482811e-01    0.0000000000e+00    0.0000000000e+00
   0.0500000    2.0193253327e-01    3.6644477882e-07    3.3390275575e-04    0.0000000000e+00    0.0000000000e+00    0.0000000000e+00   -9.0424277611e-01    9.0424277611e-01   -5.4572006873e-06    5.4572006874e-06
   0.1000000    2.0198304452e-01    3.8525301664e-07    6.2384883189e-04    0.0000000000e+00    0.0000000000e+00    0.0000000000e+00   -9.0407568275e-01    9.0407568275e-01   -1.0915766277e-05    1.0915766278e-05
   0.1500000    2.0203212170e-01    4.0393545317e-07    8.7769735588e-04    0.0000000000e+00    0.0000000000e+00    0.0000000000e+00   -9.0391330555e-01    9.0391330555e-01   -1.6376572504e-05    1.6376572504e-05
   0.2000000    2.0207982877e-01    4.2249578207e-07    1.1015321858e-03    0.0000000000e+00    0.0000000000e+00    0.0000000000e+00   -9.0375541774e-01    9.0375541774e-01   -2.1840746685e-05    2.1840746685e-05
   0.2500000    2.0212622430e-01    4.4093739068e-07    1.3007614928e-03    0.0000000000e+00    0.0000000000e+00    0.0000000000e+00   -9.0360180949e-01    9.0360180949e-01   -2.7309614781e-05    2.7309614782e-05
   0.3000000    2.0217136104e-01    4.5926325485e-07    1.4794161378e-03    0.0000000000e+00    0.0000000000e+00    0.0000000000e+00   -9.0345228934e-01    9.0345228934e-01   -3.2784658004e-05    3.2784658006e-05
   0.3500000    2.0221528508e-01    4.7747580159e-07    1.6409387676e-03    0.0000000000e+00    0.0000000000e+00    0.0000000000e+00   -9.0330668649e-01    9.0330668649e-01   -3.8267477261e-05    3.8267477263e-05
   0.4000000    2.0225803476e-01    4.9557672767e-07    1.7882579878e-03    0.0000000000e+00    0.0000000000e+00    0.0000000000e+00   -9.0316485391e-01    9.0316485391e-01   -4.3759764017e-05    4.3759764018e-05
   0.4500000    2.0229963935e-01    5.1356680517e-07    1.9238692606e-03    0.0000000000e+00    0.0000000000e+00    0.0000000000e+00   -9.0302667159e-01    9.0302667159e-01   -4.9263276411e-05    4.9263276412e-05
   0.5000000    2.0234011782e-01    5.3144569544e-07    2.0495422606e-03    0.0000000000e+00    0.0000000000e+00    0.0000000000e+00   -9.0289204955e-01    9.0289204955e-01   -5.4779819662e-05    5.4779819662e-05
   0.5500000    2.0237947775e-01    5.4921179188e-07    2.1668945870e-03    0.0000000000e+00    0.0000000000e+00    0.0000000000e+00   -9.0276093056e-01    9.0276093056e-01   -6.0311229973e-05    6.0311229973e-05
   0.6000000    2.0241771457e-01    5.6686212091e-07    2.2772622697e-03    0.0000000000e+00    0.0000000000e+00    0.0000000000e+00   -9.0263329119e-01    9.0263329119e-01   -6.5859361313e-05    6.5859361312e-05
   0.6500000    2.0245481137e-01    5.8439231977e-07    2.3817475770e-03    0.0000000000e+00    0.0000000000e+00    0.0000000000e+00   -9.0250914140e-01    9.0250914140e-01   -7.1426074510e-05    7.1426074508e-05
   0.7000000    2.0249073914e-01    6.0179669706e-07    2.4812587371e-03    0.0000000000e+00    0.0000000000e+00    0.0000000000e+00   -9.0238852247e-01    9.0238852247e-01   -7.7013228247e-05    7.7013228246e-05
   0.7500000    2.0252545763e-01    6.1906837767e-07    2.5765429424e-03    0.0000000000e+00    0.0000000000e+00    0.0000000000e+00   -9.0227150333e-01    9.0227150333e-01   -8.2622671609e-05    8.2622671609e-05
   0.8000000    2.0255891673e-01    6.3619952498e-07    2.6682137737e-03    0.0000000000e+00    0.0000000000e+00    0.0000000000e+00   -9.0215817546e-01    9.0215817546e-01   -8.8256237878e-05    8.8256237878e-05
   0.8500000    2.0259105818e-01    6.5318162452e-07    2.7567739885e-03    0.0000000000e+00    0.0000000000e+00    0.0000000000e+00   -9.0204864674e-01    9.0204864674e-01   -9.3915739346e-05    9.3915739346e-05
   0.9000000    2.0262181763e-01    6.7000581057e-07    2.8426344584e-03    0.0000000000e+00    0.0000000000e+00    0.0000000000e+00   -9.0194303470e-01    9.0194303470e-01   -9.9609905993e-05    9.9609905993e-05
   0.9500000    2.0265112686e-01    6.8666321696e-07    2.9261299075e-03    0.0000000000e+00    0.0000000000e+00    0.0000000000e+00   -9.0184145945e-01    9.0184145945e-01   -1.0535147040e-04    1.0535147040e-04
   1.0000000    2.0267891593e-01    7.0314533252e-07    3.0075319922e-03    0.0000000000e+00    0.0000000000e+00    0.0000000000e+00   -9.0174403687e-01    9.0174403687e-01   -1.1112800409e-04    1.1112800410e-04
   1.0500000    2.0270511538e-01    7.1944434375e-07    3.0870601732e-03    0.0000000000e+00    0.0000000000e+00    0.0000000000e+00   -9.0165087220e-01    9.0165087220e-01   -1.1694135924e-04    1.1694135924e-04
   1.1000000    2.0272965819e-01    7.3555345111e-07    3.1648907530e-03    0.0000000000e+00    0.0000000000e+00    0.0000000000e+00   -9.0156205448e-01    9.0156205448e-01   -1.2279335000e-04    1.2279335000e-04
   1.1500000    2.0275248147e-01    7.5146714848e-07    3.2413379086e-03    0.0000000000e+00    0.0000000000e+00    0.0000000000e+00   -9.0147765174e-01    9.0147765174e-01   -1.2868575088e-04    1.2868575088e-04
   1.2000000    2.0277352796e-01    7.6718145799e-07    3.3163765065e-03    0.0000000000e+00    0.0000000000e+00    0.0000000000e+00   -9.0139770726e-01    9.0139770726e-01   -1.3462029533e-04    1.3462029533e-04
   1.2500000    2.0279274722e-01    7.8269411622e-07    3.3900680823e-03    0.0000000000e+00    0.0000000000e+00    0.0000000000e+00   -9.0132223679e-01    9.0132223679e-01   -1.4059867456e-04    1.4059867455e-04
   1.3000000    2.0281009644e-01    7.9800471051e-07    3.4624780877e-03    0.0000000000e+00    0.0000000000e+00    0.0000000000e+00   -9.0125122678e-01    9.0125122678e-01   -1.4662253641e-04    1.4662253641e-04
   1.3500000    2.0282554112e-01    8.1311476588e-07    3.5336558619e-03    0.0000000000e+00    0.0000000000e+00    0.0000000000e+00   -9.0118463340e-01    9.0118463340e-01   -1.5269348453e-04    1.5269348453e-04
   1.4000000    2.0283905535e-01    8.2802778508e-07    3.6036376083e-03    0.0000000000e+00    0.0000000000e+00    0.0000000000e+00   -9.0112238244e-01    9.0112238244e-01   -1.5881307753e-04    1.5881307753e-04
   1.4500000    2.0285062198e-01    8.4274924574e-07    3.6724488693e-03    0.0000000000e+00    0.0000000000e+00    0.0000000000e+00   -9.0106436984e-01    9.0106436984e-01   -1.6498282835e-04    1.6498282835e-04
   1.5000000    2.0286023252e-01    8.5728655913e-07    3.7401065824e-03    0.0000000000e+00    0.0000000000e+00    0.0000000000e+00   -9.0101046274e-01    9.0101046274e-01   -1.7121707368e-04    1.7121707368e-04
   1.5500000    2.0286788696e-01    8.7164899568e-07    3.8066207898e-03    0.0000000000e+00    0.0000000000e+00    0.0000000000e+00   -9.0096050103e-01    9.0096050103e-01   -1.7755281425e-04    1.7755281425e-04
   1.6000000    2.0287359334e-01    8.8584758563e-07    3.8719960591e-03    0.0000000000e+00    0.0000000000e+00    0.0000000000e+00   -9.0091429898e-01    9.0091429898e-01   -1.8394866961e-04    1.8394866961e-04
   1.6500000    2.0287736748e-01    8.9989503421e-07    3.9363048456e-03    0.0000000000e+00    0.0000000000e+00    0.0000000000e+00   -9.0087164753e-01    9.0087164753e-01   -1.9040613059e-04    1.9040613060e-04
   1.7000000    2.0287923228e-01    9.1380551307e-07    3.9996346680e-03    0.0000000000e+00    0.0000000000e+00    0.0000000000e+00   -9.0083231653e-01    9.0083231653e-01   -1.9693263864e-04    1.9693263864e-04
   1.7500000    2.0287921722e-01    9.2759451206e-07    4.0618199518e-03    0.0000000000e+00    0.0000000000e+00    0.0000000000e+00   -9.0079605689e-01    9.0079605689e-01   -2.0360870960e-04    2.0360870960e-04
   1.8000000    2.0287735782e-01    9.4127869410e-07    4.1228528820e-03    0.0000000000e+00    0.0000000000e+00    0.0000000000e+00   -9.0076260280e-01    9.0076260280e-01   -2.1035821881e-04    2.1035821881e-04
   1.8500000    2.0287369505e-01    9.5487572789e-07    4.1827244498e-03    0.0000000000e+00    0.0000000000e+00    0.0000000000e+00   -9.0073167390e-01    9.0073167390e-01   -2.1718267743e-04    2.1718267743e-04
   1.9000000    2.0286827480e-01    9.6840411939e-07    4.2414249147e-03    0.0000000000e+00    0.0000000000e+00    0.0000000000e+00   -9.0070297741e-01    9.0070297741e-01   -2.2415502172e-04    2.2415502172e-04
   1.9500000    2.0286114733e-01    9.8188304482e-07    4.2989441873e-03    0.0000000000e+00    0.0000000000e+00    0.0000000000e+00   -9.0067621006e-01    9.0067621006e-01   -2.3126139534e-04    2.3126139534e-04
   2.0000000    2.0285236673e-01    9.9533218742e-07    4.3552870454e-03    0.0000000000e+00    0.0000000000e+00    0.0000000000e+00   -9.0068368601e-01    9.0068368601e-01   -2.3845588705e-04    2.3845588705e-04
   2.0500000    2.0284199049e-01    1.0087715797e-06    4.4105773573e-03    0.0000000000e+00    0.0000000000e+00    0.0000000000e+00   -9.0069877299e-01    9.0069877299e-01   -2.4585739890e-04    2.4585739890e-04
   2.1000000    2.0283007906e-01    1.0222214522e-06    4.4646605285e-03    0.0000000000e+00    0.0000000000e+00    0.0000000000e+00   -9.0071814506e-01    9.0071814506e-01   -2.5340269463e-04    2.5340269463e-04
   2.1500000    2.0281669543e-01    1.0357020908e-06    4.5175374464e-03    0.0000000000e+00    0.0000000000e+00    0.0000000000e+00   -9.0074160177e-01    9.0074160177e-01   -2.6107833051e-04    2.6107833052e-04
   2.2000000    2.0280190478e-01    1.0492337012e-06    4.5694106980e-03    0.0000000000e+00    0.0000000000e+00    0.0000000000e+00   -9.0076893639e-01    9.0076893639e-01   -2.6901469347e-04    2.6901469347e-04
   2.2500000    2.0278577420e-01    1.0628362840e-06    4.6200536217e-03    0.0000000000e+00    0.0000000000e+00    0.0000000000e+00   -9.0079993687e-01    9.0079993687e-01   -2.7708703181e-04    2.7708703181e-04
   2.3000000    2.0276837237e-01    1.0765295165e-06    4.6694596905e-03    0.0000000000e+00    0.0000000000e+00    0.0000000000e+00   -9.0083438664e-01    9.0083438664e-01   -2.8527825469e-04    2.8527825469e-04
   2.3500000    2.0274976937e-01    1.0903326439e-06    4.7176234520e-03    0.0000000000e+00    0.0000000000e+00    0.0000000000e+00   -9.0087206530e-01    9.0087206530e-01   -2.9376414656e-04    2.9376414656e-04
   2.4000000    2.0273003645e-01    1.1042643786e-06    4.7645405885e-03    0.0000000000e+00    0.0000000000e+00    0.0000000000e+00   -9.0091274926e-01    9.0091274926e-01   -3.0239411774e-04    3.0239411774e-04
   2.4500000    2.0270924587e-01    1.1183428082e-06    4.8102079625e-03    0.0000000000e+00    0.0000000000e+00    0.0000000000e+00   -9.0095621215e-01    9.0095621215e-01   -3.1115724749e-04    3.1115724749e-04
   2.5000000    2.0268747078e-01    1.1325853111e-06    4.8546236512e-03    0.0000000000e+00    0.0000000000e+00    0.0000000000e+00   -9.0100222531e-01    9.0100222531e-01   -3.2014215204e-04    3.2014215204e-04
   2.5500000    2.0266478508e-01    1.1470084796e-06    4.8977869709e-03    0.0000000000e+00    0.0000000000e+00    0.0000000000e+00   -9.0105055804e-01    9.0105055804e-01   -3.2939663529e-04    3.2939663529e-04
   2.6000000    2.0264126336e-01    1.1616280494e-06    4.9396984910e-03    0.0000000000e+00    0.0000000000e+00    0.0000000000e+00   -9.0110097786e-01    9.0110097786e-01   -3.3884646884e-04    3.3884646884e-04
   2.6500000    2.0261698086e-01    1.1764588352e-06    4.9803709626e-03    0.0000000000e+00    0.0000000000e+00    0.0000000000e+00   -9.0115325069e-01    9.0115325069e-01   -3.4844710828e-04    3.4844710828e-04
   2.7000000    2.0259201338e-01    1.1915146731e-06    5.0200210806e-03    0.0000000000e+00    0.0000000000e+00    0.0000000000e+00   -9.0120714096e-01    9.0120714096e-01   -3.5819997147e-04    3.5819997147e-04
   2.7500000    2.0256643728e-01    1.2068083677e-06    5.0584296339e-03    0.0000000000e+00    0.0000000000e+00    0.0000000000e+00   -9.0126241166e-01    9.0126241166e-01   -3.6821799823e-04    3.6821799822e-04
   2.8000000    2.0254032949e-01    1.2223516442e-06    5.0956020405e-03    0.0000000000e+00    0.0000000000e+00    0.0000000000e+00   -9.0131882437e-01    9.0131882437e-01   -3.7848733951e-04    3.7848733951e-04
   2.8500000    2.0251376748e-01    1.2381551059e-06    5.1315449595e-03    0.0000000000e+00    0.0000000000e+00    0.0000000000e+00   -9.0137613923e-01    9.0137613923e-01   -3.8892139551e-04    3.8892139551e-04
   2.9000000    2.0248682933e-01    1.2542281949e-06    5.1662662772e-03    0.0000000000e+00    0.0000000000e+00    0.0000000000e+00   -9.0143411487e-01    9.0143411487e-01   -3.9955687261e-04    3.9955687261e-04
   2.9500000    2.0245959371e-01    1.2705791572e-06    5.1997750850e-03    0.0000000000e+00    0.0000000000e+00    0.0000000000e+00   -9.0149250835e-01    9.0149250835e-01   -4.1039881984e-04    4.1039881984e-04
   3.0000000    2.0243213991e-01    1.2872150121e-06    5.2320816504e-03    0.0000000000e+00    0.0000000000e+00    0.0000000000e+00   -9.0155107503e-01    9.0155107503e-01   -4.2141144599e-04    4.2141144599e-04
   3.0500000    2.0240454794e-01    1.3041415245e-06    5.2631973863e-03    0.0000000000e+00    0.0000000000e+00    0.0000000000e+00   -9.0160956845e-01    9.0160956845e-01   -4.3259591148e-04    4.3259591148e-04
   3.1000000    2.0237689852e-01    1.3213631811e-06    5.2932030650e-03    0.0000000000e+00    0.0000000000e+00    0.0000000000e+00   -9.0166774019e-01    9.0166774019e-01   -4.4408516316e-04    4.4408516316e-04
   3.1500000    2.0234927317e-01    1.3388831702e-06    5.3222202523e-03    0.0000000000e+00    0.0000000000e+00    0.0000000000e+00   -9.0172533970e-01    9.0172533970e-01   -4.5582556630e-04    4.5582556630e-04
   3.2000000    2.0232175422e-01    1.3567033644e-06    5.3500876109e-03    0.0000000000e+00    0.0000000000e+00    0.0000000000e+00   -9.0178211416e-01    9.0178211416e-01   -4.6774850232e-04    4.6774850232e-04
   3.2500000    2.0229442494e-01    1.3748243075e-06    5.3768206552e-03    0.0000000000e+00    0.0000000000e+00    0.0000000000e+00   -9.0183780832e-01    9.0183780832e-01   -4.7985500956e-04    4.7985500956e-04
   3.3000000    2.0226736952e-01    1.3932452045e-06    5.4024359007e-03    0.0000000000e+00    0.0000000000e+00    0.0000000000e+00   -9.0189216429e-01    9.0189216429e-01   -4.9214608289e-04    4.9214608289e-04
   3.3500000    2.0224067321e-01    1.4119639157e-06    5.4269508218e-03    0.0000000000e+00    0.0000000000e+00    0.0000000000e+00   -9.0194492140e-01    9.0194492140e-01   -5.0468751339e-04    5.0468751339e-04
   3.4000000    2.0221442230e-01    1.4309769545e-06    5.4504555533e-03    0.0000000000e+00    0.0000000000e+00    0.0000000000e+00   -9.0199581602e-01    9.0199581602e-01   -5.1742450069e-04    5.1742450069e-04
   3.4500000    2.0218870425e-01    1.4502794895e-06    5.4730271129e-03    0.0000000000e+00    0.0000000000e+00    0.0000000000e+00   -9.0204458140e-01    9.0204458140e-01   -5.3035044259e-04    5.3035044259e-04
   3.5000000    2.0216360773e-01    1.4698653516e-06    5.4947856303e-03    0.0000000000e+00    0.0000000000e+00    0.0000000000e+00   -9.0209094752e-01    9.0209094752e-01   -5.4346615240e-04    5.4346615240e-04
   3.5500000    2.0213922264e-01    1.4897270448e-06    5.5155418211e-03    0.0000000000e+00    0.0000000000e+00    0.0000000000e+00   -9.0213464089e-01    9.0213464089e-01   -5.5677240176e-04    5.5677240176e-04
   3.6000000    2.0211564024e-01    1.5098557638e-06    5.5352974483e-03    0.0000000000e+00    0.0000000000e+00    0.0000000000e+00   -9.0217538445e-01    9.0217538445e-01   -5.7031683166e-04    5.7031683166e-04
   3.6500000    2.0209295316e-01    1.5302414158e-06    5.5540745916e-03    0.0000000000e+00    0.0000000000e+00    0.0000000000e+00   -9.0221289740e-01    9.0221289740e-01   -5.8420849324e-04    5.8420849324e-04
   3.7000000    2.0207125544e-01    1.5508726497e-06    5.5718960218e-03    0.0000000000e+00    0.0000000000e+00    0.0000000000e+00   -9.0224689509e-01    9.0224689509e-01   -5.9829907446e-04    5.9829907446e-04
   3.7500000    2.0205064263e-01    1.5717368911e-06    5.5887851603e-03    0.0000000000e+00    0.0000000000e+00    0.0000000000e+00   -9.0227708887e-01    9.0227708887e-01   -6.1258922759e-04    6.1258922759e-04
   3.8000000    2.0203121182e-01    1.5928203852e-06    5.6048594045e-03    0.0000000000e+00    0.0000000000e+00    0.0000000000e+00   -9.0230318601e-01    9.0230318601e-01   -6.2707956478e-04    6.2707956478e-04
   3.8500000    2.0201306167e-01    1.6141082472e-06    5.6202036803e-03    0.0000000000e+00    0.0000000000e+00    0.0000000000e+00   -9.0232488957e-01    9.0232488957e-01   -6.4177065845e-04    6.4177065845e-04
   3.9000000    2.0199629247e-01    1.6355845211e-06    5.6346872491e-03    0.0000000000e+00    0.0000000000e+00    0.0000000000e+00   -9.0234189836e-01    9.0234189836e-01   -6.5666304157e-04    6.5666304157e-04
   3.9500000    2.0198100618e-01    1.6572322488e-06    5.6483355223e-03    0.0000000000e+00    0.0000000000e+00    0.0000000000e+00   -9.0235390681e-01    9.0235390681e-01   -6.7175720800e-04    6.7175720800e-04
   4.0000000    2.0196730649e-01    1.6790335476e-06    5.6611743649e-03    0.0000000000e+00    0.0000000000e+00    0.0000000000e+00   -9.0236060495e-01    9.0236060495e-01   -6.8705361276e-04    6.8705361276e-04
   4.0500000    2.0195529879e-01    1.7009696997e-06    5.6732300561e-03    0.0000000000e+00    0.0000000000e+00    0.0000000000e+00   -9.0236167834e-01    9.0236167834e-01   -7.0261521046e-04    7.0261521046e-04
   4.1000000    2.0194509027e-01    1.7230212533e-06    5.6846787983e-03    0.0000000000e+00    0.0000000000e+00    0.0000000000e+00   -9.0235680804e-01    9.0235680804e-01   -7.1838131629e-04    7.1838131628e-04
   4.1500000    2.0193678991e-01    1.7451681351e-06    5.6954875175e-03    0.0000000000e+00    0.0000000000e+00    0.0000000000e+00   -9.0234567061e-01    9.0234567061e-01   -7.3435175103e-04    7.3435175103e-04
   4.2000000    2.0193050852e-01    1.7673897780e-06    5.7055905742e-03    0.0000000000e+00    0.0000000000e+00    0.0000000000e+00   -9.0232793808e-01    9.0232793808e-01   -7.5052680950e-04    7.5052680950e-04
   4.2500000    2.0192635874e-01    1.7896652619e-06    5.7150153197e-03    0.0000000000e+00    0.0000000000e+00    0.0000000000e+00   -9.0230327798e-01    9.0230327798e-01   -7.6690674965e-04    7.6690674965e-04
   4.3000000    2.0192445507e-01    1.8119734708e-06    5.7237893350e-03    0.0000000000e+00    0.0000000000e+00    0.0000000000e+00   -9.0227135336e-01    9.0227135336e-01   -7.8349179269e-04    7.8349179269e-04
   4.3500000    2.0192491388e-01    1.8342932661e-06    5.7320369811e-03    0.0000000000e+00    0.0000000000e+00    0.0000000000e+00   -9.0223182282e-01    9.0223182282e-01   -8.0032036891e-04    8.0032036891e-04
   4.4000000    2.0192785341e-01    1.8566036784e-06    5.7398195578e-03    0.0000000000e+00    0.0000000000e+00    0.0000000000e+00   -9.0218434059e-01    9.0218434059e-01   -8.1745940954e-04    8.1745940954e-04
   4.4500000    2.0193339378e-01    1.8788841175e-06    5.7470306042e-03    0.0000000000e+00    0.0000000000e+00    0.0000000000e+00   -9.0212855661e-01    9.0212855661e-01   -8.3480871130e-04    8.3480871130e-04
   4.5000000    2.0194165697e-01    1.9011146032e-06    5.7536980859e-03    0.0000000000e+00    0.0000000000e+00    0.0000000000e+00   -9.0206411658e-01    9.0206411658e-01   -8.5236840071e-04    8.5236840071e-04
   4.5500000    2.0195276682e-01    1.9232760184e-06    5.7598500326e-03    0.0000000000e+00    0.0000000000e+00    0.0000000000e+00   -9.0199066212e-01    9.0199066212e-01   -8.7013856937e-04    8.7013856937e-04
   4.6000000    2.0196684903e-01    1.9453503839e-06    5.7656399852e-03    0.0000000000e+00    0.0000000000e+00    0.0000000000e+00   -9.0190783085e-01    9.0190783085e-01   -8.8811927369e-04    8.8811927369e-04
   4.6500000    2.0198403114e-01    1.9593425000e-06    5.7711843704e-03    0.0000000000e+00    0.0000000000e+00    0.0000000000e+00   -9.0181525659e-01    9.0181525659e-01   -9.0631053530e-04    9.0631053530e-04
   4.7000000    2.0200444247e-01    1.9584825901e-06    5.7763437093e-03    0.0000000000e+00    0.0000000000e+00    0.0000000000e+00   -9.0171256944e-01    9.0171256944e-01   -9.2471234203e-04    9.2471234203e-04
   4.7500000    2.0202821415e-01    1.9597549020e-06    5.7810920168e-03    0.0000000000e+00    0.0000000000e+00    0.0000000000e+00   -9.0159939606e-01    9.0159939606e-01   -9.4334429390e-04    9.4334429390e-04
   4.8000000    2.0205547903e-01    1.9630994054e-06    5.7854569731e-03    0.0000000000e+00    0.0000000000e+00    0.0000000000e+00   -9.0147535975e-01    9.0147535975e-01   -9.6221618623e-04    9.6221618623e-04
   4.8500000    2.0208637170e-01    1.9684509270e-06    5.7895773084e-03    0.0000000000e+00    0.0000000000e+00    0.0000000000e+00   -9.0134008078e-01    9.0134008078e-01   -9.8129882974e-04    9.8129882974e-04
   4.9000000    2.0212102838e-01    1.9757393187e-06    5.7934346483e-03    0.0000000000e+00    0.0000000000e+00    0.0000000000e+00   -9.0119317653e-01    9.0119317653e-01   -1.0005920757e-03    1.0005920757e-03
   4.9500000    2.0215958693e-01    1.9848896483e-06    5.7969841597e-03    0.0000000000e+00    0.0000000000e+00    0.0000000000e+00   -9.0103426179e-01    9.0103426179e-01   -1.0200957434e-03    1.0200957434e-03
   5.0000000    2.0220218676e-01    1.9958224171e-06    5.8002528016e-03    0.0000000000e+00    0.0000000000e+00    0.0000000000e+00   -9.0086294900e-01    9.0086294900e-01   -1.0398096199e-03    1.0398096199e-03
   5.0500000    2.0224896880e-01    2.0084538037e-06    5.8032673583e-03    0.0000000000e+00    0.0000000000e+00    0.0000000000e+00   -9.0067884853e-01    9.0067884853e-01   -1.0597334608e-03    1.0597334608e-03
   5.1000000    2.0230007539e-01    2.0226959379e-06    5.8061621309e-03    0.0000000000e+00    0.0000000000e+00    0.0000000000e+00   -9.0048156900e-01    9.0048156900e-01   -1.0798669903e-03    1.0798669903e-03
   5.1500000    2.0235565026e-01    2.0384572083e-06    5.8088915801e-03    0.0000000000e+00    0.0000000000e+00    0.0000000000e+00   -9.0027071758e-01    9.0027071758e-01   -1.1002099032e-03    1.1002099032e-03
   5.2000000    2.0241583842e-01    2.0556426035e-06    5.8114382914e-03    0.0000000000e+00    0.0000000000e+00    0.0000000000e+00   -9.0004590036e-01    9.0004590036e-01   -1.1207618668e-03    1.1207618668e-03
   5.2500000    2.0248078608e-01    2.0741540905e-06    5.8138279273e-03    0.0000000000e+00    0.0000000000e+00    0.0000000000e+00   -8.9980672270e-01    8.9980672270e-01   -1.1415225221e-03    1.1415225221e-03
   5.3000000    2.0255064057e-01    2.0938910294e-06    5.8160858725e-03    0.0000000000e+00    0.0000000000e+00    0.0000000000e+00   -8.9955278961e-01    8.9955278961e-01   -1.1625188873e-03    1.1625188873e-03
   5.3500000    2.0262555025e-01    2.1147506268e-06    5.8182722698e-03    0.0000000000e+00    0.0000000000e+00    0.0000000000e+00   -8.9928370612e-01    8.9928370612e-01   -1.1838597050e-03    1.1838597050e-03
   5.4000000    2.0270566438e-01    2.1366284323e-06    5.8204468663e-03    0.0000000000e+00    0.0000000000e+00    0.0000000000e+00   -8.9899907766e-01    8.9899907766e-01   -1.2054126847e-03    1.2054126847e-03
   5.4500000    2.0279113309e-01    2.1594188814e-06    5.8225558500e-03    0.0000000000e+00    0.0000000000e+00    0.0000000000e+00   -8.9869851052e-01    8.9869851052e-01   -1.2271773849e-03    1.2271773849e-03
   5.5000000    2.0288210722e-01    2.1830158891e-06    5.8246232178e-03    0.0000000000e+00    0.0000000000e+00    0.0000000000e+00   -8.9838161223e-01    8.9838161223e-01   -1.2491533206e-03    1.2491533206e-03
   5.5500000    2.0288193895e-01    2.2073134965e-06    5.8266724809e-03    0.0000000000e+00    0.0000000000e+00    0.0000000000e+00   -8.9837912582e-01    8.9837912582e-01   -1.2713399666e-03    1.2713399666e-03
   5.6000000    2.0282723844e-01    2.2322065719e-06    5.8287266615e-03    0.0000000000e+00    0.0000000000e+00    0.0000000000e+00   -8.9848816044e-01    8.9848816044e-01   -1.2937367675e-03    1.2937367675e-03
   5.6500000    2.0277816133e-01    2.2575915670e-06    5.8308083624e-03    0.0000000000e+00    0.0000000000e+00    0.0000000000e+00   -8.9857991546e-01    8.9857991546e-01   -1.3163431511e-03    1.3163431511e-03
   5.7000000    2.0273491825e-01    2.2833673336e-06    5.8329399887e-03    0.0000000000e+00    0.0000000000e+00    0.0000000000e+00   -8.9865379869e-01    8.9865379869e-01   -1.3391585398e-03    1.3391585398e-03
   5.7500000    2.0269772167e-01    2.3094360063e-06    5.8351534674e-03    0.0000000000e+00    0.0000000000e+00    0.0000000000e+00   -8.9870921569e-01    8.9870921569e-01   -1.3621823525e-03    1.3621823525e-03
   5.8000000    2.0266678568e-01    2.3357039531e-06    5.8374896355e-03    0.0000000000e+00    0.0000000000e+00    0.0000000000e+00   -8.9874557042e-01    8.9874557042e-01   -1.3854139947e-03    1.3854139947e-03
   5.8500000    2.0264232590e-01    2.3620828009e-06    5.8399386520e-03    0.0000000000e+00    0.0000000000e+00    0.0000000000e+00   -8.9876226593e-01    8.9876226593e-01   -1.4088528414e-03    1.4088528414e-03
   5.9000000    2.0262455928e-01    2.3608736385e-06    5.8425245255e-03    0.0000000000e+00    0.0000000000e+00    0.0000000000e+00   -8.9875870505e-01    8.9875870505e-01   -1.4324982211e-03    1.4324982211e-03
   5.9500000    2.0261370393e-01    2.3582891866e-06    5.8452685017e-03    0.0000000000e+00    0.0000000000e+00    0.0000000000e+00   -8.9873429112e-01    8.9873429112e-01   -1.4563494104e-03    1.4563494104e-03
   6.0000000    2.0260997892e-01    2.3599012972e-06    5.8481872486e-03    0.0000000000e+00    0.0000000000e+00    0.0000000000e+00   -8.9868842873e-01    8.9868842873e-01   -1.4804056429e-03    1.4804056429e-03
   6.0500000    2.0261360412e-01    2.3655169969e-06    5.8512930058e-03    0.0000000000e+00    0.0000000000e+00    0.0000000000e+00   -8.9862052455e-01    8.9862052455e-01   -1.5046661276e-03    1.5046661276e-03
   6.1000000    2.0262479998e-01    2.3749335219e-06    5.8545967317e-03    0.0000000000e+00    0.0000000000e+00    0.0000000000e+00   -8.9852998807e-01    8.9852998807e-01   -1.5291300641e-03    1.5291300641e-03
   6.1500000    2.0264378729e-01    2.3879388155e-06    5.8581862307e-03    0.0000000000e+00    0.0000000000e+00    0.0000000000e+00   -8.9841623255e-01    8.9841623255e-01   -1.5537966477e-03    1.5537966477e-03
   6.2000000    2.0267078698e-01    2.4043120899e-06    5.8620535496e-03    0.0000000000e+00    0.0000000000e+00    0.0000000000e+00   -8.9827867581e-01    8.9827867581e-01   -1.5786650586e-03    1.5786650586e-03
   6.2500000    2.0270601990e-01    2.4238244559e-06    5.8662207918e-03    0.0000000000e+00    0.0000000000e+00    0.0000000000e+00   -8.9811674118e-01    8.9811674118e-01   -1.6037344446e-03    1.6037344446e-03
   6.3000000    2.0274970657e-01    2.4462396236e-06    5.8707215457e-03    0.0000000000e+00    0.0000000000e+00    0.0000000000e+00   -8.9792985836e-01    8.9792985836e-01   -1.6290193546e-03    1.6290193546e-03
   6.3500000    2.0280206692e-01    2.4713146789e-06    5.8755654719e-03    0.0000000000e+00    0.0000000000e+00    0.0000000000e+00   -8.9771746442e-01    8.9771746442e-01   -1.6546834637e-03    1.6546834637e-03
   6.4000000    2.0286332005e-01    2.4988009396e-06    5.8807365729e-03    0.0000000000e+00    0.0000000000e+00    0.0000000000e+00   -8.9747900468e-01    8.9747900468e-01   -1.6805508730e-03    1.6805508730e-03
   6.4500000    2.0278821564e-01    2.5284448966e-06    5.8862076024e-03    0.0000000000e+00    0.0000000000e+00    0.0000000000e+00   -8.9721393371e-01    8.9721393371e-01   -1.7066206818e-03    1.7066206818e-03
   6.5000000    2.0265940929e-01    2.5599892440e-06    5.8919648554e-03    0.0000000000e+00    0.0000000000e+00    0.0000000000e+00   -8.9745979267e-01    8.9745979267e-01   -1.7328919805e-03    1.7328919805e-03
   6.5500000    2.0253751816e-01    2.5931740045e-06    5.8980286630e-03    0.0000000000e+00    0.0000000000e+00    0.0000000000e+00   -8.9774834430e-01    8.9774834430e-01   -1.7593638396e-03    1.7593638396e-03
   6.6000000    2.0242284943e-01    2.6277377537e-06    5.9045379843e-03    0.0000000000e+00    0.0000000000e+00    0.0000000000e+00   -8.9801491582e-01    8.9801491582e-01   -1.7860352995e-03    1.7860352995e-03
   6.6500000    2.0231571304e-01    2.6634189500e-06    5.9114752015e-03    0.0000000000e+00    0.0000000000e+00    0.0000000000e+00   -8.9825863732e-01    8.9825863732e-01   -1.8129053666e-03    1.8129053666e-03
   6.7000000    2.0221642141e-01    2.6999573744e-06    5.9188824438e-03    0.0000000000e+00    0.0000000000e+00    0.0000000000e+00   -8.9847863606e-01    8.9847863606e-01   -1.8399730168e-03    1.8399730168e-03
   6.7500000    2.0212528910e-01    2.7370956881e-06    5.9267905990e-03    0.0000000000e+00    0.0000000000e+00    0.0000000000e+00   -8.9867403771e-01    8.9867403771e-01   -1.8672371971e-03    1.8672371971e-03
   6.8000000    2.0204263253e-01    2.7745811119e-06    5.9351860665e-03    0.0000000000e+00    0.0000000000e+00    0.0000000000e+00   -8.9884396763e-01    8.9884396763e-01   -1.8946968234e-03    1.8946968234e-03
   6.8500000    2.0196876962e-01    2.8121672367e-06    5.9440262350e-03    0.0000000000e+00    0.0000000000e+00    0.0000000000e+00   -8.9898755231e-01    8.9898755231e-01   -1.9223507748e-03    1.9223507748e-03
   6.9000000    2.0190401948e-01    2.8424543528e-06    5.9532742070e-03    0.0000000000e+00    0.0000000000e+00    0.0000000000e+00   -8.9910392074e-01    8.9910392074e-01   -1.9501978917e-03    1.9501978917e-03
   6.9500000    2.0184870201e-01    2.8138656005e-06    5.9629352016e-03    0.0000000000e+00    0.0000000000e+00    0.0000000000e+00   -8.9919220588e-01    8.9919220588e-01   -1.9782369858e-03    1.9782369858e-03
   7.0000000    2.0180313760e-01    2.7926283971e-06    5.9732021116e-03    0.0000000000e+00    0.0000000000e+00    0.0000000000e+00   -8.9925154619e-01    8.9925154619e-01   -2.0064668553e-03    2.0064668553e-03
   7.0500000    2.0176764665e-01    2.7782549893e-06    5.9839532008e-03    0.0000000000e+00    0.0000000000e+00    0.0000000000e+00   -8.9928108718e-01    8.9928108718e-01   -2.0348862992e-03    2.0348862992e-03
   7.1000000    2.0174254927e-01    2.7702536215e-06    5.9952448354e-03    0.0000000000e+00    0.0000000000e+00    0.0000000000e+00   -8.9927998298e-01    8.9927998298e-01   -2.0634941163e-03    2.0634941163e-03
   7.1500000    2.0172816480e-01    2.7681305713e-06    6.0071072632e-03    0.0000000000e+00    0.0000000000e+00    0.0000000000e+00   -8.9924739802e-01    8.9924739802e-01   -2.0922890894e-03    2.0922890894e-03
   7.2000000    2.0172481141e-01    2.7713923383e-06    6.0195326119e-03    0.0000000000e+00    0.0000000000e+00    0.0000000000e+00   -8.9918250862e-01    8.9918250862e-01   -2.1212699622e-03    2.1212699622e-03
   7.2500000    2.0173280565e-01    2.7795479953e-06    6.0324903007e-03    0.0000000000e+00    0.0000000000e+00    0.0000000000e+00   -8.9908450473e-01    8.9908450473e-01   -2.1504354251e-03    2.1504354251e-03
   7.3000000    2.0175246204e-01    2.7921117103e-06    6.0459572143e-03    0.0000000000e+00    0.0000000000e+00    0.0000000000e+00   -8.9895259163e-01    8.9895259163e-01   -2.1797841186e-03    2.1797841186e-03
   7.3500000    2.0178409255e-01    2.8086054481e-06    6.0599920263e-03    0.0000000000e+00    0.0000000000e+00    0.0000000000e+00   -8.9878599165e-01    8.9878599165e-01   -2.2093146521e-03    2.2093146521e-03
   7.4000000    2.0182800617e-01    2.8285618618e-06    6.0746988182e-03    0.0000000000e+00    0.0000000000e+00    0.0000000000e+00   -8.9858394589e-01    8.9858394589e-01   -2.2390709955e-03    2.2390709955e-03
   7.4500000    2.0188450840e-01    2.8515273828e-06    6.0899788329e-03    0.0000000000e+00    0.0000000000e+00    0.0000000000e+00   -8.9834571600e-01    8.9834571600e-01   -2.2692034311e-03    2.2692034311e-03
   7.5000000    2.0195390078e-01    2.8770655209e-06    6.1058673449e-03    0.0000000000e+00    0.0000000000e+00    0.0000000000e+00   -8.9807058589e-01    8.9807058589e-01   -2.2995198569e-03    2.2995198569e-03
   7.5500000    2.0203648036e-01    2.9047603851e-06    6.1223766363e-03    0.0000000000e+00    0.0000000000e+00    0.0000000000e+00   -8.9775786347e-01    8.9775786347e-01   -2.3300189315e-03    2.3300189315e-03
   7.6000000    2.0213253922e-01    2.9342204381e-06    6.1394934304e-03    0.0000000000e+00    0.0000000000e+00    0.0000000000e+00   -8.9740688240e-01    8.9740688240e-01   -2.3606992674e-03    2.3606992674e-03
   7.6500000    2.0224236393e-01    2.9650824946e-06    6.1571948238e-03    0.0000000000e+00    0.0000000000e+00    0.0000000000e+00   -8.9701700373e-01    8.9701700373e-01   -2.3915594430e-03    2.3915594430e-03
   7.7000000    2.0236623505e-01    2.9851506416e-06    6.1754695608e-03    0.0000000000e+00    0.0000000000e+00    0.0000000000e+00   -8.9658761762e-01    8.9658761762e-01   -2.4225980199e-03    2.4225980199e-03
   7.7500000    2.0250442660e-01    2.9519256593e-06    6.1943288083e-03    0.0000000000e+00    0.0000000000e+00    0.0000000000e+00   -8.9611814496e-01    8.9611814496e-01   -2.4538135533e-03    2.4538135533e-03
   7.8000000    2.0265720548e-01    2.9316078182e-06    6.2138222592e-03    0.0000000000e+00    0.0000000000e+00    0.0000000000e+00   -8.9560803897e-01    8.9560803897e-01   -2.4852045875e-03    2.4852045875e-03
   7.8500000    2.0282483102e-01    2.9232223895e-06    6.2340905259e-03    0.0000000000e+00    0.0000000000e+00    0.0000000000e+00   -8.9505678674e-01    8.9505678674e-01   -2.5167696411e-03    2.5167696411e-03
   7.9000000    2.0300755434e-01    2.9257845605e-06    6.2550054881e-03    0.0000000000e+00    0.0000000000e+00    0.0000000000e+00   -8.9446391075e-01    8.9446391075e-01   -2.5485071915e-03    2.5485071915e-03
   7.9500000    2.0320561787e-01    2.9383026211e-06    6.2765713430e-03    0.0000000000e+00    0.0000000000e+00    0.0000000000e+00   -8.9387832615e-01    8.9387832615e-01   -2.5804156703e-03    2.5804156703e-03
   8.0000000    2.0325596500e-01    2.9597813786e-06    6.2987766234e-03    0.0000000000e+00    0.0000000000e+00    0.0000000000e+00   -8.9372590937e-01    8.9372590937e-01   -2.6124934717e-03    2.6124934717e-03
   8.0500000    2.0315937432e-01    2.9892258137e-06    6.3216063834e-03    0.0000000000e+00    0.0000000000e+00    0.0000000000e+00   -8.9352757958e-01    8.9352757958e-01   -2.6447389687e-03    2.6447389687e-03
   8.1000000    2.0291455784e-01    3.0256449900e-06    6.3450551833e-03    0.0000000000e+00    0.0000000000e+00    0.0000000000e+00   -8.9409167253e-01    8.9409167253e-01   -2.6771505240e-03    2.6771505240e-03
   8.1500000    2.0268319030e-01    3.0680562311e-06    6.3691317540e-03    0.0000000000e+00    0.0000000000e+00    0.0000000000e+00   -8.9465340633e-01    8.9465340633e-01   -2.7097264888e-03    2.7097264888e-03
   8.2000000    2.0246585742e-01    3.1154895791e-06    6.3938530386e-03    0.0000000000e+00    0.0000000000e+00    0.0000000000e+00   -8.9517420471e-01    8.9517420471e-01   -2.7424651894e-03    2.7424651895e-03
   8.2500000    2.0226314446e-01    3.1669925527e-06    6.4192328803e-03    0.0000000000e+00    0.0000000000e+00    0.0000000000e+00   -8.9565249097e-01    8.9565249097e-01   -2.7753649117e-03    2.7753649117e-03
   8.3000000    2.0207563521e-01    3.2216352192e-06    6.4452737692e-03    0.0000000000e+00    0.0000000000e+00    0.0000000000e+00   -8.9608670256e-01    8.9608670256e-01   -2.8084238921e-03    2.8084238921e-03
   8.3500000    2.0190391087e-01    3.2785155977e-06    6.4719671101e-03    0.0000000000e+00    0.0000000000e+00    0.0000000000e+00   -8.9647529507e-01    8.9647529507e-01   -2.8416403217e-03    2.8416403217e-03
   8.4000000    2.0174854901e-01    3.3367654091e-06    6.4993010962e-03    0.0000000000e+00    0.0000000000e+00    0.0000000000e+00   -8.9681674630e-01    8.9681674630e-01   -2.8750123587e-03    2.8750123587e-03
   8.4500000    2.0161012246e-01    3.3955561951e-06    6.5273204196e-03    0.0000000000e+00    0.0000000000e+00    0.0000000000e+00   -8.9710956042e-01    8.9710956042e-01   -2.9085381412e-03    2.9085381412e-03
   8.5000000    2.0148919824e-01    3.4541058230e-06    6.5560958757e-03    0.0000000000e+00    0.0000000000e+00    0.0000000000e+00   -8.9735227215e-01    8.9735227215e-01   -2.9422157923e-03    2.9422157923e-03
   8.5500000    2.0138633641e-01    3.4999210624e-06    6.5855152880e-03    0.0000000000e+00    0.0000000000e+00    0.0000000000e+00   -8.9754345098e-01    8.9754345098e-01   -2.9762885658e-03    2.9762885658e-03
   8.6000000    2.0130208899e-01    3.4170849921e-06    6.6155924122e-03    0.0000000000e+00    0.0000000000e+00    0.0000000000e+00   -8.9768170545e-01    8.9768170545e-01   -3.0105861471e-03    3.0105861471e-03
   8.6500000    2.0123699877e-01    3.3559546654e-06    6.6463391774e-03    0.0000000000e+00    0.0000000000e+00    0.0000000000e+00   -8.9776568740e-01    8.9776568740e-01   -3.0450387195e-03    3.0450387195e-03
   8.7000000    2.0119159825e-01    3.3148025095e-06    6.6777587196e-03    0.0000000000e+00    0.0000000000e+00    0.0000000000e+00   -8.9779409620e-01    8.9779409620e-01   -3.0796444211e-03    3.0796444211e-03
   8.7500000    2.0116640842e-01    3.2918971809e-06    6.7098443181e-03    0.0000000000e+00    0.0000000000e+00    0.0000000000e+00   -8.9776568297e-01    8.9776568297e-01   -3.1144013354e-03    3.1144013354e-03
   8.8000000    2.0116193762e-01    3.2855092915e-06    6.7425848064e-03    0.0000000000e+00    0.0000000000e+00    0.0000000000e+00   -8.9767925473e-01    8.9767925473e-01   -3.1493074918e-03    3.1493074918e-03
   8.8500000    2.0117868038e-01    3.2939174932e-06    6.7759725309e-03    0.0000000000e+00    0.0000000000e+00    0.0000000000e+00   -8.9753367850e-01    8.9753367850e-01   -3.1843608640e-03    3.1843608640e-03
   8.9000000    2.0121711624e-01    3.3154149421e-06    6.8100080215e-03    0.0000000000e+00    0.0000000000e+00    0.0000000000e+00   -8.9732788527e-01    8.9732788527e-01   -3.2195593670e-03    3.2195593670e-03
   8.9500000    2.0127770857e-01    3.3483161638e-06    6.8446979690e-03    0.0000000000e+00    0.0000000000e+00    0.0000000000e+00   -8.9706087389e-01    8.9706087389e-01   -3.2549008581e-03    3.2549008581e-03
   9.0000000    2.0136090340e-01    3.3909643456e-06    6.8800484462e-03    0.0000000000e+00    0.0000000000e+00    0.0000000000e+00   -8.9673171478e-01    8.9673171478e-01   -3.2903831460e-03    3.2903831460e-03
   9.0500000    2.0146712825e-01    3.4417390789e-06    6.9160593795e-03    0.0000000000e+00    0.0000000000e+00    0.0000000000e+00   -8.9633955355e-01    8.9633955355e-01   -3.3260040060e-03    3.3260040060e-03
   9.1000000    2.0159679098e-01    3.4990645812e-06    6.9527252531e-03    0.0000000000e+00    0.0000000000e+00    0.0000000000e+00   -8.9588361432e-01    8.9588361432e-01   -3.3617611986e-03    3.3617611986e-03
   9.1500000    2.0175027859e-01    3.5614184200e-06    6.9900412713e-03    0.0000000000e+00    0.0000000000e+00    0.0000000000e+00   -8.9536320295e-01    8.9536320295e-01   -3.3976524864e-03    3.3976524864e-03
   9.2000000    2.0180378360e-01    3.5146915538e-06    7.0280088411e-03    0.0000000000e+00    0.0000000000e+00    0.0000000000e+00   -8.9477770991e-01    8.9477770991e-01   -3.4336756494e-03    3.4336756494e-03
   9.2500000    2.0161923218e-01    3.4716689341e-06    7.0666347383e-03    0.0000000000e+00    0.0000000000e+00    0.0000000000e+00   -8.9515186623e-01    8.9515186623e-01   -3.4698284952e-03    3.4698284952e-03
   9.3000000    2.0145718494e-01    3.4479519208e-06    7.1059246548e-03    0.0000000000e+00    0.0000000000e+00    0.0000000000e+00   -8.9548725430e-01    8.9548725430e-01   -3.5061088616e-03    3.5061088616e-03
   9.3500000    2.0131836506e-01    3.4412729996e-06    7.1458776982e-03    0.0000000000e+00    0.0000000000e+00    0.0000000000e+00   -8.9575770254e-01    8.9575770254e-01   -3.5425146085e-03    3.5425146085e-03
   9.4000000    2.0120348024e-01    3.4494231111e-06    7.1864875403e-03    0.0000000000e+00    0.0000000000e+00    0.0000000000e+00   -8.9596149729e-01    8.9596149729e-01   -3.5790436012e-03    3.5790436012e-03
   9.4500000    2.0111322097e-01    3.4702623344e-06    7.2277489510e-03    0.0000000000e+00    0.0000000000e+00    0.0000000000e+00   -8.9609699939e-01    8.9609699939e-01   -3.6156936863e-03    3.6156936863e-03
   9.5000000    2.0104825876e-01    3.5017311851e-06    7.2696627859e-03    0.0000000000e+00    0.0000000000e+00    0.0000000000e+00   -8.9616265036e-01    8.9616265036e-01   -3.6524626683e-03    3.6524626683e-03
   9.5500000    2.0100924439e-01    3.5418625646e-06    7.3122343079e-03    0.0000000000e+00    0.0000000000e+00    0.0000000000e+00   -8.9615697848e-01    8.9615697848e-01   -3.6893482856e-03    3.6893482856e-03
   9.6000000    2.0099680607e-01    3.5887944006e-06    7.3554670311e-03    0.0000000000e+00    0.0000000000e+00    0.0000000000e+00   -8.9607860456e-01    8.9607860456e-01   -3.7265700939e-03    3.7265700939e-03
   9.6500000    2.0101154771e-01    3.6407830237e-06    7.3993589918e-03    0.0000000000e+00    0.0000000000e+00    0.0000000000e+00   -8.9592624764e-01    8.9592624764e-01   -3.7641180140e-03    3.7641180140e-03
   9.7000000    2.0105404714e-01    3.6962173186e-06    7.4439053474e-03    0.0000000000e+00    0.0000000000e+00    0.0000000000e+00   -8.9569873029e-01    8.9569873029e-01   -3.8017880456e-03    3.8017880456e-03
   9.7500000    2.0112485431e-01    3.7536336963e-06    7.4891040809e-03    0.0000000000e+00    0.0000000000e+00    0.0000000000e+00   -8.9539498363e-01    8.9539498363e-01   -3.8395776171e-03    3.8395776171e-03
   9.8000000    2.0122448955e-01    3.6562900888e-06    7.5349584114e-03    0.0000000000e+00    0.0000000000e+00    0.0000000000e+00   -8.9501405206e-01    8.9501405206e-01   -3.8774840483e-03    3.8774840483e-03
   9.8500000    2.0135344181e-01    3.5937037146e-06    7.5814735465e-03    0.0000000000e+00    0.0000000000e+00    0.0000000000e+00   -8.9455509755e-01    8.9455509755e-01   -3.9155045824e-03    3.9155045824e-03
   9.9000000    2.0151216694e-01    3.5623812339e-06    7.6286517014e-03    0.0000000000e+00    0.0000000000e+00    0.0000000000e+00   -8.9401740356e-01    8.9401740356e-01   -3.9536364161e-03    3.9536364161e-03
   9.9500000    2.0170108598e-01    3.5586501804e-06    7.6764907743e-03    0.0000000000e+00    0.0000000000e+00    0.0000000000e+00   -8.9340037850e-01    8.9340037850e-01   -3.9918767254e-03    3.9918767254e-03
  10.0000000    2.0192058347e-01    3.5789131706e-06    7.7249876050e-03    0.0000000000e+00    0.0000000000e+00    0.0000000000e+00   -8.9277540422e-01    8.9277540422e-01   -4.0302226845e-03    4.0302226845e-03
  10.0500000    2.0201170500e-01    3.6196618783e-06    7.7741418714e-03    0.0000000000e+00    0.0000000000e+00    0.0000000000e+00   -8.9257320237e-01    8.9257320237e-01   -4.0686714774e-03    4.0686714774e-03
  10.1000000    2.0207760591e-01    3.6774917698e-06    7.8239566544e-03    0.0000000000e+00    0.0000000000e+00    0.0000000000e+00   -8.9228594334e-01    8.9228594334e-01   -4.1072203025e-03    4.1072203025e-03
  10.1500000    2.0189195668e-01    3.7491176596e-06    7.8744357988e-03    0.0000000000e+00    0.0000000000e+00    0.0000000000e+00   -8.9235759697e-01    8.9235759697e-01   -4.1458663668e-03    4.1458663668e-03
  10.2000000    2.0156871740e-01    3.8313901428e-06    7.9255813706e-03    0.0000000000e+00    0.0000000000e+00    0.0000000000e+00   -8.9309624111e-01    8.9309624111e-01   -4.1846068729e-03    4.1846068729e-03
  10.2500000    2.0127539329e-01    3.9213129644e-06    7.9773936160e-03    0.0000000000e+00    0.0000000000e+00    0.0000000000e+00   -8.9375302087e-01    8.9375302087e-01   -4.2234389963e-03    4.2234389963e-03
  10.3000000    2.0101308925e-01    4.0160613860e-06    8.0298727045e-03    0.0000000000e+00    0.0000000000e+00    0.0000000000e+00   -8.9432522099e-01    8.9432522099e-01   -4.2623598598e-03    4.2623598598e-03
  10.3500000    2.0078288119e-01    4.1130016149e-06    8.0830199823e-03    0.0000000000e+00    0.0000000000e+00    0.0000000000e+00   -8.9481023652e-01    8.9481023652e-01   -4.3013665062e-03    4.3013665062e-03
  10.4000000    2.0058581263e-01    4.1373025183e-06    8.1368376978e-03    0.0000000000e+00    0.0000000000e+00    0.0000000000e+00   -8.9520558471e-01    8.9520558471e-01   -4.3404558774e-03    4.3404558774e-03
  10.4500000    2.0042289144e-01    3.9894250088e-06    8.1913280965e-03    0.0000000000e+00    0.0000000000e+00    0.0000000000e+00   -8.9550891659e-01    8.9550891659e-01   -4.3796248021e-03    4.3796248021e-03
  10.5000000    2.0029508649e-01    3.8905460307e-06    8.2464931333e-03    0.0000000000e+00    0.0000000000e+00    0.0000000000e+00   -8.9571802821e-01    8.9571802821e-01   -4.4188699922e-03    4.4188699922e-03
  10.5500000    2.0020332455e-01    3.8352175352e-06    8.3023349098e-03    0.0000000000e+00    0.0000000000e+00    0.0000000000e+00   -8.9583087145e-01    8.9583087145e-01   -4.4586465141e-03    4.4586465141e-03
  10.6000000    2.0014848700e-01    3.8181072184e-06    8.3588560314e-03    0.0000000000e+00    0.0000000000e+00    0.0000000000e+00   -8.9584556433e-01    8.9584556433e-01   -4.4985640205e-03    4.4985640205e-03
  10.6500000    2.0013140674e-01    3.8340173026e-06    8.4160593804e-03    0.0000000000e+00    0.0000000000e+00    0.0000000000e+00   -8.9576040077e-01    8.9576040077e-01   -4.5385626860e-03    4.5385626860e-03
  10.7000000    2.0015286510e-01    3.8779042591e-06    8.4739476225e-03    0.0000000000e+00    0.0000000000e+00    0.0000000000e+00   -8.9557385962e-01    8.9557385962e-01   -4.5786540073e-03    4.5786540073e-03
  10.7500000    2.0021358872e-01    3.9448995606e-06    8.5325230360e-03    0.0000000000e+00    0.0000000000e+00    0.0000000000e+00   -8.9528461309e-01    8.9528461309e-01   -4.6188759871e-03    4.6188759871e-03
  10.8000000    2.0031424656e-01    4.0303315509e-06    8.5917878065e-03    0.0000000000e+00    0.0000000000e+00    0.0000000000e+00   -8.9489153421e-01    8.9489153421e-01   -4.6591722731e-03    4.6591722731e-03
  10.8500000    2.0045544697e-01    4.1297485249e-06    8.6517444608e-03    0.0000000000e+00    0.0000000000e+00    0.0000000000e+00   -8.9439370357e-01    8.9439370357e-01   -4.6995395103e-03    4.6995395103e-03
  10.9000000    2.0063773479e-01    4.2389431101e-06    8.7123960895e-03    0.0000000000e+00    0.0000000000e+00    0.0000000000e+00   -8.9379041493e-01    8.9379041493e-01   -4.7399742826e-03    4.7399742826e-03
  10.9500000    2.0047988971e-01    4.1555659673e-06    8.7739948984e-03    0.0000000000e+00    0.0000000000e+00    0.0000000000e+00   -8.9381655613e-01    8.9381655613e-01   -4.7804731006e-03    4.7804731006e-03
  11.0000000    2.0022196090e-01    4.1020497976e-06    8.8364367532e-03    0.0000000000e+00    0.0000000000e+00    0.0000000000e+00   -8.9434817737e-01    8.9434817737e-01   -4.8210323897e-03    4.8210323897e-03
  11.0500000    2.0000439980e-01    4.0797985709e-06    8.8996101402e-03    0.0000000000e+00    0.0000000000e+00    0.0000000000e+00   -8.9477276338e-01    8.9477276338e-01   -4.8616484791e-03    4.8616484791e-03
  11.1000000    1.9982839471e-01    4.0836449216e-06    8.9635190422e-03    0.0000000000e+00    0.0000000000e+00    0.0000000000e+00   -8.9508768669e-01    8.9508768669e-01   -4.9023175907e-03    4.9023175907e-03
  11.1500000    1.9969507507e-01    4.1087387257e-06    9.0281677054e-03    0.0000000000e+00    0.0000000000e+00    0.0000000000e+00   -8.9529053154e-01    8.9529053154e-01   -4.9430358295e-03    4.9430358295e-03
  11.2000000    1.9960550699e-01    4.1505776110e-06    9.0935608848e-03    0.0000000000e+00    0.0000000000e+00    0.0000000000e+00   -8.9537910722e-01    8.9537910722e-01   -4.9837991761e-03    4.9837991761e-03
  11.2500000    1.9956068896e-01    4.1961780432e-06    9.1597036218e-03    0.0000000000e+00    0.0000000000e+00    0.0000000000e+00   -8.9535146045e-01    8.9535146045e-01   -5.0246034846e-03    5.0246034846e-03
  11.3000000    1.9956154752e-01    4.1824827665e-06    9.2266006527e-03    0.0000000000e+00    0.0000000000e+00    0.0000000000e+00   -8.9520588663e-01    8.9520588663e-01   -5.0654444870e-03    5.0654444870e-03
  11.3500000    1.9960893312e-01    4.2037264638e-06    9.2942559390e-03    0.0000000000e+00    0.0000000000e+00    0.0000000000e+00   -8.9494094001e-01    8.9494094001e-01   -5.1064583660e-03    5.1064583660e-03
  11.4000000    1.9970361596e-01    4.1734495208e-06    9.3626727003e-03    0.0000000000e+00    0.0000000000e+00    0.0000000000e+00   -8.9455544242e-01    8.9455544242e-01   -5.1480384361e-03    5.1480384361e-03
  11.4500000    1.9984628199e-01    4.0943500236e-06    9.4318538440e-03    0.0000000000e+00    0.0000000000e+00    0.0000000000e+00   -8.9404849073e-01    8.9404849073e-01   -5.1896623114e-03    5.1896623114e-03
  11.5000000    2.0003752903e-01    4.0656883859e-06    9.5022277596e-03    0.0000000000e+00    0.0000000000e+00    0.0000000000e+00   -8.9341946276e-01    8.9341946276e-01   -5.2313258408e-03    5.2313258408e-03
  11.5500000    2.0027786299e-01    4.0794928984e-06    9.5735715776e-03    0.0000000000e+00    0.0000000000e+00    0.0000000000e+00   -8.9266802170e-01    8.9266802170e-01   -5.2731126100e-03    5.2731126100e-03
  11.6000000    2.0056769436e-01    4.1281537715e-06    9.6457208785e-03    0.0000000000e+00    0.0000000000e+00    0.0000000000e+00   -8.9179411886e-01    8.9179411886e-01   -5.3149548826e-03    5.3149548826e-03
  11.6500000    2.0047427676e-01    4.2044577871e-06    9.7186822194e-03    0.0000000000e+00    0.0000000000e+00    0.0000000000e+00   -8.9167532567e-01    8.9167532567e-01   -5.3568292501e-03    5.3568292501e-03
  11.7000000    2.0028680696e-01    4.3016248336e-06    9.7924635980e-03    0.0000000000e+00    0.0000000000e+00    0.0000000000e+00   -8.9200060767e-01    8.9200060767e-01   -5.3987314097e-03    5.3987314097e-03
  11.7500000    2.0014944542e-01    4.4133464967e-06    9.8670737061e-03    0.0000000000e+00    0.0000000000e+00    0.0000000000e+00   -8.9219749526e-01    8.9219749526e-01   -5.4406569117e-03    5.4406569117e-03
  11.8000000    2.0006338908e-01    4.5338268756e-06    9.9425206958e-03    0.0000000000e+00    0.0000000000e+00    0.0000000000e+00   -8.9226372939e-01    8.9226372939e-01   -5.4826011418e-03    5.4826011418e-03
  11.8500000    2.0002973987e-01    4.5391569861e-06    1.0018817199e-02    0.0000000000e+00    0.0000000000e+00    0.0000000000e+00   -8.9233508360e-01    8.9233508360e-01   -5.5245593103e-03    5.5245593103e-03
  11.9000000    1.9989786150e-01    4.3528493893e-06    1.0096736478e-02    0.0000000000e+00    0.0000000000e+00    0.0000000000e+00   -8.9274833656e-01    8.9274833656e-01   -5.5665264476e-03    5.5665264476e-03
  11.9500000    1.9972779914e-01    4.2461686233e-06    1.0175536061e-02    0.0000000000e+00    0.0000000000e+00    0.0000000000e+00   -8.9302513680e-01    8.9302513680e-01   -5.6084974066e-03    5.6084974066e-03
  12.0000000    1.9961265368e-01    4.2078577948e-06    1.0255216656e-02    0.0000000000e+00    0.0000000000e+00    0.0000000000e+00   -8.9316278428e-01    8.9316278428e-01   -5.6504668675e-03    5.6504668675e-03
  12.0500000    1.9955364917e-01    4.2270985042e-06    1.0335778996e-02    0.0000000000e+00    0.0000000000e+00    0.0000000000e+00   -8.9315892660e-01    8.9315892660e-01   -5.6924293445e-03    5.6924293445e-03
  12.1000000    1.9955189281e-01    4.2935510012e-06    1.0417225448e-02    0.0000000000e+00    0.0000000000e+00    0.0000000000e+00   -8.9301157528e-01    8.9301157528e-01   -5.7346422611e-03    5.7346422611e-03
  12.1500000    1.9960836911e-01    4.3973963289e-06    1.0499561533e-02    0.0000000000e+00    0.0000000000e+00    0.0000000000e+00   -8.9271911998e-01    8.9271911998e-01   -5.7774698898e-03    5.7774698898e-03
  12.2000000    1.9972393432e-01    4.5293807255e-06    1.0583486495e-02    0.0000000000e+00    0.0000000000e+00    0.0000000000e+00   -8.9228034051e-01    8.9228034051e-01   -5.8204210819e-03    5.8204210819e-03
  12.2500000    1.9979304313e-01    4.6808625503e-06    1.0668569318e-02    0.0000000000e+00    0.0000000000e+00    0.0000000000e+00   -8.9179579562e-01    8.9179579562e-01   -5.8633755551e-03    5.8633755551e-03
  12.2600000    1.9970833250e-01    4.7127841511e-06    1.0685701232e-02    0.0000000000e+00    0.0000000000e+00    0.0000000000e+00   -8.9197428620e-01    8.9197428620e-01   -5.8719663721e-03    5.8719663721e-03
  12.2700000    1.9962587906e-01    4.7451036575e-06    1.0702871815e-02    0.0000000000e+00    0.0000000000e+00    0.0000000000e+00   -8.9214702921e-01    8.9214702921e-01   -5.8805570615e-03    5.8805570615e-03
  12.2800000    1.9954569865e-01    4.7777617158e-06    1.0720081149e-02    0.0000000000e+00    0.0000000000e+00    0.0000000000e+00   -8.9231398975e-01    8.9231398975e-01   -5.8891475795e-03    5.8891475795e-03
  12.2900000    1.9946780688e-01    4.8107001497e-06    1.0737329311e-02    0.0000000000e+00    0.0000000000e+00    0.0000000000e+00   -8.9247513351e-01    8.9247513351e-01   -5.8977378816e-03    5.8977378816e-03
  12.3000000    1.9939221921e-01    4.8438619786e-06    1.0754616372e-02    0.0000000000e+00    0.0000000000e+00    0.0000000000e+00   -8.9263042673e-01    8.9263042673e-01   -5.9063279235e-03    5.9063279235e-03
  12.3100000    1.9931895090e-01    4.8771914352e-06    1.0771942394e-02    0.0000000000e+00    0.0000000000e+00    0.0000000000e+00   -8.9277983622e-01    8.9277983622e-01   -5.9149176604e-03    5.9149176604e-03
  12.3200000    1.9924801704e-01    4.9106339840e-06    1.0789307433e-02    0.0000000000e+00    0.0000000000e+00    0.0000000000e+00   -8.9292332940e-01    8.9292332940e-01   -5.9235070474e-03    5.9235070474e-03
  12.3300000    1.9917943251e-01    4.9441363399e-06    1.0806711537e-02    0.0000000000e+00    0.0000000000e+00    0.0000000000e+00   -8.9306087427e-01    8.9306087427e-01   -5.9320960393e-03    5.9320960393e-03
  12.3400000    1.9911321201e-01    4.9776464868e-06    1.0824154745e-02    0.0000000000e+00    0.0000000000e+00    0.0000000000e+00   -8.9319243944e-01    8.9319243944e-01   -5.9406845905e-03    5.9406845905e-03
  12.3500000    1.9904937003e-01    4.9816615692e-06    1.0841637092e-02    0.0000000000e+00    0.0000000000e+00    0.0000000000e+00   -8.9331799413e-01    8.9331799413e-01   -5.9492726555e-03    5.9492726555e-03
  12.3600000    1.9898792087e-01    4.9186191664e-06    1.0859158601e-02    0.0000000000e+00    0.0000000000e+00    0.0000000000e+00   -8.9343750817e-01    8.9343750817e-01   -5.9578601884e-03    5.9578601884e-03
  12.3700000    1.9892887864e-01    4.8601463191e-06    1.0876719290e-02    0.0000000000e+00    0.0000000000e+00    0.0000000000e+00   -8.9355095205e-01    8.9355095205e-01   -5.9664471429e-03    5.9664471429e-03
  12.3800000    1.9887225721e-01    4.8061217860e-06    1.0894319170e-02    0.0000000000e+00    0.0000000000e+00    0.0000000000e+00   -8.9365829688e-01    8.9365829688e-01   -5.9750334726e-03    5.9750334726e-03
  12.3900000    1.9881807029e-01    4.7564251697e-06    1.0911958243e-02    0.0000000000e+00    0.0000000000e+00    0.0000000000e+00   -8.9375951441e-01    8.9375951441e-01   -5.9836191310e-03    5.9836191310e-03
  12.4000000    1.9876633133e-01    4.7109369309e-06    1.0929636508e-02    0.0000000000e+00    0.0000000000e+00    0.0000000000e+00   -8.9385457706e-01    8.9385457706e-01   -5.9922040710e-03    5.9922040710e-03
  12.4100000    1.9871705361e-01    4.6695384034e-06    1.0947353953e-02    0.0000000000e+00    0.0000000000e+00    0.0000000000e+00   -8.9394345789e-01    8.9394345789e-01   -6.0007882455e-03    6.0007882455e-03
  12.4200000    1.9867025017e-01    4.6321118086e-06    1.0965110564e-02    0.0000000000e+00    0.0000000000e+00    0.0000000000e+00   -8.9402613067e-01    8.9402613067e-01   -6.0093716070e-03    6.0093716070e-03
  12.4300000    1.9862593383e-01    4.5985402708e-06    1.0983023233e-02    0.0000000000e+00    0.0000000000e+00    0.0000000000e+00   -8.9410256980e-01    8.9410256980e-01   -6.0179541080e-03    6.0179541080e-03
  12.4400000    1.9858411720e-01    4.5687078320e-06    1.1001057316e-02    0.0000000000e+00    0.0000000000e+00    0.0000000000e+00   -8.9417275039e-01    8.9417275039e-01   -6.0265357004e-03    6.0265357004e-03
  12.4500000    1.9854481266e-01    4.5424994670e-06    1.1019131559e-02    0.0000000000e+00    0.0000000000e+00    0.0000000000e+00   -8.9423664824e-01    8.9423664824e-01   -6.0351163360e-03    6.0351163360e-03
  12.4600000    1.9850803238e-01    4.5198010994e-06    1.1037245934e-02    0.0000000000e+00    0.0000000000e+00    0.0000000000e+00   -8.9429423984e-01    8.9429423984e-01   -6.0436959663e-03    6.0436959663e-03
  12.4700000    1.9847378827e-01    4.5004996159e-06    1.1055400419e-02    0.0000000000e+00    0.0000000000e+00    0.0000000000e+00   -8.9434550240e-01    8.9434550240e-01   -6.0522745425e-03    6.0522745425e-03
  12.4800000    1.9844209204e-01    4.4844828832e-06    1.1073594992e-02    0.0000000000e+00    0.0000000000e+00    0.0000000000e+00   -8.9439041384e-01    8.9439041384e-01   -6.0608520155e-03    6.0608520155e-03
  12.4900000    1.9841295514e-01    4.4716397625e-06    1.1091829639e-02    0.0000000000e+00    0.0000000000e+00    0.0000000000e+00   -8.9442895276e-01    8.9442895276e-01   -6.0694283359e-03    6.0694283359e-03
  12.5000000    1.9838638881e-01    4.4618601263e-06    1.1110104356e-02    0.0000000000e+00    0.0000000000e+00    0.0000000000e+00   -8.9446109855e-01    8.9446109855e-01   -6.0780034542e-03    6.0780034542e-03
  12.5100000    1.9836240403e-01    4.4550348740e-06    1.1128419144e-02    0.0000000000e+00    0.0000000000e+00    0.0000000000e+00   -8.9448683127e-01    8.9448683127e-01   -6.0865773203e-03    6.0865773203e-03
  12.5200000    1.9834101155e-01    4.4510559493e-06    1.1146774015e-02    0.0000000000e+00    0.0000000000e+00    0.0000000000e+00   -8.9450613175e-01    8.9450613175e-01   -6.0951498839e-03    6.0951498839e-03
  12.5300000    1.9832222187e-01    4.4498163601e-06    1.1165168992e-02    0.0000000000e+00    0.0000000000e+00    0.0000000000e+00   -8.9451898156e-01    8.9451898156e-01   -6.1037210945e-03    6.1037210945e-03
  12.5400000    1.9830604525e-01    4.4512101849e-06    1.1183604106e-02    0.0000000000e+00    0.0000000000e+00    0.0000000000e+00   -8.9452536300e-01    8.9452536300e-01   -6.1122909010e-03    6.1122909010e-03
  12.5500000    1.9829249171e-01    4.4551325939e-06    1.1202079404e-02    0.0000000000e+00    0.0000000000e+00    0.0000000000e+00   -8.9452525915e-01    8.9452525915e-01   -6.1208592522e-03    6.1208592522e-03
  12.5600000    1.9828157099e-01    4.4614798667e-06    1.1220594942e-02    0.0000000000e+00    0.0000000000e+00    0.0000000000e+00   -8.9451865380e-01    8.9451865380e-01   -6.1294260966e-03    6.1294260966e-03
  12.5700000    1.9827329262e-01    4.4701494094e-06    1.1239150789e-02    0.0000000000e+00    0.0000000000e+00    0.0000000000e+00   -8.9450553157e-01    8.9450553157e-01   -6.1379913820e-03    6.1379913820e-03
  12.5800000    1.9826766583e-01    4.4810397714e-06    1.1257747028e-02    0.0000000000e+00    0.0000000000e+00    0.0000000000e+00   -8.9448587778e-01    8.9448587778e-01   -6.1465550563e-03    6.1465550563e-03
  12.5900000    1.9826469962e-01    4.4940506630e-06    1.1276383751e-02    0.0000000000e+00    0.0000000000e+00    0.0000000000e+00   -8.9445967857e-01    8.9445967857e-01   -6.1551170667e-03    6.1551170667e-03
  12.6000000    1.9826440274e-01    4.5090829729e-06    1.1295061063e-02    0.0000000000e+00    0.0000000000e+00    0.0000000000e+00   -8.9442692084e-01    8.9442692084e-01   -6.1636773602e-03    6.1636773602e-03
  12.6100000    1.9826678364e-01    4.5260387860e-06    1.1313779080e-02    0.0000000000e+00    0.0000000000e+00    0.0000000000e+00   -8.9438759226e-01    8.9438759226e-01   -6.1722358834e-03    6.1722358834e-03
  12.6200000    1.9827185055e-01    4.5448214010e-06    1.1332537928e-02    0.0000000000e+00    0.0000000000e+00    0.0000000000e+00   -8.9434168129e-01    8.9434168129e-01   -6.1807925824e-03    6.1807925824e-03
  12.6300000    1.9827961140e-01    4.5653353489e-06    1.1351337741e-02    0.0000000000e+00    0.0000000000e+00    0.0000000000e+00   -8.9428917719e-01    8.9428917719e-01   -6.1893474031e-03    6.1893474031e-03
  12.6400000    1.9829007388e-01    4.5874864111e-06    1.1370178662e-02    0.0000000000e+00    0.0000000000e+00    0.0000000000e+00   -8.9423007000e-01    8.9423007000e-01   -6.1979002908e-03    6.1979002908e-03
  12.6500000    1.9830324538e-01    4.6111816381e-06    1.1389060840e-02    0.0000000000e+00    0.0000000000e+00    0.0000000000e+00   -8.9416435055e-01    8.9416435055e-01   -6.2064511908e-03    6.2064511908e-03
  12.6600000    1.9831913304e-01    4.6363293680e-06    1.1407984427e-02    0.0000000000e+00    0.0000000000e+00    0.0000000000e+00   -8.9409201047e-01    8.9409201047e-01   -6.2150000474e-03    6.2150000474e-03
  12.6700000    1.9833774372e-01    4.6628392458e-06    1.1427157599e-02    0.0000000000e+00    0.0000000000e+00    0.0000000000e+00   -8.9401304221e-01    8.9401304221e-01   -6.2235468051e-03    6.2235468051e-03
  12.6800000    1.9835908400e-01    4.6906222423e-06    1.1446381061e-02    0.0000000000e+00    0.0000000000e+00    0.0000000000e+00   -8.9392743898e-01    8.9392743898e-01   -6.2320914076e-03    6.2320914076e-03
  12.6900000    1.9838316020e-01    4.7195906740e-06    1.1465648283e-02    0.0000000000e+00    0.0000000000e+00    0.0000000000e+00   -8.9383519482e-01    8.9383519482e-01   -6.2406337983e-03    6.2406337983e-03
  12.7000000    1.9840997833e-01    4.7496582223e-06    1.1484959421e-02    0.0000000000e+00    0.0000000000e+00    0.0000000000e+00   -8.9373630457e-01    8.9373630457e-01   -6.2491739203e-03    6.2491739203e-03
  12.7100000    1.9843954414e-01    4.7807399536e-06    1.1504314624e-02    0.0000000000e+00    0.0000000000e+00    0.0000000000e+00   -8.9363076390e-01    8.9363076390e-01   -6.2577117162e-03    6.2577117162e-03
  12.7200000    1.9847186309e-01    4.8127523394e-06    1.1523714028e-02    0.0000000000e+00    0.0000000000e+00    0.0000000000e+00   -8.9351856927e-01    8.9351856927e-01   -6.2662471282e-03    6.2662471282e-03
  12.7300000    1.9850694036e-01    4.8233765797e-06    1.1543157759e-02    0.0000000000e+00    0.0000000000e+00    0.0000000000e+00   -8.9339971796e-01    8.9339971796e-01   -6.2747800981e-03    6.2747800981e-03
  12.7400000    1.9854478083e-01    4.7956693678e-06    1.1562645927e-02    0.0000000000e+00    0.0000000000e+00    0.0000000000e+00   -8.9327420806e-01    8.9327420806e-01   -6.2833105672e-03    6.2833105672e-03
  12.7500000    1.9858538910e-01    4.7709891491e-06    1.1582178632e-02    0.0000000000e+00    0.0000000000e+00    0.0000000000e+00   -8.9314203847e-01    8.9314203847e-01   -6.2920816565e-03    6.2920816565e-03
  12.7600000    1.9862876949e-01    4.7492258096e-06    1.1601755953e-02    0.0000000000e+00    0.0000000000e+00    0.0000000000e+00   -8.9300320892e-01    8.9300320892e-01   -6.3008577179e-03    6.3008577179e-03
  12.7700000    1.9867492600e-01    4.7302706181e-06    1.1621377957e-02    0.0000000000e+00    0.0000000000e+00    0.0000000000e+00   -8.9285771993e-01    8.9285771993e-01   -6.3096327404e-03    6.3096327404e-03
  12.7800000    1.9872386237e-01    4.7140162458e-06    1.1641044694e-02    0.0000000000e+00    0.0000000000e+00    0.0000000000e+00   -8.9270557285e-01    8.9270557285e-01   -6.3184066721e-03    6.3184066721e-03
  12.7900000    1.9877558202e-01    4.7003567861e-06    1.1660756196e-02    0.0000000000e+00    0.0000000000e+00    0.0000000000e+00   -8.9254676985e-01    8.9254676985e-01   -6.3271794608e-03    6.3271794608e-03
  12.8000000    1.9883008808e-01    4.6891877749e-06    1.1680512479e-02    0.0000000000e+00    0.0000000000e+00    0.0000000000e+00   -8.9238131391e-01    8.9238131391e-01   -6.3359510541e-03    6.3359510541e-03
  12.8100000    1.9888738340e-01    4.6804062113e-06    1.1700313543e-02    0.0000000000e+00    0.0000000000e+00    0.0000000000e+00   -8.9220920881e-01    8.9220920881e-01   -6.3447213991e-03    6.3447213991e-03
  12.8200000    1.9886958381e-01    4.6739105778e-06    1.1720159374e-02    0.0000000000e+00    0.0000000000e+00    0.0000000000e+00   -8.9209925084e-01    8.9209925084e-01   -6.3534904426e-03    6.3534904426e-03
  12.8300000    1.9879433646e-01    4.6696008615e-06    1.1740049939e-02    0.0000000000e+00    0.0000000000e+00    0.0000000000e+00   -8.9224771279e-01    8.9224771279e-01   -6.3622581313e-03    6.3622581313e-03
  12.8400000    1.9872178624e-01    4.6673785750e-06    1.1759985197e-02    0.0000000000e+00    0.0000000000e+00    0.0000000000e+00   -8.9238947380e-01    8.9238947380e-01   -6.3710244113e-03    6.3710244113e-03
  12.8500000    1.9865194955e-01    4.6671467781e-06    1.1779965090e-02    0.0000000000e+00    0.0000000000e+00    0.0000000000e+00   -8.9252450045e-01    8.9252450045e-01   -6.3797892285e-03    6.3797892285e-03
  12.8600000    1.9858484254e-01    4.6688100988e-06    1.1799989553e-02    0.0000000000e+00    0.0000000000e+00    0.0000000000e+00   -8.9265276010e-01    8.9265276010e-01   -6.3885525286e-03    6.3885525286e-03
  12.8700000    1.9852048110e-01    4.6722747556e-06    1.1820118723e-02    0.0000000000e+00    0.0000000000e+00    0.0000000000e+00   -8.9277422090e-01    8.9277422090e-01   -6.3973142569e-03    6.3973142569e-03
  12.8800000    1.9845888086e-01    4.6774485793e-06    1.1840460823e-02    0.0000000000e+00    0.0000000000e+00    0.0000000000e+00   -8.9288885181e-01    8.9288885181e-01   -6.4060743582e-03    6.4060743582e-03
  12.8900000    1.9840005715e-01    4.6842410356e-06    1.1860848244e-02    0.0000000000e+00    0.0000000000e+00    0.0000000000e+00   -8.9299662261e-01    8.9299662261e-01   -6.4148327774e-03    6.4148327774e-03
  12.9000000    1.9834402506e-01    4.6925632474e-06    1.1881280881e-02    0.0000000000e+00    0.0000000000e+00    0.0000000000e+00   -8.9309750390e-01    8.9309750390e-01   -6.4235894586e-03    6.4235894586e-03
  12.9100000    1.9829079939e-01    4.7023280176e-06    1.1901758633e-02    0.0000000000e+00    0.0000000000e+00    0.0000000000e+00   -8.9319146710e-01    8.9319146710e-01   -6.4323443459e-03    6.4323443459e-03
  12.9200000    1.9824039467e-01    4.7134498527e-06    1.1922281409e-02    0.0000000000e+00    0.0000000000e+00    0.0000000000e+00   -8.9327848449e-01    8.9327848449e-01   -6.4410973831e-03    6.4410973831e-03
  12.9300000    1.9819282514e-01    4.7258449857e-06    1.1942849130e-02    0.0000000000e+00    0.0000000000e+00    0.0000000000e+00   -8.9335852918e-01    8.9335852918e-01   -6.4498485133e-03    6.4498485133e-03
  12.9400000    1.9814810475e-01    4.7394313999e-06    1.1963461735e-02    0.0000000000e+00    0.0000000000e+00    0.0000000000e+00   -8.9343157514e-01    8.9343157514e-01   -6.4585976798e-03    6.4585976798e-03
  12.9500000    1.9810624718e-01    4.7541288531e-06    1.1984119180e-02    0.0000000000e+00    0.0000000000e+00    0.0000000000e+00   -8.9349759722e-01    8.9349759722e-01   -6.4673448250e-03    6.4673448250e-03
  12.9600000    1.9806726579e-01    4.7698589014e-06    1.2004821442e-02    0.0000000000e+00    0.0000000000e+00    0.0000000000e+00   -8.9355657114e-01    8.9355657114e-01   -6.4760898914e-03    6.4760898914e-03
  12.9700000    1.9803117366e-01    4.7865449242e-06    1.2025568527e-02    0.0000000000e+00    0.0000000000e+00    0.0000000000e+00   -8.9360847347e-01    8.9360847347e-01   -6.4848328209e-03    6.4848328209e-03
  12.9800000    1.9799798359e-01    4.8041121486e-06    1.2046360464e-02    0.0000000000e+00    0.0000000000e+00    0.0000000000e+00   -8.9365328169e-01    8.9365328169e-01   -6.4935735550e-03    6.4935735550e-03
  12.9900000    1.9796770803e-01    4.8224876750e-06    1.2067197314e-02    0.0000000000e+00    0.0000000000e+00    0.0000000000e+00   -8.9369097419e-01    8.9369097419e-01   -6.5023120351e-03    6.5023120351e-03
  13.0000000    1.9794035918e-01    4.8291816399e-06    1.2088079169e-02    0.0000000000e+00    0.0000000000e+00    0.0000000000e+00   -8.9372153022e-01    8.9372153022e-01   -6.5110482020e-03    6.5110482020e-03
  13.0100000    1.9791594890e-01    4.8119099116e-06    1.2109006156e-02    0.0000000000e+00    0.0000000000e+00    0.0000000000e+00   -8.9374492997e-01    8.9374492997e-01   -6.5197819960e-03    6.5197819960e-03
  13.0200000    1.9789448874e-01    4.7980439758e-06    1.2129978435e-02    0.0000000000e+00    0.0000000000e+00    0.0000000000e+00   -8.9376115453e-01    8.9376115453e-01   -6.5285133574e-03    6.5285133574e-03
  13.0300000    1.9787598995e-01    4.7874539179e-06    1.2150996199e-02    0.0000000000e+00    0.0000000000e+00    0.0000000000e+00   -8.9377018590e-01    8.9377018590e-01   -6.5372422257e-03    6.5372422257e-03
  13.0400000    1.9786046346e-01    4.7800113041e-06    1.2172059678e-02    0.0000000000e+00    0.0000000000e+00    0.0000000000e+00   -8.9377200701e-01    8.9377200701e-01   -6.5459685401e-03    6.5459685401e-03
  13.0500000    1.9784791987e-01    4.7755892024e-06    1.2193169134e-02    0.0000000000e+00    0.0000000000e+00    0.0000000000e+00   -8.9376660173e-01    8.9376660173e-01   -6.5546922397e-03    6.5546922397e-03
  13.0600000    1.9783836948e-01    4.7740622039e-06    1.2214324864e-02    0.0000000000e+00    0.0000000000e+00    0.0000000000e+00   -8.9375395485e-01    8.9375395485e-01   -6.5634132626e-03    6.5634132626e-03
  13.0700000    1.9783182224e-01    4.7753064437e-06    1.2235698924e-02    0.0000000000e+00    0.0000000000e+00    0.0000000000e+00   -8.9373405209e-01    8.9373405209e-01   -6.5721315470e-03    6.5721315470e-03
  13.0800000    1.9782828779e-01    4.7791996229e-06    1.2257180737e-02    0.0000000000e+00    0.0000000000e+00    0.0000000000e+00   -8.9370688015e-01    8.9370688015e-01   -6.5808470304e-03    6.5808470304e-03
  13.0900000    1.9782777544e-01    4.7856210300e-06    1.2278711329e-02    0.0000000000e+00    0.0000000000e+00    0.0000000000e+00   -8.9367242663e-01    8.9367242663e-01   -6.5895596499e-03    6.5895596499e-03
  13.1000000    1.9783029415e-01    4.7944515632e-06    1.2300291114e-02    0.0000000000e+00    0.0000000000e+00    0.0000000000e+00   -8.9363068011e-01    8.9363068011e-01   -6.5982693420e-03    6.5982693420e-03
  13.1100000    1.9783585258e-01    4.8055737526e-06    1.2321920525e-02    0.0000000000e+00    0.0000000000e+00    0.0000000000e+00   -8.9358163011e-01    8.9358163011e-01   -6.6069760432e-03    6.6069760432e-03
  13.1200000    1.9784445901e-01    4.8127480235e-06    1.2343600002e-02    0.0000000000e+00    0.0000000000e+00    0.0000000000e+00   -8.9352526713e-01    8.9352526713e-01   -6.6156796889e-03    6.6156796889e-03
  13.1300000    1.9785612141e-01    4.7776689894e-06    1.2365329990e-02    0.0000000000e+00    0.0000000000e+00    0.0000000000e+00   -8.9346158259e-01    8.9346158259e-01   -6.6243802147e-03    6.6243802147e-03
  13.1400000    1.9787084741e-01    4.7468132762e-06    1.2387110932e-02    0.0000000000e+00    0.0000000000e+00    0.0000000000e+00   -8.9339056892e-01    8.9339056892e-01   -6.6330775552e-03    6.6330775552e-03
  13.1500000    1.9788864427e-01    4.7200320629e-06    1.2408943265e-02    0.0000000000e+00    0.0000000000e+00    0.0000000000e+00   -8.9331221948e-01    8.9331221948e-01   -6.6417716449e-03    6.6417716449e-03
  13.1600000    1.9790951892e-01    4.6971781393e-06    1.2430827413e-02    0.0000000000e+00    0.0000000000e+00    0.0000000000e+00   -8.9322652860e-01    8.9322652860e-01   -6.6504624175e-03    6.6504624175e-03
  13.1700000    1.9793347794e-01    4.6781059284e-06    1.2452763777e-02    0.0000000000e+00    0.0000000000e+00    0.0000000000e+00   -8.9313349161e-01    8.9313349161e-01   -6.6591498066e-03    6.6591498066e-03
  13.1800000    1.9796052756e-01    4.6626715078e-06    1.2474752737e-02    0.0000000000e+00    0.0000000000e+00    0.0000000000e+00   -8.9303310478e-01    8.9303310478e-01   -6.6678337450e-03    6.6678337450e-03
  13.1900000    1.9799067365e-01    4.6507326319e-06    1.2496794635e-02    0.0000000000e+00    0.0000000000e+00    0.0000000000e+00   -8.9292536535e-01    8.9292536535e-01   -6.6765141653e-03    6.6765141653e-03
  13.2000000    1.9802392174e-01    4.6421487548e-06    1.2518889777e-02    0.0000000000e+00    0.0000000000e+00    0.0000000000e+00   -8.9281027156e-01    8.9281027156e-01   -6.6851909994e-03    6.6851909994e-03
  13.2100000    1.9806027698e-01    4.6367810524e-06    1.2541038422e-02    0.0000000000e+00    0.0000000000e+00    0.0000000000e+00   -8.9268782260e-01    8.9268782260e-01   -6.6938641789e-03    6.6938641789e-03
  13.2200000    1.9809974417e-01    4.6344924455e-06    1.2563240779e-02    0.0000000000e+00    0.0000000000e+00    0.0000000000e+00   -8.9255801864e-01    8.9255801864e-01   -6.7025336347e-03    6.7025336347e-03
  13.2300000    1.9814232777e-01    4.6351476225e-06    1.2585497000e-02    0.0000000000e+00    0.0000000000e+00    0.0000000000e+00   -8.9242086082e-01    8.9242086082e-01   -6.7111992976e-03    6.7111992976e-03
  13.2400000    1.9818803184e-01    4.6386130635e-06    1.2607807175e-02    0.0000000000e+00    0.0000000000e+00    0.0000000000e+00   -8.9227635126e-01    8.9227635126e-01   -6.7198610976e-03    6.7198610976e-03
  13.2500000    1.9823686009e-01    4.6447570628e-06    1.2630344063e-02    0.0000000000e+00    0.0000000000e+00    0.0000000000e+00   -8.9212449305e-01    8.9212449305e-01   -6.7285189643e-03    6.7285189643e-03
  13.2600000    1.9828881589e-01    4.6534497538e-06    1.2653003059e-02    0.0000000000e+00    0.0000000000e+00    0.0000000000e+00   -8.9196529025e-01    8.9196529025e-01   -6.7371728271e-03    6.7371728271e-03
