# thinned to dt=0.05 from the every-step stream; the last 1 time units are kept whole (the death window)
#       time         integral Re         integral Im         integral Re         integral Im         integral Re         integral Im         integral Re         integral Im
#       r =            14.000000           14.000000           20.000000           20.000000           26.000000           26.000000           30.000000           30.000000
   0.0100000   -3.3854370956e-10   -1.3804397533e-09   -4.9437323944e-11   -1.5975071141e-10    5.4621016890e-09    3.2644743955e-09   -9.4100027378e-12   -1.5905472507e-10
   0.0600000    7.9356156714e-10   -1.2412180767e-09    7.9891257267e-11   -3.8179933320e-10    4.8277646656e-09    3.0725313715e-09   -3.7173158128e-11   -3.3104970421e-10
   0.1100000    1.7927387050e-09   -1.3240705298e-09    2.5204643450e-10   -5.2478497209e-10    4.3210122007e-09    2.6556286803e-09   -5.4560610067e-11   -4.0300239376e-10
   0.1600000    2.3043757999e-09   -1.7901311520e-09    4.3052107444e-10   -5.5968706753e-10    3.7759481872e-09    1.9590448663e-09   -6.4125110142e-11   -3.9254343894e-10
   0.2100000    2.0624853769e-09   -2.6789690019e-09    5.4931042129e-10   -4.4937983492e-10    3.0133040873e-09    9.5005771170e-10   -6.8169018918e-11   -3.1651510289e-10
   0.2600000    1.0091598111e-09   -3.8707235246e-09    5.4231511520e-10   -1.7997488717e-10    1.9403898585e-09   -3.3230654081e-10   -6.8743196728e-11   -1.9075125904e-10
   0.3100000   -6.7206517821e-10   -5.1139913382e-09    3.7811652749e-10    2.1313466336e-10    6.1641189858e-10   -1.7504326110e-09   -6.7619589183e-11   -2.9697820206e-11
   0.3600000   -2.6237640385e-09   -6.1049462617e-09    9.1796380693e-11    6.5163935006e-10   -7.4067859562e-10   -3.0774593607e-09   -6.6317544961e-11    1.5393364770e-10
   0.4100000   -4.4473060941e-09   -6.5911126307e-09   -1.9461099902e-10    1.0344706166e-09   -1.8100293657e-09   -4.0440321782e-09   -6.6071546096e-11    3.4941099094e-10
   0.4600000   -5.8356044615e-09   -6.4617604128e-09   -2.9856213924e-10    1.2296849891e-09   -2.2688863187e-09   -4.4098940969e-09   -6.7808348580e-11    5.4805092007e-10
   0.5100000   -6.6465900332e-09   -5.7810026272e-09   -8.4766910264e-11    1.0428163754e-09   -1.9053063247e-09   -4.0383354334e-09   -7.2135187501e-11    7.4317443395e-10
   0.5600000   -6.8956452223e-09   -4.7452405182e-09    3.9162038432e-10    2.5752525520e-10   -7.0430876089e-10   -2.9489922897e-09   -7.9291524083e-11    9.2999554929e-10
   0.6100000   -6.6922798777e-09   -3.5947130554e-09    8.4588783977e-10   -1.1654462315e-09    1.1226832152e-09   -1.3303112872e-09   -8.9155360448e-11    1.1054045799e-09
   0.6600000   -6.1722285632e-09   -2.5359037911e-09    9.3050861393e-10   -2.8604891989e-09    3.1777486661e-09    4.9517728094e-10   -1.0124586724e-10    1.2677504108e-09
   0.7100000   -5.4639008231e-09   -1.7095371508e-09    5.1093476198e-10   -4.1226917926e-09    4.9758456379e-09    2.1449842158e-09   -1.1476601087e-10    1.4165776882e-09
   0.7600000   -4.6899746411e-09   -1.1953442263e-09   -2.0670949959e-10   -4.3742103094e-09    6.0748422498e-09    3.2701962918e-09   -1.2868882594e-10    1.5523642562e-09
   0.8100000   -3.9740033889e-09   -1.0247659796e-09   -8.5510080829e-10   -3.6301914494e-09    6.1972014553e-09    3.6419616465e-09   -1.4184480844e-10    1.6762445607e-09
   0.8600000   -3.4241799721e-09   -1.1845184722e-09   -1.2531794880e-09   -2.4343234852e-09    5.3063809792e-09    3.2063664871e-09   -1.5304714443e-10    1.7897620123e-09
   0.9100000   -3.0962271952e-09   -1.6135891946e-09   -1.5921354339e-09   -1.2826905346e-09    3.6149633067e-09    2.0923378370e-09   -1.6118396295e-10    1.8946297793e-09
   0.9600000   -2.9652509702e-09   -2.2052786156e-09   -2.2526169673e-09   -1.4615193554e-10    1.5223648300e-09    5.7110536657e-10   -1.6535157389e-10    1.9925304561e-09
   1.0100000   -2.9374098924e-09   -2.8253286782e-09   -3.3689500453e-09    1.3874609104e-09   -4.9871753942e-10   -1.0200979403e-09   -1.6490744998e-10    2.0849417060e-09
   1.0600000   -2.9038080648e-09   -3.3487710379e-09   -4.4995020851e-09    3.4580635276e-09   -2.0323619543e-09   -2.3672608506e-09   -1.5951797917e-10    2.1730391013e-09
   1.1100000   -2.8059724605e-09   -3.7023401355e-09   -4.7288561558e-09    5.3724316768e-09   -2.8273242992e-09   -3.2559365589e-09   -1.4915958576e-10    2.2576420036e-09
   1.1600000   -2.6695966182e-09   -3.8863141788e-09   -3.2201132508e-09    5.7554173504e-09   -2.8517673624e-09   -3.6138442075e-09   -1.3411396675e-10    2.3391690982e-09
   1.2100000   -2.5849745281e-09   -3.9591887675e-09    1.3416475495e-10    3.5379014013e-09   -2.2809282815e-09   -3.5097972551e-09   -1.1490674163e-10    2.4176925879e-09
   1.2600000   -2.6500182899e-09   -3.9948237359e-09    4.4429409034e-09   -9.1183905313e-10   -1.4249962506e-09   -3.1126659082e-09   -9.2234686286e-11    2.4930019860e-09
   1.3100000   -2.9160319477e-09   -4.0430351901e-09    8.1655964653e-09   -5.6679439888e-09   -6.2253695849e-10   -2.6261028489e-09   -6.6914110954e-11    2.5646454856e-09
   1.3600000   -3.3673094745e-09   -4.1163109689e-09    9.8863284778e-09   -8.5578953587e-09   -1.3415482968e-10   -2.2210337555e-09   -3.9807356465e-11    2.6320563235e-09
   1.4100000   -3.9366335073e-09   -4.2010610937e-09    9.0360766115e-09   -8.7959674475e-09   -6.9751002000e-11   -1.9872708208e-09   -1.1764123090e-11    2.6946034463e-09
   1.4600000   -4.5345840436e-09   -4.2756304618e-09    6.1153330884e-09   -7.3014820067e-09   -3.7011415800e-10   -1.9181442944e-09    1.6433859124e-11    2.7516727546e-09
   1.5100000   -5.0712096821e-09   -4.3208253520e-09    2.3024206202e-09   -5.4440310800e-09   -8.4563221568e-10   -1.9304458450e-09    4.4100453891e-11    2.8027262145e-09
   1.5600000   -5.4660156834e-09   -4.3219611083e-09   -1.2257792598e-09   -3.6891325706e-09   -1.2561888153e-09   -1.9102163571e-09    7.0669344591e-11    2.8473322968e-09
   1.6100000   -5.6569562859e-09   -4.2690767561e-09   -3.7355633066e-09   -1.5795987034e-09   -1.4035860044e-09   -1.7666804331e-09    9.5711853380e-11    2.8852028786e-09
   1.6600000   -5.6165318104e-09   -4.1607744736e-09   -4.9258474168e-09    1.1505345267e-09   -1.2050417681e-09   -1.4749323098e-09    1.1895193432e-10    2.9162005847e-09
   1.7100000   -5.3699850769e-09   -4.0108021171e-09   -4.7689215555e-09    3.7217456460e-09   -7.2356557724e-10   -1.0921674800e-09    1.4025705935e-10    2.9403491703e-09
   1.7600000   -4.9981668116e-09   -3.8507137291e-09   -3.5548550834e-09    4.6854885581e-09   -1.4625543681e-10   -7.4216391203e-10    1.5963274362e-10    2.9578168027e-09
   1.8100000   -4.6133363881e-09   -3.7230921318e-09   -1.9846699703e-09    3.2125623427e-09    2.8110024692e-10   -5.7358886330e-10    1.7721060923e-10    2.9689258629e-09
   1.8600000   -4.3158495730e-09   -3.6661770597e-09   -8.8995909223e-10    8.0691034544e-11    3.4001965910e-10   -7.0669566315e-10    1.9321229000e-10    2.9741018940e-09
   1.9100000   -4.1576673174e-09   -3.6973927206e-09   -6.4826727940e-10   -2.6994892813e-09   -8.3176625128e-11   -1.1869843274e-09    2.0793008565e-10    2.9738865613e-09
   1.9600000   -4.1374364973e-09   -3.8049292027e-09   -9.2534532612e-10   -3.5059383889e-09   -9.5447639796e-10   -1.9617870743e-09    2.2166820270e-10    2.9688828970e-09
   2.0100000   -4.2274325911e-09   -3.9497876987e-09   -1.0797267220e-09   -2.5216392285e-09   -2.0976916599e-09   -2.8883276793e-09    2.3470318415e-10    2.9597433432e-09
   2.0600000   -4.4045092688e-09   -4.0779329124e-09   -7.4648121890e-10   -1.4564912029e-09   -3.2464798564e-09   -3.7711541901e-09    2.4725609530e-10    2.9471359271e-09
   2.1100000   -4.6527715759e-09   -4.1416480045e-09    4.4158082798e-11   -1.7741763588e-09   -4.1254248614e-09   -4.4171870704e-09    2.5944322247e-10    2.9317249787e-09
   2.1600000   -4.9374545856e-09   -4.1269515086e-09    1.1466170772e-09   -3.2860873076e-09   -4.5337705744e-09   -4.6911688615e-09    2.7124820790e-10    2.9141358655e-09
   2.2100000   -5.1872821850e-09   -4.0705845493e-09    2.4131527867e-09   -4.5525190170e-09   -4.4049193310e-09   -4.5540477503e-09    2.8253161404e-10    2.8949471706e-09
   2.2600000   -5.3252353200e-09   -4.0451012616e-09    3.4967053777e-09   -4.4818738789e-09   -3.8234703248e-09   -4.0726198915e-09    2.9301035647e-10    2.8746834530e-09
   2.3100000   -5.3332569583e-09   -4.1105535542e-09    3.8050058511e-09   -3.3313467279e-09   -2.9952598410e-09   -3.3978810633e-09    3.0228403107e-10    2.8537963167e-09
   2.3600000   -5.2795033467e-09   -4.2649410998e-09    2.8857148865e-09   -2.2251441357e-09   -2.1814650386e-09   -2.7195928118e-09    3.0986719387e-10    2.8326610814e-09
   2.4100000   -5.2596571171e-09   -4.4359669071e-09    8.6413038287e-10   -1.9364471532e-09   -1.6187389312e-09   -2.2116831931e-09    3.1520709375e-10    2.8115878109e-09
   2.4600000   -5.3022013904e-09   -4.5229971412e-09   -1.5585746034e-09   -2.2084882462e-09   -1.4509823830e-09   -1.9853594772e-09    3.1774162431e-10    2.7908124217e-09
   2.5100000   -5.3458426640e-09   -4.4570930858e-09   -3.4908829268e-09   -2.1641790827e-09   -1.6937121646e-09   -2.0639126810e-09    3.1693141768e-10    2.7705061406e-09
   2.5600000   -5.3244976001e-09   -4.2424583811e-09   -4.2184546867e-09   -1.3321449739e-09   -2.2406252122e-09   -2.3855596548e-09    3.1231330325e-10    2.7507690442e-09
   2.6100000   -5.2639907669e-09   -3.9615668770e-09   -3.4049563322e-09   -2.6448642344e-10   -2.9079107443e-09   -2.8315961667e-09    3.0350512431e-10    2.7316574480e-09
   2.6600000   -5.2751007351e-09   -3.7372198891e-09   -1.2604673105e-09   -4.5297634650e-11   -3.4997602255e-09   -3.2693876885e-09    2.9026262563e-10    2.7131675897e-09
   2.7100000   -5.4502497844e-09   -3.6559787425e-09    1.3551871511e-09   -1.1190308145e-09   -3.8728240548e-09   -3.5951726357e-09    2.7249040350e-10    2.6952713927e-09
   2.7600000   -5.7835865580e-09   -3.7024602759e-09    3.1830208623e-09   -2.7330794361e-09   -3.9782431688e-09   -3.7632168655e-09    2.5025618181e-10    2.6778985068e-09
   2.8100000   -6.1922772796e-09   -3.7854171133e-09    3.2593701710e-09   -3.6814390935e-09   -3.8690146678e-09   -3.7925606177e-09    2.2379558099e-10    2.6609753471e-09
   2.8600000   -6.5892308244e-09   -3.8630700320e-09    1.6118861037e-09   -3.5078109000e-09   -3.6720236900e-09   -3.7509951038e-09    1.9352356440e-10    2.6444344847e-09
   2.9100000   -6.9017463653e-09   -4.0391190165e-09   -6.8924380459e-10   -2.8284342023e-09   -3.5363694221e-09   -3.7233161154e-09    1.6000127314e-10    2.6282181303e-09
   2.9600000   -7.0199306000e-09   -4.4877708326e-09   -2.2677285289e-09   -2.5629830396e-09   -3.5768354196e-09   -3.7759884541e-09    1.2394808726e-10    2.6122948469e-09
   3.0100000   -6.7860231428e-09   -5.2469739565e-09   -2.3467739452e-09   -3.0379540792e-09   -3.8324190597e-09   -3.9309817804e-09    8.6182436965e-11    2.5966792427e-09
   3.0600000   -6.1402314643e-09   -6.0907815639e-09   -1.0670983305e-09   -3.8129437311e-09   -4.2535862619e-09   -4.1577689561e-09    4.7615188212e-11    2.5814252338e-09
   3.1100000   -5.3475478956e-09   -6.6259458660e-09    8.6410186773e-10   -4.2085675075e-09   -4.7218901530e-09   -4.3857405504e-09    9.2206103250e-12    2.5666534080e-09
   3.1600000   -5.0014300551e-09   -6.5258422601e-09    2.6431240734e-09   -3.9579034966e-09   -5.0941126092e-09   -4.5320448168e-09   -2.8021937480e-11    2.5525197472e-09
   3.2100000   -5.5811900354e-09   -5.7112256068e-09    3.5797133063e-09   -3.4024854516e-09   -5.2547900813e-09   -4.5345708247e-09   -6.3149140148e-11    2.5392395620e-09
   3.2600000   -6.8434577694e-09   -4.3994143834e-09    3.2127073092e-09   -3.0544566330e-09   -5.1586192429e-09   -4.3778828243e-09   -9.5235409979e-11    2.5270603571e-09
   3.3100000   -7.7638211734e-09   -3.0590225599e-09    1.5417950068e-09   -2.9864944569e-09   -4.8480621385e-09   -4.1028721596e-09   -1.2346570988e-10    2.5162600716e-09
   3.3600000   -7.4018698825e-09   -2.2652033889e-09   -8.1940879116e-10   -2.7850870740e-09   -4.4402944001e-09   -3.7963273508e-09   -1.4713263942e-10    2.5071167287e-09
   3.4100000   -6.0062927923e-09   -2.4059262330e-09   -2.8691108331e-09   -2.1753516391e-09   -4.0884364730e-09   -3.5639132287e-09   -1.6566687902e-10    2.4999055968e-09
   3.4600000   -5.0664540315e-09   -3.3605815481e-09   -3.7476813647e-09   -1.5331237203e-09   -3.9304606177e-09   -3.4955763713e-09   -1.7866610743e-10    2.4948607343e-09
   3.5100000   -5.8843326427e-09   -4.4893369000e-09   -3.1887197936e-09   -1.5744344248e-09   -4.0435744308e-09   -3.6353777515e-09   -1.8590254621e-10    2.4921734919e-09
   3.5600000   -7.9751178289e-09   -5.1228203383e-09   -1.6000103073e-09   -2.5415971819e-09   -4.4192926845e-09   -3.9659288620e-09   -1.8734931545e-10    2.4919719145e-09
   3.6100000   -9.2115974140e-09   -5.1880634525e-09    2.3010647254e-10   -3.8480919235e-09   -4.9673632198e-09   -4.4129421540e-09   -1.8314279296e-10    2.4942918155e-09
   3.6600000   -7.9656806408e-09   -5.2786448145e-09    1.5878625575e-09   -4.6017732090e-09   -5.5465724842e-09   -4.8683253318e-09   -1.7361432779e-10    2.4990904248e-09
   3.7100000   -5.0892921640e-09   -5.9565714848e-09    2.1601810411e-09   -4.4371957650e-09   -6.0117578984e-09   -5.2240970026e-09   -1.5925315458e-10    2.5062213432e-09
   3.7600000   -3.3199860923e-09   -6.9832346018e-09    2.0437978728e-09   -3.8031946493e-09   -6.2604933906e-09   -5.4057254531e-09   -1.4067893407e-10    2.5154574694e-09
   3.8100000   -4.4236049133e-09   -7.3988401573e-09    1.5178215071e-09   -3.4649619809e-09   -6.2641757118e-09   -5.3936757669e-09   -1.1860990671e-10    2.5264941302e-09
   3.8600000   -7.2138555417e-09   -6.4707594129e-09    8.4539383175e-10   -3.7572426786e-09   -6.0734339698e-09   -5.2263712606e-09   -9.3841932672e-11    2.5389731085e-09
   3.9100000   -8.8996529876e-09   -4.5079634097e-09    2.4802279023e-10   -4.3226778802e-09   -5.7969164817e-09   -4.9840963232e-09   -6.7189718106e-11    2.5524958487e-09
   3.9600000   -8.3302830843e-09   -2.6672797424e-09   -7.0164735311e-11   -4.5570874070e-09   -5.5617339616e-09   -4.7601021287e-09   -3.9447047534e-11    2.5666533510e-09
   4.0100000   -7.2167943956e-09   -2.0051453525e-09   -9.8871705850e-12   -4.2653452101e-09   -5.4696604215e-09   -4.6295178045e-09   -1.1375302413e-11    2.5810533150e-09
   4.0600000   -7.7156296627e-09   -2.7593952747e-09    2.9460858198e-10   -3.8205434725e-09   -5.5640985529e-09   -4.6269766957e-09    1.6357854205e-11    2.5953400183e-09
   4.1100000   -9.3666142961e-09   -4.3931448138e-09    5.1246353736e-10   -3.6742364183e-09   -5.8188331538e-09   -4.7403214983e-09    4.3200990284e-11    2.6092195842e-09
   4.1600000   -9.4623981681e-09   -6.0693580763e-09    3.5133370070e-10   -3.8130718715e-09   -6.1514829858e-09   -4.9215192296e-09    6.8701837646e-11    2.6224656911e-09
   4.2100000   -6.7095824861e-09   -7.0432038534e-09   -2.1820133538e-10   -3.8187069079e-09   -6.4558154145e-09   -5.1094692538e-09    9.2544883831e-11    2.6349402063e-09
   4.2600000   -3.5681246048e-09   -6.9063241548e-09   -9.4816967130e-10   -3.4483467391e-09   -6.6411203265e-09   -5.2550062271e-09    1.1452299018e-10    2.6465837463e-09
   4.3100000   -3.8229695084e-09   -5.8186124523e-09   -1.4906234842e-09   -3.0075790333e-09   -6.6645370136e-09   -5.3383938013e-09    1.3454110743e-10    2.6574075183e-09
   4.3600000   -7.8478093114e-09   -4.5585470143e-09   -1.6032404421e-09   -3.0466042084e-09   -6.5453049583e-09   -5.3726955910e-09    1.5259642350e-10    2.6674862291e-09
   4.4100000   -1.1465589613e-08   -4.0715292770e-09   -1.2473570360e-09   -3.7390567755e-09   -6.3567325640e-09   -5.3929116102e-09    1.6873754708e-10    2.6769315644e-09
   4.4600000   -1.0484365559e-08   -4.6722531410e-09   -5.4887670918e-10   -4.6666045197e-09   -6.1992537328e-09   -5.4363285095e-09    1.8306034904e-10    2.6858649090e-09
   4.5100000   -5.9350998442e-09   -5.6490458110e-09    3.1328935570e-10   -5.2396584576e-09   -6.1647365460e-09   -5.5233552523e-09    1.9566707141e-10    2.6944081680e-09
   4.5600000   -3.4543016040e-09   -5.8512856405e-09    1.1838803164e-09   -5.2703784797e-09   -6.3044216410e-09   -5.6474236734e-09    2.0666255261e-10    2.7026541616e-09
   4.6100000   -6.8338607764e-09   -4.8650087036e-09    1.9202889726e-09   -5.0845968022e-09   -6.6114957537e-09   -5.7781326912e-09    2.1612185228e-10    2.7106428612e-09
   4.6600000   -1.3083440062e-08   -3.6032839908e-09    2.3588099095e-09   -5.0854077568e-09   -7.0235622381e-09   -5.8762078659e-09    2.2409280680e-10    2.7183700812e-09
   4.7100000   -1.5258795346e-08   -3.5443046404e-09    2.3534224608e-09   -5.2694863824e-09   -7.4437061439e-09   -5.9127802333e-09    2.3058910055e-10    2.7257618987e-09
   4.7600000   -1.0357490246e-08   -5.2150091119e-09    1.8682679794e-09   -5.2412766294e-09   -7.7724332211e-09   -5.8840244343e-09    2.3558386632e-10    2.7327016876e-09
   4.8100000   -3.1902160653e-09   -7.4505354721e-09    1.0109202320e-09   -4.7164887606e-09   -7.9397775725e-09   -5.8138005111e-09    2.3903784598e-10    2.7390447020e-09
   4.8600000   -1.3315157316e-09   -8.3357775266e-09   -3.3546657380e-11   -3.9379364093e-09   -7.9269949151e-09   -5.7430097756e-09    2.4088580762e-10    2.7446264510e-09
   4.9100000   -6.5970267342e-09   -7.0310395358e-09   -1.0786004462e-09   -3.5010361341e-09   -7.7714810163e-09   -5.7106940213e-09    2.4107863030e-10    2.7492822559e-09
   4.9600000   -1.2864922469e-08   -4.6621180986e-09   -1.9444710779e-09   -3.7635851008e-09   -7.5538639388e-09   -5.7362947987e-09    2.3957116139e-10    2.7529087673e-09
   5.0100000   -1.2985641149e-08   -3.3003040062e-09   -2.4383374463e-09   -4.5040979589e-09   -7.3719939860e-09   -5.8121213745e-09    2.3636546515e-10    2.7554460239e-09
   5.0600000   -6.9757116209e-09   -3.9927487011e-09   -2.3875326098e-09   -5.1940438330e-09   -7.3102181785e-09   -5.9100297850e-09    2.3151230405e-10    2.7569277293e-09
   5.1100000   -2.0050417896e-09   -5.8086802637e-09   -1.7283020311e-09   -5.5337108907e-09   -7.4134041815e-09   -5.9988566621e-09    2.2511910872e-10    2.7574762973e-09
   5.1600000   -4.0945986928e-09   -6.8399244122e-09   -5.7924126543e-10   -5.6448659190e-09   -7.6732226449e-09   -6.0630600263e-09    2.1736315653e-10    2.7573127643e-09
   5.2100000   -1.1136601961e-08   -6.0991321471e-09    7.6429897495e-10   -5.7694624066e-09   -8.0305130756e-09   -6.1118226312e-09    2.0849293198e-10    2.7567493392e-09
   5.2600000   -1.5387398949e-08   -4.4069917281e-09    1.9287783497e-09   -5.8944863673e-09   -8.3930271427e-09   -6.1727297578e-09    1.9882326969e-10    2.7561623822e-09
   5.3100000   -1.2479805437e-08   -3.4912515745e-09    2.6111361908e-09   -5.7586254802e-09   -8.6636591307e-09   -6.2729120220e-09    1.8873042711e-10    2.7559781109e-09
   5.3600000   -6.3242493567e-09   -4.3333014713e-09    2.6895008926e-09   -5.2254252883e-09   -8.7712215082e-09   -6.4181658489e-09    1.7862805658e-10    2.7566348085e-09
   5.4100000   -4.2292178643e-09   -6.3766846129e-09    2.2254030997e-09   -4.5777285831e-09   -8.6947595247e-09   -6.5829947285e-09    1.6895740840e-10    2.7585445395e-09
   5.4600000   -8.2619486994e-09   -8.1443389894e-09    1.3807605095e-09   -4.3553741840e-09   -8.4734937703e-09   -6.7191605462e-09    1.6016410391e-10    2.7620624026e-09
   5.5100000   -1.3184547396e-08   -8.4510077620e-09    3.4135954293e-10   -4.8551328988e-09   -8.1976457725e-09   -6.7799582457e-09    1.5265969915e-10    2.7674598234e-09
   5.5600000   -1.3113403909e-08   -7.1298833084e-09   -7.0482497371e-10   -5.8134311083e-09   -7.9810448348e-09   -6.7475732987e-09    1.4682945203e-10    2.7748941805e-09
   5.6100000   -8.5174002870e-09   -4.9478013667e-09   -1.5707744142e-09   -6.6287701758e-09   -7.9228765967e-09   -6.6474723170e-09    1.4296338154e-10    2.7844049639e-09
   5.6600000   -5.1452517544e-09   -3.0745022189e-09   -2.0980584728e-09   -6.8973632649e-09   -8.0708332996e-09   -6.5399467400e-09    1.4126055608e-10    2.7959110696e-09
   5.7100000   -6.6572335785e-09   -2.4880009453e-09   -2.1946581765e-09   -6.6968328959e-09   -8.4000628537e-09   -6.4912324792e-09    1.4181475068e-10    2.8092078916e-09
   5.7600000   -1.0321946365e-08   -3.4663502088e-09   -1.8496972743e-09   -6.3625930416e-09   -8.8181295527e-09   -6.5391005425e-09    1.4458550587e-10    2.8240047935e-09
   5.8100000   -1.0917658706e-08   -5.3702393809e-09   -1.1244060962e-09   -6.0807234616e-09   -9.1973764147e-09   -6.6719284574e-09    1.4941208193e-10    2.8399276129e-09
   5.8600000   -7.5964393704e-09   -7.0274273984e-09   -1.3919934042e-10   -5.7771236233e-09   -9.4244787211e-09   -6.8340907944e-09    1.5600213462e-10    2.8565741432e-09
   5.9100000   -4.9861325057e-09   -7.6334288869e-09    9.3545349311e-10   -5.3767414777e-09   -9.4482015501e-09   -6.9558418836e-09    1.6395048286e-10    2.8735232082e-09
   5.9600000   -7.2755908891e-09   -7.4002855710e-09    1.8904609752e-09   -5.0593580350e-09   -9.3043165492e-09   -6.9916989377e-09    1.7277141392e-10    2.8903838183e-09
   6.0100000   -1.2804701833e-08   -7.1892194710e-09    2.5023721027e-09   -5.1628871543e-09   -9.1046148397e-09   -6.9460171258e-09    1.8191576990e-10    2.9068175316e-09
   6.0600000   -1.5853802746e-08   -7.4005269397e-09    2.5862589039e-09   -5.8146470878e-09   -8.9917318301e-09   -6.8710941080e-09    1.9080564521e-10    2.9225426230e-09
   6.1100000   -1.3303146544e-08   -7.3769518252e-09    2.0764301362e-09   -6.7085220643e-09   -9.0773429093e-09   -6.8386082147e-09    1.9887736619e-10    2.9373719051e-09
   6.1600000   -8.0622892301e-09   -6.1479216130e-09    1.0887992034e-09   -7.3174235931e-09   -9.3905045066e-09   -6.9004005781e-09    2.0561632565e-10    2.9511945824e-09
   6.2100000   -5.4860875255e-09   -3.7822071568e-09   -9.4884640670e-11   -7.3597902363e-09   -9.8601757347e-09   -7.0604460209e-09    2.1058800344e-10    2.9639678660e-09
   6.2600000   -7.4796873241e-09   -1.7612314503e-09   -1.1271573364e-09   -7.0401524034e-09   -1.0341134440e-08   -7.2731833808e-09    2.1347060919e-10    2.9757082653e-09
   6.3100000   -1.1138604326e-08   -1.7883483779e-09   -1.7174200400e-09   -6.8086646304e-09   -1.0673438288e-08   -7.4680932608e-09    2.1407914529e-10    2.9864942299e-09
   6.3600000   -1.2702703321e-08   -4.2103833805e-09   -1.7138450294e-09   -6.9040515547e-09   -1.0749113869e-08   -7.5856804857e-09    2.1236431366e-10    2.9964109443e-09
   6.4100000   -1.1515847081e-08   -7.6671744359e-09   -1.1292814758e-09   -7.1656403073e-09   -1.0556741086e-08   -7.6046654671e-09    2.0842400714e-10    3.0055679495e-09
   6.4600000   -9.7168012859e-09   -1.0226388676e-08   -1.2702124999e-10   -7.2727375252e-09   -1.0184622096e-08   -7.5467518357e-09    2.0249324230e-10    3.0140465444e-09
   6.5100000   -9.1126096158e-09   -1.0761847825e-08    1.0225885226e-09   -7.0968773350e-09   -9.7824478329e-09   -7.4593100016e-09    1.9490261842e-10    3.0219063021e-09
   6.5600000   -9.4866208285e-09   -9.3594966432e-09    2.0061997779e-09   -6.7805759633e-09   -9.5003715374e-09   -7.3885799969e-09    1.8609477960e-10    3.0291753506e-09
   6.6100000   -9.7750849115e-09   -6.7956407004e-09    2.5401687411e-09   -6.5193957498e-09   -9.4329654147e-09   -7.3601532730e-09    1.7655217990e-10    3.0358428885e-09
   6.6600000   -9.7605317033e-09   -3.9801308733e-09    2.4398312442e-09   -6.3574619371e-09   -9.5913974531e-09   -7.3762967432e-09    1.6677869087e-10    3.0418735262e-09
   6.7100000   -1.0013905892e-08   -1.8459687329e-09    1.6747552800e-09   -6.2427103912e-09   -9.9120522542e-09   -7.4282536596e-09    1.5727704656e-10    3.0471991077e-09
   6.7600000   -1.0717197892e-08   -1.3165169522e-09    3.9177594304e-10   -6.2410548882e-09   -1.0292645671e-08   -7.5119346946e-09    1.4848311243e-10    3.0517333602e-09
   6.8100000   -1.1314206661e-08   -2.8882798875e-09   -1.1105112373e-09   -6.5967018596e-09   -1.0636496100e-08   -7.6348830642e-09    1.4079180588e-10    3.0553839011e-09
   6.8600000   -1.1316782669e-08   -6.0619223500e-09   -2.4512143872e-09   -7.4925567694e-09   -1.0885301025e-08   -7.8094540367e-09    1.3449396865e-10    3.0580648942e-09
   6.9100000   -1.0891126300e-08   -9.3200334137e-09   -3.2577046852e-09   -8.7322635892e-09   -1.1029831485e-08   -8.0373649697e-09    1.2980525832e-10    3.0597063007e-09
   6.9600000   -1.0451348463e-08   -1.0936109883e-08   -3.2602770718e-09   -9.7163700695e-09   -1.1100011815e-08   -8.2970359646e-09    1.2682944301e-10    3.0602625420e-09
   7.0100000   -1.0098449142e-08   -1.0076803633e-08   -2.3801454443e-09   -9.8199628712e-09   -1.1143905989e-08   -8.5436971588e-09    1.2560340222e-10    3.0597057798e-09
   7.0600000   -9.8160127853e-09   -7.3461900490e-09   -7.8814006951e-10   -8.8655752529e-09   -1.1206822928e-08   -8.7240958486e-09    1.2605879603e-10    3.0580529093e-09
   7.1100000   -9.9483215812e-09   -4.3780545058e-09    1.1010382633e-09   -7.2751288814e-09   -1.1317407629e-08   -8.7986992797e-09    1.2808978331e-10    3.0553463339e-09
   7.1600000   -1.0942707854e-08   -2.7910888816e-09    2.7221908877e-09   -5.7950723582e-09   -1.1481706975e-08   -8.7595987388e-09    1.3152068411e-10    3.0516597471e-09
   7.2100000   -1.2527005472e-08   -3.1992146122e-09    3.5327817422e-09   -5.0679781280e-09   -1.1683137781e-08   -8.6343979578e-09    1.3614071736e-10    3.0471074746e-09
   7.2600000   -1.3575654956e-08   -4.8938201552e-09    3.2202276609e-09   -5.3834463817e-09   -1.1886303647e-08   -8.4742928533e-09    1.4171095801e-10    3.0418261777e-09
   7.3100000   -1.3144642437e-08   -6.4280892394e-09    1.8584977064e-09   -6.6851902013e-09   -1.2044886951e-08   -8.3320641882e-09    1.4797041419e-10    3.0359842997e-09
   7.3600000   -1.1519406252e-08   -6.7625293570e-09   -8.0403090166e-11   -8.6678058979e-09   -1.2114427287e-08   -8.2410451146e-09    1.5467147184e-10    3.0297778665e-09
   7.4100000   -9.9508588776e-09   -6.1198543154e-09   -1.8912522434e-09   -1.0815497491e-08   -1.2069033432e-08   -8.2044051427e-09    1.6153569177e-10    3.0234400248e-09
   7.4600000   -9.3785466399e-09   -5.7509604422e-09   -2.9008094454e-09   -1.2436543010e-08   -1.1916793972e-08   -8.1992952113e-09    1.6831901542e-10    3.0172237491e-09
   7.5100000   -9.6826223392e-09   -6.6732061129e-09   -2.7048387955e-09   -1.2858571593e-08   -1.1706200541e-08   -8.1931702666e-09    1.7477486917e-10    3.0114048685e-09
   7.5600000   -1.0226651259e-08   -8.4963009574e-09   -1.2967836825e-09   -1.1800931375e-08   -1.1517360103e-08   -8.1645431692e-09    1.8066515423e-10    3.0062595624e-09
   7.6100000   -1.0768969892e-08   -9.5689119133e-09    9.1553855422e-10   -9.6678906681e-09   -1.1437679884e-08   -8.1186771201e-09    1.8579914447e-10    3.0020859171e-09
   7.6600000   -1.1502150469e-08   -8.4873837452e-09    3.1972970622e-09   -7.4371406414e-09   -1.1529836411e-08   -8.0906859052e-09    1.9002147889e-10    2.9991482161e-09
   7.7100000   -1.2340964726e-08   -5.5865339968e-09    4.6959763436e-09   -6.1166960338e-09   -1.1804707035e-08   -8.1336165605e-09    1.9320890392e-10    2.9977000847e-09
   7.7600000   -1.2666968721e-08   -2.9017577768e-09    4.7562843860e-09   -6.1561295828e-09   -1.2212244386e-08   -8.2955460051e-09    1.9530996483e-10    2.9979315214e-09
   7.8100000   -1.2070362016e-08   -2.5135911339e-09    3.2218200902e-09   -7.2734416575e-09   -1.2655703201e-08   -8.5949007184e-09    1.9631279236e-10    2.9999710807e-09
   7.8600000   -1.1158346851e-08   -4.7606597478e-09    5.5172921765e-10   -8.7775023766e-09   -1.3024959443e-08   -9.0049461227e-09    1.9626817392e-10    3.0038783281e-09
   7.9100000   -1.1224844432e-08   -7.9428116936e-09   -2.3347313023e-09   -1.0024666859e-08   -1.3235968734e-08   -9.4558024407e-09    1.9525691215e-10    3.0096164733e-09
   7.9600000   -1.2905651974e-08   -9.7417801858e-09   -4.4128337312e-09   -1.0630295832e-08   -1.3260761497e-08   -9.8548170704e-09    1.9340741287e-10    3.0170563469e-09
   8.0100000   -1.5234771742e-08   -9.0686238166e-09   -4.9384476399e-09   -1.0434373522e-08   -1.3136076989e-08   -1.0117944287e-08    1.9086231914e-10    3.0259882324e-09
   8.0600000   -1.6221003663e-08   -6.7946459809e-09   -3.7197651724e-09   -9.4929184090e-09   -1.2947840838e-08   -1.0199252080e-08    1.8777302098e-10    3.0361097218e-09
   8.1100000   -1.4528550913e-08   -4.8911634903e-09   -1.1980154822e-09   -8.1966649180e-09   -1.2798150249e-08   -1.0105609888e-08    1.8428062754e-10    3.0470724341e-09
   8.1600000   -1.0748809665e-08   -4.8063063833e-09    1.6894952263e-09   -7.2756982256e-09   -1.2768213582e-08   -9.8905071680e-09    1.8051786223e-10    3.0584679002e-09
   8.2100000   -7.1309217506e-09   -6.3855694303e-09    3.8425157509e-09   -7.4550145481e-09   -1.2890978021e-08   -9.6304814474e-09    1.7657991111e-10    3.0699052597e-09
   8.2600000   -5.9876664054e-09   -8.1008555308e-09    4.4233843006e-09   -8.9341100062e-09   -1.3143236081e-08   -9.3955151216e-09    1.7253277884e-10    3.0810005959e-09
   8.3100000   -8.0359310237e-09   -8.3370674970e-09    3.2015045993e-09   -1.1158973432e-08   -1.3458634358e-08   -9.2267140580e-09    1.6841117008e-10    3.0914433942e-09
   8.3600000   -1.1907152557e-08   -6.7226562008e-09    6.6410538551e-10   -1.3129076370e-08   -1.3755534082e-08   -9.1300581446e-09    1.6423449234e-10    3.1009957159e-09
   8.4100000   -1.5153129442e-08   -4.4566699725e-09   -2.1540343005e-09   -1.3987197832e-08   -1.3968365041e-08   -9.0861991084e-09    1.6001216781e-10    3.1095194376e-09
   8.4600000   -1.6005901179e-08   -3.3276337334e-09   -4.0649172299e-09   -1.3442833902e-08   -1.4070352733e-08   -9.0690150139e-09    1.5577314668e-10    3.1169918171e-09
   8.5100000   -1.4622197356e-08   -4.1753480421e-09   -4.2183260406e-09   -1.1823321043e-08   -1.4079637451e-08   -9.0627931112e-09    1.5156545650e-10    3.1235011964e-09
   8.5600000   -1.2879386439e-08   -6.1080873685e-09   -2.4974786994e-09   -9.8528079771e-09   -1.4047238465e-08   -9.0703835629e-09    1.4747842608e-10    3.1292071019e-09
   8.6100000   -1.2805774257e-08   -7.2577515050e-09    3.9499078017e-10   -8.3293598005e-09   -1.4032843661e-08   -9.1107887959e-09    1.4364893827e-10    3.1343397536e-09
   8.6600000   -1.4786964940e-08   -6.5130076370e-09    3.2545738606e-09   -7.8169563849e-09   -1.4079123291e-08   -9.2094541983e-09    1.4026299802e-10    3.1391578823e-09
   8.7100000   -1.7009309974e-08   -4.6667469179e-09    4.9400434986e-09   -8.4639828708e-09   -1.4195520642e-08   -9.3868630963e-09    1.3753957204e-10    3.1439132413e-09
   8.7600000   -1.6791039306e-08   -3.8028329645e-09    4.8632365646e-09   -1.0019790336e-08   -1.4358134196e-08   -9.6496743313e-09    1.3572915367e-10    3.1488161277e-09
   8.8100000   -1.2939906399e-08   -5.3551668797e-09    3.1653023700e-09   -1.1969832545e-08   -1.4524813187e-08   -9.9860005265e-09    1.3509416471e-10    3.1539967032e-09
   8.8600000   -7.2176351196e-09   -8.6307568125e-09    5.7881843361e-10   -1.3646908845e-08   -1.4657396938e-08   -1.0364840908e-08    1.3586501665e-10    3.1594974761e-09
   8.9000000   -3.8542039174e-09   -1.0915233269e-08   -1.4485390681e-09   -1.4318893683e-08   -1.4727361104e-08   -1.0667314293e-08    1.3764478968e-10    3.1640979364e-09
   8.9100000   -3.4341881964e-09   -1.1275707116e-08   -1.8816735802e-09   -1.4355527063e-08   -1.4740146148e-08   -1.0739188441e-08    1.3826381884e-10    3.1652666771e-09
   8.9200000   -3.2236251356e-09   -1.1524983586e-08   -2.2711036820e-09   -1.4334373470e-08   -1.4751360547e-08   -1.0808644971e-08    1.3895238146e-10    3.1664388921e-09
   8.9300000   -3.2330535562e-09   -1.1656110685e-08   -2.6108889820e-09   -1.4254736679e-08   -1.4761227298e-08   -1.0875219312e-08    1.3971815998e-10    3.1676139436e-09
   8.9400000   -3.4663973712e-09   -1.1666394746e-08   -2.8959322769e-09   -1.4117229091e-08   -1.4769991309e-08   -1.0938457460e-08    1.4055061273e-10    3.1687921918e-09
   8.9500000   -3.9207064196e-09   -1.1557484773e-08   -3.1220443749e-09   -1.3923844789e-08   -1.4777924894e-08   -1.0997917376e-08    1.4146225353e-10    3.1699709070e-09
   8.9600000   -4.5861426321e-09   -1.1335230208e-08   -3.2860890561e-09   -1.3678026942e-08   -1.4785302879e-08   -1.1053174148e-08    1.4244610835e-10    3.1711448329e-09
   8.9700000   -5.4462975195e-09   -1.1009470560e-08   -3.3860119937e-09   -1.3384655620e-08   -1.4792407305e-08   -1.1103825036e-08    1.4350188952e-10    3.1723145866e-09
   8.9800000   -6.4785924635e-09   -1.0593549964e-08   -3.4209136463e-09   -1.3049984866e-08   -1.4799543939e-08   -1.1149498339e-08    1.4463987762e-10    3.1734792386e-09
   8.9900000   -7.6550421291e-09   -1.0103731149e-08   -3.3910602047e-09   -1.2681531148e-08   -1.4806983631e-08   -1.1189842937e-08    1.4584544302e-10    3.1746338626e-09
   9.0000000   -8.9431401286e-09   -9.5585578271e-09   -3.2979361129e-09   -1.2287907297e-08   -1.4814990031e-08   -1.1224553955e-08    1.4713144879e-10    3.1757790163e-09
   9.0100000   -1.0306997374e-08   -8.9780652237e-09   -3.1441618822e-09   -1.1878591429e-08   -1.4823822783e-08   -1.1253353311e-08    1.4849094901e-10    3.1769110941e-09
   9.0200000   -1.1708467682e-08   -8.3829047811e-09   -2.9335399625e-09   -1.1463670806e-08   -1.4833699607e-08   -1.1276020790e-08    1.4992328654e-10    3.1780267983e-09
   9.0300000   -1.3108573640e-08   -7.7935860206e-09   -2.6709075012e-09   -1.1053554217e-08   -1.4844822632e-08   -1.1292378724e-08    1.5143281909e-10    3.1791252062e-09
   9.0400000   -1.4468777140e-08   -7.2296035208e-09   -2.3621160645e-09   -1.0658626054e-08   -1.4857354293e-08   -1.1302300687e-08    1.5301301104e-10    3.1802040416e-09
   9.0500000   -1.5752318059e-08   -6.7086697293e-09   -2.0138970494e-09   -1.0288933957e-08   -1.4871418900e-08   -1.1305706468e-08    1.5467140529e-10    3.1812636496e-09
   9.0600000   -1.6925465631e-08   -6.2460324980e-09   -1.6336854805e-09   -9.9538437243e-09   -1.4887110768e-08   -1.1302581090e-08    1.5640040439e-10    3.1822965157e-09
   9.0700000   -1.7958774540e-08   -5.8539582126e-09   -1.2295246935e-09   -9.6617555405e-09   -1.4904475081e-08   -1.1292959848e-08    1.5819918046e-10    3.1833072440e-09
   9.0800000   -1.8827984099e-08   -5.5412678548e-09   -8.0989075123e-10   -9.4198141504e-09   -1.4923526641e-08   -1.1276947223e-08    1.6006795907e-10    3.1842871492e-09
   9.0900000   -1.9514957535e-08   -5.3130255510e-09   -3.8348424598e-10   -9.2336836851e-09   -1.4944236330e-08   -1.1254699191e-08    1.6200726270e-10    3.1852362493e-09
   9.1000000   -2.0008172925e-08   -5.1704930323e-09    4.0931119506e-11   -9.1073954054e-09   -1.4966541258e-08   -1.1226415287e-08    1.6401110738e-10    3.1861549037e-09
   9.1100000   -2.0303055248e-08   -5.1111588630e-09    4.5473349084e-10   -9.0432126181e-09   -1.4990354199e-08   -1.1192369921e-08    1.6608180411e-10    3.1870404760e-09
   9.1200000   -2.0402168633e-08   -5.1289584432e-09    8.4960555146e-10   -9.0416399412e-09   -1.5015551073e-08   -1.1152886163e-08    1.6821643160e-10    3.1878881500e-09
   9.1300000   -2.0314968382e-08   -5.2146190906e-09    1.2177170603e-09   -9.1014180377e-09   -1.5041974569e-08   -1.1108325215e-08    1.7041444918e-10    3.1886982665e-09
   9.1400000   -2.0057299405e-08   -5.3561872129e-09    1.5518823599e-09   -9.2196441457e-09   -1.5069465838e-08   -1.1059113545e-08    1.7267005341e-10    3.1894712084e-09
   9.1500000   -1.9650841996e-08   -5.5395813685e-09    1.8457134696e-09   -9.3919865146e-09   -1.5097840808e-08   -1.1005700411e-08    1.7498123373e-10    3.1902037814e-09
   9.1600000   -1.9122145350e-08   -5.7493188892e-09    2.0937483441e-09   -9.6128177473e-09   -1.5126916970e-08   -1.0948576631e-08    1.7734928616e-10    3.1908952024e-09
   9.1700000   -1.8501540792e-08   -5.9692587107e-09    2.2915170022e-09   -9.8755319385e-09   -1.5156497611e-08   -1.0888265595e-08    1.7976626535e-10    3.1915455344e-09
   9.1800000   -1.7821958694e-08   -6.1833074766e-09    2.4356649446e-09   -1.0172847231e-08   -1.5186401617e-08   -1.0825317236e-08    1.8223403629e-10    3.1921492239e-09
   9.1900000   -1.7117575877e-08   -6.3761917313e-09    2.5239917747e-09   -1.0497040475e-08   -1.5216465883e-08   -1.0760276943e-08    1.8474595486e-10    3.1927107705e-09
   9.2000000   -1.6422494284e-08   -6.5341301283e-09    2.5554360231e-09   -1.0840294030e-08   -1.5246520103e-08   -1.0693726129e-08    1.8730150093e-10    3.1932234444e-09
   9.2100000   -1.5769375792e-08   -6.6453909389e-09    2.5301608715e-09   -1.1194924053e-08   -1.5276439148e-08   -1.0626230587e-08    1.8989373017e-10    3.1936985866e-09
   9.2200000   -1.5188201308e-08   -6.7008896075e-09    2.4493854050e-09   -1.1553668644e-08   -1.5306116223e-08   -1.0558365047e-08    1.9252637594e-10    3.1941222086e-09
   9.2300000   -1.4705009302e-08   -6.6945460980e-09    2.3155077924e-09   -1.1909848008e-08   -1.5335473156e-08   -1.0490674974e-08    1.9519331043e-10    3.1945045753e-09
   9.2400000   -1.4340925387e-08   -6.6234977601e-09    2.1318912685e-09   -1.2257498087e-08   -1.5364460664e-08   -1.0423708441e-08    1.9788897377e-10    3.1948389667e-09
   9.2500000   -1.4111272720e-08   -6.4882177747e-09    1.9028563418e-09   -1.2591485100e-08   -1.5393067178e-08   -1.0357962331e-08    2.0061313794e-10    3.1951284617e-09
   9.2600000   -1.4025003426e-08   -6.2924867770e-09    1.6335475638e-09   -1.2907521690e-08   -1.5421310452e-08   -1.0293917936e-08    2.0335632302e-10    3.1953727428e-09
   9.2700000   -1.4084288236e-08   -6.0431726241e-09    1.3298232171e-09   -1.3202159581e-08   -1.5449255458e-08   -1.0232024107e-08    2.0611972971e-10    3.1955736715e-09
   9.2800000   -1.4284456524e-08   -5.7499693795e-09    9.9813284044e-10   -1.3472686741e-08   -1.5476971642e-08   -1.0172666079e-08    2.0889646752e-10    3.1957294591e-09
   9.2900000   -1.4614066881e-08   -5.4248643161e-09    6.4535226293e-10   -1.3717045220e-08   -1.5504587308e-08   -1.0116204746e-08    2.1168721684e-10    3.1958452727e-09
   9.3000000   -1.5055382487e-08   -5.0816527197e-09    2.7872804369e-10   -1.3933697106e-08   -1.5532238054e-08   -1.0062941267e-08    2.1448514344e-10    3.1959185552e-09
   9.3100000   -1.5584972225e-08   -4.7353246860e-09   -9.4345006036e-11   -1.4121455216e-08   -1.5560089434e-08   -1.0013133231e-08    2.1728267727e-10    3.1959505934e-09
   9.3200000   -1.6174661020e-08   -4.4013804847e-09   -4.6642570290e-10   -1.4279380674e-08   -1.5588310989e-08   -9.9669779853e-09    2.2008023325e-10    3.1959432804e-09
   9.3300000   -1.6792463576e-08   -4.0951466695e-09   -8.3014633001e-10   -1.4406587827e-08   -1.5617078504e-08   -9.9246217689e-09    2.2287667402e-10    3.1958996553e-09
   9.3400000   -1.7403998357e-08   -3.8311145018e-09   -1.1783664809e-09   -1.4502215593e-08   -1.5646583239e-08   -9.8861725125e-09    2.2566046791e-10    3.1958216491e-09
   9.3500000   -1.7973585778e-08   -3.6223114428e-09   -1.5042720756e-09   -1.4565291120e-08   -1.5676993696e-08   -9.8516727048e-09    2.2843348584e-10    3.1957119751e-09
   9.3600000   -1.8465804572e-08   -3.4797157041e-09   -1.8015066475e-09   -1.4594749651e-08   -1.5708472147e-08   -9.8211274442e-09    2.3118830373e-10    3.1955674687e-09
   9.3700000   -1.8846866167e-08   -3.4117964224e-09   -2.0642668005e-09   -1.4589449483e-08   -1.5741149919e-08   -9.7945001725e-09    2.3392252806e-10    3.1953985985e-09
   9.3800000   -1.9085905449e-08   -3.4241117589e-09   -2.2874221322e-09   -1.4548233108e-08   -1.5775130363e-08   -9.7717078219e-09    2.3663282198e-10    3.1952008901e-09
   9.3900000   -1.9156301984e-08   -3.5190798178e-09   -2.4665385669e-09   -1.4470068731e-08   -1.5810484366e-08   -9.7526441767e-09    2.3931613267e-10    3.1949768362e-09
   9.4000000   -1.9036813087e-08   -3.6958900839e-09   -2.5980056431e-09   -1.4354150102e-08   -1.5847236909e-08   -9.7371809851e-09    2.4196929317e-10    3.1947340154e-09
   9.4100000   -1.8712605010e-08   -3.9504248220e-09   -2.6790549827e-09   -1.4200125788e-08   -1.5885357418e-08   -9.7251579702e-09    2.4458730330e-10    3.1944692990e-09
   9.4200000   -1.8175902650e-08   -4.2754895095e-09   -2.7078417135e-09   -1.4008274825e-08   -1.5924763256e-08   -9.7164049917e-09    2.4716717502e-10    3.1941873515e-09
   9.4300000   -1.7426587449e-08   -4.6610852727e-09   -2.6834100166e-09   -1.3779680580e-08   -1.5965330619e-08   -9.7107494419e-09    2.4970574368e-10    3.1938959991e-09
   9.4400000   -1.6472355609e-08   -5.0947716026e-09   -2.6057827749e-09   -1.3516413892e-08   -1.6006856949e-08   -9.7080158101e-09    2.5220174824e-10    3.1935919360e-09
   9.4500000   -1.5328821722e-08   -5.5622035798e-09   -2.4758743902e-09   -1.3221655007e-08   -1.6049092486e-08   -9.7080378128e-09    2.5465129793e-10    3.1932813092e-09
   9.4600000   -1.4019079662e-08   -6.0476351815e-09   -2.2955070017e-09   -1.2899830592e-08   -1.6091725800e-08   -9.7106591911e-09    2.5704811983e-10    3.1929638828e-09
   9.4700000   -1.2573225554e-08   -6.5346139494e-09   -2.0673755228e-09   -1.2556624322e-08   -1.6134396643e-08   -9.7157428615e-09    2.5939874034e-10    3.1926501831e-09
   9.4800000   -1.1027381845e-08   -7.0065602933e-09   -1.7949694944e-09   -1.2198943934e-08   -1.6176701517e-08   -9.7231762294e-09    2.6169260881e-10    3.1923327959e-09
   9.4900000   -9.4228368534e-09   -7.4475028947e-09   -1.4825193889e-09   -1.1834834951e-08   -1.6218179033e-08   -9.7328735807e-09    2.6393648140e-10    3.1920224548e-09
   9.5000000   -7.8045153162e-09   -7.8426706364e-09   -1.1349180191e-09   -1.1473328092e-08   -1.6258330824e-08   -9.7447792536e-09    2.6612084842e-10    3.1917193863e-09
   9.5100000   -6.2197432662e-09   -8.1790554700e-09   -7.5760859390e-10   -1.1124184166e-08   -1.6296651195e-08   -9.7588831550e-09    2.6824855992e-10    3.1914290297e-09
   9.5200000   -4.7165803934e-09   -8.4459292743e-09   -3.5648651534e-10   -1.0797634529e-08   -1.6332616108e-08   -9.7751900689e-09    2.7032237022e-10    3.1911545804e-09
   9.5300000   -3.3422572877e-09   -8.6352768076e-09    6.2182600013e-11   -1.0504030414e-08   -1.6365679064e-08   -9.7937587955e-09    2.7233305093e-10    3.1908939664e-09
   9.5400000   -2.1415724713e-09   -8.7420830341e-09    4.9191208432e-10   -1.0253488009e-08   -1.6395322739e-08   -9.8146720031e-09    2.7428602366e-10    3.1906564657e-09
   9.5500000   -1.1552401917e-09   -8.7645282808e-09    9.2608994285e-10   -1.0055513856e-08   -1.6421052218e-08   -9.8380475320e-09    2.7618256104e-10    3.1904435261e-09
   9.5600000   -4.1855672926e-10   -8.7040238462e-09    1.3580793740e-09   -9.9185852305e-09   -1.6442385166e-08   -9.8640273593e-09    2.7801722956e-10    3.1902560504e-09
   9.5700000    4.0044354399e-11   -8.5651103791e-09    1.7813303372e-09   -9.8498541496e-09   -1.6458915048e-08   -9.8927893292e-09    2.7979676011e-10    3.1901022681e-09
   9.5800000    1.9993080972e-10   -8.3552936366e-09    2.1894711641e-09   -9.8548082623e-09   -1.6470281791e-08   -9.9245152644e-09    2.8152114366e-10    3.1899795177e-09
   9.5900000    4.9242246147e-11   -8.0847136499e-09    2.5764267086e-09   -9.9370150015e-09   -1.6476200406e-08   -9.9594125893e-09    2.8319055882e-10    3.1898928471e-09
   9.6000000   -4.1462810554e-10   -7.7657037500e-09    2.9364690870e-09   -1.0097927254e-08   -1.6476477463e-08   -9.9976746212e-09    2.8480398786e-10    3.1898431602e-09
   9.6100000   -1.1848433437e-09   -7.4122698772e-09    3.2642992175e-09   -1.0336826294e-08   -1.6471012154e-08   -1.0039527947e-08    2.8636842317e-10    3.1898383595e-09
   9.6200000   -2.2451264391e-09   -7.0394973737e-09    3.5551028021e-09   -1.0650715590e-08   -1.6459795527e-08   -1.0085157264e-08    2.8788232773e-10    3.1898784762e-09
   9.6300000   -3.5702119362e-09   -6.6630216306e-09    3.8046092777e-09   -1.1034466700e-08   -1.6442958051e-08   -1.0134741824e-08    2.8935028894e-10    3.1899654012e-09
   9.6400000   -5.1266161416e-09   -6.2982284252e-09    4.0091294666e-09   -1.1480917000e-08   -1.6420718831e-08   -1.0188418359e-08    2.9077481696e-10    3.1901027698e-09
   9.6500000   -6.8736525069e-09   -5.9597718149e-09    4.1655751628e-09   -1.1981139432e-08   -1.6393421429e-08   -1.0246309289e-08    2.9215699970e-10    3.1902928187e-09
   9.6600000   -8.7647773886e-09   -5.6609099504e-09    4.2715162692e-09   -1.2524672603e-08   -1.6361543596e-08   -1.0308478298e-08    2.9350312070e-10    3.1905395874e-09
   9.6700000   -1.0749049734e-08   -5.4130452926e-09    4.3251851792e-09   -1.3099935123e-08   -1.6325647537e-08   -1.0374945057e-08    2.9481371216e-10    3.1908459519e-09
   9.6800000   -1.2772882406e-08   -5.2251494199e-09    4.3254892830e-09   -1.3694566124e-08   -1.6286437804e-08   -1.0445666390e-08    2.9609713836e-10    3.1912115718e-09
   9.6900000   -1.4781776510e-08   -5.1035912678e-09    4.2720574740e-09   -1.4295823340e-08   -1.6244708225e-08   -1.0520538899e-08    2.9735033821e-10    3.1916382097e-09
   9.7000000   -1.6722259748e-08   -5.0517301520e-09    4.1652109140e-09   -1.4890967350e-08   -1.6201341635e-08   -1.0599381973e-08    2.9858712511e-10    3.1921325703e-09
   9.7100000   -1.8543598574e-08   -5.0699536085e-09    4.0060113467e-09   -1.5467681381e-08   -1.6157311422e-08   -1.0681964174e-08    2.9980671208e-10    3.1926918319e-09
   9.7200000   -2.0199505191e-08   -5.1555937829e-09    3.7962644648e-09   -1.6014390010e-08   -1.6113642264e-08   -1.0767955825e-08    3.0101108995e-10    3.1933182693e-09
   9.7300000   -2.1649756742e-08   -5.3031325304e-09    3.5384817179e-09   -1.6520534725e-08   -1.6071424164e-08   -1.0856974425e-08    3.0220850871e-10    3.1940189315e-09
   9.7400000   -2.2861455044e-08   -5.5044229167e-09    3.2359459830e-09   -1.6976842870e-08   -1.6031749214e-08   -1.0948553991e-08    3.0340178815e-10    3.1947888780e-09
   9.7500000   -2.3810058597e-08   -5.7491197886e-09    2.8926231714e-09   -1.7375494443e-08   -1.5995762571e-08   -1.1042160461e-08    3.0459834151e-10    3.1956347003e-09
   9.7600000   -2.4480132427e-08   -6.0250788445e-09    2.5131743562e-09   -1.7710246580e-08   -1.5964564938e-08   -1.1137199060e-08    3.0580045974e-10    3.1965540277e-09
   9.7700000   -2.4865721751e-08   -6.3189569350e-09    2.1029195039e-09   -1.7976452035e-08   -1.5939218914e-08   -1.1233018229e-08    3.0701403936e-10    3.1975502177e-09
   9.7800000   -2.4970331275e-08   -6.6167489803e-09    1.6677644259e-09   -1.8171066694e-08   -1.5920767262e-08   -1.1328912677e-08    3.0824425633e-10    3.1986249399e-09
   9.7900000   -2.4806637493e-08   -6.9043926548e-09    1.2141200454e-09   -1.8292577780e-08   -1.5910133264e-08   -1.1424135544e-08    3.0949805571e-10    3.1997774250e-09
   9.8000000   -2.4395709630e-08   -7.1684445157e-09    7.4885367246e-10   -1.8340877608e-08   -1.5908170515e-08   -1.1517912778e-08    3.1077622464e-10    3.2010088912e-09
   9.8100000   -2.3766047604e-08   -7.3965728129e-09    2.7914381906e-10   -1.8317106814e-08   -1.5915606192e-08   -1.1609451242e-08    3.1208442618e-10    3.2023196196e-09
   9.8200000   -2.2952298760e-08   -7.5781475476e-09   -1.8764316234e-10   -1.8223511869e-08   -1.5933017676e-08   -1.1697955686e-08    3.1342786647e-10    3.2037090662e-09
   9.8300000   -2.1993727785e-08   -7.7046506785e-09   -6.4410366534e-10   -1.8063226393e-08   -1.5960850838e-08   -1.1782630918e-08    3.1480993112e-10    3.2051792465e-09
   9.8400000   -2.0932539551e-08   -7.7701032049e-09   -1.0829155910e-09   -1.7840119685e-08   -1.5999363926e-08   -1.1862703291e-08    3.1623701301e-10    3.2067270194e-09
   9.8500000   -1.9812177419e-08   -7.7712203622e-09   -1.4970320970e-09   -1.7558657493e-08   -1.6048636274e-08   -1.1937439747e-08    3.1770853218e-10    3.2083575438e-09
   9.8600000   -1.8675471086e-08   -7.7076503212e-09   -1.8798346968e-09   -1.7223700093e-08   -1.6108564762e-08   -1.2006142483e-08    3.1923311677e-10    3.2100645408e-09
   9.8700000   -1.7563077308e-08   -7.5819413146e-09   -2.2252816203e-09   -1.6840431349e-08   -1.6178845448e-08   -1.2068187438e-08    3.2081014218e-10    3.2118471177e-09
   9.8800000   -1.6511805928e-08   -7.3994137697e-09   -2.5280581253e-09   -1.6414243133e-08   -1.6258996238e-08   -1.2123016309e-08    3.2244665362e-10    3.2137129340e-09
   9.8900000   -1.5553330616e-08   -7.1679364108e-09   -2.7836919410e-09   -1.5950696877e-08   -1.6348327042e-08   -1.2170156772e-08    3.2414309800e-10    3.2156518776e-09
   9.9000000   -1.4713040780e-08   -6.8976294309e-09   -2.9886915578e-09   -1.5455477059e-08   -1.6445960952e-08   -1.2209224073e-08    3.2590058491e-10    3.2176651038e-09
