# thinned to dt=0.05 from the every-step stream; the last 1 time units are kept whole (the death window)
#       time         integral Re         integral Im         integral Re         integral Im         integral Re         integral Im         integral Re         integral Im
#       r =            14.000000           14.000000           20.000000           20.000000           26.000000           26.000000           30.000000           30.000000
   0.0100000    8.3939887920e-10   -1.2575038687e-09   -6.4306174337e-11   -2.2796652714e-11    4.8928284952e-09   -3.3167260487e-09    1.0343878088e-11   -1.7647362662e-10
   0.0600000    1.7845755735e-09   -1.4612287409e-09   -4.4166827921e-10   -1.5121347007e-10    4.3530183825e-09   -3.1194691942e-09    3.5507847556e-11   -5.4701100217e-10
   0.1100000    2.6082434413e-09   -1.4963181017e-09   -7.3618832933e-10   -3.8628772850e-10    3.8967890405e-09   -2.7740090376e-09    4.6923352507e-11   -7.1648701197e-10
   0.1600000    2.9904727873e-09   -1.2073420911e-09   -8.7016120050e-10   -7.0034234144e-10    3.3826007940e-09   -2.2256629938e-09    4.9124207380e-11   -7.2293029368e-10
   0.2100000    2.6953492051e-09   -5.3792960498e-10   -7.1662601809e-10   -1.0305796198e-09    2.6600039746e-09   -1.4341454545e-09    4.5749081743e-11   -6.0096012566e-10
   0.2600000    1.6919834514e-09    4.2528345005e-10   -1.6097783871e-10   -1.2953710061e-09    1.6564779612e-09   -4.1850652174e-10    3.9272304421e-11   -3.8120397663e-10
   0.3100000    1.7677684583e-10    1.4758873546e-09    7.8072891719e-10   -1.4331780552e-09    4.3365938532e-10    7.1752903510e-10    3.1094838823e-11   -9.0123869852e-11
   0.3600000   -1.5166591321e-09    2.3640003330e-09    1.8553559936e-09   -1.4462279115e-09   -8.0786512852e-10    1.7916434426e-09    2.1824469838e-11    2.4991077872e-10
   0.4100000   -3.0506306855e-09    2.8837530008e-09    2.5775864891e-09   -1.3987988871e-09   -1.7788694194e-09    2.5815583021e-09    1.1532101776e-11    6.2037969514e-10
   0.4600000   -4.1818899592e-09    2.9352190807e-09    2.4137104597e-09   -1.3440833618e-09   -2.1912844713e-09    2.8856454322e-09   -2.0189675145e-15    1.0062791796e-09
   0.5100000   -4.8005567076e-09    2.5446488219e-09    1.1008008560e-09   -1.2302665674e-09   -1.8578848701e-09    2.5865879692e-09   -1.3090161666e-11    1.3957383657e-09
   0.5600000   -4.9230743225e-09    1.8419528593e-09   -1.0924272709e-09   -8.9745537617e-10   -7.6818923534e-10    1.6970920842e-09   -2.8000026413e-11    1.7796007337e-09
   0.6100000   -4.6530946730e-09    1.0064385792e-09   -3.4012365619e-09   -2.3688403758e-10    8.8620282319e-10    3.7146967519e-10   -4.4837064582e-11    2.1510250016e-09
   0.6600000   -4.1264402125e-09    2.0547087956e-10   -4.9389628928e-09    5.7461190171e-10    2.7476721684e-09   -1.1228890666e-09   -6.3488282510e-11    2.5051117283e-09
   0.7100000   -3.4693718926e-09   -4.4316428576e-10   -5.1402935701e-09    1.0025024330e-09    4.3812943645e-09   -2.4677169326e-09   -8.3604163691e-11    2.8385375740e-09
   0.7600000   -2.7908837516e-09   -8.7315687222e-10   -3.9345595538e-09    4.2210661185e-10    5.3906493288e-09   -3.3727260773e-09   -1.0460873232e-10    3.1492701103e-09
   0.8100000   -2.1930523996e-09   -1.0538687853e-09   -1.6072005964e-09   -1.3977393375e-09    5.5259636606e-09   -3.6486837546e-09   -1.2576519115e-10    3.4363086617e-09
   0.8600000   -1.7639411903e-09   -9.8383764991e-10    1.3846881644e-09   -3.9851251239e-09    4.7521601060e-09   -3.2537255101e-09   -1.4622631367e-10    3.6994807450e-09
   0.9100000   -1.5444043591e-09   -6.9948935263e-10    4.4434986266e-09   -6.3380677980e-09    3.2562243330e-09   -2.2997597796e-09   -1.6513961749e-10    3.9392586371e-09
   0.9600000   -1.5015550045e-09   -2.8064545509e-10    6.8194293263e-09   -7.4905242071e-09    1.3921087926e-09   -1.0177383137e-09   -1.8171218755e-10    4.1566127127e-09
   1.0100000   -1.5428192250e-09    1.6559562700e-10    7.7744778585e-09   -7.0486807601e-09   -4.1975487648e-10    3.0740665812e-10   -1.9528419141e-10    4.3528906673e-09
   1.0600000   -1.5685471780e-09    5.4074777036e-10    6.9188409154e-09   -5.3250934117e-09   -1.8078140536e-09    1.4126165909e-09   -2.0538334546e-10    4.5297000079e-09
   1.1100000   -1.5276518723e-09    7.9034408289e-10    4.4620836369e-09   -3.0586793924e-09   -2.5453361695e-09    2.1213368610e-09   -2.1173396294e-10    4.6887964154e-09
   1.1600000   -1.4421687795e-09    9.1844210582e-10    1.1262997846e-09   -1.0128247684e-09   -2.5993570753e-09    2.3790539774e-09   -2.1426041597e-10    4.8319888001e-09
   1.2100000   -1.3888614146e-09    9.7345708461e-10   -2.2612773346e-09    2.7636468546e-10   -2.1204535126e-09    2.2513690882e-09   -2.1305831207e-10    4.9610468702e-09
   1.2600000   -1.4529269531e-09    1.0155234950e-09   -5.1660823581e-09    5.8049683053e-10   -1.3795745528e-09    1.8879738086e-09   -2.0837268979e-10    5.0776435960e-09
   1.3100000   -1.6820231747e-09    1.0847395723e-09   -7.3662199970e-09    1.9101107878e-11   -6.7419399059e-10    1.4660169235e-09   -2.0053440488e-10    5.1832699473e-09
   1.3600000   -2.0661605501e-09    1.1887895427e-09   -8.6097073714e-09   -9.2289424986e-10   -2.3462417207e-10    1.1319307867e-09   -1.8994560168e-10    5.2792010344e-09
   1.4100000   -2.5490535355e-09    1.3114310548e-09   -8.3849795392e-09   -1.5546883698e-09   -1.5961466127e-10    9.6009080996e-10   -1.7702539602e-10    5.3664849352e-09
   1.4600000   -3.0544332611e-09    1.4290024749e-09   -6.2184509225e-09   -1.3868847149e-09   -3.9986187008e-10    9.4011816192e-10   -1.6219472807e-10    5.4459200097e-09
   1.5100000   -3.5063065594e-09    1.5197098048e-09   -2.2905272654e-09   -5.5052625553e-10   -7.9175764420e-10    9.9476998461e-10   -1.4585940312e-10    5.5180860511e-09
   1.5600000   -3.8380062519e-09    1.5641976633e-09    2.2895553946e-09    1.6262621150e-10   -1.1272909669e-09    1.0201283654e-09   -1.2838485025e-10    5.5833520212e-09
   1.6100000   -3.9992775650e-09    1.5462853505e-09    5.9252527079e-09   -2.1668574792e-10   -1.2351328100e-09    9.3278360758e-10   -1.1010121216e-10    5.6419185644e-09
   1.6600000   -3.9686059118e-09    1.4602601704e-09    7.4058185601e-09   -2.1289849331e-09   -1.0449551126e-09    7.0716730543e-10   -9.1288266356e-11    5.6938549273e-09
   1.7100000   -3.7646188374e-09    1.3211312493e-09    6.5925491828e-09   -5.0840781626e-09   -6.1393653046e-10    3.8997226717e-10   -7.2183942892e-11    5.7391216492e-09
   1.7600000   -3.4463053516e-09    1.1671314028e-09    4.4483778841e-09   -7.8949786499e-09   -1.0738663115e-10    8.7029000365e-11   -5.2963494185e-11    5.7776159787e-09
   1.8100000   -3.1006443384e-09    1.0477244970e-09    2.3396343910e-09   -9.4029358545e-09    2.5882055119e-10   -7.2584697527e-11   -3.3764180005e-11    5.8092208809e-09
   1.8600000   -2.8225463151e-09    1.0017658086e-09    1.0526538689e-09   -9.1580384771e-09    2.9385055381e-10    1.7362070848e-11   -1.4677503494e-11    5.8337985883e-09
   1.9100000   -2.6900815678e-09    1.0409179852e-09    3.3610653929e-10   -7.5523223741e-09   -1.0008169631e-10    3.9992256169e-10    4.2180103758e-12    5.8512557198e-09
   1.9600000   -2.7358485641e-09    1.1520777427e-09   -5.5310008366e-10   -5.3789988331e-09   -8.9022185507e-10    1.0343284778e-09    2.2876146456e-11    5.8615445936e-09
   2.0100000   -2.9249025499e-09    1.3166224406e-09   -1.8460143662e-09   -3.2874060217e-09   -1.9185004991e-09    1.8022195637e-09    4.1226734075e-11    5.8647026807e-09
   2.0600000   -3.1624937576e-09    1.5251754713e-09   -2.9414090573e-09   -1.6089908944e-09   -2.9476756966e-09    2.5392261782e-09    5.9166096733e-11    5.8608773496e-09
   2.1100000   -3.3479040331e-09    1.7660893252e-09   -3.1482230365e-09   -5.5168625118e-10   -3.7330566189e-09    3.0818782380e-09    7.6550037862e-11    5.8503115681e-09
   2.1600000   -3.4487237402e-09    1.9940933674e-09   -2.5524577709e-09   -3.6436786350e-10   -4.0965714440e-09    3.3148783606e-09    9.3177876652e-11    5.8333826856e-09
   2.2100000   -3.5298923002e-09    2.1180003273e-09   -1.9071507521e-09   -1.1992843938e-09   -3.9794980566e-09    3.2041271410e-09    1.0878359033e-10    5.8105811855e-09
   2.2600000   -3.6901580499e-09    2.0400337250e-09   -1.6931603641e-09   -2.8343147118e-09   -3.4574223623e-09    2.8051019842e-09    1.2304190192e-10    5.7825122720e-09
   2.3100000   -3.9450549226e-09    1.7285724215e-09   -1.5330976512e-09   -4.6236284292e-09   -2.7137419634e-09    2.2447733119e-09    1.3558921424e-10    5.7498812336e-09
   2.3600000   -4.1745205998e-09    1.2607529943e-09   -6.6253888841e-10   -5.8322077956e-09   -1.9812451913e-09    1.6830544260e-09    1.4602267730e-10    5.7134667094e-09
   2.4100000   -4.2196702573e-09    7.8719319278e-10    1.1122874445e-09   -6.1360224251e-09   -1.4710812905e-09    1.2663977202e-09    1.5394612670e-10    5.6741041379e-09
   2.4600000   -4.0578074371e-09    4.4748782530e-10    3.0310388429e-09   -5.8700654591e-09   -1.3121237084e-09    1.0879850884e-09    1.5896694885e-10    5.6326508817e-09
   2.5100000   -3.8625355067e-09    3.2483323496e-10    3.9338753162e-09   -5.7497628652e-09   -1.5192349302e-09    1.1662368306e-09    1.6073320246e-10    5.5899715140e-09
   2.5600000   -3.8409646507e-09    4.8628005597e-10    3.1879303406e-09   -6.2296373412e-09   -1.9989231401e-09    1.4473697144e-09    1.5894212488e-10    5.5469083172e-09
   2.6100000   -4.0039599998e-09    1.0354480520e-09    1.1675066044e-09   -7.0621316939e-09   -2.5886214262e-09    1.8294966957e-09    1.5335719769e-10    5.5042565539e-09
   2.6600000   -4.1612015222e-09    2.0456606975e-09   -1.0488969624e-09   -7.5100851788e-09   -3.1148778214e-09    2.1993711323e-09    1.4384605295e-10    5.4627630259e-09
   2.7100000   -4.1915307743e-09    3.3640303335e-09   -2.4169353232e-09   -7.0289828961e-09   -3.4503738185e-09    2.4691352077e-09    1.3034925440e-10    5.4230842102e-09
   2.7600000   -4.2395814061e-09    4.4872622839e-09   -2.4620745460e-09   -5.7325115211e-09   -3.5512557014e-09    2.6012418211e-09    1.1292762916e-10    5.3857905996e-09
   2.8100000   -4.4986458585e-09    4.7411724432e-09   -1.3143763189e-09   -4.2142397316e-09   -3.4634640137e-09    2.6141480612e-09    9.1743660163e-11    5.3513602932e-09
   2.8600000   -4.8007809728e-09    3.7263806436e-09    5.1886304044e-10   -3.0275680496e-09   -3.2980344920e-09    2.5683615376e-09    6.7076793538e-11    5.3201542674e-09
   2.9100000   -4.6621917449e-09    1.6809379092e-09    2.3196146431e-09   -2.4275781495e-09   -3.1854264899e-09    2.5388195688e-09    3.9320721977e-11    5.2924179910e-09
   2.9600000   -3.9573114693e-09   -5.6439621985e-10    3.2878388012e-09   -2.5273173445e-09   -3.2258349675e-09    2.5841597013e-09    8.9644408291e-12    5.2682729051e-09
   3.0100000   -3.4188791342e-09   -1.9945819467e-09    2.8091440807e-09   -3.4727905448e-09   -3.4527091614e-09    2.7239609310e-09   -2.3365995060e-11    5.2477226716e-09
   3.0600000   -4.0442823429e-09   -1.8618330244e-09    7.9905176229e-10   -5.2978301415e-09   -3.8219407119e-09    2.9316524709e-09   -5.6977699065e-11    5.2306321641e-09
   3.1100000   -5.7675341151e-09    2.9639602010e-11   -2.1230507954e-09   -7.6266323648e-09   -4.2293029795e-09    3.1452958020e-09   -9.1086827611e-11    5.2167556828e-09
   3.1600000   -7.0205900072e-09    3.1629667741e-09   -4.7740661795e-09   -9.6506904975e-09   -4.5493389378e-09    3.2917686585e-09   -1.2485486865e-10    5.2057250641e-09
   3.2100000   -6.1773489956e-09    6.2739128802e-09   -5.8599890576e-09   -1.0526995450e-08   -4.6814516189e-09    3.3153631846e-09   -1.5740309043e-10    5.1970784595e-09
   3.2600000   -3.6166902547e-09    7.7151428283e-09   -4.6335834796e-09   -9.9015903429e-09   -4.5870398457e-09    3.2004626439e-09   -1.8786671449e-10    5.1902818436e-09
   3.3100000   -1.8921334511e-09    6.4095275209e-09   -1.4234559909e-09   -8.1353106428e-09   -4.3047631636e-09    2.9799554965e-09   -2.1540048713e-10    5.1847488759e-09
   3.3600000   -3.2267285350e-09    2.9012607810e-09    2.4251603115e-09   -6.0678374891e-09   -3.9390329311e-09    2.7264845268e-09   -2.3924470818e-10    5.1798934765e-09
   3.4100000   -6.7582698567e-09   -5.7245072054e-10    5.2876280061e-09   -4.5227158535e-09   -3.6257905743e-09    2.5294848606e-09   -2.5874761633e-10    5.1751740035e-09
   3.4600000   -8.8642896669e-09   -1.5697787915e-09    6.1488974468e-09   -3.9220531666e-09   -3.4876660770e-09    2.4658419292e-09   -2.7342255249e-10    5.1701273973e-09
   3.5100000   -6.8468270002e-09    4.4969972136e-10    4.9920247219e-09   -4.2345901148e-09   -3.5935630858e-09    2.5742593125e-09   -2.8297817268e-10    5.1644219722e-09
   3.5600000   -2.2424192918e-09    3.3947828571e-09    2.5508144541e-09   -5.1753847562e-09   -3.9363239991e-09    2.8420882596e-09   -2.8732202185e-10    5.1578997794e-09
   3.6100000    2.0834952165e-10    4.2768265696e-09   -1.9448554782e-10   -6.4059834197e-09   -4.4355748056e-09    3.2087912390e-09   -2.8662816658e-10    5.1505899491e-09
   3.6600000   -2.5827710304e-09    2.0977823876e-09   -2.3940411864e-09   -7.5967375900e-09   -4.9644469952e-09    3.5848807992e-09   -2.8128515094e-10    5.1427411192e-09
   3.7100000   -8.4328703140e-09   -9.1841027077e-10   -3.5021353816e-09   -8.4368287954e-09   -5.3907527901e-09    3.8798900911e-09   -2.7191268705e-10    5.1347947323e-09
   3.7600000   -1.1793522117e-08   -1.2655327279e-09   -3.3564598180e-09   -8.7270879188e-09   -5.6189158292e-09    4.0299892600e-09   -2.5930804131e-10    5.1273549507e-09
   3.8100000   -9.5795617920e-09    2.3545658651e-09   -2.2190364104e-09   -8.5229459552e-09   -5.6187577912e-09    4.0164671808e-09   -2.4441075638e-10    5.1211517646e-09
   3.8600000   -4.6035981531e-09    7.4229450726e-09   -7.1469196557e-10   -8.1502857790e-09   -5.4323050332e-09    3.8692761786e-09   -2.2821467624e-10    5.1169738165e-09
   3.9100000   -2.4490470446e-09    9.6911519310e-09    4.1717634368e-10   -8.0011154021e-09   -5.1569246100e-09    3.6550657751e-09   -2.1171399021e-10    5.1155931858e-09
   3.9600000   -4.9478333688e-09    7.1200118553e-09    7.1071832140e-10   -8.2444661922e-09   -4.9112658895e-09    3.4541975955e-09   -1.9582464647e-10    5.1176733070e-09
   4.0100000   -7.8590041419e-09    1.8164645943e-09    2.6451506547e-10   -8.7004978009e-09   -4.7956698878e-09    3.3347187472e-09   -1.8129067926e-10    5.1237186457e-09
   4.0600000   -6.0664384232e-09   -1.9947679928e-09   -3.3613090201e-10   -8.9925278648e-09   -4.8603089256e-09    3.3319175127e-09   -1.6865799578e-10    5.1339914021e-09
   4.1100000   -5.7108132313e-10   -1.9031681982e-09   -4.6933627360e-10   -8.8473659835e-09   -5.0912023731e-09    3.4401097912e-09   -1.5821987738e-10    5.1484868563e-09
   4.1600000    1.6308939072e-09    8.5815443530e-10    6.0994355915e-11   -8.2933917278e-09   -5.4181622362e-09    3.6185385846e-09   -1.4998824612e-10    5.1668994641e-09
   4.2100000   -4.1220490381e-09    3.3429683990e-09    9.5129044943e-10   -7.6120875990e-09   -5.7413877442e-09    3.8087281074e-09   -1.4373646286e-10    5.1886533358e-09
   4.2600000   -1.3184445046e-08    4.1099606619e-09    1.7288126615e-09   -7.1198569241e-09   -5.9672305102e-09    3.9566933289e-09   -1.3900591125e-10    5.2129214905e-09
   4.3100000   -1.5552008596e-08    4.0581280877e-09    2.1114288204e-09   -6.9863755967e-09   -6.0409085059e-09    4.0316944609e-09   -1.3520425642e-10    5.2387109130e-09
   4.3600000   -7.6510368007e-09    4.3502782734e-09    2.0710759542e-09   -7.2212154230e-09   -5.9651801140e-09    4.0353634756e-09   -1.3164955766e-10    5.2649400956e-09
   4.4100000    1.9695448290e-09    4.5179836761e-09    1.6573408887e-09   -7.7728004217e-09   -5.7988594565e-09    3.9981073695e-09   -1.2768101940e-10    5.2905091540e-09
   4.4600000    1.4493234617e-09    3.3823223319e-09    8.7180250320e-10   -8.5873078420e-09   -5.6357258445e-09    3.9649099154e-09   -1.2273937866e-10    5.3144431877e-09
   4.5100000   -1.0018311356e-08    1.4329106136e-09   -2.5667955073e-10   -9.5652471229e-09   -5.5710346243e-09    3.9763447140e-09   -1.1645254650e-10    5.3359322201e-09
   4.5600000   -1.9664809882e-08    1.0248862522e-09   -1.5242025880e-09   -1.0506904226e-08   -5.6670910070e-09    4.0521514218e-09   -1.0869915185e-10    5.3544367683e-09
   4.6100000   -1.5273069895e-08    3.4732890079e-09   -2.5476723076e-09   -1.1163308028e-08   -5.9298124966e-09    4.1837553322e-09   -9.9621367632e-11    5.3697137377e-09
   4.6600000   -3.9302375694e-10    6.6100677837e-09   -2.9577928564e-09   -1.1376342785e-08   -6.3045840633e-09    4.3382608411e-09   -8.9653833557e-11    5.3818549072e-09
   4.7100000    8.1956339139e-09    6.5708252103e-09   -2.6228067647e-09   -1.1171163173e-08   -6.6934188569e-09    4.4719863041e-09   -7.9471159051e-11    5.3912597746e-09
   4.7600000   -3.5721732309e-10    2.4849618063e-09   -1.6893595421e-09   -1.0704812851e-08   -6.9881715190e-09    4.5480716403e-09   -6.9945761399e-11    5.3986016533e-09
   4.8100000   -1.7118938148e-08   -1.5909987144e-09   -4.1619036108e-10   -1.0130342730e-08   -7.1086975106e-09    4.5510550529e-09   -6.2037577758e-11    5.4047645372e-09
   4.8600000   -2.2430342251e-08   -7.0114869418e-10    9.9288417047e-10   -9.5228967848e-09   -7.0327054869e-09    4.4927904105e-09   -5.6727878400e-11    5.4107509946e-09
   4.9100000   -8.8496655618e-09    5.0133250172e-09    2.3615000638e-09   -8.9334717129e-09   -6.8061571908e-09    4.4076811044e-09   -5.4883538300e-11    5.4176074259e-09
   4.9600000    8.9281750836e-09    9.6137870038e-09    3.3941790695e-09   -8.4837863297e-09   -6.5294427282e-09    4.3394782967e-09   -5.7173582932e-11    5.4262931321e-09
   5.0100000    1.0207819338e-08    7.6835227376e-09    3.6766290382e-09   -8.3653580239e-09   -6.3231671036e-09    4.3250928203e-09   -6.3980891049e-11    5.4376248367e-09
   5.0600000   -7.4456308757e-09    8.4904031028e-10    2.9307364319e-09   -8.7153525433e-09   -6.2850103665e-09    4.3818245843e-09   -7.5370998904e-11    5.4521868951e-09
   5.1100000   -2.4657622707e-08   -3.4153008781e-09    1.3032645740e-09   -9.4889135887e-09   -6.4533026652e-09    4.5026653973e-09   -9.1038106104e-11    5.4702813813e-09
   5.1600000   -2.2434987457e-08   -3.0684902694e-11   -6.2142037296e-10   -1.0466504030e-08   -6.7915211861e-09    4.6608483141e-09   -1.1034649280e-10    5.4919073507e-09
   5.2100000   -4.2094824608e-09    7.6456343223e-09   -2.1356272925e-09   -1.1399235457e-08   -7.2007128519e-09    4.8210793504e-09   -1.3238109549e-10    5.5167518654e-09
   5.2600000    8.5271730541e-09    1.1262434555e-08   -2.7959211366e-09   -1.2152286848e-08   -7.5561590931e-09    4.9526660895e-09   -1.5601063914e-10    5.5442315353e-09
   5.3100000    1.8003893443e-09    6.8246605286e-09   -2.5904064996e-09   -1.2713258926e-08   -7.7548638772e-09    5.0393283545e-09   -1.7999721205e-10    5.5735387125e-09
   5.3600000   -1.4754610667e-08   -7.3433132537e-10   -1.8126470476e-09   -1.3079617894e-08   -7.7551395757e-09    5.0825128335e-09   -2.0310168322e-10    5.6037064850e-09
   5.4100000   -2.0388196663e-08   -3.1269459587e-09   -8.1343884123e-10   -1.3166278948e-08   -7.5921647901e-09    5.0980153630e-09   -2.2419014352e-10    5.6337032644e-09
   5.4600000   -8.7141491168e-09    1.9624176513e-09    1.4659845381e-10   -1.2845273079e-08   -7.3627459165e-09    5.1079723043e-09   -2.4232598317e-10    5.6625002238e-09
   5.5100000    4.9355705786e-09    8.5436567669e-09    8.8447243027e-10   -1.2084610611e-08   -7.1854734873e-09    5.1320223747e-09   -2.5682648339e-10    5.6891678794e-09
   5.5600000    2.8508521478e-09    9.4706726832e-09    1.2531494512e-09   -1.1050853118e-08   -7.1530734113e-09    5.1807769160e-09   -2.6733039673e-10    5.7129174370e-09
   5.6100000   -1.3154460656e-08    4.5202169044e-09    1.1984099112e-09   -1.0077731377e-08   -7.2968582951e-09    5.2533225276e-09   -2.7377334732e-10    5.7331914329e-09
   5.6600000   -2.4102238755e-08    9.0442194692e-11    8.5523418264e-10   -9.5271989490e-09   -7.5780576911e-09    5.3388197486e-09   -2.7640507516e-10    5.7496790287e-09
   5.7100000   -1.7090687002e-08    1.3620585930e-09    5.1169631007e-10   -9.6457473864e-09   -7.9082260229e-09    5.4207736080e-09   -2.7570606462e-10    5.7623281677e-09
   5.7600000   -6.3290509715e-10    6.4545984955e-09    4.0215155096e-10   -1.0487184465e-08   -8.1882385855e-09    5.4822315380e-09   -2.7234084791e-10    5.7713332094e-09
   5.8100000    6.1904221730e-09    9.1593401619e-09    5.1357701781e-10   -1.1894198678e-08   -8.3479479387e-09    5.5103429152e-09   -2.6707157913e-10    5.7771092141e-09
   5.8600000   -3.3978403723e-09    6.3941181554e-09    6.0835379984e-10   -1.3508444953e-08   -8.3696137502e-09    5.4994947359e-09   -2.6068519679e-10    5.7802477276e-09
   5.9100000   -1.6942796238e-08    1.4011756581e-09    4.5205583758e-10   -1.4828423180e-08   -8.2872988258e-09    5.4525987160e-09   -2.5391151545e-10    5.7814682330e-09
   5.9600000   -1.8891900097e-08   -5.0807195143e-10    2.8152445444e-11   -1.5368054345e-08   -8.1660129784e-09    5.3808100076e-09   -2.4738060354e-10    5.7815321170e-09
   6.0100000   -8.8070970852e-09    2.0425846376e-09   -4.5385770271e-10   -1.4902908758e-08   -8.0728787227e-09    5.3016514629e-09   -2.4156616857e-10    5.7812018692e-09
   6.0600000    1.6618731532e-11    5.7170550910e-09   -7.4187709163e-10   -1.3666065326e-08   -8.0536587919e-09    5.2359736770e-09   -2.3679375431e-10    5.7811744763e-09
   6.1100000   -2.2339651717e-09    6.9449280593e-09   -7.2579472045e-10   -1.2312720621e-08   -8.1228653832e-09    5.2041013422e-09   -2.3322666623e-10    5.7820334274e-09
   6.1600000   -1.1028505940e-08    5.7038879614e-09   -4.5739077228e-10   -1.1602751330e-08   -8.2670802294e-09    5.2216020944e-09   -2.3089836928e-10    5.7842238955e-09
   6.2100000   -1.4987926714e-08    4.5033975985e-09   -3.1081815113e-11   -1.1968467187e-08   -8.4555733959e-09    5.2954463820e-09   -2.2973579107e-10    5.7880187189e-09
   6.2600000   -1.0345180964e-08    4.7734358127e-09    5.0266999114e-10   -1.3248774250e-08   -8.6511466458e-09    5.4214986356e-09   -2.2961356150e-10    5.7935312328e-09
   6.3100000   -4.1955967890e-09    5.4494020444e-09    1.0817136644e-09   -1.4770223251e-08   -8.8177913698e-09    5.5842763529e-09   -2.3038843534e-10    5.8007190126e-09
   6.3600000   -4.3207079080e-09    4.9617765029e-09    1.5257286690e-09   -1.5722162132e-08   -8.9263413235e-09    5.7595473767e-09   -2.3193137991e-10    5.8094181408e-09
   6.4100000   -9.7673046996e-09    3.4815475913e-09    1.5582124525e-09   -1.5597196523e-08   -8.9607824547e-09    5.9198781901e-09   -2.3414947804e-10    5.8193852151e-09
   6.4600000   -1.3314876385e-08    2.5741571044e-09    9.9479926353e-10   -1.4462882717e-08   -8.9257185092e-09    6.0419411908e-09   -2.3698387980e-10    5.8303148976e-09
   6.5100000   -1.1016593222e-08    3.1589957467e-09   -6.7668678936e-11   -1.2953359193e-08   -8.8514230399e-09    6.1135344274e-09   -2.4044236964e-10    5.8419041885e-09
   6.5600000   -6.3861590763e-09    4.5828940882e-09   -1.2471090324e-09   -1.1999223164e-08   -8.7905658946e-09    6.1376139750e-09   -2.4454618039e-10    5.8538856460e-09
   6.6100000   -5.2738791563e-09    5.6662000491e-09   -2.0670017857e-09   -1.2393287370e-08   -8.8033492815e-09    6.1312477319e-09   -2.4933622740e-10    5.8660470986e-09
   6.6600000   -9.0106217668e-09    5.9930424088e-09   -2.1824019902e-09   -1.4344661919e-08   -8.9338562754e-09    6.1191319124e-09   -2.5484857956e-10    5.8782749000e-09
   6.7100000   -1.3736117772e-08    5.9050377051e-09   -1.4900940432e-09   -1.7227603234e-08   -9.1873781423e-09    6.1237580977e-09   -2.6108426280e-10    5.8905306696e-09
   6.7600000   -1.5081719479e-08    5.7310236180e-09   -1.1587412815e-10   -1.9725389801e-08   -9.5208266059e-09    6.1561806197e-09   -2.6799726957e-10    5.9028677636e-09
   6.8100000   -1.2007312696e-08    5.5450287218e-09    1.6216169029e-09   -2.0415843764e-08   -9.8535660393e-09    6.2115773574e-09   -2.7550791064e-10    5.9154173399e-09
   6.8600000   -6.7439490675e-09    5.4739680114e-09    3.2164272356e-09   -1.8568003858e-08   -1.0096774314e-08    6.2720557686e-09   -2.8347656245e-10    5.9283378591e-09
   6.9100000   -2.8023183621e-09    5.6319545715e-09    4.0274896640e-09   -1.4704470576e-08   -1.0189526602e-08    6.3157398461e-09   -2.9174954653e-10    5.9418088083e-09
   6.9600000   -3.2082306923e-09    5.6390492131e-09    3.4942624679e-09   -1.0533803911e-08   -1.0125290473e-08    6.3281975058e-09   -3.0015181864e-10    5.9559847187e-09
   7.0100000   -8.7327491954e-09    4.7756457717e-09    1.4845688696e-09   -8.1996683732e-09   -9.9563497037e-09    6.3107800343e-09   -3.0854623312e-10    5.9709724864e-09
   7.0600000   -1.6278015088e-08    3.0844855469e-09   -1.4582576775e-09   -9.2088150167e-09   -9.7733880603e-09    6.2817852976e-09   -3.1680534347e-10    5.9867874478e-09
   7.1100000   -1.9854867872e-08    2.0345582134e-09   -4.2189257872e-09   -1.3603581710e-08   -9.6692181575e-09    6.2698239962e-09   -3.2489060484e-10    6.0033683702e-09
   7.1600000   -1.5359764451e-08    3.3819914922e-09   -5.5829587312e-09   -1.9811169254e-08   -9.7025255764e-09    6.3022998706e-09   -3.3280731058e-10    6.0205526501e-09
   7.2100000   -5.3584597979e-09    7.0600157994e-09   -4.8183943676e-09   -2.5250181658e-08   -9.8769045946e-09    6.3942993773e-09   -3.4063758190e-10    6.0380907395e-09
   7.2600000    1.9070960988e-09    1.0547508135e-08   -2.0326393953e-09   -2.7428411732e-08   -1.0143138668e-08    6.5425280786e-09   -3.4851741510e-10    6.0556799246e-09
   7.3100000   -2.6860934273e-10    1.0851012472e-08    1.8588194384e-09   -2.5076707768e-08   -1.0422117690e-08    6.7265970083e-09   -3.5660660482e-10    6.0729738599e-09
   7.3600000   -1.0457919920e-08    7.3196689374e-09    5.4806496364e-09   -1.8849722323e-08   -1.0637550957e-08    6.9162603795e-09   -3.6508353911e-10    6.0896395691e-09
   7.4100000   -2.0141919728e-08    2.4401319646e-09    7.4754263345e-09   -1.1249801772e-08   -1.0744572233e-08    7.0813214900e-09   -3.7408921274e-10    6.1053721247e-09
   7.4600000   -2.1569774433e-08   -2.0843933417e-10    6.9542267472e-09   -5.6895858119e-09   -1.0743630699e-08    7.2003278440e-09   -3.8372893176e-10    6.1199421789e-09
   7.5100000   -1.4535368957e-08    1.1401313801e-09    3.8318721760e-09   -4.9873982267e-09   -1.0675895759e-08    7.2654721654e-09   -3.9402036416e-10    6.1332089817e-09
   7.5600000   -5.7108093222e-09    5.2562483272e-09   -1.0333987870e-09   -9.9494415921e-09   -1.0603783364e-08    7.2829778427e-09   -4.0490514572e-10    6.1451348693e-09
   7.6100000   -2.0783562058e-09    9.1720610682e-09   -6.0052579979e-09   -1.8789472700e-08   -1.0585794847e-08    7.2695482283e-09   -4.1625203252e-10    6.1557819709e-09
   7.6600000   -5.3094895542e-09    1.0483019686e-08   -9.1965968503e-09   -2.7796248098e-08   -1.0655224017e-08    7.2463555664e-09   -4.2785871268e-10    6.1653094490e-09
   7.7100000   -1.1719748746e-08    8.8308533019e-09   -9.2242483914e-09   -3.3004849752e-08   -1.0810353302e-08    7.2319641341e-09   -4.3948345571e-10    6.1739468527e-09
   7.7600000   -1.6386793437e-08    5.7618647916e-09   -5.8503965901e-09   -3.2054438846e-08   -1.1018080944e-08    7.2359974380e-09   -4.5085918011e-10    6.1819608276e-09
   7.8100000   -1.6878614089e-08    3.4208521083e-09   -1.5802857031e-10   -2.5304882489e-08   -1.1228229675e-08    7.2557306231e-09   -4.6170885615e-10    6.1896349428e-09
   7.8600000   -1.3902159989e-08    3.1163948847e-09    5.8494291744e-09   -1.5693112794e-08   -1.1392172922e-08    7.2771661074e-09   -4.7179153476e-10    6.1972295102e-09
   7.9100000   -9.7014974729e-09    4.6376426483e-09    1.0018105688e-08   -7.4458901144e-09   -1.1478843534e-08    7.2812819673e-09   -4.8090081429e-10    6.2049678776e-09
   7.9600000   -6.4003823815e-09    6.6244473203e-09    1.0833013693e-08   -4.2540966507e-09   -1.1483374746e-08    7.2536443643e-09   -4.8887125448e-10    6.2130077087e-09
   8.0100000   -5.3473186090e-09    7.6235626550e-09    7.9526532806e-09   -7.6755161984e-09   -1.1426822234e-08    7.1936743303e-09   -4.9559209229e-10    6.2214257655e-09
   8.0600000   -7.0374460521e-09    7.0724578531e-09    2.3583639503e-09   -1.6409915927e-08   -1.1348890432e-08    7.1188664760e-09   -5.0098668979e-10    6.2302489176e-09
   8.1100000   -1.0965533412e-08    5.5947723348e-09   -3.9310668192e-09   -2.6778065269e-08   -1.1296918999e-08    7.0612199486e-09   -5.0502138117e-10    6.2394397205e-09
   8.1600000   -1.5498364784e-08    4.5126972761e-09   -8.5570536939e-09   -3.4282049197e-08   -1.1314208773e-08    7.0564766147e-09   -5.0767893925e-10    6.2489035224e-09
   8.2100000   -1.8342607808e-08    4.9375192966e-09   -9.7391542960e-09   -3.5624445889e-08   -1.1429442486e-08    7.1306450644e-09   -5.0895702857e-10    6.2585348907e-09
   8.2600000   -1.7780826682e-08    6.9584175114e-09   -7.0238922322e-09   -3.0256041977e-08   -1.1648144465e-08    7.2897709261e-09   -5.0886155369e-10    6.2682051670e-09
   8.3100000   -1.3956086533e-08    9.4122673339e-09   -1.4784893294e-09   -2.0665095140e-08   -1.1947644774e-08    7.5178628688e-09   -5.0741622385e-10    6.2778153305e-09
   8.3600000   -9.0743517581e-09    1.0525239397e-08    4.7646812743e-09   -1.1228246701e-08   -1.2277961995e-08    7.7832448242e-09   -5.0467295366e-10    6.2872644971e-09
   8.4100000   -6.0665592690e-09    9.2006244226e-09    9.3506079596e-09   -6.1831839531e-09   -1.2571141097e-08    8.0498423285e-09   -5.0070144010e-10    6.2964858565e-09
   8.4600000   -6.5534028291e-09    6.0352679170e-09    1.0546173912e-08   -7.7137701733e-09   -1.2759926285e-08    8.2872664022e-09   -4.9563531939e-10    6.3054338161e-09
   8.5100000   -9.6810524960e-09    3.0349126916e-09    7.8269702778e-09   -1.5035903432e-08   -1.2801612654e-08    8.4752293860e-09   -4.8966353542e-10    6.3140823040e-09
   8.5600000   -1.2769899818e-08    2.0219208175e-09    2.0816411217e-09   -2.4851971632e-08   -1.2699078761e-08    8.6014262916e-09   -4.8303508913e-10    6.3224177560e-09
   8.6100000   -1.3300110044e-08    3.1319617184e-09   -4.6546509811e-09   -3.2906088748e-08   -1.2508250532e-08    8.6564801432e-09   -4.7604847030e-10    6.3304169750e-09
   8.6600000   -1.0805957803e-08    4.9386725067e-09   -9.9351127147e-09   -3.5905680740e-08   -1.2324961767e-08    8.6312611501e-09   -4.6903667156e-10    6.3380772929e-09
   8.7100000   -7.4021350413e-09    6.0997778655e-09   -1.1854908748e-08   -3.2942886781e-08   -1.2251878883e-08    8.5202540203e-09   -4.6231489857e-10    6.3453662784e-09
   8.7600000   -6.5214571357e-09    6.6766397748e-09   -9.7787795080e-09   -2.5796414094e-08   -1.2356446016e-08    8.3299853934e-09   -4.5617851738e-10    6.3522609811e-09
   8.8100000   -1.0438961811e-08    7.6261668930e-09   -4.5109169053e-09   -1.8015494807e-08   -1.2637671432e-08    8.0873773455e-09   -4.5084467675e-10    6.3587407957e-09
   8.8600000   -1.8069061449e-08    9.2002296250e-09    2.0882467878e-09   -1.3244233747e-08   -1.3018772072e-08    7.8412904479e-09   -4.4643299916e-10    6.3647714125e-09
   8.9000000   -2.3872835177e-08    1.0252118434e-08    6.8279393332e-09   -1.3077735510e-08   -1.3311071236e-08    7.6830666936e-09   -4.4359082197e-10    6.3692497989e-09
   8.9100000   -2.4909240287e-08    1.0400615925e-08    7.8011817931e-09   -1.3570317909e-08   -1.3373434484e-08    7.6528961688e-09   -4.4297363349e-10    6.3703216417e-09
   8.9200000   -2.5700968911e-08    1.0490359670e-08    8.6632508308e-09   -1.4260066463e-08   -1.3429604851e-08    7.6272976939e-09   -4.4239305978e-10    6.3713728167e-09
   8.9300000   -2.6218462107e-08    1.0519554925e-08    9.4037881977e-09   -1.5131889229e-08   -1.3478789351e-08    7.6066116776e-09   -4.4184895235e-10    6.3724044372e-09
   8.9400000   -2.6440036672e-08    1.0489476421e-08    1.0014357181e-08   -1.6167221797e-08   -1.3520308877e-08    7.5911307884e-09   -4.4133585295e-10    6.3734133105e-09
   8.9500000   -2.6352901381e-08    1.0404436873e-08    1.0488531371e-08   -1.7344449144e-08   -1.3553624202e-08    7.5810726991e-09   -4.4085973617e-10    6.3744036861e-09
   8.9600000   -2.5953988569e-08    1.0271545363e-08    1.0822033640e-08   -1.8639330999e-08   -1.3578349490e-08    7.5765985288e-09   -4.4040998011e-10    6.3753708988e-09
   8.9700000   -2.5250326539e-08    1.0100290347e-08    1.1012775976e-08   -2.0025490844e-08   -1.3594251806e-08    7.5778164293e-09   -4.3999464891e-10    6.3763193059e-09
   8.9800000   -2.4259152763e-08    9.9019259640e-09    1.1060846406e-08   -2.1474957146e-08   -1.3601255267e-08    7.5847458316e-09   -4.3961033006e-10    6.3772453432e-09
   8.9900000   -2.3007569227e-08    9.6887495801e-09    1.0968531844e-08   -2.2958730849e-08   -1.3599471868e-08    7.5973427780e-09   -4.3925090640e-10    6.3781465480e-09
   9.0000000   -2.1531884469e-08    9.4732862100e-09    1.0740202919e-08   -2.4447361306e-08   -1.3589180286e-08    7.6154976107e-09   -4.3892232883e-10    6.3790311125e-09
   9.0100000   -1.9876452616e-08    9.2673688154e-09    1.0382236564e-08   -2.5911508585e-08   -1.3570817190e-08    7.6390212069e-09   -4.3862172590e-10    6.3798925917e-09
   9.0200000   -1.8092318368e-08    9.0813736731e-09    9.9028536564e-09   -2.7322571340e-08   -1.3545007766e-08    7.6676644437e-09   -4.3834472315e-10    6.3807314334e-09
   9.0300000   -1.6235342247e-08    8.9233406241e-09    9.3119509135e-09   -2.8653210290e-08   -1.3512524515e-08    7.7010999157e-09   -4.3809436915e-10    6.3815459372e-09
   9.0400000   -1.4364265587e-08    8.7983774681e-09    8.6208740127e-09   -2.9877910815e-08   -1.3474280598e-08    7.7389589885e-09   -4.3786386697e-10    6.3823405705e-09
   9.0500000   -1.2538560858e-08    8.7081046075e-09    7.8421902723e-09   -3.0973464743e-08   -1.3431320065e-08    7.7808098343e-09   -4.3765924457e-10    6.3831112436e-09
   9.0600000   -1.0816111431e-08    8.6504099235e-09    6.9893868221e-09   -3.1919411957e-08   -1.3384822517e-08    7.8261685240e-09   -4.3747345786e-10    6.3838594661e-09
   9.0700000   -9.2509817655e-09    8.6193849247e-09    6.0766732862e-09   -3.2698434109e-08   -1.3336048157e-08    7.8745269756e-09   -4.3730923812e-10    6.3845800555e-09
   9.0800000   -7.8912044998e-09    8.6055245938e-09    5.1186528962e-09   -3.3296666410e-08   -1.3286320889e-08    7.9253384492e-09   -4.3716607833e-10    6.3852788128e-09
   9.0900000   -6.7767806347e-09    8.5962211639e-09    4.1300786530e-09   -3.3703982538e-08   -1.3237037462e-08    7.9780241583e-09   -4.3704540803e-10    6.3859541471e-09
   9.1000000   -5.9380786652e-09    8.5763849855e-09    3.1255809567e-09   -3.3914099508e-08   -1.3189598693e-08    8.0320225240e-09   -4.3694169898e-10    6.3866046036e-09
   9.1100000   -5.3944257529e-09    8.5294554258e-09    2.1194287000e-09   -3.3924739939e-08   -1.3145416845e-08    8.0867547805e-09   -4.3685555428e-10    6.3872326296e-09
   9.1200000   -5.1531877768e-09    8.4383289633e-09    1.1253245056e-09   -3.3737564147e-08   -1.3105857444e-08    8.1416395814e-09   -4.3678713184e-10    6.3878349277e-09
   9.1300000   -5.2093434816e-09    8.2865850342e-09    1.5621538822e-10   -3.3358173197e-08   -1.3072253446e-08    8.1961428121e-09   -4.3674505119e-10    6.3884125920e-09
   9.1400000   -5.5456414560e-09    8.0597343867e-09   -7.7589204109e-10   -3.2795910790e-08   -1.3045827077e-08    8.2497439925e-09   -4.3671852864e-10    6.3889687426e-09
   9.1500000   -6.1330535847e-09    7.7462655353e-09   -1.6600215476e-09   -3.2063648618e-08   -1.3027714313e-08    8.3019744577e-09   -4.3670893866e-10    6.3894990969e-09
   9.1600000   -6.9319335464e-09    7.3388281767e-09   -2.4863494840e-09   -3.1177497868e-08   -1.3018902287e-08    8.3524066067e-09   -4.3672236711e-10    6.3900042889e-09
   9.1700000   -7.8936161413e-09    6.8350729124e-09   -3.2462131769e-09   -3.0156465526e-08   -1.3020237428e-08    8.4006819806e-09   -4.3675494053e-10    6.3904895305e-09
   9.1800000   -8.9623474994e-09    6.2382597351e-09   -3.9322525070e-09   -2.9022012151e-08   -1.3032381029e-08    8.4464909768e-09   -4.3680869620e-10    6.3909483743e-09
   9.1900000   -1.0077655794e-08    5.5577336777e-09   -4.5383071464e-09   -2.7797638313e-08   -1.3055797694e-08    8.4896143107e-09   -4.3688366020e-10    6.3913832488e-09
   9.2000000   -1.1176833812e-08    4.8088418119e-09   -5.0594851599e-09   -2.6508387559e-08   -1.3090762806e-08    8.5298849728e-09   -4.3698534210e-10    6.3917964003e-09
   9.2100000   -1.2197676468e-08    4.0127637870e-09   -5.4921175887e-09   -2.5180337747e-08   -1.3137318758e-08    8.5672371991e-09   -4.3711153983e-10    6.3921853436e-09
   9.2200000   -1.3081185490e-08    3.1957519475e-09   -5.8337034273e-09   -2.3840095952e-08   -1.3195289419e-08    8.6016738540e-09   -4.3726582303e-10    6.3925528650e-09
   9.2300000   -1.3774248465e-08    2.3882320955e-09   -6.0829206096e-09   -2.2514275099e-08   -1.3264291398e-08    8.6332670581e-09   -4.3744447241e-10    6.3929008654e-09
   9.2400000   -1.4232023490e-08    1.6235641267e-09   -6.2395518826e-09   -2.1228987756e-08   -1.3343701626e-08    8.6621846827e-09   -4.3765742835e-10    6.3932301138e-09
   9.2500000   -1.4420029066e-08    9.3650129381e-10   -6.3044671188e-09   -2.0009347968e-08   -1.3432689803e-08    8.6886606593e-09   -4.3790118040e-10    6.3935355967e-09
   9.2600000   -1.4315902882e-08    3.6156418720e-10   -6.2795991100e-09   -1.8879035125e-08   -1.3530232222e-08    8.7129887248e-09   -4.3817743207e-10    6.3938259603e-09
   9.2700000   -1.3910628402e-08   -6.8703693453e-11   -6.1678554474e-09   -1.7859863418e-08   -1.3635091243e-08    8.7355370220e-09   -4.3849033514e-10    6.3940969873e-09
   9.2800000   -1.3209094003e-08   -3.2548197471e-10   -5.9731649842e-09   -1.6971400135e-08   -1.3745882672e-08    8.7567234302e-09   -4.3884280843e-10    6.3943534448e-09
   9.2900000   -1.2230335137e-08   -3.8522140499e-10   -5.7003878096e-09   -1.6230632582e-08   -1.3861063505e-08    8.7769975445e-09   -4.3923548008e-10    6.3945911885e-09
   9.3000000   -1.1006928499e-08   -2.3118913528e-10   -5.3553274313e-09   -1.5651707409e-08   -1.3978971021e-08    8.7968438023e-09   -4.3967292467e-10    6.3948175859e-09
   9.3100000   -9.5839290648e-09    1.4540740693e-10   -4.9446594035e-09   -1.5245707250e-08   -1.4097848490e-08    8.8167803561e-09   -4.4015241374e-10    6.3950322081e-09
   9.3200000   -8.0172340004e-09    7.4461313217e-10   -4.4758819183e-09   -1.5020496916e-08   -1.4215875116e-08    8.8373192433e-09   -4.4068164933e-10    6.3952373431e-09
   9.3300000   -6.3714953973e-09    1.5572544153e-09   -3.9572566629e-09   -1.4980609209e-08   -1.4331221221e-08    8.8589644291e-09   -4.4126324764e-10    6.3954299888e-09
   9.3400000   -4.7175964830e-09    2.5649813624e-09   -3.3977334027e-09   -1.5127242416e-08   -1.4442033163e-08    8.8822063859e-09   -4.4189753762e-10    6.3956197000e-09
   9.3500000   -3.1298537224e-09    3.7407105605e-09   -2.8068326119e-09   -1.5458270546e-08   -1.4546510163e-08    8.9074951617e-09   -4.4258491677e-10    6.3958048027e-09
   9.3600000   -1.6830724576e-09    5.0494570932e-09   -2.1945084377e-09   -1.5968289582e-08   -1.4642922272e-08    8.9352416396e-09   -4.4333227051e-10    6.3959858496e-09
   9.3700000   -4.4936844650e-10    6.4496695835e-09   -1.5710121162e-09   -1.6648829909e-08   -1.4729657512e-08    8.9657859323e-09   -4.4413968087e-10    6.3961686602e-09
   9.3800000    5.0465814074e-10    7.8949079760e-09   -9.4671028209e-10   -1.7488473688e-08   -1.4805232525e-08    8.9994110635e-09   -4.4501076201e-10    6.3963521613e-09
   9.3900000    1.1207938233e-09    9.3356970636e-09   -3.3192693344e-10   -1.8473114587e-08   -1.4868348045e-08    9.0363131114e-09   -4.4594879383e-10    6.3965369664e-09
   9.4000000    1.3517326314e-09    1.0721658804e-08    2.6329600456e-10   -1.9586239890e-08   -1.4917898471e-08    9.0765886362e-09   -4.4695669517e-10    6.3967305799e-09
   9.4100000    1.1631324809e-09    1.2003738377e-08    8.2937694909e-10   -2.0809267259e-08   -1.4953003171e-08    9.1202408427e-09   -4.4803405343e-10    6.3969365730e-09
   9.4200000    5.3521816464e-10    1.3136397049e-08    1.3574101838e-09   -2.2121818908e-08   -1.4973025660e-08    9.1671711364e-09   -4.4918008543e-10    6.3971534525e-09
   9.4300000   -5.3613181342e-10    1.4079537404e-08    1.8393490680e-09   -2.3502174746e-08   -1.4977591880e-08    9.2171688465e-09   -4.5040586826e-10    6.3973882393e-09
   9.4400000   -2.0390077535e-09    1.4800530014e-08    2.2682195810e-09   -2.4927592519e-08   -1.4966603473e-08    9.2699149054e-09   -4.5170805081e-10    6.3976371398e-09
   9.4500000   -3.9455959633e-09    1.5275550193e-08    2.6382377376e-09   -2.6374766547e-08   -1.4940244001e-08    9.3249919060e-09   -4.5308974531e-10    6.3979080140e-09
   9.4600000   -6.2128764061e-09    1.5490755947e-08    2.9449511588e-09   -2.7820204656e-08   -1.4898965714e-08    9.3818612761e-09   -4.5454724182e-10    6.3982047555e-09
   9.4700000   -8.7841525813e-09    1.5442925568e-08    3.1853206421e-09   -2.9240649393e-08   -1.4843518753e-08    9.4398976962e-09   -4.5608665100e-10    6.3985272739e-09
   9.4800000   -1.1590846465e-08    1.5139623054e-08    3.3577572547e-09   -3.0613449006e-08   -1.4774909311e-08    9.4983802944e-09   -4.5771054924e-10    6.3988801398e-09
   9.4900000   -1.4554753694e-08    1.4598776363e-08    3.4621466194e-09   -3.1916994173e-08   -1.4694403055e-08    9.5565034309e-09   -4.5941888058e-10    6.3992650993e-09
   9.5000000   -1.7590922198e-08    1.3847921818e-08    3.4997796844e-09   -3.3131055360e-08   -1.4603514669e-08    9.6134026771e-09   -4.6120943727e-10    6.3996883995e-09
   9.5100000   -2.0610435888e-08    1.2922871572e-08    3.4732745370e-09   -3.4237104851e-08   -1.4503945341e-08    9.6681402541e-09   -4.6308327592e-10    6.4001460506e-09
   9.5200000   -2.3523538039e-08    1.1865982811e-08    3.3864450405e-09   -3.5218657504e-08   -1.4397589762e-08    9.7197623468e-09   -4.6504686990e-10    6.4006492922e-09
   9.5300000   -2.6242863932e-08    1.0724260801e-08    3.2441704113e-09   -3.6061472334e-08   -1.4286500106e-08    9.7672862004e-09   -4.6709160973e-10    6.4011945979e-09
   9.5400000   -2.8686235231e-08    9.5471043502e-09    3.0521664557e-09   -3.6753869641e-08   -1.4172834450e-08    9.8097272177e-09   -4.6922477933e-10    6.4017912702e-09
   9.5500000   -3.0779631639e-08    8.3839796716e-09    2.8168224342e-09   -3.7286806389e-08   -1.4058819052e-08    9.8461160235e-09   -4.7143831204e-10    6.4024347728e-09
   9.5600000   -3.2459689402e-08    7.2822263720e-09    2.5449631846e-09   -3.7654060709e-08   -1.3946728778e-08    9.8755345721e-09   -4.7373845358e-10    6.4031326826e-09
   9.5700000   -3.3675704815e-08    6.2848028258e-09    2.2436583551e-09   -3.7852270300e-08   -1.3838812527e-08    9.8970989729e-09   -4.7612031353e-10    6.4038847322e-09
   9.5800000   -3.4391316833e-08    5.4284336124e-09    1.9200116487e-09   -3.7880945201e-08   -1.3737279409e-08    9.9100322468e-09   -4.7858316408e-10    6.4046957720e-09
   9.5900000   -3.4585636888e-08    4.7419571791e-09    1.5809849891e-09   -3.7742447721e-08   -1.3644238126e-08    9.9136430046e-09   -4.8112605221e-10    6.4055677088e-09
   9.6000000   -3.4253830035e-08    4.2451160226e-09    1.2332423364e-09   -3.7441836910e-08   -1.3561659409e-08    9.9073581284e-09   -4.8374583114e-10    6.4065009494e-09
   9.6100000   -3.3407016587e-08    3.9479038305e-09    8.8302683841e-10   -3.6986813702e-08   -1.3491338079e-08    9.8907369589e-09   -4.8643985155e-10    6.4074995550e-09
   9.6200000   -3.2071877667e-08    3.8502218938e-09    5.3604046634e-10   -3.6387436606e-08   -1.3434859420e-08    9.8634791574e-09   -4.8920718771e-10    6.4085618192e-09
   9.6300000   -3.0289516629e-08    3.9422206464e-09    1.9741921546e-10   -3.5655945079e-08   -1.3393559964e-08    9.8254559666e-09   -4.9204440670e-10    6.4096919831e-09
   9.6400000   -2.8114001074e-08    4.2050094127e-09   -1.2832042599e-10   -3.4806451673e-08   -1.3368494542e-08    9.7767066265e-09   -4.9494663639e-10    6.4108920912e-09
   9.6500000   -2.5610333307e-08    4.6118633470e-09   -4.3726706362e-10   -3.3854656363e-08   -1.3360434782e-08    9.7174396931e-09   -4.9791044981e-10    6.4121621304e-09
   9.6600000   -2.2852327328e-08    5.1296997340e-09   -7.2610287104e-10   -3.2817519398e-08   -1.3369812992e-08    9.6480608140e-09   -5.0093640322e-10    6.4135054102e-09
   9.6700000   -1.9920113422e-08    5.7209985098e-09   -9.9205497710e-10   -3.1712916619e-08   -1.3396759634e-08    9.5691485018e-09   -5.0401453729e-10    6.4149184695e-09
   9.6800000   -1.6897534377e-08    6.3458426762e-09   -1.2328126276e-09   -3.0559313168e-08   -1.3441041920e-08    9.4814481257e-09   -5.0714422167e-10    6.4164081135e-09
   9.6900000   -1.3869468253e-08    6.9640180170e-09   -1.4465092735e-09   -2.9375410518e-08   -1.3502105792e-08    9.3859002650e-09   -5.1031692550e-10    6.4179698057e-09
   9.7000000   -1.0919230849e-08    7.5371064725e-09   -1.6316293813e-09   -2.8179795179e-08   -1.3579049098e-08    9.2835961140e-09   -5.1353521080e-10    6.4196018676e-09
   9.7100000   -8.1261084313e-09    8.0304755705e-09   -1.7869563986e-09   -2.6990660987e-08   -1.3670671172e-08    9.1757832271e-09   -5.1678695404e-10    6.4213107851e-09
   9.7200000   -5.5630632706e-09    8.4150736098e-09   -1.9115553555e-09   -2.5825520228e-08   -1.3775463788e-08    9.0638348001e-09   -5.2007259378e-10    6.4230907463e-09
   9.7300000   -3.2947521453e-09    8.6687511027e-09   -2.0047068944e-09   -2.4700906546e-08   -1.3891648101e-08    8.9492546234e-09   -5.2337922007e-10    6.4249442322e-09
   9.7400000   -1.3758131371e-09    8.7773673074e-09   -2.0659271052e-09   -2.3632177592e-08   -1.4017207041e-08    8.8336198279e-09   -5.2670690507e-10    6.4268705258e-09
   9.7500000    1.5037141359e-10    8.7353690887e-09   -2.0949716533e-09   -2.2633313766e-08   -1.4149909659e-08    8.7185853569e-09   -5.3005032113e-10    6.4288666741e-09
   9.7600000    1.2526738804e-09    8.5459937982e-09   -2.0918355232e-09   -2.1716785557e-08   -1.4287370841e-08    8.6058552212e-09   -5.3339922869e-10    6.4309306652e-09
   9.7700000    1.9126743830e-09    8.2208478895e-09   -2.0568123816e-09   -2.0893415791e-08   -1.4427089148e-08    8.4971352966e-09   -5.3675066756e-10    6.4330621846e-09
   9.7800000    2.1248443300e-09    7.7792500391e-09   -1.9905302007e-09   -2.0172320825e-08   -1.4566484400e-08    8.3941251701e-09   -5.4009708834e-10    6.4352584747e-09
   9.7900000    1.8962450157e-09    7.2470296758e-09   -1.8939898968e-09   -1.9560881978e-08   -1.4702968577e-08    8.2984738072e-09   -5.4343622804e-10    6.4375219920e-09
   9.8000000    1.2459185361e-09    6.6551258454e-09   -1.7686358694e-09   -1.9064709795e-08   -1.4833969754e-08    8.2117629366e-09   -5.4675711315e-10    6.4398428951e-09
   9.8100000    2.0396609780e-10    6.0378285673e-09   -1.6163550041e-09   -1.8687708742e-08   -1.4957004979e-08    8.1354593611e-09   -5.5005722820e-10    6.4422254876e-09
   9.8200000   -1.1896108354e-09    5.4309285643e-09   -1.4395312936e-09   -1.8432116566e-08   -1.5069730962e-08    8.0708998109e-09   -5.5332672434e-10    6.4446646536e-09
   9.8300000   -2.8863853930e-09    4.8698560235e-09   -1.2409985082e-09   -1.8298561886e-08   -1.5169969514e-08    8.0192649555e-09   -5.5656382268e-10    6.4471554146e-09
   9.8400000   -4.8310821814e-09    4.3877636926e-09   -1.0240639291e-09   -1.8286151534e-08   -1.5255787188e-08    7.9815584464e-09   -5.5976173622e-10    6.4496967960e-09
   9.8500000   -6.9632371932e-09    4.0139127417e-09   -7.9245078561e-10   -1.8392588638e-08   -1.5325508846e-08    7.9585673274e-09   -5.6291127389e-10    6.4522839624e-09
   9.8600000   -9.2190516904e-09    3.7720964766e-09   -5.5019098321e-10   -1.8614260736e-08   -1.5377771409e-08    7.9508545341e-09   -5.6600960969e-10    6.4549143529e-09
   9.8700000   -1.1533109477e-08    3.6795622158e-09   -3.0157939367e-10   -1.8946365539e-08   -1.5411561552e-08    7.9587612077e-09   -5.6905108350e-10    6.4575842214e-09
   9.8800000   -1.3840189538e-08    3.7461718583e-09   -5.1047020911e-11   -1.9383004833e-08   -1.5426202459e-08    7.9823721492e-09   -5.7202801751e-10    6.4602906008e-09
   9.8900000   -1.6076906191e-08    3.9740680641e-09    1.9698467252e-10   -1.9917300830e-08   -1.5421422140e-08    8.0215187090e-09   -5.7493987749e-10    6.4630272589e-09
   9.9000000   -1.8183384062e-08    4.3575581227e-09    4.3822580990e-10   -2.0541503036e-08   -1.5397331557e-08    8.0757597464e-09   -5.7777597130e-10    6.4657917470e-09
