# thinned to dt=0.05 from the every-step stream; the last 1 time units are kept whole (the death window)
#       time         integral Re         integral Im         integral Re         integral Im         integral Re         integral Im         integral Re         integral Im
#       r =            14.000000           14.000000           20.000000           20.000000           26.000000           26.000000           30.000000           30.000000
   0.0100000    3.2059603846e-03    1.8633062633e-13    8.0573633887e-04   -8.4672479423e-09    2.8794787022e-04   -4.5039533973e-13    1.6419364367e-04   -8.9152396137e-14
   0.0600000    3.1987870248e-03   -1.9013492720e-12    8.0445941886e-04   -3.0132964691e-08    2.8763045652e-04   -4.4053998264e-13    1.6403985566e-04   -1.9778661197e-14
   0.1100000    3.1915716067e-03   -2.9647420207e-12    8.0318053593e-04   -1.9692315429e-08    2.8730511425e-04   -3.9270373288e-13    1.6388634661e-04    3.6950849671e-14
   0.1600000    3.1845136419e-03   -2.9521179478e-12    8.0191028204e-04    1.1916000199e-08    2.8697715682e-04   -3.2342512405e-13    1.6374025033e-04    8.6714830972e-14
   0.2100000    3.1776107311e-03   -2.4046223609e-12    8.0065014217e-04    5.0864901976e-08    2.8665311285e-04   -2.6165501076e-13    1.6360422565e-04    1.3257485321e-13
   0.2600000    3.1706248968e-03   -2.0925610042e-12    7.9938600312e-04    8.6439821651e-08    2.8633823750e-04   -2.4363117954e-13    1.6347812723e-04    1.8004049974e-13
   0.3100000    3.1632805975e-03   -2.5441446939e-12    7.9809123208e-04    1.1424573996e-07    2.8603454117e-04   -2.9670199624e-13    1.6336065763e-04    2.3300584568e-13
   0.3600000    3.1554952098e-03   -3.7937016894e-12    7.9673952635e-04    1.3571224892e-07    2.8573986540e-04   -4.0952486872e-13    1.6325042409e-04    2.9847187814e-13
   0.4100000    3.1474352174e-03   -5.4332417670e-12    7.9532322316e-04    1.5483458112e-07    2.8544824956e-04   -5.4176969167e-13    1.6314632063e-04    3.8367449016e-13
   0.4600000    3.1393686645e-03   -6.8938466902e-12    7.9386580463e-04    1.7424066111e-07    2.8515144658e-04   -6.3110587398e-13    1.6304745440e-04    4.9747368545e-13
   0.5100000    3.1314608064e-03   -7.7936941666e-12    7.9241432713e-04    1.9269034322e-07    2.8484111829e-04   -6.3291361869e-13    1.6295289190e-04    6.5392429352e-13
   0.5600000    3.1236817529e-03   -8.0971629234e-12    7.9100922754e-04    2.0513282851e-07    2.8451106291e-04   -5.5418693365e-13    1.6286143489e-04    8.5343781094e-13
   0.6100000    3.1158746931e-03   -8.1426291363e-12    7.8965279400e-04    2.0508017314e-07    2.8415884458e-04   -4.4221740187e-13    1.6277153306e-04    1.1000475296e-12
   0.6600000    3.1079007198e-03   -8.3192002594e-12    7.8830831197e-04    1.8801904601e-07    2.8378639024e-04   -3.6843042428e-13    1.6268134982e-04    1.3872349360e-12
   0.7100000    3.0997360994e-03   -8.9002674282e-12    7.8693655422e-04    1.5425507153e-07    2.8339942967e-04   -3.8088274020e-13    1.6258893710e-04    1.7042839285e-12
   0.7600000    3.0914563325e-03   -9.8633885805e-12    7.8553331549e-04    1.0988457427e-07    2.8300598039e-04   -4.7772752548e-13    1.6249244961e-04    2.0382727607e-12
   0.8100000    3.0831382075e-03   -1.0964367916e-11    7.8412350748e-04    6.5320842672e-08    2.8261432907e-04   -6.1094110289e-13    1.6239033255e-04    2.3783527117e-12
   0.8600000    3.0747754790e-03   -1.1987329295e-11    7.8271437147e-04    3.1834064955e-08    2.8223106707e-04   -7.0931361806e-13    1.6228143783e-04    2.7105587140e-12
   0.9100000    3.0662878965e-03   -1.2776950348e-11    7.8126205513e-04    1.7557157268e-08    2.8185967981e-04   -7.2662267572e-13    1.6216505345e-04    3.0181384196e-12
   0.9600000    3.0576136610e-03   -1.3345464561e-11    7.7969794448e-04    2.4740266159e-08    2.8150000154e-04   -6.6105172488e-13    1.6204085681e-04    3.2874862963e-12
   1.0100000    3.0487888739e-03   -1.3842332253e-11    7.7799944319e-04    4.9376052753e-08    2.8114859028e-04   -5.5600805572e-13    1.6190881869e-04    3.5040756887e-12
   1.0600000    3.0399251487e-03   -1.4305117550e-11    7.7624068990e-04    8.3096073864e-08    2.8079983479e-04   -4.8015684078e-13    1.6176909188e-04    3.6656105890e-12
   1.1100000    3.0311008938e-03   -1.4873190937e-11    7.7456713007e-04    1.1624996747e-07    2.8044744196e-04   -4.7695196465e-13    1.6162191261e-04    3.7669156706e-12
   1.1600000    3.0222757322e-03   -1.5599203977e-11    7.7309368596e-04    1.4079922680e-07    2.8008590437e-04   -5.4691548565e-13    1.6146753378e-04    3.8183581116e-12
   1.2100000    3.0133175310e-03   -1.6419238438e-11    7.7179454263e-04    1.5208593349e-07    2.7971161011e-04   -6.5115016906e-13    1.6130619576e-04    3.8354471881e-12
   1.2600000    3.0041181850e-03   -1.7241550124e-11    7.7048654153e-04    1.4934484204e-07    2.7932339614e-04   -7.4228406801e-13    1.6113813072e-04    3.8426364764e-12
   1.3100000    2.9946882739e-03   -1.8050045702e-11    7.6895404673e-04    1.3541014381e-07    2.7892250960e-04   -7.8829401029e-13    1.6096358798e-04    3.8668153872e-12
   1.3600000    2.9851454480e-03   -1.8827117390e-11    7.6713039120e-04    1.1593775557e-07    2.7851207976e-04   -7.7629909180e-13    1.6078286652e-04    3.9258680528e-12
   1.4100000    2.9756118046e-03   -1.9586275022e-11    7.6516686306e-04    9.7950349368e-08    2.7809628667e-04   -7.5073645891e-13    1.6059634127e-04    4.0392576681e-12
   1.4600000    2.9661126377e-03   -2.0170339453e-11    7.6330926761e-04    8.7575764381e-08    2.7767943356e-04   -7.3876619960e-13    1.6040447449e-04    4.2080097440e-12
   1.5100000    2.9565617999e-03   -2.0492210609e-11    7.6169499121e-04    8.7739004620e-08    2.7726510186e-04   -7.7180906133e-13    1.6020780830e-04    4.4117910776e-12
   1.5600000    2.9468431013e-03   -2.0792955125e-11    7.6026069568e-04    9.7200478577e-08    2.7685551644e-04   -8.3135727018e-13    1.6000694041e-04    4.6186973556e-12
   1.6100000    2.9369152379e-03   -2.1598910454e-11    7.5882340110e-04    1.1164672157e-07    2.7645119329e-04   -8.9262385681e-13    1.5980248802e-04    4.7750637815e-12
   1.6600000    2.9268442879e-03   -2.3474976298e-11    7.5722889592e-04    1.2603374626e-07    2.7605089766e-04   -9.2569792848e-13    1.5959504744e-04    4.8188465296e-12
   1.7100000    2.9167289495e-03   -2.6309972005e-11    7.5543768881e-04    1.3656676516e-07    2.7565190552e-04   -9.0673327287e-13    1.5938515731e-04    4.6905260575e-12
   1.7600000    2.9065866167e-03   -2.8749333188e-11    7.5351534585e-04    1.4128796450e-07    2.7525053045e-04   -8.4028020534e-13    1.5917327090e-04    4.3216821893e-12
   1.8100000    2.8963181557e-03   -2.8651928032e-11    7.5156759568e-04    1.3953205036e-07    2.7484284274e-04   -7.4520471537e-13    1.5895974161e-04    3.6605044312e-12
   1.8600000    2.8858025519e-03   -2.4535566276e-11    7.4966846424e-04    1.3133453955e-07    2.7442547070e-04   -6.4028893521e-13    1.5874482225e-04    2.6800896893e-12
   1.9100000    2.8750384809e-03   -1.6712256194e-11    7.4782429549e-04    1.1761883004e-07    2.7399634027e-04   -5.3248138089e-13    1.5852867658e-04    1.3618780451e-12
   1.9600000    2.8641829685e-03   -5.6852025187e-12    7.4600079779e-04    1.0090408694e-07    2.7355519751e-04   -4.3050860877e-13    1.5831139987e-04   -2.7488036933e-13
   2.0100000    2.8534237667e-03    1.0142270162e-11    7.4418387344e-04    8.5384754763e-08    2.7310377579e-04   -3.3356343955e-13    1.5809304346e-04   -2.1982091141e-12
   2.0600000    2.8427926205e-03    3.2020620207e-11    7.4240020336e-04    7.5579727177e-08    2.7264552893e-04   -2.8900448314e-13    1.5787363967e-04   -4.3435846179e-12
   2.1100000    2.8321068997e-03    5.2227015039e-11    7.4066994653e-04    7.4186079867e-08    2.7218494001e-04   -3.7245905754e-13    1.5765322307e-04   -6.6435743865e-12
   2.1600000    2.8211158096e-03    4.6218672663e-11    7.3895431339e-04    8.0785354554e-08    2.7172652115e-04   -6.8167832778e-13    1.5743184490e-04   -9.0156640745e-12
   2.2100000    2.8097217014e-03   -2.2661684707e-11    7.3716816417e-04    9.2421582202e-08    2.7127371233e-04   -1.2828695204e-12    1.5720957991e-04   -1.1371250165e-11
   2.2600000    2.7980617301e-03   -1.8280836793e-10    7.3524365316e-04    1.0544507852e-07    2.7082794115e-04   -2.1731702641e-12    1.5698652543e-04   -1.3634672203e-11
   2.3100000    2.7863729500e-03   -4.2723159303e-10    7.3317752983e-04    1.1712238660e-07    2.7038809938e-04   -3.2063587999e-12    1.5676279388e-04   -1.5736514288e-11
   2.3600000    2.7747840025e-03   -6.9451353958e-10    7.3103057535e-04    1.2606862439e-07    2.6995061482e-04   -4.1226800289e-12    1.5653850052e-04   -1.7620729629e-11
   2.4100000    2.7632375914e-03   -8.7143916751e-10    7.2889704633e-04    1.3171008798e-07    2.6951016078e-04   -4.5469102209e-12    1.5631374887e-04   -1.9267119437e-11
   2.4600000    2.7515878102e-03   -8.2624203428e-10    7.2686178454e-04    1.3363228480e-07    2.6906087578e-04   -4.1371945478e-12    1.5608861608e-04   -2.0649725305e-11
   2.5100000    2.7397315445e-03   -4.6593088527e-10    7.2495174429e-04    1.3150921423e-07    2.6859780986e-04   -2.6430642352e-12    1.5586314017e-04   -2.1776032489e-11
   2.5600000    2.7276385744e-03    2.1238563079e-10    7.2310787599e-04    1.2562360311e-07    2.6811821877e-04   -6.6741692683e-14    1.5563731093e-04   -2.2661932631e-11
   2.6100000    2.7153058022e-03    1.1086474267e-09    7.2121337095e-04    1.1729796143e-07    2.6762233322e-04    3.2697487315e-12    1.5541106510e-04   -2.3334547480e-11
   2.6600000    2.7027481007e-03    2.0431354360e-09    7.1917251584e-04    1.0854676706e-07    2.6711335115e-04    6.7092660166e-12    1.5518428663e-04   -2.3821432864e-11
   2.7100000    2.6900419154e-03    2.7852752658e-09    7.1697932663e-04    1.0112389759e-07    2.6659661349e-04    9.3724501320e-12    1.5495681131e-04   -2.4149215932e-11
   2.7600000    2.6773163736e-03    3.0807318427e-09    7.1471624322e-04    9.5926036746e-08    2.6607816982e-04    1.0321459719e-11    1.5472843563e-04   -2.4340996962e-11
   2.8100000    2.6646392562e-03    2.7059352307e-09    7.1248483514e-04    9.3302305564e-08    2.6556313922e-04    8.8083061356e-12    1.5449892848e-04   -2.4404745846e-11
   2.8600000    2.6519159945e-03    1.5560769584e-09    7.1032946094e-04    9.3641455279e-08    2.6505435358e-04    4.5475287379e-12    1.5426804483e-04   -2.4334975943e-11
   2.9100000    2.6389565421e-03   -2.8818600042e-10    7.0821654907e-04    9.7269713079e-08    2.6455169461e-04   -2.1149386080e-12    1.5403554038e-04   -2.4120219031e-11
   2.9600000    2.6256735053e-03   -2.5631761705e-09    7.0608078045e-04    1.0368704902e-07    2.6405231903e-04   -1.0149866900e-11    1.5380118576e-04   -2.3733499829e-11
   3.0100000    2.6121849601e-03   -4.8634313966e-09    7.0389127823e-04    1.1113765853e-07    2.6355167821e-04   -1.7945508593e-11    1.5356477973e-04   -2.3146442748e-11
   3.0600000    2.5986776878e-03   -6.6731019887e-09    7.0167320166e-04    1.1722041990e-07    2.6304497788e-04   -2.3609324224e-11    1.5332616028e-04   -2.2327317731e-11
   3.1100000    2.5851747948e-03   -7.4239298572e-09    6.9946221602e-04    1.2016568128e-07    2.6252858574e-04   -2.5356702292e-11    1.5308521335e-04   -2.1252939307e-11
   3.1600000    2.5714892764e-03   -6.6544903495e-09    6.9724191775e-04    1.1977994250e-07    2.6200093076e-04   -2.2023216557e-11    1.5284187872e-04   -1.9908514914e-11
   3.2100000    2.5574359596e-03   -4.2292350927e-09    6.9494317328e-04    1.1735903616e-07    2.6146263408e-04   -1.3467194112e-11    1.5259615305e-04   -1.8286382954e-11
   3.2600000    2.5430590126e-03   -4.5520059989e-10    6.9251995449e-04    1.1468106343e-07    2.6091589478e-04   -8.1643875941e-13    1.5234809006e-04   -1.6398377585e-11
   3.3100000    2.5286033915e-03    3.9925612485e-09    6.9001813256e-04    1.1287515154e-07    2.6036341643e-04    1.3542364689e-11    1.5209779807e-04   -1.4266387134e-11
   3.3600000    2.5142596462e-03    8.2377001035e-09    6.8754685584e-04    1.1200080017e-07    2.5980730772e-04    2.6379742253e-11    1.5184543490e-04   -1.1916650153e-11
   3.4100000    2.4999728549e-03    1.1329104152e-08    6.8517255388e-04    1.1148461145e-07    2.5924836978e-04    3.4315148133e-11    1.5159120092e-04   -9.3710359619e-12
   3.4600000    2.4855149515e-03    1.2361144100e-08    6.8285230663e-04    1.1079730246e-07    2.5868601142e-04    3.4706035244e-11    1.5133533034e-04   -6.6459269801e-12
   3.5100000    2.4707105267e-03    1.0721189967e-08    6.8048192607e-04    1.0972641453e-07    2.5811877989e-04    2.6529885503e-11    1.5107808114e-04   -3.7313617316e-12
   3.5600000    2.4555659798e-03    6.4309651137e-09    6.7800378421e-04    1.0825199880e-07    2.5754525843e-04    1.0926265223e-11    1.5081972431e-04   -6.0511720496e-13
   3.6100000    2.4402125277e-03    3.1172494297e-10    6.7545698614e-04    1.0648289342e-07    2.5696494929e-04   -8.8291798570e-12    1.5056053275e-04    2.7901558311e-12
   3.6600000    2.4247814844e-03   -6.2424274318e-09    6.7292351826e-04    1.0483988287e-07    2.5637877237e-04   -2.8004673745e-11    1.5030077013e-04    6.5331157873e-12
   3.7100000    2.4093332466e-03   -1.1746497216e-08    6.7043710800e-04    1.0414918842e-07    2.5578895940e-04   -4.1672655212e-11    1.5004068061e-04    1.0728987798e-11
   3.7600000    2.3938359988e-03   -1.5001533318e-08    6.6795183384e-04    1.0527274152e-07    2.5519834849e-04   -4.6123305223e-11    1.4978047970e-04    1.5482803506e-11
   3.8100000    2.3781615908e-03   -1.5223463658e-08    6.6539477768e-04    1.0841254544e-07    2.5460930651e-04   -4.0012346856e-11    1.4952034661e-04    2.0902982245e-11
   3.8600000    2.3621409883e-03   -1.2140261772e-08    6.6273957642e-04    1.1268759508e-07    2.5402265150e-04   -2.4761225101e-11    1.4926041880e-04    2.7066930830e-11
   3.9100000    2.3457064388e-03   -6.2267033738e-09    6.6002527057e-04    1.1646497570e-07    2.5343696673e-04   -4.0549916734e-12    1.4900078880e-04    3.4007829882e-11
   3.9600000    2.3290026188e-03    1.1718885098e-09    6.5730851795e-04    1.1830139163e-07    2.5284858949e-04    1.7490105763e-11    1.4874150341e-04    4.1695270330e-11
   4.0100000    2.3122987111e-03    8.1973326129e-09    6.5460443848e-04    1.1778858014e-07    2.5225234979e-04    3.5858412453e-11    1.4848256535e-04    5.0026685768e-11
   4.0600000    2.2957279049e-03    1.3202712982e-08    6.5187788349e-04    1.1564321165e-07    2.5164289425e-04    4.8685069980e-11    1.4822393705e-04    5.8807124365e-11
   4.1100000    2.2791173209e-03    1.5260927421e-08    6.4909208487e-04    1.1303896190e-07    2.5101622691e-04    5.5441639679e-11    1.4796554625e-04    6.7764681967e-11
   4.1600000    2.2621250534e-03    1.4132372665e-08    6.4626018706e-04    1.1082850032e-07    2.5037099896e-04    5.6505634591e-11    1.4770729273e-04    7.6541478288e-11
   4.2100000    2.2445752926e-03    1.0032494744e-08    6.4343962466e-04    1.0929702021e-07    2.4970912014e-04    5.1756032363e-11    1.4744905557e-04    8.4737017206e-11
   4.2600000    2.2266474092e-03    3.6729812457e-09    6.4067080338e-04    1.0845739704e-07    2.4903544334e-04    3.9486930326e-11    1.4719070038e-04    9.1908326995e-11
   4.3100000    2.2087169172e-03   -3.5333784565e-09    6.3792634584e-04    1.0835905441e-07    2.4835654766e-04    1.6629137595e-11    1.4693208549e-04    9.7605928857e-11
   4.3600000    2.1910104463e-03   -9.6549056631e-09    6.3512882818e-04    1.0902146510e-07    2.4767893281e-04   -1.9479026548e-11    1.4667306706e-04    1.0142686613e-10
   4.4100000    2.1734153752e-03   -1.2995451952e-08    6.3221975518e-04    1.1017583734e-07    2.4700714658e-04   -6.8145426814e-11    1.4641350229e-04    1.0302770809e-10
   4.4600000    2.1556009017e-03   -1.2890207418e-08    6.2920816992e-04    1.1127181589e-07    2.4634242258e-04   -1.2261595889e-10    1.4615325080e-04    1.0216909896e-10
   4.5100000    2.1372957431e-03   -9.8687440597e-09    6.2615356315e-04    1.1186879602e-07    2.4568227545e-04   -1.6938332760e-10    1.4589217428e-04    9.8729688109e-11
   4.5600000    2.1184636568e-03   -5.1304417821e-09    6.2310746229e-04    1.1202527661e-07    2.4502121434e-04   -1.9072165691e-10    1.4563013472e-04    9.2738252294e-11
   4.6100000    2.0992742754e-03    8.1724208368e-11    6.2007374275e-04    1.1223465466e-07    2.4435238081e-04   -1.7055964760e-10    1.4536699147e-04    8.4357965367e-11
   4.6600000    2.0799563974e-03    4.6907098252e-09    6.1702098704e-04    1.1291523992e-07    2.4366960883e-04   -1.0194862332e-10    1.4510259819e-04    7.3884413155e-11
   4.7100000    2.0606584046e-03    7.7031137576e-09    6.1392611115e-04    1.1394783824e-07    2.4296925527e-04    6.8680146226e-12    1.4483679993e-04    6.1725871424e-11
   4.7600000    2.0413728945e-03    8.3463481966e-09    6.1079952376e-04    1.1473834088e-07    2.4225121361e-04    1.3122227533e-10    1.4456943121e-04    4.8368091414e-11
   4.8100000    2.0219429349e-03    6.5541745269e-09    6.0766446218e-04    1.1475580922e-07    2.4151879269e-04    2.3551980094e-10    1.4430031558e-04    3.4348642663e-11
   4.8600000    2.0021630343e-03    3.2700634714e-09    6.0451555938e-04    1.1400198754e-07    2.4077752407e-04    2.8485707605e-10    1.4402926702e-04    2.0209689337e-11
   4.9100000    1.9819373408e-03    2.8443996385e-11    6.0130854416e-04    1.1295151975e-07    2.4003332507e-04    2.5905378201e-10    1.4375609335e-04    6.4447741376e-12
   4.9600000    1.9613754169e-03   -1.9659132919e-09    5.9800000344e-04    1.1208033082e-07    2.3929065809e-04    1.6328977467e-10    1.4348060144e-04   -6.5154673176e-12
   5.0100000    1.9407173007e-03   -2.4384813842e-09    5.9459719597e-04    1.1151917078e-07    2.3855131041e-04    2.9740898592e-11    1.4320260396e-04   -1.8341321765e-11
   5.0600000    1.9201270896e-03   -1.8439759516e-09    5.9116218650e-04    1.1116308429e-07    2.3781417791e-04   -9.2117037021e-11    1.4292192713e-04   -2.8832116062e-11
   5.1100000    1.8995358791e-03   -7.4896093210e-10    5.8776227380e-04    1.1101233080e-07    2.3707605902e-04   -1.5439619985e-10    1.4263841867e-04   -3.7921875260e-11
   5.1600000    1.8786837259e-03    4.7887973209e-10    5.8441513063e-04    1.1128148986e-07    2.3633309722e-04   -1.3156103750e-10    1.4235195542e-04   -4.5662263384e-11
   5.2100000    1.8573268662e-03    1.4862286097e-09    5.8108013003e-04    1.1213628346e-07    2.3558229157e-04   -3.3947829616e-11    1.4206244957e-04   -5.2223493073e-11
   5.2600000    1.8354288948e-03    1.7359921712e-09    5.7769828323e-04    1.1338374821e-07    2.3482250694e-04    9.3202342233e-11    1.4176985314e-04   -5.7851707868e-11
   5.3100000    1.8131819651e-03    7.5916671335e-10    5.7423722925e-04    1.1451058280e-07    2.3405464627e-04    1.8675182318e-10    1.4147416003e-04   -6.2854895923e-11
   5.3600000    1.7908581846e-03   -1.3243821605e-09    5.7069974220e-04    1.1507812040e-07    2.3328099371e-04    1.9265544415e-10    1.4117540544e-04   -6.7556947859e-11
   5.4100000    1.7686191084e-03   -3.6452776483e-09    5.6709705154e-04    1.1507632138e-07    2.3250405464e-04    9.1370188000e-11    1.4087366254e-04   -7.2268409772e-11
   5.4600000    1.7464192851e-03   -5.0836782586e-09    5.6342540433e-04    1.1486107444e-07    2.3172537643e-04   -9.0253632234e-11    1.4056903655e-04   -7.7250232812e-11
   5.5100000    1.7240534833e-03   -4.9883532593e-09    5.5967663260e-04    1.1474003880e-07    2.3094478683e-04   -2.8741350981e-10    1.4026165683e-04   -8.2685824778e-11
   5.5600000    1.7012976632e-03   -3.4315501434e-09    5.5586937601e-04    1.1465806856e-07    2.3016027668e-04   -4.2362279087e-10    1.3995166730e-04   -8.8666525121e-11
   5.6100000    1.6780432935e-03   -8.8389413893e-10    5.5205748383e-04    1.1432452564e-07    2.2936849516e-04   -4.4368784855e-10    1.3963921598e-04   -9.5184844942e-11
   5.6600000    1.6543428949e-03    2.1469126672e-09    5.4829405468e-04    1.1362592523e-07    2.2856563470e-04   -3.3829618705e-10    1.3932444456e-04   -1.0211940070e-10
   5.7100000    1.6303520872e-03    5.0703428490e-09    5.4458162979e-04    1.1284707001e-07    2.2774842179e-04   -1.4862126740e-10    1.3900747841e-04   -1.0925781699e-10
   5.7600000    1.6062214342e-03    7.0006941958e-09    5.4086066604e-04    1.1245079764e-07    2.2691497817e-04    5.1752932418e-11    1.3868841814e-04   -1.1630312199e-10
   5.8100000    1.5820129410e-03    6.9325044276e-09    5.3705197530e-04    1.1266786996e-07    2.2606540207e-04    1.8932609470e-10    1.3836733263e-04   -1.2290806125e-10
   5.8600000    1.5576843963e-03    4.3773732586e-09    5.3311393635e-04    1.1334348920e-07    2.2520196645e-04    2.2249930397e-10    1.3804425440e-04   -1.2867783260e-10
   5.9100000    1.5331353752e-03   -8.5073145240e-11    5.2906243299e-04    1.1417204664e-07    2.2432883312e-04    1.5807546426e-10    1.3771917702e-04   -1.3321858855e-10
   5.9600000    1.5082777930e-03   -4.8852117018e-09    5.2494258504e-04    1.1501531027e-07    2.2345119220e-04    4.5332701662e-11    1.3739205482e-04   -1.3614900457e-10
   6.0100000    1.4830880593e-03   -8.1666910670e-09    5.2078924832e-04    1.1593170315e-07    2.2257384352e-04   -4.8769506748e-11    1.3706280461e-04   -1.3713453839e-10
   6.0600000    1.4576096209e-03   -8.6617825249e-09    5.1661686854e-04    1.1690386595e-07    2.2169946845e-04   -7.0961559773e-11    1.3673130888e-04   -1.3589616453e-10
   6.1100000    1.4319034162e-03   -6.2552094998e-09    5.1243876510e-04    1.1762159216e-07    2.2082712238e-04   -5.1038098455e-12    1.3639742048e-04   -1.3222985565e-10
   6.1600000    1.4059825039e-03   -1.9770196984e-09    5.0827970045e-04    1.1763398622e-07    2.1995163937e-04    1.2229366428e-10    1.3606096787e-04   -1.2600631340e-10
   6.2100000    1.3797860963e-03    2.5503134878e-09    5.0415563388e-04    1.1676372867e-07    2.1906450482e-04    2.5537408121e-10    1.3572176103e-04   -1.1718046046e-10
   6.2600000    1.3532213498e-03    5.8911956604e-09    5.0003922547e-04    1.1535127730e-07    2.1815626700e-04    3.3379090196e-10    1.3537959737e-04   -1.0579401602e-10
   6.3100000    1.3262454809e-03    7.3346546377e-09    4.9585565498e-04    1.1405097515e-07    2.1721986532e-04    3.1763161614e-10    1.3503426719e-04   -9.1959628126e-11
   6.3600000    1.2989244137e-03    6.9207086919e-09    4.9152655759e-04    1.1337282253e-07    2.1625366705e-04    2.0233440746e-10    1.3468555893e-04   -7.5865152033e-11
   6.4100000    1.2714153635e-03    5.1071477179e-09    4.8702744424e-04    1.1341655569e-07    2.1526286758e-04    1.9046730688e-11    1.3433326381e-04   -5.7776692168e-11
   6.4600000    1.2438678141e-03    2.4479842432e-09    4.8240539313e-04    1.1400035069e-07    2.1425839525e-04   -1.7806428672e-10    1.3397718017e-04   -3.8037169715e-11
   6.5100000    1.2162950952e-03   -5.2758742885e-10    4.7774174864e-04    1.1495013151e-07    2.1325344606e-04   -3.3123023999e-10    1.3361711723e-04   -1.7053089601e-11
   6.5600000    1.1885117165e-03   -3.3256257222e-09    4.7309751243e-04    1.1619199697e-07    2.1225884675e-04   -3.9805652540e-10    1.3325289872e-04    4.7061301481e-12
   6.6100000    1.1602191003e-03   -5.4990991562e-09    4.6848962176e-04    1.1758531009e-07    2.1127908633e-04   -3.6387715684e-10    1.3288436591e-04    2.6738717453e-11
   6.6600000    1.1312219059e-03   -6.6397165293e-09    4.6390687085e-04    1.1877249026e-07    2.1031070707e-04   -2.4436183349e-10    1.3251137944e-04    4.8537910510e-11
   6.7100000    1.1016189459e-03   -6.3631158802e-09    4.5933282586e-04    1.1930770862e-07    2.0934380455e-04   -7.8383760256e-11    1.3213381980e-04    6.9613829525e-11
   6.7600000    1.0717777638e-03   -4.4546991656e-09    4.5474546032e-04    1.1898943854e-07    2.0836605163e-04    8.6004469068e-11    1.3175158558e-04    8.9539411556e-11
   6.8100000    1.0420615043e-03   -1.2392963573e-09    4.5010163010e-04    1.1805519266e-07    2.0736754948e-04    2.0760966262e-10    1.3136458949e-04    1.0794481597e-10
   6.8600000    1.0125190910e-03    2.1700621127e-09    4.4533994765e-04    1.1701348187e-07    2.0634445318e-04    2.6459107564e-10    1.3097275296e-04    1.2450275637e-10
   6.9100000    9.8282441524e-04    4.2514998481e-09    4.4041607968e-04    1.1626769301e-07    2.0529989642e-04    2.5919868389e-10    1.3057600070e-04    1.3890415961e-10
   6.9600000    9.5254044497e-04    4.0692003407e-09    4.3534209106e-04    1.1590471920e-07    2.0424197300e-04    2.1336788292e-10    1.3017425729e-04    1.5082315287e-10
   7.0100000    9.2147716975e-04    2.0971429966e-09    4.3018723085e-04    1.1582566509e-07    2.0317982947e-04    1.5755004804e-10    1.2976744839e-04    1.5990041889e-10
   7.0600000    8.8982402330e-04   -4.6604874547e-12    4.2503198544e-04    1.1601139821e-07    2.0211967510e-04    1.1783578333e-10    1.2935550694e-04    1.6575410046e-10
   7.1100000    8.5796132175e-04   -6.4413048255e-10    4.1991442899e-04    1.1658486986e-07    2.0106240036e-04    1.0692395151e-10    1.2893838443e-04    1.6803670808e-10
   7.1600000    8.2615110815e-04    4.6256186677e-10    4.1481540610e-04    1.1759731073e-07    2.0000363013e-04    1.2183421008e-10    1.2851606397e-04    1.6651954916e-10
   7.2100000    7.9437520408e-04    2.1613751699e-09    4.0968867988e-04    1.1880884309e-07    1.9893589407e-04    1.4794059631e-10    1.2808857082e-04    1.6117267238e-10
   7.2600000    7.6239999047e-04    2.9144725791e-09    4.0449945157e-04    1.1975879346e-07    1.9785173738e-04    1.6598398013e-10    1.2765597503e-04    1.5220505614e-10
   7.3100000    7.2994571589e-04    2.0467448980e-09    3.9923515499e-04    1.2010188991e-07    1.9674638880e-04    1.5864766008e-10    1.2721838253e-04    1.4006381315e-10
   7.3600000    6.9682206584e-04    1.2667035385e-10    3.9388996942e-04    1.1988074513e-07    1.9561904786e-04    1.1491160944e-10    1.2677591441e-04    1.2534229992e-10
   7.4100000    6.6300083750e-04   -1.6847984028e-09    3.8845282258e-04    1.1945000492e-07    1.9447262393e-04    3.2838594605e-11    1.2632867815e-04    1.0865350953e-10
   7.4600000    6.2864494731e-04   -2.5944816962e-09    3.8291781182e-04    1.1912465508e-07    1.9331241375e-04   -7.8312100906e-11    1.2587673880e-04    9.0490444566e-11
   7.5100000    5.9406122831e-04   -2.6306123585e-09    3.7730353259e-04    1.1892228215e-07    1.9214443998e-04   -1.9696269296e-10    1.2542009975e-04    7.1123554480e-11
   7.5600000    5.5953348531e-04   -2.3688803302e-09    3.7165314993e-04    1.1867397785e-07    1.9097398065e-04   -2.9153911244e-10    1.2495870149e-04    5.0607005501e-11
   7.6100000    5.2510834227e-04   -2.3067719235e-09    3.6600608742e-04    1.1836561205e-07    1.8980444471e-04   -3.2857206253e-10    1.2449244177e-04    2.8893282107e-11
   7.6600000    4.9052134968e-04   -2.4087914480e-09    3.6036366310e-04    1.1828584585e-07    1.8863651093e-04   -2.8631748584e-10    1.2402121343e-04    5.9849106791e-12
   7.7100000    4.5537721012e-04   -2.1239001490e-09    3.5468170369e-04    1.1875493584e-07    1.8746751581e-04   -1.6852379158e-10    1.2354494923e-04   -1.7872926931e-11
   7.7600000    4.1946048016e-04   -8.6402900057e-10    3.4890097887e-04    1.1971236550e-07    1.8629135706e-04   -1.0411350937e-11    1.2306365858e-04   -4.2114775099e-11
   7.8100000    3.8290178745e-04    1.3587179810e-09    3.4299104411e-04    1.2066747044e-07    1.8509937750e-04    1.2958694208e-10    1.2257744222e-04   -6.5859343648e-11
   7.8600000    3.4604638781e-04    3.6363084480e-09    3.3696885896e-04    1.2113928064e-07    1.8388252266e-04    1.9184702886e-10    1.2208647646e-04   -8.8068426238e-11
   7.9100000    3.0915484609e-04    4.6021600440e-09    3.3087660521e-04    1.2112072621e-07    1.8263446543e-04    1.4260402729e-10    1.2159096909e-04   -1.0777935135e-10
   7.9600000    2.7221459762e-04    3.4407534005e-09    3.2474264346e-04    1.2102280808e-07    1.8135463285e-04   -7.6343996612e-12    1.2109109916e-04   -1.2433014831e-10
   8.0100000    2.3500911420e-04    6.7793506856e-10    3.1856457718e-04    1.2114992982e-07    1.8004963093e-04   -2.0504678619e-10    1.2058696062e-04   -1.3747258244e-10
   8.0600000    1.9733445338e-04   -2.0466858235e-09    3.1232654105e-04    1.2133786109e-07    1.7873186297e-04   -3.7437080242e-10    1.2007853015e-04   -1.4735620155e-10
   8.1100000    1.5914149381e-04   -3.1787109179e-09    3.0602397110e-04    1.2120406950e-07    1.7741523421e-04   -4.5180270444e-10    1.1956567319e-04   -1.5435086303e-10
   8.1600000    1.2050423553e-04   -2.4132681287e-09    2.9966415200e-04    1.2070139644e-07    1.7610931999e-04   -4.1282814058e-10    1.1904818964e-04   -1.5880270802e-10
   8.2100000    8.1505554122e-05   -7.7843048250e-10    2.9324554733e-04    1.2028075484e-07    1.7481449249e-04   -2.8100876865e-10    1.1852588625e-04   -1.6083238073e-10
   8.2600000    4.2181595129e-05    3.9410407402e-10    2.8674870791e-04    1.2045643659e-07    1.7352054774e-04   -1.1409401919e-10    1.1799865166e-04   -1.6021385526e-10
   8.3100000    2.5501619560e-06    5.9819685303e-10    2.8015689557e-04    1.2129183291e-07    1.7221009274e-04    2.4363701728e-11    1.1746650660e-04   -1.5645541429e-10
   8.3600000   -3.7367864087e-05    3.6265525463e-10    2.7348351792e-04    1.2236577512e-07    1.7086577891e-04    9.2848263622e-11    1.1692960732e-04   -1.4899392449e-10
   8.4100000   -7.7595396188e-05    4.8826874610e-10    2.6676977732e-04    1.2316852574e-07    1.6947839730e-04    8.5707114413e-11    1.1638819465e-04   -1.3744194092e-10
   8.4600000   -1.1824752627e-04    1.1505475659e-09    2.6004885702e-04    1.2346221232e-07    1.6805199224e-04    2.8455616759e-11    1.1584249904e-04   -1.2177866094e-10
   8.5100000   -1.5946963631e-04    1.6996459540e-09    2.5331226320e-04    1.2334793092e-07    1.6660313352e-04   -3.9869315224e-11    1.1529262864e-04   -1.0240443413e-10
   8.5600000   -2.0127750841e-04    1.2643925317e-09    2.4651234043e-04    1.2313352158e-07    1.6515405998e-04   -8.6094341142e-11    1.1473847636e-04   -8.0039302128e-11
   8.6100000   -2.4346798324e-04   -4.1016671551e-10    2.3959649214e-04    1.2311797660e-07    1.6372244403e-04   -9.4131096252e-11    1.1417968102e-04   -5.5507627245e-11
   8.6600000   -2.8574560081e-04   -2.5927594678e-09    2.3253887145e-04    1.2334300373e-07    1.6231251565e-04   -6.5232293597e-11    1.1361566376e-04   -2.9527330732e-11
   8.7100000   -3.2799033710e-04   -3.9834597722e-09    2.2534426715e-04    1.2351661738e-07    1.6091208311e-04   -1.0997129750e-11    1.1304574069e-04   -2.5766665116e-12
   8.7600000   -3.7040810423e-04   -3.6463605488e-09    2.1803098197e-04    1.2333471186e-07    1.5949745977e-04    5.4128467493e-11    1.1246928887e-04    2.5087773962e-11
   8.8100000   -4.1338810360e-04   -1.7424337303e-09    2.1061797449e-04    1.2294543215e-07    1.5804451311e-04    1.1637526441e-10    1.1188592347e-04    5.3320844098e-11
   8.8600000   -4.5717962010e-04    5.7823727266e-10    2.0312933633e-04    1.2290688498e-07    1.5654081288e-04    1.6249815560e-10    1.1129563537e-04    8.1895357810e-11
   8.9100000   -5.0169016366e-04    2.0936676298e-09    1.9560306983e-04    1.2351317404e-07    1.5499287830e-04    1.7967041343e-10    1.1069884410e-04    1.1036010932e-10
   8.9600000   -5.4658795987e-04    2.4441716852e-09    1.8808226712e-04    1.2432263565e-07    1.5342450222e-04    1.5870296766e-10    1.1009634122e-04    1.3802238776e-10
   9.0100000   -5.9159231838e-04    2.2276951500e-09    1.8058720628e-04    1.2464804460e-07    1.5186629794e-04    1.0027744641e-10    1.0948912855e-04    1.6402186058e-10
   9.0600000   -6.3667288070e-04    2.2047368298e-09    1.7309350097e-04    1.2447159409e-07    1.5034101894e-04    1.9998229594e-11    1.0887818815e-04    1.8750148669e-10
   9.1100000   -6.8200450270e-04    2.4423595608e-09    1.6554021946e-04    1.2450552440e-07    1.4885162676e-04   -5.2943825641e-11    1.0826424429e-04    2.0779157728e-10
   9.1600000   -7.2777558489e-04    2.2461836915e-09    1.5786146740e-04    1.2520250729e-07    1.4737816928e-04   -8.5470722053e-11    1.0764758592e-04    2.2449865057e-10
   9.2100000   -7.7405547578e-04    9.0373720094e-10    1.5001255427e-04    1.2604654514e-07    1.4588553694e-04   -5.5412956122e-11    1.0702800476e-04    2.3750377484e-10
   9.2600000   -8.2081350912e-04   -1.5099979112e-09    1.4197504844e-04    1.2616678141e-07    1.4433892295e-04    3.5913622131e-11    1.0640487259e-04    2.4685295450e-10
   9.3100000   -8.6801025881e-04   -3.9974523911e-09    1.3375274999e-04    1.2548180446e-07    1.4271989081e-04    1.6078967559e-10    1.0577733860e-04    2.5261730840e-10
   9.3600000   -9.1563829544e-04   -5.2705979241e-09    1.2537361996e-04    1.2481241008e-07    1.4103536499e-04    2.7499110386e-10    1.0514458808e-04    2.5477238322e-10
   9.4100000   -9.6368678359e-04   -4.6447175342e-09    1.1689107217e-04    1.2484707342e-07    1.3931502930e-04    3.3676146879e-10    1.0450608126e-04    2.5313541099e-10
   9.4600000   -1.0121026903e-03   -2.5272592971e-09    1.0836894512e-04    1.2541985705e-07    1.3759809181e-04    3.2628071283e-10    1.0386169308e-04    2.4743133933e-10
   9.5100000   -1.0608129313e-03   -1.2008786272e-10    9.9853675599e-05    1.2600255049e-07    1.3591550917e-04    2.5585285585e-10    1.0321170618e-04    2.3738271372e-10
   9.5600000   -1.1097892308e-03    1.4801123910e-09    9.1355522411e-05    1.2652750067e-07    1.3427601587e-04    1.6539412612e-10    1.0255665786e-04    2.2284548197e-10
   9.6100000   -1.1590875006e-03    2.0710383747e-09    8.2850799502e-05    1.2730492239e-07    1.3266252973e-04    1.0467355000e-10    1.0189709388e-04    2.0387212214e-10
   9.6600000   -1.2088228837e-03    2.3060240319e-09    7.4294863893e-05    1.2828321494e-07    1.3104053740e-04    1.1043503827e-10    1.0123331728e-04    1.8074187483e-10
   9.7100000   -1.2591008591e-03    2.8299034032e-09    6.5632800366e-05    1.2888847953e-07    1.2937432980e-04    1.8911812061e-10    1.0056522562e-04    1.5392471357e-10
   9.7600000   -1.3099499822e-03    3.4486880181e-09    5.6809890981e-05    1.2872736907e-07    1.2764326264e-04    3.1310690225e-10    9.9892301894e-05    1.2401876967e-10
   9.8100000   -1.3612897235e-03    3.2306330460e-09    4.7788757827e-05    1.2810304864e-07    1.2585035120e-04    4.3228312963e-10    9.9213768932e-05    9.1686898756e-11
   9.8600000   -1.4129521889e-03    1.4862216194e-09    3.8566308889e-05    1.2761145127e-07    1.2401936232e-04    4.9502124850e-10    9.8528857061e-05    5.7627357440e-11
   9.9100000   -1.4647647134e-03   -1.3727065121e-09    2.9174875880e-05    1.2747050694e-07    1.2218219684e-04    4.6877342794e-10    9.7837088525e-05    2.2557595471e-11
   9.9600000   -1.5166656718e-03   -3.9788615544e-09    1.9664870742e-05    1.2753988804e-07    1.2036298296e-04    3.5107574276e-10    9.7138471433e-05   -1.2771710798e-11
  10.0100000   -1.5687761845e-03   -5.0148155039e-09    1.0084404645e-05    1.2784395265e-07    1.1856668519e-04    1.6710681939e-10    9.6433524894e-05   -4.7610059616e-11
  10.0600000   -1.6213485927e-03   -4.1362109278e-09    4.6999500382e-07    1.2866734726e-07    1.1677757965e-04   -4.3366614758e-11    9.5723117191e-05   -8.1227980694e-11
  10.1100000   -1.6745991941e-03   -2.0716206198e-09   -9.1549005664e-06    1.3005477255e-07    1.1496795659e-04   -2.4194958251e-10    9.5008168502e-05   -1.1299822947e-10
  10.1600000   -1.7285465113e-03    3.1629002923e-11   -1.8784998652e-05    1.3154071817e-07    1.1311239713e-04   -4.0279872887e-10    9.4289322997e-05   -1.4242974061e-10
  10.2100000   -1.7829962511e-03    1.3951788593e-09   -2.8442130239e-05    1.3259889277e-07    1.1120039001e-04   -5.1518714083e-10    9.3566709930e-05   -1.6924020386e-10
  10.2600000   -1.8376963147e-03    1.9647528503e-09   -3.8175464664e-05    1.3318886349e-07    1.0924109758e-04   -5.7942361605e-10    9.2839883144e-05   -1.9332733319e-10
  10.3100000   -1.8925313402e-03    2.1675600946e-09   -4.8045778038e-05    1.3361887724e-07    1.0725812876e-04   -6.0122848507e-10    9.2107962282e-05   -2.1477193095e-10
  10.3600000   -1.9475879301e-03    2.3266154304e-09   -5.8103261749e-05    1.3395996837e-07    1.0527715481e-04   -5.8944466981e-10    9.1369922903e-05   -2.3378181154e-10
  10.4100000   -2.0030415128e-03    2.2511230746e-09   -6.8374209752e-05    1.3388846293e-07    1.0331264971e-04   -5.5751474806e-10    9.0624925327e-05   -2.5065142179e-10
  10.4600000   -2.0589801560e-03    1.4311341774e-09   -7.8860243820e-05    1.3317228416e-07    1.0136031360e-04   -5.2502822850e-10    8.9872557754e-05   -2.6575247640e-10
  10.5100000   -2.1153332549e-03   -2.7642608743e-10   -8.9541363327e-05    1.3207085792e-07    9.9398814806e-05   -5.1438571824e-10    8.9112902968e-05   -2.7953362437e-10
  10.5600000   -2.1719664084e-03   -2.1751824441e-09   -1.0037663354e-04    1.3106326865e-07    9.7399886292e-05   -5.4083896542e-10    8.8346409443e-05   -2.9250452750e-10
  10.6100000   -2.2288414568e-03   -3.1084513014e-09   -1.1130752837e-04    1.3028953970e-07    9.5341816143e-05   -6.0002255979e-10    8.7573625118e-05   -3.0522962531e-10
  10.6600000   -2.2860776568e-03   -2.4722599193e-09   -1.2227167168e-04    1.2948401586e-07    9.3219869430e-05   -6.6122516275e-10    8.6794906544e-05   -3.1824937891e-10
  10.7100000   -2.3438476360e-03   -8.5663736636e-10   -1.3322472545e-04    1.2848711431e-07    9.1048781158e-05   -6.7395338693e-10    8.6010223026e-05   -3.3199887693e-10
  10.7600000   -2.4022067976e-03    4.3025804707e-10   -1.4415802989e-04    1.2763653545e-07    8.8856269180e-05   -5.8866281267e-10    8.5219132311e-05   -3.4671409704e-10
  10.8100000   -2.4610239626e-03    5.5805867777e-10   -1.5510129834e-04    1.2749811112e-07    8.6670647875e-05   -3.8340092052e-10    8.4420930125e-05   -3.6238708385e-10
  10.8600000   -2.5200828095e-03   -9.9479298613e-11   -1.6611095128e-04    1.2824843934e-07    8.4508167487e-05   -8.2424884429e-11    8.3614900821e-05   -3.7870207849e-10
  10.9100000   -2.5792576061e-03   -4.3605770918e-10   -1.7725347491e-04    1.2946503308e-07    8.2365614846e-05    2.4581673302e-10    8.2800554593e-05   -3.9507644503e-10
  10.9600000   -2.6386030372e-03    2.0844393551e-10   -1.8859148336e-04    1.3058547510e-07    8.0221219105e-05    5.1407684836e-10    8.1977745496e-05   -4.1068249412e-10
  11.0100000   -2.6982938012e-03    1.3400371500e-09   -2.0017208294e-04    1.3148142754e-07    7.8043275176e-05    6.5510576686e-10    8.1146620471e-05   -4.2450729963e-10
  11.0600000   -2.7584902321e-03    1.7555257860e-09   -2.1201412822e-04    1.3244496021e-07    7.5802749650e-05    6.5476496383e-10    8.0307428156e-05   -4.3537980193e-10
  11.1100000   -2.8192443733e-03    7.1307642170e-10   -2.2409789224e-04    1.3360396811e-07    7.3484704585e-05    5.6096465298e-10    7.9460281611e-05   -4.4201774041e-10
  11.1600000   -2.8804864798e-03   -1.2581023676e-09   -2.3636789162e-04    1.3452739466e-07    7.1094054725e-05    4.6126479346e-10    7.8604992573e-05   -4.4307453372e-10
  11.2100000   -2.9420605149e-03   -2.6736705330e-09   -2.4875384257e-04    1.3460642450e-07    6.8653508318e-05    4.3837039857e-10    7.7741063587e-05   -4.3722499284e-10
  11.2600000   -3.0037846455e-03   -2.3212220271e-09   -2.6119848569e-04    1.3383364013e-07    6.6194541333e-05    5.2569502140e-10    7.6867851976e-05   -4.2324505899e-10
  11.3100000   -3.0655429070e-03   -3.5735919102e-10   -2.7367323032e-04    1.3301799908e-07    6.3744843577e-05    6.8712012796e-10    7.5984838231e-05   -4.0011997429e-10
  11.3600000   -3.1273823145e-03    1.7323049000e-09   -2.8617475814e-04    1.3308245999e-07    6.1317017921e-05    8.3342560554e-10    7.5091877043e-05   -3.6715489030e-10
  11.4100000   -3.1895266226e-03    2.3600947268e-09   -2.9871460213e-04    1.3421778314e-07    5.8902993093e-05    8.6879002920e-10    7.4189308594e-05   -3.2401458731e-10
  11.4600000   -3.2522407806e-03    1.1899874138e-09   -3.1131652030e-04    1.3588281856e-07    5.6476677118e-05    7.4356503103e-10    7.3277862666e-05   -2.7075060415e-10
  11.5100000   -3.3156173428e-03   -6.3436762433e-10   -3.2402065783e-04    1.3760170201e-07    5.4004359050e-05    4.8462533508e-10    7.2358376854e-05   -2.0778980335e-10
  11.5600000   -3.3794706204e-03   -1.6024781243e-09   -3.3688053742e-04    1.3950350053e-07    5.1459210046e-05    1.8521071880e-10    7.1431433651e-05   -1.3589254689e-10
  11.6100000   -3.4434619082e-03   -1.2016427036e-09   -3.4994643226e-04    1.4189339967e-07    4.8834127743e-05   -4.2480095380e-11    7.0497063766e-05   -5.6129108340e-11
  11.6600000   -3.5073689391e-03   -2.1876969007e-10   -3.6324712410e-04    1.4443058283e-07    4.6147153879e-05   -1.2748873474e-10    6.9554642954e-05    3.0164375262e-11
  11.7100000   -3.5712629810e-03    2.1894785592e-10   -3.7678666889e-04    1.4605806438e-07    4.3436168279e-05   -8.0178668043e-11    6.8603035761e-05    1.2139429050e-10
  11.7600000   -3.6354324199e-03   -2.0755632901e-10   -3.9055581826e-04    1.4590838420e-07    4.0743889831e-05    1.1646088132e-11    6.7640940316e-05    2.1576447898e-10
  11.8100000   -3.7001270991e-03   -8.3179533480e-10   -4.0453999964e-04    1.4414638843e-07    3.8098753924e-05    3.0867635782e-11    6.6667306211e-05    3.1133067212e-10
  11.8600000   -3.7653605075e-03   -8.5084617756e-10   -4.1871130443e-04    1.4173506258e-07    3.5499899448e-05   -1.0124116846e-10    6.5681667272e-05    4.0609268252e-10
  11.9100000   -3.8309384045e-03   -2.0933589921e-10   -4.3301601247e-04    1.3942536116e-07    3.2913712427e-05   -3.7516684895e-10    6.4684264471e-05    4.9812805836e-10
  11.9600000   -3.8966577856e-03    3.9748992568e-10   -4.4738135478e-04    1.3721504043e-07    3.0284972829e-05   -6.9123873017e-10    6.3675917514e-05    5.8567466566e-10
  12.0100000   -3.9624666661e-03    3.2568334792e-10   -4.6174737036e-04    1.3488219175e-07    2.7559221381e-05   -9.1009219921e-10    6.2657701353e-05    6.6725498053e-10
  12.0600000   -4.0284413707e-03   -3.0221755744e-10   -4.7610120385e-04    1.3279621356e-07    2.4707317769e-05   -9.3042349012e-10    6.1630556256e-05    7.4171145578e-10
  12.1100000   -4.0946439239e-03   -7.2228749728e-10   -4.9048609250e-04    1.3186072168e-07    2.1741108557e-05   -7.5115054668e-10    6.0594977365e-05    8.0821141561e-10
  12.1600000   -4.1610428084e-03   -3.7173823929e-10   -5.0498132338e-04    1.3259890676e-07    1.8712059573e-05   -4.8029523940e-10    5.9550889359e-05    8.6623865561e-10
  12.2100000   -4.2275844965e-03    4.2293318579e-10   -5.1967335690e-04    1.3453433926e-07    1.5691775025e-05   -2.8043581758e-10    5.8497732284e-05    9.1553343034e-10
  12.2600000   -4.2943045574e-03    6.8587726821e-10   -5.3463619264e-04    1.3665578100e-07    1.2741585093e-05   -2.7623913496e-10    5.7434700969e-05    9.5604741357e-10
  12.2700000   -4.3076796600e-03    6.0370672637e-10   -5.3766620503e-04    1.3703651288e-07    1.2162850425e-05   -3.0202185988e-10    5.7220838804e-05    9.6310058016e-10
  12.2800000   -4.3210672554e-03    4.7291328688e-10   -5.4070941202e-04    1.3739816499e-07    1.1587932173e-05   -3.3569372969e-10    5.7006544921e-05    9.6980881003e-10
  12.2900000   -4.3344679629e-03    2.9644328680e-10   -5.4376599715e-04    1.3774162103e-07    1.1016672845e-05   -3.7636400119e-10    5.6791814613e-05    9.7617263716e-10
  12.3000000   -4.3478821580e-03    7.9580356061e-11   -5.4683607270e-04    1.3806886441e-07    1.0448826258e-05   -4.2291308376e-10    5.6576643696e-05    9.8219139122e-10
  12.3100000   -4.3613099354e-03   -1.7016696655e-10   -5.4991967396e-04    1.3838272951e-07    9.8840605626e-06   -4.7402735111e-10    5.6361028507e-05    9.8786952929e-10
  12.3200000   -4.3747510898e-03   -4.4332468573e-10   -5.5301675398e-04    1.3868657435e-07    9.3219627649e-06   -5.2821156608e-10    5.6144965968e-05    9.9321004661e-10
  12.3300000   -4.3882051144e-03   -7.2877399871e-10   -5.5612717919e-04    1.3898398006e-07    8.7620448327e-06   -5.8383854481e-10    5.5928453555e-05    9.9821166172e-10
  12.3400000   -4.4016712182e-03   -1.0142098229e-09   -5.5925072611e-04    1.3927838439e-07    8.2037512137e-06   -6.3916152979e-10    5.5711489292e-05    1.0028784794e-09
  12.3500000   -4.4151483641e-03   -1.2865962318e-09   -5.6238707924e-04    1.3957279682e-07    7.6464676958e-06   -6.9237787014e-10    5.5494071733e-05    1.0072097742e-09
  12.3600000   -4.4286353242e-03   -1.5327679235e-09   -5.6553583102e-04    1.3986955045e-07    7.0895314525e-06   -7.4164067411e-10    5.5276199943e-05    1.0112121607e-09
  12.3700000   -4.4421307512e-03   -1.7399787100e-09   -5.6869648331e-04    1.4017003651e-07    6.5322420698e-06   -7.8513194718e-10    5.5057873459e-05    1.0148845321e-09
  12.3800000   -4.4556332620e-03   -1.8965031615e-09   -5.7186845111e-04    1.4047460929e-07    5.9738734545e-06   -8.2107293566e-10    5.4839092241e-05    1.0182307233e-09
  12.3900000   -4.4691415294e-03   -1.9921834099e-09   -5.7505106844e-04    1.4078249615e-07    5.4136863885e-06   -8.4780580155e-10    5.4619856630e-05    1.0212518830e-09
  12.4000000   -4.4826543760e-03   -2.0189847230e-09   -5.7824359627e-04    1.4109180309e-07    4.8509413967e-06   -8.6379852483e-10    5.4400167290e-05    1.0239502505e-09
  12.4100000   -4.4961708653e-03   -1.9713954600e-09   -5.8144523257e-04    1.4139959076e-07    4.2849119191e-06   -8.6770584614e-10    5.4180025140e-05    1.0263302704e-09
  12.4200000   -4.5096903835e-03   -1.8467963089e-09   -5.8465512432e-04    1.4170202202e-07    3.7148973773e-06   -8.5840844720e-10    5.3959431318e-05    1.0283892659e-09
  12.4300000   -4.5232127075e-03   -1.6456831945e-09   -5.8787238122e-04    1.4199458258e-07    3.1402359420e-06   -8.3502447470e-10    5.3738387092e-05    1.0301335537e-09
  12.4400000   -4.5367380524e-03   -1.3717471468e-09   -5.9109609071e-04    1.4227232198e-07    2.5603168305e-06   -7.9697152313e-10    5.3516893809e-05    1.0315646512e-09
  12.4500000   -4.5502670961e-03   -1.0318823540e-09   -5.9432533412e-04    1.4253015555e-07    1.9745918258e-06   -7.4395348650e-10    5.3294952833e-05    1.0326812515e-09
  12.4600000   -4.5638009768e-03   -6.3592521208e-10   -5.9755920339e-04    1.4276311434e-07    1.3825858418e-06   -6.7600329653e-10    5.3072565478e-05    1.0334888982e-09
  12.4700000   -4.5773412616e-03   -1.9641788375e-10   -6.0079681795e-04    1.4296670389e-07    7.8390633337e-07   -5.9349400368e-10    5.2849732946e-05    1.0339895099e-09
  12.4800000   -4.5908898882e-03    2.7193037239e-10   -6.0403734139e-04    1.4313712770e-07    1.7825133101e-07   -4.9710883119e-10    5.2626456303e-05    1.0341842416e-09
  12.4900000   -4.6044490787e-03    7.5272737667e-10   -6.0727999719e-04    1.4327153489e-07   -4.3458399080e-07   -3.8787367283e-10    5.2402736381e-05    1.0340733886e-09
  12.5000000   -4.6180212306e-03    1.2286164900e-09   -6.1052408352e-04    1.4336819565e-07   -1.0547024271e-06   -2.6713500237e-10    5.2178573776e-05    1.0336606581e-09
  12.5100000   -4.6316087900e-03    1.6819391326e-09   -6.1376898616e-04    1.4342665729e-07   -1.6821015752e-06   -1.3652167578e-10    5.1953968799e-05    1.0329441324e-09
  12.5200000   -4.6452141123e-03    2.0955079720e-09   -6.1701418969e-04    1.4344778177e-07   -2.3166725454e-06    2.0569785784e-12    5.1728921430e-05    1.0319280477e-09
  12.5300000   -4.6588393184e-03    2.4533777810e-09   -6.2025928615e-04    1.4343374610e-07   -2.9582005026e-06    1.4645632423e-10    5.1503431316e-05    1.0306124972e-09
  12.5400000   -4.6724861542e-03    2.7415060731e-09   -6.2350398140e-04    1.4338798321e-07   -3.6063671569e-06    2.9433263447e-10    5.1277497749e-05    1.0290006384e-09
  12.5500000   -4.6861558622e-03    2.9484666365e-09   -6.2674809870e-04    1.4331505912e-07   -4.2607550076e-06    4.4318705593e-10    5.1051119649e-05    1.0270906331e-09
  12.5600000   -4.6998490721e-03    3.0659240422e-09   -6.2999157964e-04    1.4322046649e-07   -4.9208535677e-06    5.9041002334e-10    5.0824295576e-05    1.0248875395e-09
  12.5700000   -4.7135657187e-03    3.0891540635e-09   -6.3323448229e-04    1.4311042660e-07   -5.5860671754e-06    7.3336012261e-10    5.0597023717e-05    1.0223885078e-09
  12.5800000   -4.7273049926e-03    3.0172327991e-09   -6.3647697693e-04    1.4299163839e-07   -6.2557244456e-06    8.6937857521e-10    5.0369301933e-05    1.0195931963e-09
  12.5900000   -4.7410653291e-03    2.8531841003e-09   -6.3971933921e-04    1.4287100697e-07   -6.9290892378e-06    9.9587365902e-10    5.0141127728e-05    1.0165033021e-09
  12.6000000   -4.7548444365e-03    2.6039623839e-09   -6.4296194138e-04    1.4275538618e-07   -7.6053728242e-06    1.1103784407e-09    4.9912498304e-05    1.0131223571e-09
  12.6100000   -4.7686393653e-03    2.2801564802e-09   -6.4620524160e-04    1.4265130425e-07   -8.2837471671e-06    1.2105796831e-09    4.9683410593e-05    1.0094474655e-09
  12.6200000   -4.7824466163e-03    1.8956502979e-09   -6.4944977196e-04    1.4256477005e-07   -8.9633590238e-06    1.2944115613e-09    4.9453861281e-05    1.0054755231e-09
  12.6300000   -4.7962622832e-03    1.4670771383e-09   -6.5269612546e-04    1.4250104226e-07   -9.6433447130e-06    1.3600677290e-09    4.9223846845e-05    1.0012124909e-09
  12.6400000   -4.8100822232e-03    1.0131267821e-09   -6.5594494244e-04    1.4246450760e-07   -1.0322845151e-05    1.4060674276e-09    4.8993363599e-05    9.9665296364e-10
  12.6500000   -4.8239022485e-03    5.5377849977e-10   -6.5919689692e-04    1.4245854805e-07   -1.1001021035e-05    1.4312999915e-09    4.8762407736e-05    9.9179889116e-10
  12.6600000   -4.8377183270e-03    1.0947812375e-10   -6.6245268317e-04    1.4248550346e-07   -1.1677067819e-05    1.4350343883e-09    4.8530975368e-05    9.8664930605e-10
  12.6700000   -4.8515267840e-03   -2.9973296365e-10   -6.6571300306e-04    1.4254665851e-07   -1.2350230261e-05    1.4169605856e-09    4.8299062564e-05    9.8120210323e-10
  12.6800000   -4.8653244921e-03   -6.5510698920e-10   -6.6897855414e-04    1.4264230818e-07   -1.3019816210e-05    1.3772202536e-09    4.8066665411e-05    9.7545722895e-10
  12.6900000   -4.8791090391e-03   -9.3998132273e-10   -6.7225001927e-04    1.4277180775e-07   -1.3685209476e-05    1.3163797635e-09    4.7833780040e-05    9.6941182060e-10
  12.7000000   -4.8928788634e-03   -1.1405090475e-09   -6.7552805750e-04    1.4293370217e-07   -1.4345881453e-05    1.2354507430e-09    4.7600402690e-05    9.6306459883e-10
  12.7100000   -4.9066333496e-03   -1.2462861266e-09   -6.7881329650e-04    1.4312588371e-07   -1.5001401334e-05    1.1358884613e-09    4.7366529719e-05    9.5641382948e-10
  12.7200000   -4.9203728757e-03   -1.2508434766e-09   -6.8210632662e-04    1.4334573865e-07   -1.5651444715e-05    1.0195415390e-09    4.7132157653e-05    9.4945673250e-10
  12.7300000   -4.9340988099e-03   -1.1519401953e-09   -6.8540769657e-04    1.4359031060e-07   -1.6295800375e-05    8.8865946929e-10    4.6897283219e-05    9.4219583214e-10
  12.7400000   -4.9478134534e-03   -9.5169834767e-10   -6.8871791036e-04    1.4385648410e-07   -1.6934375144e-05    7.4582675624e-10    4.6661903390e-05    9.3462330803e-10
  12.7500000   -4.9615199328e-03   -6.5656656199e-10   -6.9203742578e-04    1.4414111262e-07   -1.7567196764e-05    5.9392191403e-10    4.6426015376e-05    9.2673904235e-10
  12.7600000   -4.9752220445e-03   -2.7703943860e-10   -6.9536665369e-04    1.4444115838e-07   -1.8194414561e-05    4.3607465447e-10    4.6189616673e-05    9.1854161152e-10
  12.7700000   -4.9889240601e-03    1.7269544181e-10   -6.9870595830e-04    1.4475380293e-07   -1.8816298082e-05    2.7559491405e-10    4.5952705072e-05    9.1002540820e-10
  12.7800000   -5.0026305007e-03    6.7537982658e-10   -7.0205565800e-04    1.4507652707e-07   -1.9433233496e-05    1.1591231184e-10    4.5715278676e-05    9.0118854929e-10
  12.7900000   -5.0163458928e-03    1.2113332972e-09   -7.0541602648e-04    1.4540712623e-07   -2.0045717986e-05   -3.9493584657e-11    4.5477335893e-05    8.9202610311e-10
  12.8000000   -5.0300745183e-03    1.7592732680e-09   -7.0878729397e-04    1.4574375401e-07   -2.0654352068e-05   -1.8716089187e-10    4.5238875450e-05    8.8253785006e-10
  12.8100000   -5.0438201716e-03    2.2971856583e-09   -7.1216964830e-04    1.4608489891e-07   -2.1259830066e-05   -3.2372890067e-10    4.4999896403e-05    8.7271983783e-10
  12.8200000   -5.0575859385e-03    2.8031464856e-09   -7.1556323572e-04    1.4642929771e-07   -2.1862928797e-05   -4.4600624300e-10    4.4760398105e-05    8.6256394387e-10
  12.8300000   -5.0713740075e-03    3.2562609424e-09   -7.1896816136e-04    1.4677589270e-07   -2.2464494745e-05   -5.5102794204e-10    4.4520380241e-05    8.5207203499e-10
  12.8400000   -5.0851855265e-03    3.6374302477e-09   -7.2238448924e-04    1.4712373109e-07   -2.3065429834e-05   -6.3614097565e-10    4.4279842794e-05    8.4123994050e-10
  12.8500000   -5.0990205125e-03    3.9301136056e-09   -7.2581224184e-04    1.4747186870e-07   -2.3666676182e-05   -6.9906333642e-10    4.4038786009e-05    8.3006039411e-10
  12.8600000   -5.1128778195e-03    4.1209410050e-09   -7.2925139945e-04    1.4781924733e-07   -2.4269199960e-05   -7.3792548324e-10    4.3797210424e-05    8.1853590872e-10
  12.8700000   -5.1267551698e-03    4.2001505086e-09   -7.3270189922e-04    1.4816459744e-07   -2.4873974692e-05   -7.5133839878e-10    4.3555116832e-05    8.0665135043e-10
  12.8800000   -5.1406492451e-03    4.1619575163e-09   -7.3616363434e-04    1.4850633638e-07   -2.5481964312e-05   -7.3842038816e-10    4.3312506246e-05    7.9441208768e-10
  12.8900000   -5.1545558353e-03    4.0046829148e-09   -7.3963645326e-04    1.4884247486e-07   -2.6094106241e-05   -6.9882074281e-10    4.3069379920e-05    7.8181126453e-10
  12.9000000   -5.1684700381e-03    3.7307195973e-09   -7.4312015961e-04    1.4917060007e-07   -2.6711294830e-05   -6.3275385486e-10    4.2825739265e-05    7.6884923195e-10
  12.9100000   -5.1823864966e-03    3.3463756781e-09   -7.4661451253e-04    1.4948780084e-07   -2.7334365393e-05   -5.4099480918e-10    4.2581585922e-05    7.5551549141e-10
  12.9200000   -5.1962996669e-03    2.8614922592e-09   -7.5011922804e-04    1.4979068512e-07   -2.7964079213e-05   -4.2488323402e-10    4.2336921650e-05    7.4181102515e-10
  12.9300000   -5.2102040966e-03    2.2890200585e-09   -7.5363398147e-04    1.5007540425e-07   -2.8601109696e-05   -2.8630563494e-10    4.2091748351e-05    7.2773234765e-10
  12.9400000   -5.2240947041e-03    1.6444050286e-09   -7.5715841096e-04    1.5033766193e-07   -2.9246030055e-05   -1.2765259758e-10    4.1846068044e-05    7.1327444237e-10
  12.9500000   -5.2379670399e-03    9.4494714722e-10   -7.6069212239e-04    1.5057288191e-07   -2.9899302618e-05    4.8199967279e-11    4.1599882849e-05    6.9843713418e-10
  12.9600000   -5.2518175185e-03    2.0908319623e-10   -7.6423469548e-04    1.5077624556e-07   -3.0561270088e-05    2.3794286163e-10    4.1353194977e-05    6.8321598119e-10
  12.9700000   -5.2656436061e-03   -5.4433411628e-10   -7.6778569106e-04    1.5094285482e-07   -3.1232148809e-05    4.3791171811e-10    4.1106006680e-05    6.6760824485e-10
  12.9800000   -5.2794439560e-03   -1.2967550422e-09   -7.7134465942e-04    1.5106787302e-07   -3.1912024295e-05    6.4412800306e-10    4.0858320255e-05    6.5161106391e-10
  12.9900000   -5.2932184829e-03   -2.0305439747e-09   -7.7491114947e-04    1.5114667641e-07   -3.2600849055e-05    8.5240863987e-10    4.0610138049e-05    6.3522475028e-10
  13.0000000   -5.3069683720e-03   -2.7296670053e-09   -7.7848471850e-04    1.5117502081e-07   -3.3298442734e-05    1.0584204607e-09    4.0361462416e-05    6.1844522021e-10
  13.0100000   -5.3206960241e-03   -3.3800961994e-09   -7.8206494206e-04    1.5114920908e-07   -3.4004494680e-05    1.2577737788e-09    4.0112295713e-05    6.0127490245e-10
  13.0200000   -5.3344049371e-03   -3.9702650509e-09   -7.8565142388e-04    1.5106622058e-07   -3.4718568806e-05    1.4461173394e-09    3.9862640296e-05    5.8370681151e-10
  13.0300000   -5.3480995332e-03   -4.4912856272e-09   -7.8924380508e-04    1.5092386893e-07   -3.5440110782e-05    1.6192224820e-09    3.9612498497e-05    5.6574823143e-10
  13.0400000   -5.3617849389e-03   -4.9371885000e-09   -7.9284177271e-04    1.5072089472e-07   -3.6168457367e-05    1.7730846639e-09    3.9361872625e-05    5.4739226689e-10
  13.0500000   -5.3754667312e-03   -5.3048377684e-09   -7.9644506694e-04    1.5045708854e-07   -3.6902847711e-05    1.9039975057e-09    3.9110764935e-05    5.2864476699e-10
  13.0600000   -5.3891506634e-03   -5.5939156393e-09   -8.0005348685e-04    1.5013330911e-07   -3.7642436590e-05    2.0086352972e-09    3.8859177655e-05    5.0950464493e-10
  13.0700000   -5.4028423845e-03   -5.8067166024e-09   -8.0366689432e-04    1.4975153084e-07   -3.8386309102e-05    2.0841359332e-09    3.8607112949e-05    4.8997366803e-10
  13.0800000   -5.4165471683e-03   -5.9478367049e-09   -8.0728521619e-04    1.4931485218e-07   -3.9133496812e-05    2.1281722630e-09    3.8354572900e-05    4.7005519620e-10
  13.0900000   -5.4302696653e-03   -6.0239111012e-09   -8.1090844412e-04    1.4882743701e-07   -3.9882994904e-05    2.1389889635e-09    3.8101559542e-05    4.4974743195e-10
  13.1000000   -5.4440136906e-03   -6.0430925330e-09   -8.1453663266e-04    1.4829444204e-07   -4.0633780087e-05    2.1154735437e-09    3.7848074801e-05    4.2905680793e-10
  13.1100000   -5.4577820586e-03   -6.0147161450e-09   -8.1816989512e-04    1.4772192712e-07   -4.1384828997e-05    2.0571744411e-09    3.7594120532e-05    4.0798570990e-10
  13.1200000   -5.4715764717e-03   -5.9487969140e-09   -8.2180839780e-04    1.4711672379e-07   -4.2135136645e-05    1.9643368878e-09    3.7339698487e-05    3.8653970938e-10
  13.1300000   -5.4853974682e-03   -5.8556443265e-09   -8.2545235246e-04    1.4648629123e-07   -4.2883734648e-05    1.8378890940e-09    3.7084810286e-05    3.6472324584e-10
  13.1400000   -5.4992444307e-03   -5.7454060642e-09   -8.2910200765e-04    1.4583854387e-07   -4.3629708931e-05    1.6794601412e-09    3.6829457454e-05    3.4254016643e-10
  13.1500000   -5.5131156523e-03   -5.6276846665e-09   -8.3275763885e-04    1.4518168252e-07   -4.4372216511e-05    1.4913409791e-09    3.6573641378e-05    3.1999382579e-10
  13.1600000   -5.5270084566e-03   -5.5112169664e-09   -8.3641953828e-04    1.4452402671e-07   -4.5110501149e-05    1.2764439050e-09    3.6317363325e-05    2.9709265527e-10
  13.1700000   -5.5409193625e-03   -5.4035669649e-09   -8.4008800430e-04    1.4387381006e-07   -4.5843907409e-05    1.0382919750e-09    3.6060624398e-05    2.7384246008e-10
  13.1800000   -5.5548442836e-03   -5.3109203446e-09   -8.4376333110e-04    1.4323904370e-07   -4.6571893079e-05    7.8091156084e-10    3.5803425554e-05    2.5025079531e-10
  13.1900000   -5.5687787506e-03   -5.2378256929e-09   -8.4744579889e-04    1.4262734076e-07   -4.7294039472e-05    5.0877853228e-10    3.5545767604e-05    2.2632065786e-10
  13.2000000   -5.5827181437e-03   -5.1871774672e-09   -8.5113566502e-04    1.4204578936e-07   -4.8010059660e-05    2.2673899431e-10    3.5287651166e-05    2.0206716329e-10
  13.2100000   -5.5966579214e-03   -5.1600110366e-09   -8.5483315627e-04    1.4150084291e-07   -4.8719804274e-05   -6.0091430728e-11    3.5029076698e-05    1.7749424079e-10
  13.2200000   -5.6105938342e-03   -5.1555408856e-09   -8.5853846247e-04    1.4099820490e-07   -4.9423264836e-05   -3.4642947957e-10    3.4770044484e-05    1.5260793092e-10
  13.2300000   -5.6245221107e-03   -5.1711552204e-09   -8.6225173168e-04    1.4054280488e-07   -5.0120574522e-05   -6.2692902242e-10    3.4510554618e-05    1.2742039271e-10
  13.2400000   -5.6384396084e-03   -5.2024619648e-09   -8.6597306721e-04    1.4013871909e-07   -5.0812006391e-05   -8.9627448747e-10    3.4250607018e-05    1.0193897481e-10
  13.2500000   -5.6523439209e-03   -5.2433557830e-09   -8.6970252593e-04    1.3978919802e-07   -5.1497968967e-05   -1.1493051706e-09    3.3990201411e-05    7.6175502108e-11
  13.2600000   -5.6662334390e-03   -5.2861556783e-09   -8.7344011857e-04    1.3949665984e-07   -5.2178999370e-05   -1.3811226483e-09    3.3729337333e-05    5.0135712532e-11
