# thinned to dt=0.05 from the every-step stream; the last 1 time units are kept whole (the death window)
#       time              L2_Ham              L2_Mom
   0.0000000    2.2125896694e-03    0.0000000000e+00
   0.0500000    2.5617384529e-03    4.8729600162e-05
   0.1000000    2.5601024668e-03    8.9450969942e-05
   0.1500000    2.5576472948e-03    1.2332044177e-04
   0.2000000    2.5545880040e-03    1.5131418883e-04
   0.2500000    2.5511188932e-03    1.7425561528e-04
   0.3000000    2.5474067706e-03    1.9284055908e-04
   0.3500000    2.5435864186e-03    2.0765900889e-04
   0.4000000    2.5397585620e-03    2.1921441238e-04
   0.4500000    2.5359903548e-03    2.2794055771e-04
   0.5000000    2.5323181967e-03    2.3421534318e-04
   0.5500000    2.5287525436e-03    2.3837263219e-04
   0.6000000    2.5252843203e-03    2.4071158282e-04
   0.6500000    2.5218924153e-03    2.4150313526e-04
   0.7000000    2.5185515807e-03    2.4099486929e-04
   0.7500000    2.5152399667e-03    2.3941299802e-04
   0.8000000    2.5119454176e-03    2.3696338335e-04
   0.8500000    2.5086696972e-03    2.3383276471e-04
   0.9000000    2.5054300911e-03    2.3018750824e-04
   0.9500000    2.5022581753e-03    2.2617227371e-04
   1.0000000    2.4991959716e-03    2.2191026372e-04
   1.0500000    2.4962901790e-03    2.1750351217e-04
   1.1000000    2.4935854961e-03    2.1303345421e-04
   1.1500000    2.4911181037e-03    2.0856236115e-04
   1.2000000    2.4889103601e-03    2.0413597776e-04
   1.2500000    2.4869676002e-03    1.9978651392e-04
   1.3000000    2.4852774332e-03    1.9553551178e-04
   1.3500000    2.4838115142e-03    1.9139687387e-04
   1.4000000    2.4825294513e-03    1.8737971403e-04
   1.4500000    2.4813841221e-03    1.8349065581e-04
   1.5000000    2.4803275596e-03    1.7973523973e-04
   1.5500000    2.4793165439e-03    1.7611862746e-04
   1.6000000    2.4783171254e-03    1.7264580360e-04
   1.6500000    2.4773076280e-03    1.6932104149e-04
   1.7000000    2.4762799502e-03    1.6614692242e-04
   1.7500000    2.4752390497e-03    1.6312346060e-04
   1.8000000    2.4742008017e-03    1.6024723868e-04
   1.8500000    2.4731887187e-03    1.5751061971e-04
   1.9000000    2.4722299187e-03    1.5490161898e-04
   1.9500000    2.4713508079e-03    1.5240429061e-04
   2.0000000    2.4705730250e-03    1.4999943110e-04
   2.0500000    2.4699101439e-03    1.4766591654e-04
   2.1000000    2.4693656149e-03    1.4538235990e-04
   2.1500000    2.4689321430e-03    1.4312870807e-04
   2.2000000    2.4685925575e-03    1.4088776152e-04
   2.2500000    2.4683221917e-03    1.3864646563e-04
   2.3000000    2.4680923816e-03    1.3639684987e-04
   2.3500000    2.4678744223e-03    1.3413649651e-04
   2.4000000    2.4676434571e-03    1.3186843062e-04
   2.4500000    2.4673817351e-03    1.2960060033e-04
   2.5000000    2.4670806586e-03    1.2734506507e-04
   2.5500000    2.4667413642e-03    1.2511684169e-04
   2.6000000    2.4663738535e-03    1.2293257968e-04
   2.6500000    2.4659949084e-03    1.2080933808e-04
   2.7000000    2.4656252256e-03    1.1876348148e-04
   2.7500000    2.4652862700e-03    1.1680973893e-04
   2.8000000    2.4649973699e-03    1.1496056017e-04
   2.8500000    2.4647734527e-03    1.1322579481e-04
   2.9000000    2.4646236769e-03    1.1161269123e-04
   2.9500000    2.4645510377e-03    1.1012610451e-04
   3.0000000    2.4645528095e-03    1.0876879352e-04
   3.0500000    2.4646216679e-03    1.0754181871e-04
   3.1000000    2.4647472121e-03    1.0644495432e-04
   3.1500000    2.4649175618e-03    1.0547694030e-04
   3.2000000    2.4651208779e-03    1.0463559386e-04
   3.2500000    2.4653465833e-03    1.0391789635e-04
   3.3000000    2.4655861403e-03    1.0331997973e-04
   3.3500000    2.4658334327e-03    1.0283692925e-04
   3.4000000    2.4660848028e-03    1.0246255504e-04
   3.4500000    2.4663387803e-03    1.0218928351e-04
   3.5000000    2.4665955990e-03    1.0200810406e-04
   3.5500000    2.4668566590e-03    1.0190852074e-04
   3.6000000    2.4671240110e-03    1.0187860929e-04
   3.6500000    2.4673998898e-03    1.0190521182e-04
   3.7000000    2.4676863548e-03    1.0197420187e-04
   3.7500000    2.4679850638e-03    1.0207080618e-04
   3.8000000    2.4682971758e-03    1.0217998855e-04
   3.8500000    2.4686233393e-03    1.0228686823e-04
   3.9000000    2.4689637364e-03    1.0237713533e-04
   3.9500000    2.4693181937e-03    1.0243742318e-04
   4.0000000    2.4696862898e-03    1.0245564558e-04
   4.0500000    2.4700674303e-03    1.0242131525e-04
   4.1000000    2.4704609358e-03    1.0232578929e-04
   4.1500000    2.4708661259e-03    1.0216241105e-04
   4.2000000    2.4712823719e-03    1.0192658404e-04
   4.2500000    2.4717091186e-03    1.0161579017e-04
   4.3000000    2.4721458878e-03    1.0122955374e-04
   4.3500000    2.4725922698e-03    1.0076936302e-04
   4.4000000    2.4730479074e-03    1.0023853666e-04
   4.4500000    2.4735124881e-03    9.9642030524e-05
   4.5000000    2.4739857468e-03    9.8986207640e-05
   4.5500000    2.4744674760e-03    9.8278583973e-05
   4.6000000    2.4749575137e-03    9.7527552685e-05
   4.6500000    2.4754557162e-03    9.6742092594e-05
   4.7000000    2.4759619316e-03    9.5931468617e-05
   4.7500000    2.4764759987e-03    9.5104940578e-05
   4.8000000    2.4769977606e-03    9.4271500129e-05
   4.8500000    2.4775270685e-03    9.3439641957e-05
   4.9000000    2.4780637843e-03    9.2617160931e-05
   4.9500000    2.4786077701e-03    9.1810977777e-05
   5.0000000    2.4791588756e-03    9.1027018537e-05
   5.0500000    2.4797169371e-03    9.0270163131e-05
   5.1000000    2.4802817858e-03    8.9544243320e-05
   5.1500000    2.4808532591e-03    8.8852061492e-05
   5.2000000    2.4814312054e-03    8.8195430001e-05
   5.2500000    2.4820154746e-03    8.7575255594e-05
   5.3000000    2.4826059075e-03    8.6991673381e-05
   5.3500000    2.4832023381e-03    8.6444189924e-05
   5.4000000    2.4838046058e-03    8.5931799271e-05
   5.4500000    2.4844125663e-03    8.5453086002e-05
   5.5000000    2.4850260884e-03    8.5006336891e-05
   5.5500000    2.4856450466e-03    8.4589650684e-05
   5.6000000    2.4862693146e-03    8.4201032458e-05
   5.6500000    2.4868987603e-03    8.3838468145e-05
   5.7000000    2.4875332470e-03    8.3499980263e-05
   5.7500000    2.4881726385e-03    8.3183675661e-05
   5.8000000    2.4888168050e-03    8.2887780656e-05
   5.8500000    2.4894656276e-03    8.2610654984e-05
   5.9000000    2.4901189910e-03    8.2350801589e-05
   5.9500000    2.4907767701e-03    8.2106881247e-05
   6.0000000    2.4914388272e-03    8.1877718310e-05
   6.0500000    2.4921050224e-03    8.1662291475e-05
   6.1000000    2.4927752289e-03    8.1459716104e-05
   6.1500000    2.4934493336e-03    8.1269226718e-05
   6.2000000    2.4941272209e-03    8.1090165889e-05
   6.2500000    2.4948087642e-03    8.0921979639e-05
   6.3000000    2.4954938390e-03    8.0764211589e-05
   6.3500000    2.4961823298e-03    8.0616487733e-05
   6.4000000    2.4968741149e-03    8.0478496898e-05
   6.4500000    2.4975690596e-03    8.0349977561e-05
   6.5000000    2.4982670338e-03    8.0230710644e-05
   6.5500000    2.4989679218e-03    8.0120512088e-05
   6.6000000    2.4996716039e-03    8.0019224751e-05
   6.6500000    2.5003779427e-03    7.9926712844e-05
   6.7000000    2.5010867995e-03    7.9842859252e-05
   6.7500000    2.5017980551e-03    7.9767560092e-05
   6.8000000    2.5025116029e-03    7.9700714072e-05
   6.8500000    2.5032273305e-03    7.9642216312e-05
   6.9000000    2.5039451179e-03    7.9591962861e-05
   6.9500000    2.5046648390e-03    7.9549855130e-05
   7.0000000    2.5053863575e-03    7.9515792328e-05
   7.0500000    2.5061095324e-03    7.9489656896e-05
   7.1000000    2.5068342385e-03    7.9471306105e-05
   7.1500000    2.5075603749e-03    7.9460576715e-05
   7.2000000    2.5082878443e-03    7.9457298231e-05
   7.2500000    2.5090165249e-03    7.9461299577e-05
   7.3000000    2.5097462599e-03    7.9472397597e-05
   7.3500000    2.5104768821e-03    7.9490376864e-05
   7.4000000    2.5112082566e-03    7.9514985293e-05
   7.4500000    2.5119403002e-03    7.9545954063e-05
   7.5000000    2.5126729471e-03    7.9583018329e-05
   7.5500000    2.5134060916e-03    7.9625910039e-05
   7.6000000    2.5141395733e-03    7.9674326393e-05
   7.6500000    2.5148732157e-03    7.9727911138e-05
   7.7000000    2.5156068727e-03    7.9786276391e-05
   7.7500000    2.5163404519e-03    7.9849045960e-05
   7.8000000    2.5170738992e-03    7.9915874905e-05
   7.8500000    2.5178071421e-03    7.9986428240e-05
   7.9000000    2.5185400435e-03    8.0060347968e-05
   7.9500000    2.5192724255e-03    8.0137246293e-05
   8.0000000    2.5200041354e-03    8.0216731182e-05
   8.0500000    2.5207350809e-03    8.0298436856e-05
   8.1000000    2.5214652093e-03    8.0382028868e-05
   8.1500000    2.5221944607e-03    8.0467183455e-05
   8.2000000    2.5229227257e-03    8.0553571166e-05
   8.2500000    2.5236498427e-03    8.0640867351e-05
   8.3000000    2.5243756500e-03    8.0728775424e-05
   8.3500000    2.5251000464e-03    8.0817033657e-05
   8.4000000    2.5258229879e-03    8.0905401026e-05
   8.4500000    2.5265444212e-03    8.0993644326e-05
   8.5000000    2.5272642247e-03    8.1081544244e-05
   8.5500000    2.5279822213e-03    8.1168912533e-05
   8.6000000    2.5286982534e-03    8.1255598649e-05
   8.6500000    2.5294122346e-03    8.1341477500e-05
   8.7000000    2.5301241190e-03    8.1426432435e-05
   8.7500000    2.5308338274e-03    8.1510351546e-05
   8.8000000    2.5315412129e-03    8.1593138347e-05
   8.8500000    2.5322460958e-03    8.1674722024e-05
   8.9000000    2.5329483275e-03    8.1755054604e-05
   8.9500000    2.5336478236e-03    8.1834098429e-05
   9.0000000    2.5343445420e-03    8.1911818255e-05
   9.0500000    2.5350384270e-03    8.1988184633e-05
   9.1000000    2.5357293686e-03    8.2063180376e-05
   9.1500000    2.5364172083e-03    8.2136800488e-05
   9.2000000    2.5371017836e-03    8.2209046947e-05
   9.2500000    2.5377829727e-03    8.2279925785e-05
   9.3000000    2.5384607013e-03    8.2349448296e-05
   9.3500000    2.5391349051e-03    8.2417632297e-05
   9.4000000    2.5398054805e-03    8.2484501353e-05
   9.4500000    2.5404722757e-03    8.2550083181e-05
   9.5000000    2.5411351316e-03    8.2614407509e-05
   9.5500000    2.5417939277e-03    8.2677501728e-05
   9.6000000    2.5424485853e-03    8.2739385886e-05
   9.6500000    2.5430990313e-03    8.2800073888e-05
   9.7000000    2.5437451654e-03    8.2859582728e-05
   9.7500000    2.5443868606e-03    8.2917940189e-05
   9.8000000    2.5450239829e-03    8.2975181475e-05
   9.8500000    2.5456564087e-03    8.3031338077e-05
   9.9000000    2.5462840283e-03    8.3086430745e-05
   9.9500000    2.5469067400e-03    8.3140473006e-05
  10.0000000    2.5475244430e-03    8.3193480267e-05
  10.0500000    2.5481370347e-03    8.3245473849e-05
  10.1000000    2.5487444169e-03    8.3296476863e-05
  10.1500000    2.5493464985e-03    8.3346510453e-05
  10.2000000    2.5499431887e-03    8.3395596347e-05
  10.2500000    2.5505343817e-03    8.3443760236e-05
  10.3000000    2.5511199451e-03    8.3491029132e-05
  10.3500000    2.5516997255e-03    8.3537424472e-05
  10.4000000    2.5522735769e-03    8.3582957903e-05
  10.4500000    2.5528413915e-03    8.3627634821e-05
  10.5000000    2.5534031021e-03    8.3671464334e-05
  10.5500000    2.5539586502e-03    8.3714466453e-05
  10.6000000    2.5545079513e-03    8.3756669160e-05
  10.6500000    2.5550508830e-03    8.3798099849e-05
  10.7000000    2.5555872966e-03    8.3838779591e-05
  10.7500000    2.5561170410e-03    8.3878723395e-05
  10.8000000    2.5566399868e-03    8.3917945107e-05
  10.8500000    2.5571560408e-03    8.3956462042e-05
  10.9000000    2.5576651341e-03    8.3994295001e-05
  10.9500000    2.5581671899e-03    8.4031464468e-05
  11.0000000    2.5586620976e-03    8.4067986857e-05
  11.0500000    2.5591497174e-03    8.4103875944e-05
  11.1000000    2.5596299082e-03    8.4139150464e-05
  11.1500000    2.5601025517e-03    8.4173840213e-05
  11.2000000    2.5605675513e-03    8.4207982903e-05
  11.2500000    2.5610248115e-03    8.4241613471e-05
  11.3000000    2.5614742242e-03    8.4274755978e-05
  11.3500000    2.5619156709e-03    8.4307426767e-05
  11.4000000    2.5623490295e-03    8.4339646080e-05
  11.4500000    2.5627741768e-03    8.4371445377e-05
  11.5000000    2.5631909958e-03    8.4402862591e-05
  11.5500000    2.5635993813e-03    8.4433932536e-05
  11.6000000    2.5639992291e-03    8.4464684205e-05
  11.6500000    2.5643904209e-03    8.4495146943e-05
  11.7000000    2.5647728334e-03    8.4525358165e-05
  11.7500000    2.5651463533e-03    8.4555361942e-05
  11.8000000    2.5655108682e-03    8.4585197062e-05
  11.8500000    2.5658662523e-03    8.4614889364e-05
  11.9000000    2.5662123742e-03    8.4644459387e-05
  11.9500000    2.5665491126e-03    8.4673936506e-05
  12.0000000    2.5668763556e-03    8.4703362943e-05
  12.0500000    2.5671939935e-03    8.4732783163e-05
  12.1000000    2.5675019129e-03    8.4762231792e-05
  12.1500000    2.5677999925e-03    8.4791734025e-05
  12.2000000    2.5680881080e-03    8.4821315135e-05
  12.2500000    2.5683661395e-03    8.4851005238e-05
  12.3000000    2.5686339672e-03    8.4880836415e-05
  12.3500000    2.5688914616e-03    8.4910841119e-05
  12.4000000    2.5691384864e-03    8.4941053836e-05
  12.4500000    2.5693749087e-03    8.4971509208e-05
  12.5000000    2.5696006049e-03    8.5002237056e-05
  12.5500000    2.5698154585e-03    8.5033262274e-05
  12.6000000    2.5700193536e-03    8.5064610358e-05
  12.6500000    2.5702121669e-03    8.5096311081e-05
  12.7000000    2.5703937645e-03    8.5128396514e-05
  12.7500000    2.5705640060e-03    8.5160897209e-05
  12.8000000    2.5707227514e-03    8.5193841620e-05
  12.8500000    2.5708698683e-03    8.5227257907e-05
  12.9000000    2.5710052336e-03    8.5261173598e-05
  12.9500000    2.5711287253e-03    8.5295614372e-05
  13.0000000    2.5712402090e-03    8.5330606691e-05
  13.0500000    2.5713395311e-03    8.5366181784e-05
  13.1000000    2.5714265306e-03    8.5402375486e-05
  13.1500000    2.5715010582e-03    8.5439225478e-05
  13.2000000    2.5715629863e-03    8.5476769526e-05
  13.2500000    2.5716122024e-03    8.5515044038e-05
  13.3000000    2.5716485895e-03    8.5554083078e-05
  13.3500000    2.5716720064e-03    8.5593919971e-05
  13.4000000    2.5716822844e-03    8.5634590478e-05
  13.4500000    2.5716792491e-03    8.5676134076e-05
  13.5000000    2.5716627517e-03    8.5718592054e-05
  13.5500000    2.5716326751e-03    8.5762004779e-05
  13.6000000    2.5715889063e-03    8.5806411485e-05
  13.6500000    2.5715312995e-03    8.5851852449e-05
  13.7000000    2.5714596687e-03    8.5898369565e-05
  13.7500000    2.5713738211e-03    8.5946003793e-05
  13.8000000    2.5712735965e-03    8.5994793351e-05
  13.8500000    2.5711588738e-03    8.6044776014e-05
  13.9000000    2.5710295370e-03    8.6095993379e-05
  13.9500000    2.5708854371e-03    8.6148492310e-05
  14.0000000    2.5707263914e-03    8.6202321331e-05
  14.0500000    2.5705522158e-03    8.6257524755e-05
  14.1000000    2.5703627540e-03    8.6314139937e-05
  14.1500000    2.5701578708e-03    8.6372199339e-05
  14.2000000    2.5699374213e-03    8.6431735427e-05
  14.2500000    2.5697012287e-03    8.6492784033e-05
  14.3000000    2.5694490960e-03    8.6555383285e-05
  14.3500000    2.5691808340e-03    8.6619571615e-05
  14.4000000    2.5688962789e-03    8.6685387196e-05
  14.4500000    2.5685952814e-03    8.6752865806e-05
  14.5000000    2.5682776870e-03    8.6822038434e-05
  14.5500000    2.5679433268e-03    8.6892932455e-05
  14.6000000    2.5675920252e-03    8.6965574977e-05
  14.6500000    2.5672236071e-03    8.7039995498e-05
  14.7000000    2.5668378949e-03    8.7116226670e-05
  14.7500000    2.5664346982e-03    8.7194302246e-05
  14.8000000    2.5660138101e-03    8.7274252491e-05
  14.8500000    2.5655750208e-03    8.7356100832e-05
  14.9000000    2.5651181364e-03    8.7439866246e-05
  14.9500000    2.5646429850e-03    8.7525567714e-05
  15.0000000    2.5641494015e-03    8.7613224777e-05
  15.0500000    2.5636372061e-03    8.7702857432e-05
  15.1000000    2.5631062002e-03    8.7794488029e-05
  15.1500000    2.5625561838e-03    8.7888141744e-05
  15.2000000    2.5619869715e-03    8.7983846131e-05
  15.2500000    2.5613983809e-03    8.8081629986e-05
  15.3000000    2.5607902010e-03    8.8181518986e-05
  15.3500000    2.5601621734e-03    8.8283533184e-05
  15.4000000    2.5595140229e-03    8.8387692370e-05
  15.4500000    2.5588455263e-03    8.8494023536e-05
  15.5000000    2.5581565550e-03    8.8602560890e-05
  15.5500000    2.5574470302e-03    8.8713338851e-05
  15.6000000    2.5567168187e-03    8.8826386680e-05
  15.6500000    2.5559656684e-03    8.8941728607e-05
  15.7000000    2.5551932551e-03    8.9059385690e-05
  15.7500000    2.5543992935e-03    8.9179377367e-05
  15.8000000    2.5535835885e-03    8.9301722393e-05
  15.8500000    2.5527459699e-03    8.9426437576e-05
  15.9000000    2.5518862004e-03    8.9553538091e-05
  15.9500000    2.5510039841e-03    8.9683042283e-05
  16.0000000    2.5500990744e-03    8.9814975350e-05
  16.0500000    2.5491713299e-03    8.9949371108e-05
  16.1000000    2.5482206085e-03    9.0086273342e-05
  16.1500000    2.5472466062e-03    9.0225729849e-05
  16.2000000    2.5462488603e-03    9.0367780528e-05
  16.2500000    2.5452269658e-03    9.0512452694e-05
  16.3000000    2.5441807652e-03    9.0659765642e-05
  16.3500000    2.5431102647e-03    9.0809734846e-05
  16.4000000    2.5420153463e-03    9.0962372404e-05
  16.4500000    2.5408956220e-03    9.1117687955e-05
  16.5000000    2.5397506183e-03    9.1275692071e-05
  16.5500000    2.5385800658e-03    9.1436399132e-05
  16.6000000    2.5373839227e-03    9.1599827605e-05
  16.6500000    2.5361621033e-03    9.1765998137e-05
  16.7000000    2.5349142761e-03    9.1934930005e-05
  16.7500000    2.5336400041e-03    9.2106641437e-05
  16.8000000    2.5323390303e-03    9.2281157295e-05
  16.8500000    2.5310112985e-03    9.2458511966e-05
  16.9000000    2.5296566548e-03    9.2638738903e-05
  16.9500000    2.5282746320e-03    9.2821858701e-05
  17.0000000    2.5268646378e-03    9.3007873330e-05
  17.0500000    2.5254263311e-03    9.3196765146e-05
  17.1000000    2.5239596957e-03    9.3388507654e-05
  17.1500000    2.5224647024e-03    9.3583082596e-05
  17.2000000    2.5209409909e-03    9.3780484342e-05
  17.2500000    2.5193879736e-03    9.3980715783e-05
  17.3000000    2.5178052039e-03    9.4183786662e-05
  17.3500000    2.5161925138e-03    9.4389706890e-05
  17.4000000    2.5145497600e-03    9.4598477121e-05
  17.4500000    2.5128765489e-03    9.4810087057e-05
  17.5000000    2.5111723283e-03    9.5024518536e-05
  17.5500000    2.5094367195e-03    9.5241752873e-05
  17.6000000    2.5076696326e-03    9.5461781738e-05
  17.6500000    2.5058710108e-03    9.5684609290e-05
  17.7000000    2.5040405516e-03    9.5910246004e-05
  17.7500000    2.5021777772e-03    9.6138706900e-05
  17.8000000    2.5002823340e-03    9.6370010583e-05
  17.8500000    2.4983540858e-03    9.6604169641e-05
  17.9000000    2.4963928608e-03    9.6841179501e-05
  17.9500000    2.4943982004e-03    9.7081016870e-05
  18.0000000    2.4923694708e-03    9.7323649417e-05
  18.0500000    2.4903062143e-03    9.7569052111e-05
  18.1000000    2.4882083001e-03    9.7817218809e-05
  18.1500000    2.4860756986e-03    9.8068161223e-05
  18.2000000    2.4839081730e-03    9.8321901029e-05
  18.2500000    2.4817052349e-03    9.8578460347e-05
  18.3000000    2.4794663360e-03    9.8837849737e-05
  18.3500000    2.4771910157e-03    9.9100057863e-05
  18.4000000    2.4748788725e-03    9.9365054611e-05
  18.4500000    2.4725295016e-03    9.9632813126e-05
  18.5000000    2.4701425412e-03    9.9903333062e-05
  18.5500000    2.4677177549e-03    1.0017664533e-04
  18.6000000    2.4652549913e-03    1.0045280073e-04
  18.6500000    2.4627540267e-03    1.0073184907e-04
  18.7000000    2.4602144581e-03    1.0101381934e-04
  18.7500000    2.4576357557e-03    1.0129871663e-04
  18.8000000    2.4550174111e-03    1.0158653091e-04
  18.8500000    2.4523590396e-03    1.0187724706e-04
  18.9000000    2.4496603681e-03    1.0217085708e-04
  18.9500000    2.4469211523e-03    1.0246736677e-04
  19.0000000    2.4441410978e-03    1.0276679253e-04
  19.0500000    2.4413198287e-03    1.0306915780e-04
  19.1000000    2.4384569051e-03    1.0337448901e-04
  19.1500000    2.4355518685e-03    1.0368280758e-04
  19.2000000    2.4326042884e-03    1.0399412281e-04
  19.2500000    2.4296137883e-03    1.0430842994e-04
  19.3000000    2.4265800449e-03    1.0462571862e-04
  19.3500000    2.4235027611e-03    1.0494598960e-04
  19.4000000    2.4203816249e-03    1.0526926207e-04
  19.4500000    2.4172162711e-03    1.0559556461e-04
  19.5000000    2.4140062695e-03    1.0592492343e-04
  19.5500000    2.4107511564e-03    1.0625735693e-04
  19.6000000    2.4074504985e-03    1.0659287601e-04
  19.6500000    2.4041039415e-03    1.0693149045e-04
  19.7000000    2.4007111991e-03    1.0727321372e-04
  19.7500000    2.3972719874e-03    1.0761806369e-04
  19.8000000    2.3937859623e-03    1.0796606712e-04
  19.8500000    2.3902527092e-03    1.0831726198e-04
  19.9000000    2.3866717881e-03    1.0867168790e-04
  19.9500000    2.3830427919e-03    1.0902937555e-04
  20.0000000    2.3793653755e-03    1.0939034546e-04
  20.0500000    2.3756392423e-03    1.0975461723e-04
  20.1000000    2.3718641066e-03    1.1012222438e-04
  20.1500000    2.3680396546e-03    1.1049321888e-04
  20.2000000    2.3641655209e-03    1.1086765785e-04
  20.2500000    2.3602412896e-03    1.1124558888e-04
  20.3000000    2.3562665287e-03    1.1162704370e-04
  20.3500000    2.3522408540e-03    1.1201203948e-04
  20.4000000    2.3481639852e-03    1.1240059294e-04
  20.4500000    2.3440357383e-03    1.1279273624e-04
  20.5000000    2.3398559361e-03    1.1318852007e-04
  20.5500000    2.3356242980e-03    1.1358801056e-04
  20.6000000    2.3313404061e-03    1.1399128018e-04
  20.6500000    2.3270037863e-03    1.1439839327e-04
  20.7000000    2.3226140420e-03    1.1480940237e-04
  20.7500000    2.3181709302e-03    1.1522435406e-04
  20.8000000    2.3136743227e-03    1.1564329824e-04
  20.8500000    2.3091240945e-03    1.1606629970e-04
  20.9000000    2.3045200341e-03    1.1649343480e-04
  20.9500000    2.2998618355e-03    1.1692477717e-04
  21.0000000    2.2951491564e-03    1.1736039426e-04
  21.0500000    2.2903816861e-03    1.1780034673e-04
  21.1000000    2.2855591803e-03    1.1824469023e-04
  21.1500000    2.2806814586e-03    1.1869349315e-04
  21.2000000    2.2757483880e-03    1.1914684642e-04
  21.2500000    2.2707598661e-03    1.1960485393e-04
  21.3000000    2.2657157985e-03    1.2006762540e-04
  21.3500000    2.2606160653e-03    1.2053526614e-04
  21.4000000    2.2554604927e-03    1.2100786776e-04
  21.4500000    2.2502488561e-03    1.2148552046e-04
  21.5000000    2.2449809335e-03    1.2196832387e-04
  21.5500000    2.2396565812e-03    1.2245638420e-04
  21.6000000    2.2342757778e-03    1.2294981682e-04
  21.6500000    2.2288386015e-03    1.2344874146e-04
  21.7000000    2.2233451540e-03    1.2395327042e-04
  21.7500000    2.2177954797e-03    1.2446351457e-04
  21.8000000    2.2121895302e-03    1.2497959096e-04
  21.8500000    2.2065271967e-03    1.2550162100e-04
  21.9000000    2.2008083888e-03    1.2602973282e-04
  21.9500000    2.1950331210e-03    1.2656405597e-04
  22.0000000    2.1892015542e-03    1.2710471188e-04
  22.0500000    2.1833139604e-03    1.2765181617e-04
  22.1000000    2.1773706262e-03    1.2820547974e-04
  22.1500000    2.1713717494e-03    1.2876581324e-04
  22.2000000    2.1653174064e-03    1.2933293678e-04
  22.2500000    2.1592076286e-03    1.2990697504e-04
  22.3000000    2.1530425427e-03    1.3048805244e-04
  22.3500000    2.1468224704e-03    1.3107629379e-04
  22.4000000    2.1405479085e-03    1.3167181205e-04
  22.4500000    2.1342193972e-03    1.3227471010e-04
  22.5000000    2.1278373724e-03    1.3288510007e-04
  22.5500000    2.1214021205e-03    1.3350310135e-04
  22.6000000    2.1149138648e-03    1.3412883509e-04
  22.6500000    2.1083729166e-03    1.3476242799e-04
  22.7000000    2.1017797796e-03    1.3540399630e-04
  22.7500000    2.0951351340e-03    1.3605363375e-04
  22.8000000    2.0884397227e-03    1.3671142476e-04
  22.8500000    2.0816942341e-03    1.3737745392e-04
  22.9000000    2.0748992592e-03    1.3805181181e-04
  22.9500000    2.0680553445e-03    1.3873460031e-04
  23.0000000    2.0611630946e-03    1.3942592235e-04
  23.0500000    2.0542232448e-03    1.4012587080e-04
  23.1000000    2.0472366596e-03    1.4083452208e-04
  23.1500000    2.0402042699e-03    1.4155193327e-04
  23.2000000    2.0331270011e-03    1.4227815812e-04
  23.2500000    2.0260057412e-03    1.4301326187e-04
  23.3000000    2.0188413679e-03    1.4375731627e-04
  23.3500000    2.0116348053e-03    1.4451039295e-04
  23.4000000    2.0043870749e-03    1.4527255044e-04
  23.4500000    1.9970993138e-03    1.4604381774e-04
  23.5000000    1.9897727444e-03    1.4682419945e-04
  23.5500000    1.9824086228e-03    1.4761368873e-04
  23.6000000    1.9750082030e-03    1.4841227651e-04
  23.6500000    1.9675727349e-03    1.4921996037e-04
  23.7000000    1.9601034969e-03    1.5003673313e-04
  23.7500000    1.9526018380e-03    1.5086256765e-04
  23.8000000    1.9450691967e-03    1.5169742326e-04
  23.8500000    1.9375070976e-03    1.5254124920e-04
  23.9000000    1.9299171325e-03    1.5339399590e-04
  23.9500000    1.9223009276e-03    1.5425564117e-04
  24.0000000    1.9146601113e-03    1.5512618376e-04
  24.0500000    1.9069963005e-03    1.5600561731e-04
  24.1000000    1.8993111162e-03    1.5689391483e-04
  24.1500000    1.8916062300e-03    1.5779100049e-04
  24.2000000    1.8838834041e-03    1.5869673196e-04
  24.2500000    1.8761444779e-03    1.5961091361e-04
  24.3000000    1.8683913109e-03    1.6053329462e-04
  24.3500000    1.8606257326e-03    1.6146355531e-04
  24.4000000    1.8528495453e-03    1.6240130911e-04
  24.4500000    1.8450645775e-03    1.6334609980e-04
  24.5000000    1.8372727298e-03    1.6429739956e-04
  24.5500000    1.8294759610e-03    1.6525462745e-04
  24.6000000    1.8216762337e-03    1.6621717735e-04
  24.6500000    1.8138754729e-03    1.6718445149e-04
  24.7000000    1.8060755749e-03    1.6815588751e-04
  24.7500000    1.7982784483e-03    1.6913097152e-04
  24.8000000    1.7904860408e-03    1.7010926038e-04
  24.8500000    1.7827003373e-03    1.7109039551e-04
  24.9000000    1.7749233493e-03    1.7207409023e-04
  24.9500000    1.7671571143e-03    1.7306012861e-04
  25.0000000    1.7594037123e-03    1.7404836258e-04
  25.0500000    1.7516652899e-03    1.7503866557e-04
  25.1000000    1.7439440799e-03    1.7603087691e-04
  25.1500000    1.7362424100e-03    1.7702476831e-04
  25.2000000    1.7285627148e-03    1.7802001422e-04
  25.2500000    1.7209075563e-03    1.7901616859e-04
  25.3000000    1.7132796382e-03    1.8001266478e-04
  25.3500000    1.7056817951e-03    1.8100882708e-04
  25.4000000    1.6981169566e-03    1.8200387927e-04
  25.4500000    1.6905881013e-03    1.8299695212e-04
  25.5000000    1.6830982171e-03    1.8398709274e-04
  25.5500000    1.6756502848e-03    1.8497327916e-04
  25.6000000    1.6682472904e-03    1.8595444416e-04
  25.6500000    1.6608922458e-03    1.8692950030e-04
  25.7000000    1.6535881820e-03    1.8789736117e-04
  25.7500000    1.6463381089e-03    1.8885696680e-04
  25.8000000    1.6391449548e-03    1.8980730860e-04
  25.8500000    1.6320115233e-03    1.9074743729e-04
  25.9000000    1.6249404865e-03    1.9167645597e-04
  25.9500000    1.6179344011e-03    1.9259351643e-04
  26.0000000    1.6109957299e-03    1.9349781595e-04
  26.0500000    1.6041268650e-03    1.9438858099e-04
  26.1000000    1.5973301388e-03    1.9526505479e-04
  26.1500000    1.5906078084e-03    1.9612650362e-04
  26.2000000    1.5839620228e-03    1.9697222534e-04
  26.2500000    1.5773947860e-03    1.9780154892e-04
  26.3000000    1.5709079366e-03    1.9861383085e-04
  26.3500000    1.5645031564e-03    1.9940844937e-04
  26.4000000    1.5581819948e-03    2.0018478571e-04
  26.4500000    1.5519458865e-03    2.0094219729e-04
  26.5000000    1.5457961440e-03    2.0168001630e-04
  26.5500000    1.5397339367e-03    2.0239757052e-04
  26.6000000    1.5337602738e-03    2.0309419381e-04
  26.6500000    1.5278759940e-03    2.0376923922e-04
  26.7000000    1.5220817636e-03    2.0442209516e-04
  26.7500000    1.5163780878e-03    2.0505217354e-04
  26.8000000    1.5107653213e-03    2.0565889217e-04
  26.8500000    1.5052436722e-03    2.0624167232e-04
  26.9000000    1.4998132091e-03    2.0679993657e-04
  26.9500000    1.4944738645e-03    2.0733312055e-04
  27.0000000    1.4892254234e-03    2.0784069158e-04
  27.0500000    1.4840675068e-03    2.0832215129e-04
  27.1000000    1.4789995626e-03    2.0877704799e-04
  27.1500000    1.4740208832e-03    2.0920499179e-04
  27.2000000    1.4691306475e-03    2.0960564457e-04
  27.2500000    1.4643279464e-03    2.0997872230e-04
  27.3000000    1.4596117897e-03    2.1032401173e-04
  27.3500000    1.4549811209e-03    2.1064136282e-04
  27.4000000    1.4504348116e-03    2.1093069252e-04
  27.4500000    1.4459716347e-03    2.1119200925e-04
  27.5000000    1.4415902702e-03    2.1142540618e-04
  27.5500000    1.4372893337e-03    2.1163104728e-04
  27.6000000    1.4330673930e-03    2.1180918079e-04
  27.6500000    1.4289230036e-03    2.1196014430e-04
  27.7000000    1.4248547440e-03    2.1208435440e-04
  27.7500000    1.4208611989e-03    2.1218230824e-04
  27.8000000    1.4169409341e-03    2.1225459409e-04
  27.8500000    1.4130925123e-03    2.1230190387e-04
  27.9000000    1.4093145087e-03    2.1232504383e-04
  27.9500000    1.4056055167e-03    2.1232493588e-04
  28.0000000    1.4019641624e-03    2.1230262001e-04
  28.0500000    1.3983891017e-03    2.1225925483e-04
  28.1000000    1.3948790044e-03    2.1219609812e-04
  28.1500000    1.3914325633e-03    2.1211449464e-04
  28.2000000    1.3880485157e-03    2.1201588947e-04
  28.2500000    1.3847256552e-03    2.1190183419e-04
  28.3000000    1.3814628485e-03    2.1177398909e-04
  28.3500000    1.3782590437e-03    2.1163413483e-04
  28.4000000    1.3751132446e-03    2.1148416559e-04
  28.4500000    1.3720244715e-03    2.1132607079e-04
  28.5000000    1.3689917466e-03    2.1116192951e-04
  28.5500000    1.3660141121e-03    2.1099389897e-04
  28.6000000    1.3630906710e-03    2.1082420498e-04
  28.6500000    1.3602206269e-03    2.1065516120e-04
  28.7000000    1.3574032889e-03    2.1048916893e-04
  28.7500000    1.3546380384e-03    2.1032867715e-04
  28.8000000    1.3519242931e-03    2.1017617943e-04
  28.8500000    1.3492614926e-03    2.1003421391e-04
  28.9000000    1.3466490962e-03    2.0990528848e-04
  28.9500000    1.3440865858e-03    2.0979184864e-04
  29.0000000    1.3415734993e-03    2.0969632926e-04
  29.0500000    1.3391094714e-03    2.0962115086e-04
  29.1000000    1.3366942309e-03    2.0956868728e-04
  29.1500000    1.3343275650e-03    2.0954127453e-04
  29.2000000    1.3320092817e-03    2.0954117245e-04
  29.2500000    1.3297391978e-03    2.0957047326e-04
  29.3000000    1.3275171547e-03    2.0963105020e-04
  29.3500000    1.3253430005e-03    2.0972454929e-04
  29.4000000    1.3232165667e-03    2.0985238327e-04
  29.4500000    1.3211377369e-03    2.1001573424e-04
  29.5000000    1.3191064990e-03    2.1021558116e-04
  29.5500000    1.3171228717e-03    2.1045272791e-04
  29.6000000    1.3151868810e-03    2.1072776647e-04
  29.6500000    1.3132986083e-03    2.1104098510e-04
  29.7000000    1.3114581148e-03    2.1139234093e-04
  29.7500000    1.3096653633e-03    2.1178146880e-04
  29.8000000    1.3079202999e-03    2.1220761917e-04
  29.8500000    1.3062228904e-03    2.1266965875e-04
  29.9000000    1.3045730567e-03    2.1316617799e-04
  29.9500000    1.3029707190e-03    2.1369548082e-04
  30.0000000    1.3014158590e-03    2.1425548673e-04
  30.0500000    1.2999084206e-03    2.1484375696e-04
  30.1000000    1.2984482225e-03    2.1545754483e-04
  30.1500000    1.2970350440e-03    2.1609376130e-04
  30.2000000    1.2956686661e-03    2.1674903089e-04
  30.2500000    1.2943487648e-03    2.1741983134e-04
  30.3000000    1.2930749380e-03    2.1810248529e-04
  30.3500000    1.2918468242e-03    2.1879308146e-04
  30.4000000    1.2906640001e-03    2.1948751113e-04
  30.4500000    1.2895258827e-03    2.2018148001e-04
  30.5000000    1.2884318656e-03    2.2087045190e-04
  30.5500000    1.2873813125e-03    2.2154975286e-04
  30.6000000    1.2863734432e-03    2.2221475285e-04
  30.6500000    1.2854074861e-03    2.2286088495e-04
  30.7000000    1.2844827280e-03    2.2348365934e-04
  30.7500000    1.2835982819e-03    2.2407875448e-04
  30.8000000    1.2827531386e-03    2.2464197577e-04
  30.8500000    1.2819463407e-03    2.2516921066e-04
  30.9000000    1.2811767873e-03    2.2565655547e-04
  30.9500000    1.2804431947e-03    2.2610038973e-04
  31.0000000    1.2797444154e-03    2.2649739310e-04
  31.0500000    1.2790793812e-03    2.2684465948e-04
  31.1000000    1.2784468359e-03    2.2713972228e-04
  31.1500000    1.2778455267e-03    2.2738048304e-04
  31.2000000    1.2772743125e-03    2.2756525743e-04
  31.2500000    1.2767318573e-03    2.2769283037e-04
  31.3000000    1.2762167124e-03    2.2776243895e-04
  31.3500000    1.2757276449e-03    2.2777382712e-04
  31.4000000    1.2752634287e-03    2.2772729891e-04
  31.4500000    1.2748226961e-03    2.2762364421e-04
  31.5000000    1.2744042563e-03    2.2746407645e-04
  31.5500000    1.2740070402e-03    2.2725026651e-04
  31.6000000    1.2736298260e-03    2.2698435958e-04
  31.6500000    1.2732714996e-03    2.2666897972e-04
  31.7000000    1.2729312133e-03    2.2630730627e-04
  31.7500000    1.2726080941e-03    2.2590310083e-04
  31.8000000    1.2723013000e-03    2.2546058817e-04
  31.8500000    1.2720102171e-03    2.2498436454e-04
  31.9000000    1.2717342161e-03    2.2447936458e-04
  31.9500000    1.2714726021e-03    2.2395075860e-04
  32.0000000    1.2712248887e-03    2.2340392264e-04
  32.0500000    1.2709907242e-03    2.2284448821e-04
  32.1000000    1.2707697794e-03    2.2227823770e-04
  32.1500000    1.2705619311e-03    2.2171098430e-04
  32.2000000    1.2703672045e-03    2.2114853348e-04
  32.2500000    1.2701855839e-03    2.2059652234e-04
  32.3000000    1.2700171350e-03    2.2006030763e-04
  32.3500000    1.2698620347e-03    2.1954502004e-04
  32.4000000    1.2697204218e-03    2.1905545384e-04
  32.4500000    1.2695925234e-03    2.1859589891e-04
  32.5000000    1.2694787470e-03    2.1817017225e-04
  32.5500000    1.2693794719e-03    2.1778152488e-04
  32.6000000    1.2692950660e-03    2.1743246398e-04
  32.6500000    1.2692260402e-03    2.1712482735e-04
  32.7000000    1.2691728550e-03    2.1685976470e-04
  32.7500000    1.2691358233e-03    2.1663756697e-04
  32.8000000    1.2691153540e-03    2.1645772464e-04
  32.8500000    1.2691119033e-03    2.1631895361e-04
  32.9000000    1.2691257425e-03    2.1621911435e-04
  32.9500000    1.2691571064e-03    2.1615532560e-04
  33.0000000    1.2692062881e-03    2.1612402482e-04
  33.0500000    1.2692734178e-03    2.1612093496e-04
  33.1000000    1.2693585278e-03    2.1614119421e-04
  33.1500000    1.2694617217e-03    2.1617947296e-04
  33.2000000    1.2695829923e-03    2.1623004618e-04
  33.2500000    1.2697222053e-03    2.1628692282e-04
  33.3000000    1.2698792701e-03    2.1634392335e-04
  33.3500000    1.2700539678e-03    2.1639477901e-04
  33.4000000    1.2702458819e-03    2.1643326855e-04
  33.4500000    1.2704546336e-03    2.1645330752e-04
  33.5000000    1.2706798032e-03    2.1644909527e-04
  33.5500000    1.2709207992e-03    2.1641525995e-04
  33.6000000    1.2711770545e-03    2.1634691474e-04
  33.6500000    1.2714480100e-03    2.1623973572e-04
  33.7000000    1.2717329396e-03    2.1609003766e-04
  33.7500000    1.2720310819e-03    2.1589481674e-04
  33.8000000    1.2723416961e-03    2.1565180132e-04
  33.8500000    1.2726639120e-03    2.1535947711e-04
  33.9000000    1.2729968168e-03    2.1501709801e-04
  33.9500000    1.2733395556e-03    2.1462468300e-04
  34.0000000    1.2736912031e-03    2.1418301673e-04
  34.0500000    1.2740508004e-03    2.1369367366e-04
  34.1000000    1.2744175011e-03    2.1315897983e-04
  34.1500000    1.2747905149e-03    2.1258197858e-04
  34.2000000    1.2751691199e-03    2.1196643169e-04
  34.2500000    1.2755527777e-03    2.1131672412e-04
  34.3000000    1.2759410461e-03    2.1063777178e-04
  34.3500000    1.2763335113e-03    2.0993497774e-04
  34.4000000    1.2767298639e-03    2.0921415040e-04
  34.4500000    1.2771298664e-03    2.0848141723e-04
  34.5000000    1.2775333206e-03    2.0774306604e-04
  34.5500000    1.2779401244e-03    2.0700539823e-04
  34.6000000    1.2783502758e-03    2.0627467203e-04
  34.6500000    1.2787638875e-03    2.0555692713e-04
  34.7000000    1.2791812053e-03    2.0485785328e-04
  34.7500000    1.2796025692e-03    2.0418274879e-04
  34.8000000    1.2800284161e-03    2.0353628426e-04
  34.8500000    1.2804592592e-03    2.0292237241e-04
  34.9000000    1.2808956394e-03    2.0234420668e-04
  34.9500000    1.2813381144e-03    2.0180413141e-04
  35.0000000    1.2817871863e-03    2.0130358466e-04
  35.0500000    1.2822432490e-03    2.0084313289e-04
  35.1000000    1.2827066146e-03    2.0042238390e-04
  35.1500000    1.2831774880e-03    2.0003998029e-04
  35.2000000    1.2836559628e-03    1.9969368268e-04
  35.2500000    1.2841420655e-03    1.9938046602e-04
  35.3000000    1.2846357600e-03    1.9909661477e-04
  35.3500000    1.2851369523e-03    1.9883777139e-04
  35.4000000    1.2856454413e-03    1.9859908836e-04
  35.4500000    1.2861608698e-03    1.9837537528e-04
  35.5000000    1.2866827693e-03    1.9816119800e-04
  35.5500000    1.2872105303e-03    1.9795113501e-04
  35.6000000    1.2877433423e-03    1.9773994075e-04
  35.6500000    1.2882802332e-03    1.9752261296e-04
  35.7000000    1.2888201000e-03    1.9729455010e-04
  35.7500000    1.2893617457e-03    1.9705160220e-04
  35.8000000    1.2899039188e-03    1.9679023997e-04
  35.8500000    1.2904453114e-03    1.9650778738e-04
  35.9000000    1.2909846392e-03    1.9620234482e-04
  35.9500000    1.2915207117e-03    1.9587285355e-04
  36.0000000    1.2920524014e-03    1.9551922616e-04
  36.0500000    1.2925786404e-03    1.9514217509e-04
  36.1000000    1.2930983913e-03    1.9474328412e-04
  36.1500000    1.2936106120e-03    1.9432511404e-04
  36.2000000    1.2941143205e-03    1.9389093483e-04
  36.2500000    1.2946086188e-03    1.9344466323e-04
  36.3000000    1.2950926950e-03    1.9299086406e-04
  36.3500000    1.2955658978e-03    1.9253452076e-04
  36.4000000    1.2960277553e-03    1.9208098130e-04
  36.4500000    1.2964779434e-03    1.9163585505e-04
  36.5000000    1.2969162682e-03    1.9120474741e-04
  36.5500000    1.2973426633e-03    1.9079316314e-04
  36.6000000    1.2977572467e-03    1.9040629686e-04
  36.6500000    1.2981603075e-03    1.9004878487e-04
  36.7000000    1.2985521855e-03    1.8972473965e-04
  36.7500000    1.2989332558e-03    1.8943764106e-04
  36.8000000    1.2993039744e-03    1.8919007680e-04
  36.8500000    1.2996648634e-03    1.8898370082e-04
  36.9000000    1.3000164996e-03    1.8881920348e-04
  36.9500000    1.3003594840e-03    1.8869625831e-04
  37.0000000    1.3006944083e-03    1.8861359105e-04
  37.0500000    1.3010218755e-03    1.8856902061e-04
  37.1000000    1.3013424845e-03    1.8855949631e-04
  37.1500000    1.3016567855e-03    1.8858121557e-04
  37.2000000    1.3019652749e-03    1.8862974103e-04
  37.2500000    1.3022683820e-03    1.8870015233e-04
  37.3000000    1.3025664618e-03    1.8878725502e-04
  37.3500000    1.3028598033e-03    1.8888575769e-04
  37.4000000    1.3031485857e-03    1.8899041212e-04
  37.4500000    1.3034328441e-03    1.8909618004e-04
  37.5000000    1.3037125344e-03    1.8919839946e-04
  37.5500000    1.3039875983e-03    1.8929290740e-04
  37.6000000    1.3042579124e-03    1.8937621976e-04
  37.6500000    1.3045232320e-03    1.8944572060e-04
  37.7000000    1.3047832644e-03    1.8949965343e-04
  37.7500000    1.3050377566e-03    1.8953707279e-04
  37.8000000    1.3052864614e-03    1.8955795759e-04
  37.8500000    1.3055290692e-03    1.8956328100e-04
  37.9000000    1.3057652042e-03    1.8955492635e-04
  37.9500000    1.3059945018e-03    1.8953555420e-04
  38.0000000    1.3062167040e-03    1.8950846554e-04
  38.0500000    1.3064316450e-03    1.8947752664e-04
  38.1000000    1.3066391796e-03    1.8944709460e-04
  38.1500000    1.3068392281e-03    1.8942181360e-04
  38.2000000    1.3070318824e-03    1.8940641706e-04
  38.2500000    1.3072174033e-03    1.8940559305e-04
  38.3000000    1.3073961211e-03    1.8942378430e-04
  38.3500000    1.3075683646e-03    1.8946501920e-04
  38.4000000    1.3077344893e-03    1.8953283670e-04
  38.4500000    1.3078949274e-03    1.8963018811e-04
  38.5000000    1.3080501391e-03    1.8975934371e-04
  38.5500000    1.3082005512e-03    1.8992181080e-04
  38.6000000    1.3083466251e-03    1.9011822478e-04
  38.6500000    1.3084889275e-03    1.9034836956e-04
  38.7000000    1.3086280559e-03    1.9061133009e-04
  38.7500000    1.3087645617e-03    1.9090550327e-04
  38.8000000    1.3088990095e-03    1.9122847892e-04
  38.8500000    1.3090320244e-03    1.9157710899e-04
  38.9000000    1.3091641921e-03    1.9194778816e-04
  38.9500000    1.3092959282e-03    1.9233665321e-04
  39.0000000    1.3094274628e-03    1.9273959676e-04
  39.0500000    1.3095589272e-03    1.9315226001e-04
  39.1000000    1.3096903997e-03    1.9357016358e-04
  39.1500000    1.3098218333e-03    1.9398898761e-04
  39.2000000    1.3099530035e-03    1.9440482017e-04
  39.2500000    1.3100836251e-03    1.9481417463e-04
  39.3000000    1.3102135011e-03    1.9521388670e-04
  39.3500000    1.3103424832e-03    1.9560118338e-04
  39.4000000    1.3104703049e-03    1.9597393843e-04
  39.4500000    1.3105965337e-03    1.9633084305e-04
  39.5000000    1.3107207003e-03    1.9667134438e-04
  39.5500000    1.3108423978e-03    1.9699550148e-04
  39.6000000    1.3109611911e-03    1.9730397622e-04
  39.6500000    1.3110764998e-03    1.9759815121e-04
  39.7000000    1.3111876925e-03    1.9788015694e-04
  39.7500000    1.3112942703e-03    1.9815270716e-04
  39.8000000    1.3113958820e-03    1.9841890410e-04
  39.8500000    1.3114922510e-03    1.9868214951e-04
  39.9000000    1.3115832139e-03    1.9894608438e-04
  39.9500000    1.3116687810e-03    1.9921447082e-04
  40.0000000    1.3117490539e-03    1.9949105782e-04
  40.0500000    1.3118241072e-03    1.9977945685e-04
  40.1000000    1.3118940209e-03    2.0008298546e-04
  40.1500000    1.3119589843e-03    2.0040452262e-04
  40.2000000    1.3120192448e-03    2.0074647448e-04
  40.2500000    1.3120749542e-03    2.0111075089e-04
  40.3000000    1.3121261962e-03    2.0149856964e-04
  40.3500000    1.3121731704e-03    2.0191026561e-04
  40.4000000    1.3122161893e-03    2.0234544776e-04
  40.4500000    1.3122554983e-03    2.0280331323e-04
  40.5000000    1.3122912846e-03    2.0328258563e-04
  40.5500000    1.3123238599e-03    2.0378115029e-04
  40.6000000    1.3123536251e-03    2.0429604605e-04
  40.6500000    1.3123808116e-03    2.0482398516e-04
  40.7000000    1.3124054235e-03    2.0536177785e-04
  40.7500000    1.3124274885e-03    2.0590621060e-04
  40.8000000    1.3124472042e-03    2.0645374836e-04
  40.8500000    1.3124647601e-03    2.0700062228e-04
  40.9000000    1.3124801764e-03    2.0754324924e-04
  40.9500000    1.3124934365e-03    2.0807854081e-04
  41.0000000    1.3125046413e-03    2.0860394045e-04
  41.0500000    1.3125139173e-03    2.0911732849e-04
  41.1000000    1.3125213131e-03    2.0961691550e-04
  41.1100000    1.3125225713e-03    2.0971504126e-04
  41.1200000    1.3125237581e-03    2.0981254578e-04
  41.1300000    1.3125248751e-03    2.0990942067e-04
  41.1400000    1.3125259237e-03    2.1000565873e-04
  41.1500000    1.3125269056e-03    2.1010125413e-04
  41.1600000    1.3125278224e-03    2.1019620245e-04
  41.1700000    1.3125286754e-03    2.1029050084e-04
  41.1800000    1.3125294657e-03    2.1038414802e-04
  41.1900000    1.3125301942e-03    2.1047714429e-04
  41.2000000    1.3125308610e-03    2.1056949156e-04
  41.2100000    1.3125314662e-03    2.1066119321e-04
  41.2200000    1.3125320091e-03    2.1075225402e-04
  41.2300000    1.3125324885e-03    2.1084268002e-04
  41.2400000    1.3125329032e-03    2.1093247828e-04
  41.2500000    1.3125332514e-03    2.1102165677e-04
  41.2600000    1.3125335311e-03    2.1111022414e-04
  41.2700000    1.3125337406e-03    2.1119818955e-04
  41.2800000    1.3125338780e-03    2.1128556250e-04
  41.2900000    1.3125339416e-03    2.1137235271e-04
  41.3000000    1.3125339301e-03    2.1145857005e-04
  41.3100000    1.3125338427e-03    2.1154422446e-04
  41.3200000    1.3125336789e-03    2.1162932600e-04
  41.3300000    1.3125334387e-03    2.1171388487e-04
  41.3400000    1.3125331224e-03    2.1179791157e-04
  41.3500000    1.3125327307e-03    2.1188141698e-04
  41.3600000    1.3125322647e-03    2.1196441254e-04
  41.3700000    1.3125317255e-03    2.1204691043e-04
  41.3800000    1.3125311141e-03    2.1212892372e-04
  41.3900000    1.3125304317e-03    2.1221046653e-04
  41.4000000    1.3125296788e-03    2.1229155417e-04
  41.4100000    1.3125288561e-03    2.1237220319e-04
  41.4200000    1.3125279634e-03    2.1245243141e-04
  41.4300000    1.3125270005e-03    2.1253225793e-04
  41.4400000    1.3125259663e-03    2.1261170304e-04
  41.4500000    1.3125248597e-03    2.1269078812e-04
  41.4600000    1.3125236790e-03    2.1276953543e-04
  41.4700000    1.3125224224e-03    2.1284796799e-04
  41.4800000    1.3125210879e-03    2.1292610930e-04
  41.4900000    1.3125196736e-03    2.1300398316e-04
  41.5000000    1.3125181776e-03    2.1308161345e-04
  41.5100000    1.3125165983e-03    2.1315902391e-04
  41.5200000    1.3125149344e-03    2.1323623805e-04
  41.5300000    1.3125131852e-03    2.1331327894e-04
  41.5400000    1.3125113503e-03    2.1339016921e-04
  41.5500000    1.3125094298e-03    2.1346693098e-04
  41.5600000    1.3125074242e-03    2.1354358588e-04
  41.5700000    1.3125053344e-03    2.1362015514e-04
  41.5800000    1.3125031617e-03    2.1369665964e-04
  41.5900000    1.3125009072e-03    2.1377312007e-04
  41.6000000    1.3124985727e-03    2.1384955703e-04
  41.6100000    1.3124961594e-03    2.1392599117e-04
  41.6200000    1.3124936686e-03    2.1400244332e-04
  41.6300000    1.3124911015e-03    2.1407893457e-04
  41.6400000    1.3124884589e-03    2.1415548635e-04
  41.6500000    1.3124857412e-03    2.1423212045e-04
  41.6600000    1.3124829486e-03    2.1430885901e-04
  41.6700000    1.3124800811e-03    2.1438572446e-04
  41.6800000    1.3124771384e-03    2.1446273944e-04
  41.6900000    1.3124741198e-03    2.1453992664e-04
  41.7000000    1.3124710249e-03    2.1461730866e-04
  41.7100000    1.3124678532e-03    2.1469490781e-04
  41.7200000    1.3124646041e-03    2.1477274594e-04
  41.7300000    1.3124612776e-03    2.1485084425e-04
  41.7400000    1.3124578735e-03    2.1492922306e-04
  41.7500000    1.3124543924e-03    2.1500790175e-04
  41.7600000    1.3124508348e-03    2.1508689855e-04
  41.7700000    1.3124472020e-03    2.1516623048e-04
  41.7800000    1.3124434953e-03    2.1524591334e-04
  41.7900000    1.3124397164e-03    2.1532596163e-04
  41.8000000    1.3124358672e-03    2.1540638867e-04
  41.8100000    1.3124319500e-03    2.1548720662e-04
  41.8200000    1.3124279668e-03    2.1556842661e-04
  41.8300000    1.3124239197e-03    2.1565005887e-04
  41.8400000    1.3124198109e-03    2.1573211289e-04
  41.8500000    1.3124156422e-03    2.1581459755e-04
  41.8600000    1.3124114151e-03    2.1589752131e-04
  41.8700000    1.3124071312e-03    2.1598089232e-04
  41.8800000    1.3124027913e-03    2.1606471852e-04
  41.8900000    1.3123983963e-03    2.1614900776e-04
  41.9000000    1.3123939465e-03    2.1623376782e-04
  41.9100000    1.3123894422e-03    2.1631900638e-04
  41.9200000    1.3123848835e-03    2.1640473104e-04
  41.9300000    1.3123802704e-03    2.1649094918e-04
  41.9400000    1.3123756026e-03    2.1657766782e-04
  41.9500000    1.3123708804e-03    2.1666489353e-04
  41.9600000    1.3123661039e-03    2.1675263215e-04
  41.9700000    1.3123612735e-03    2.1684088868e-04
  41.9800000    1.3123563900e-03    2.1692966698e-04
  41.9900000    1.3123514547e-03    2.1701896967e-04
  42.0000000    1.3123464692e-03    2.1710879787e-04
  42.0100000    1.3123414354e-03    2.1719915111e-04
  42.0200000    1.3123363560e-03    2.1729002723e-04
  42.0300000    1.3123312337e-03    2.1738142230e-04
  42.0400000    1.3123260718e-03    2.1747333066e-04
  42.0500000    1.3123208738e-03    2.1756574498e-04
  42.0600000    1.3123156432e-03    2.1765865637e-04
  42.0700000    1.3123103839e-03    2.1775205460e-04
  42.0800000    1.3123050995e-03    2.1784592827e-04
  42.0900000    1.3122997933e-03    2.1794026509e-04
  42.1000000    1.3122944687e-03    2.1803505216e-04
  42.1100000    1.3122891284e-03    2.1813027624e-04
