  50.0100000    2.0077784815e-02    9.4540737774e-03   -6.3911625128e-03    1.1701207855e-02   -1.9498891736e-02    4.0393852717e-03   -1.7737051169e-02    3.0871276127e-04
  50.0200000    2.0113779962e-02    9.4341635354e-03   -6.3530382289e-03    1.1707654910e-02   -1.9492134052e-02    4.0510204745e-03   -1.7747678631e-02    3.1541732911e-04
  50.0300000    2.0149432253e-02    9.4143840750e-03   -6.3149013511e-03    1.1714027592e-02   -1.9485371100e-02    4.0626949027e-03   -1.7758239616e-02    3.2212404634e-04
  50.0400000    2.0184758324e-02    9.3947096307e-03   -6.2767499182e-03    1.1720326118e-02   -1.9478602138e-02    4.0744011668e-03   -1.7768727155e-02    3.2882956278e-04
  50.0500000    2.0219778991e-02    9.3751126951e-03   -6.2385820852e-03    1.1726551712e-02   -1.9471825902e-02    4.0861313809e-03   -1.7779135320e-02    3.3553090481e-04
  50.0600000    2.0254518460e-02    9.3555646793e-03   -6.2003960552e-03    1.1732706502e-02   -1.9465040634e-02    4.0978772758e-03   -1.7789459193e-02    3.4222546845e-04
  50.0700000    2.0289003466e-02    9.3360365804e-03   -6.1621900149e-03    1.1738793409e-02   -1.9458244126e-02    4.1096303210e-03   -1.7799694828e-02    3.4891101088e-04
  50.0800000    2.0323262388e-02    9.3164996382e-03   -6.1239620692e-03    1.1744816015e-02   -1.9451433762e-02    4.1213818492e-03   -1.7809839207e-02    3.5558564030e-04
  50.0900000    2.0354547320e-02    9.2950084779e-03   -6.0857756751e-03    1.1750789815e-02   -1.9444606571e-02    4.1331231857e-03   -1.7819890197e-02    3.6224780461e-04
  50.1000000    2.0388870638e-02    9.2740636434e-03   -6.0476331379e-03    1.1756959972e-02   -1.9437759278e-02    4.1448457767e-03   -1.7829846499e-02    3.6889627889e-04
  50.1100000    2.0423276639e-02    9.2528677947e-03   -6.0094627978e-03    1.1763065909e-02   -1.9430888362e-02    4.1565413180e-03   -1.7839707600e-02    3.7553015200e-04
  50.1200000    2.0457772040e-02    9.2314246058e-03   -5.9712582309e-03    1.1769105875e-02   -1.9423990114e-02    4.1682018792e-03   -1.7849473720e-02    3.8214881225e-04
  50.1300000    2.0492361089e-02    9.2097410540e-03   -5.9330131648e-03    1.1775078759e-02   -1.9417060696e-02    4.1798200235e-03   -1.7859145759e-02    3.8875193252e-04
  50.1400000    2.0527045652e-02    9.1878273108e-03   -5.8947215381e-03    1.1780984109e-02   -1.9410096201e-02    4.1913889199e-03   -1.7868725245e-02    3.9533945473e-04
  50.1500000    2.0561825328e-02    9.1656965679e-03   -5.8563775567e-03    1.1786822135e-02   -1.9403092711e-02    4.2029024468e-03   -1.7878214277e-02    4.0191157382e-04
  50.1600000    2.0596697593e-02    9.1433648065e-03   -5.8179757445e-03    1.1792593710e-02   -1.9396046356e-02    4.2143552847e-03   -1.7887615473e-02    4.0846872147e-04
  50.1700000    2.0631657957e-02    9.1208505109e-03   -5.7795109892e-03    1.1798300356e-02   -1.9388953363e-02    4.2257429975e-03   -1.7896931918e-02    4.1501154944e-04
  50.1800000    2.0666700138e-02    9.0981743311e-03   -5.7409785836e-03    1.1803944218e-02   -1.9381810113e-02    4.2370620997e-03   -1.7906167109e-02    4.2154091276e-04
  50.1900000    2.0701816241e-02    9.0753587000e-03   -5.7023742598e-03    1.1809528031e-02   -1.9374613181e-02    4.2483101104e-03   -1.7915324904e-02    4.2805785279e-04
  50.2000000    2.0736996949e-02    9.0524274128e-03   -5.6636942198e-03    1.1815055076e-02   -1.9367359383e-02    4.2594855910e-03   -1.7924409471e-02    4.3456358018e-04
  50.2100000    2.0772231707e-02    9.0294051746e-03   -5.6249351591e-03    1.1820529127e-02   -1.9360045808e-02    4.2705881684e-03   -1.7933425241e-02    4.4105945786e-04
  50.2200000    2.0807508922e-02    9.0063171254e-03   -5.5860942859e-03    1.1825954396e-02   -1.9352669851e-02    4.2816185406e-03   -1.7942376857e-02    4.4754698411e-04
  50.2300000    2.0842816141e-02    8.9831883535e-03   -5.5471693342e-03    1.1831335461e-02   -1.9345229237e-02    4.2925784681e-03   -1.7951269134e-02    4.5402777570e-04
  50.2400000    2.0878140247e-02    8.9600434052e-03   -5.5081585723e-03    1.1836677194e-02   -1.9337722037e-02    4.3034707474e-03   -1.7960107008e-02    4.6050355124e-04
  50.2500000    2.0913467637e-02    8.9369058024e-03   -5.4690608060e-03    1.1841984689e-02   -1.9330146681e-02    4.3142991708e-03   -1.7968895500e-02    4.6697611478e-04
  50.2600000    2.0948784402e-02    8.9137975802e-03   -5.4298753772e-03    1.1847263180e-02   -1.9322501963e-02    4.3250684697e-03   -1.7977639674e-02    4.7344733961e-04
  50.2700000    2.0984076504e-02    8.8907388516e-03   -5.3906021578e-03    1.1852517955e-02   -1.9314787040e-02    4.3357842456e-03   -1.7986344601e-02    4.7991915254e-04
  50.2800000    2.1019329939e-02    8.8677474142e-03   -5.3512415400e-03    1.1857754279e-02   -1.9307001422e-02    4.3464528866e-03   -1.7995015321e-02    4.8639351841e-04
  50.2900000    2.1054530908e-02    8.8448384041e-03   -5.3117944218e-03    1.1862977310e-02   -1.9299144962e-02    4.3570814741e-03   -1.8003656815e-02    4.9287242523e-04
  50.3000000    2.1089665964e-02    8.8220240083e-03   -5.2722621895e-03    1.1868192017e-02   -1.9291217834e-02    4.3676776783e-03   -1.8012273970e-02    4.9935786966e-04
  50.3100000    2.1124722166e-02    8.7993132423e-03   -5.2326466971e-03    1.1873403104e-02   -1.9283220512e-02    4.3782496458e-03   -1.8020871554e-02    5.0585184316e-04
  50.3200000    2.1159687218e-02    8.7767117978e-03   -5.1929502416e-03    1.1878614937e-02   -1.9275153742e-02    4.3888058806e-03   -1.8029454189e-02    5.1235631870e-04
  50.3300000    2.1194549596e-02    8.7542219657e-03   -5.1531755370e-03    1.1883831474e-02   -1.9267018509e-02    4.3993551206e-03   -1.8038026331e-02    5.1887323816e-04
  50.3400000    2.1229298669e-02    8.7318426359e-03   -5.1133256849e-03    1.1889056206e-02   -1.9258816003e-02    4.4099062105e-03   -1.8046592243e-02    5.2540450040e-04
  50.3500000    2.1263924803e-02    8.7095693747e-03   -5.0734041431e-03    1.1894292102e-02   -1.9250547585e-02    4.4204679748e-03   -1.8055155983e-02    5.3195195017e-04
  50.3600000    2.1298419454e-02    8.6873945775e-03   -5.0334146931e-03    1.1899541557e-02   -1.9242214745e-02    4.4310490912e-03   -1.8063721385e-02    5.3851736773e-04
  50.3700000    2.1332775243e-02    8.6653076930e-03   -4.9933614049e-03    1.1904806361e-02   -1.9233819066e-02    4.4416579671e-03   -1.8072292048e-02    5.4510245939e-04
  50.3800000    2.1366986017e-02    8.6432955149e-03   -4.9532486012e-03    1.1910087666e-02   -1.9225362186e-02    4.4523026216e-03   -1.8080871318e-02    5.5170884891e-04
  50.3900000    2.1401046890e-02    8.6213425311e-03   -4.9130808205e-03    1.1915385963e-02   -1.9216845759e-02    4.4629905725e-03   -1.8089462288e-02    5.5833806978e-04
  50.4000000    2.1434954271e-02    8.5994313239e-03   -4.8728627792e-03    1.1920701079e-02   -1.9208271422e-02    4.4737287336e-03   -1.8098067784e-02    5.6499155854e-04
  50.4100000    2.1468705867e-02    8.5775430104e-03   -4.8325993331e-03    1.1926032169e-02   -1.9199640757e-02    4.4845233199e-03   -1.8106690361e-02    5.7167064894e-04
  50.4200000    2.1502300673e-02    8.5556577120e-03   -4.7922954383e-03    1.1931377728e-02   -1.9190955264e-02    4.4953797652e-03   -1.8115332304e-02    5.7837656715e-04
  50.4300000    2.1535738940e-02    8.5337550412e-03   -4.7519561129e-03    1.1936735609e-02   -1.9182216335e-02    4.5063026510e-03   -1.8123995621e-02    5.8511042799e-04
  50.4400000    2.1569022132e-02    8.5118145939e-03   -4.7115863975e-03    1.1942103051e-02   -1.9173425226e-02    4.5172956491e-03   -1.8132682048e-02    5.9187323203e-04
  50.4500000    2.1602152862e-02    8.4898164358e-03   -4.6711913169e-03    1.1947476714e-02   -1.9164583043e-02    4.5283614780e-03   -1.8141393048e-02    5.9866586381e-04
  50.4600000    2.1635134814e-02    8.4677415704e-03   -4.6307758421e-03    1.1952852724e-02   -1.9155690727e-02    4.5395018735e-03   -1.8150129816e-02    6.0548909086e-04
  50.4700000    2.1667972662e-02    8.4455723776e-03   -4.5903448528e-03    1.1958226721e-02   -1.9146749043e-02    4.5507175745e-03   -1.8158893286e-02    6.1234356384e-04
  50.4800000    2.1700671965e-02    8.4232930140e-03   -4.5499031011e-03    1.1963593923e-02   -1.9137758577e-02    4.5620083229e-03   -1.8167684134e-02    6.1922981746e-04
  50.4900000    2.1733239072e-02    8.4008897638e-03   -4.5094551763e-03    1.1968949183e-02   -1.9128719737e-02    4.5733728787e-03   -1.8176502786e-02    6.2614827229e-04
  50.5000000    2.1765681004e-02    8.3783513349e-03   -4.4690054711e-03    1.1974287062e-02   -1.9119632758e-02    4.5848090493e-03   -1.8185349430e-02    6.3309923744e-04
  50.5100000    2.1798005353e-02    8.3556690917e-03   -4.4285581492e-03    1.1979601901e-02   -1.9110497710e-02    4.5963137316e-03   -1.8194224023e-02    6.4008291399e-04
  50.5200000    2.1830220167e-02    8.3328372220e-03   -4.3881171153e-03    1.1984887893e-02   -1.9101314515e-02    4.6078829682e-03   -1.8203126300e-02    6.4709939910e-04
  50.5300000    2.1862333844e-02    8.3098528330e-03   -4.3476859864e-03    1.1990139161e-02   -1.9092082965e-02    4.6195120142e-03   -1.8212055790e-02    6.5414869085e-04
  50.5400000    2.1894355029e-02    8.2867159772e-03   -4.3072680657e-03    1.1995349839e-02   -1.9082802742e-02    4.6311954157e-03   -1.8221011822e-02    6.6123069354e-04
  50.5500000    2.1926292517e-02    8.2634296058e-03   -4.2668663190e-03    1.2000514142e-02   -1.9073473442e-02    4.6429270964e-03   -1.8229993542e-02    6.6834522363e-04
  50.5600000    2.1958155162e-02    8.2399994545e-03   -4.2264833539e-03    1.2005626448e-02   -1.9064094605e-02    4.6547004537e-03   -1.8238999923e-02    6.7549201596e-04
  50.5700000    2.1989951794e-02    8.2164338621e-03   -4.1861214010e-03    1.2010681369e-02   -1.9054665738e-02    4.6665084596e-03   -1.8248029779e-02    6.8267073048e-04
  50.5800000    2.2021691146e-02    8.1927435300e-03   -4.1457822991e-03    1.2015673817e-02   -1.9045186350e-02    4.6783437676e-03   -1.8257081776e-02    6.8988095904e-04
  50.5900000    2.2053381780e-02    8.1689412255e-03   -4.1054674831e-03    1.2020599075e-02   -1.9035655977e-02    4.6901988219e-03   -1.8266154448e-02    6.9712223257e-04
  50.6000000    2.2085032025e-02    8.1450414395e-03   -4.0651779747e-03    1.2025452855e-02   -1.9026074214e-02    4.7020659683e-03   -1.8275246208e-02    7.0439402821e-04
  50.6100000    2.2116649923e-02    8.1210600040e-03   -4.0249143775e-03    1.2030231351e-02   -1.9016440743e-02    4.7139375649e-03   -1.8284355362e-02    7.1169577645e-04
  50.6200000    2.2148243167e-02    8.0970136822e-03   -3.9846768745e-03    1.2034931290e-02   -1.9006755358e-02    4.7258060908e-03   -1.8293480118e-02    7.1902686834e-04
  50.6300000    2.2179819056e-02    8.0729197373e-03   -3.9444652298e-03    1.2039549969e-02   -1.8997017988e-02    4.7376642511e-03   -1.8302618604e-02    7.2638666239e-04
  50.6400000    2.2211384435e-02    8.0487954937e-03   -3.9042787934e-03    1.2044085290e-02   -1.8987228723e-02    4.7495050770e-03   -1.8311768876e-02    7.3377449135e-04
  50.6500000    2.2242945647e-02    8.0246578997e-03   -3.8641165098e-03    1.2048535788e-02   -1.8977387826e-02    4.7613220196e-03   -1.8320928930e-02    7.4118966867e-04
  50.6600000    2.2274508476e-02    8.0005231023e-03   -3.8239769300e-03    1.2052900644e-02   -1.8967495750e-02    4.7731090351e-03   -1.8330096712e-02    7.4863149465e-04
  50.6700000    2.2306078087e-02    7.9764060452e-03   -3.7838582270e-03    1.2057179694e-02   -1.8957553149e-02    4.7848606620e-03   -1.8339270132e-02    7.5609926213e-04
  50.6800000    2.2337658968e-02    7.9523200996e-03   -3.7437582141e-03    1.2061373433e-02   -1.8947560878e-02    4.7965720879e-03   -1.8348447071e-02    7.6359226177e-04
  50.6900000    2.2369254860e-02    7.9282767366e-03   -3.7036743671e-03    1.2065483005e-02   -1.8937519999e-02    4.8082392048e-03   -1.8357625388e-02    7.7110978684e-04
  50.7000000    2.2400868696e-02    7.9042852506e-03   -3.6636038489e-03    1.2069510185e-02   -1.8927431772e-02    4.8198586541e-03   -1.8366802934e-02    7.7865113746e-04
  50.7100000    2.2432502531e-02    7.8803525392e-03   -3.6235435374e-03    1.2073457358e-02   -1.8917297649e-02    4.8314278586e-03   -1.8375977556e-02    7.8621562432e-04
  50.7200000    2.2464157475e-02    7.8564829462e-03   -3.5834900552e-03    1.2077327489e-02   -1.8907119259e-02    4.8429450425e-03   -1.8385147105e-02    7.9380257178e-04
  50.7300000    2.2495833630e-02    7.8326781710e-03   -3.5434398025e-03    1.2081124081e-02   -1.8896898387e-02    4.8544092396e-03   -1.8394309442e-02    8.0141132050e-04
  50.7400000    2.2527530033e-02    7.8089372479e-03   -3.5033889912e-03    1.2084851133e-02   -1.8886636957e-02    4.8658202876e-03   -1.8403462447e-02    8.0904122939e-04
  50.7500000    2.2559244606e-02    7.7852565931e-03   -3.4633336810e-03    1.2088513089e-02   -1.8876337000e-02    4.8771788123e-03   -1.8412604020e-02    8.1669167706e-04
  50.7600000    2.2590974126e-02    7.7616301215e-03   -3.4232698171e-03    1.2092114782e-02   -1.8866000623e-02    4.8884861992e-03   -1.8421732089e-02    8.2436206270e-04
  50.7700000    2.2622714199e-02    7.7380494259e-03   -3.3831932682e-03    1.2095661375e-02   -1.8855629984e-02    4.8997445537e-03   -1.8430844612e-02    8.3205180646e-04
  50.7800000    2.2654459265e-02    7.7145040173e-03   -3.3430998660e-03    1.2099158295e-02   -1.8845227245e-02    4.9109566524e-03   -1.8439939582e-02    8.3976034930e-04
  50.7900000    2.2686202613e-02    7.6909816156e-03   -3.3029854442e-03    1.2102611172e-02   -1.8834794545e-02    4.9221258844e-03   -1.8449015030e-02    8.4748715245e-04
  50.8000000    2.2717936433e-02    7.6674684860e-03   -3.2628458776e-03    1.2106025765e-02   -1.8824333954e-02    4.9332561845e-03   -1.8458069024e-02    8.5523169641e-04
  50.8100000    2.2749651881e-02    7.6439498086e-03   -3.2226771212e-03    1.2109407894e-02   -1.8813847437e-02    4.9443519595e-03   -1.8467099676e-02    8.6299347962e-04
  50.8200000    2.2781339179e-02    7.6204100720e-03   -3.1824752476e-03    1.2112763373e-02   -1.8803336816e-02    4.9554180095e-03   -1.8476105143e-02    8.7077201678e-04
  50.8300000    2.2812987738e-02    7.5968334803e-03   -3.1422364837e-03    1.2116097938e-02   -1.8792803729e-02    4.9664594434e-03   -1.8485083623e-02    8.7856683699e-04
  50.8400000    2.2844586305e-02    7.5732043604e-03   -3.1019572457e-03    1.2119417182e-02   -1.8782249596e-02    4.9774815932e-03   -1.8494033361e-02    8.8637748164e-04
  50.8500000    2.2876123139e-02    7.5495075599e-03   -3.0616341723e-03    1.2122726485e-02   -1.8771675583e-02    4.9884899255e-03   -1.8502952649e-02    8.9420350215e-04
  50.8600000    2.2907586202e-02    7.5257288246e-03   -3.0212641549e-03    1.2126030958e-02   -1.8761082572e-02    4.9994899533e-03   -1.8511839826e-02    9.0204445770e-04
  50.8700000    2.2938963368e-02    7.5018551442e-03   -2.9808443667e-03    1.2129335379e-02   -1.8750471129e-02    5.0104871496e-03   -1.8520693274e-02    9.0989991287e-04
  50.8800000    2.2970242646e-02    7.4778750599e-03   -2.9403722872e-03    1.2132644140e-02   -1.8739841486e-02    5.0214868629e-03   -1.8529511424e-02    9.1776943538e-04
  50.8900000    2.3001412407e-02    7.4537789241e-03   -2.8998457252e-03    1.2135961201e-02   -1.8729193515e-02    5.0324942371e-03   -1.8538292754e-02    9.2565259386e-04
  50.9000000    2.3032461614e-02    7.4295591081e-03   -2.8592628375e-03    1.2139290039e-02   -1.8718526715e-02    5.0435141368e-03   -1.8547035786e-02    9.3354895579e-04
  50.9100000    2.3063380045e-02    7.4052101525e-03   -2.8186221446e-03    1.2142633616e-02   -1.8707840204e-02    5.0545510787e-03   -1.8555739088e-02    9.4145808566e-04
  50.9200000    2.3094158505e-02    7.3807288591e-03   -2.7779225423e-03    1.2145994348e-02   -1.8697132709e-02    5.0656091703e-03   -1.8564401273e-02    9.4937954328e-04
  50.9300000    2.3124789015e-02    7.3561143236e-03   -2.7371633104e-03    1.2149374073e-02   -1.8686402572e-02    5.0766920569e-03   -1.8573021000e-02    9.5731288245e-04
  50.9400000    2.3155264988e-02    7.3313679103e-03   -2.6963441165e-03    1.2152774040e-02   -1.8675647755e-02    5.0878028781e-03   -1.8581596969e-02    9.6525764984e-04
  50.9500000    2.3185581360e-02    7.3064931716e-03   -2.6554650172e-03    1.2156194896e-02   -1.8664865848e-02    5.0989442329e-03   -1.8590127927e-02    9.7321338426e-04
  50.9600000    2.3215734704e-02    7.2814957176e-03   -2.6145264539e-03    1.2159636679e-02   -1.8654054092e-02    5.1101181553e-03   -1.8598612662e-02    9.8117961621e-04
  50.9700000    2.3245723288e-02    7.2563830404e-03   -2.5735292464e-03    1.2163098824e-02   -1.8643209399e-02    5.1213261006e-03   -1.8607050007e-02    9.8915586783e-04
  50.9800000    2.3275547110e-02    7.2311643007e-03   -2.5324745817e-03    1.2166580174e-02   -1.8632328379e-02    5.1325689407e-03   -1.8615438835e-02    9.9714165316e-04
  50.9900000    2.3305207878e-02    7.2058500827e-03   -2.4913639993e-03    1.2170078992e-02   -1.8621407375e-02    5.1438469714e-03   -1.8623778064e-02    1.0051364788e-03
  51.0000000    2.3334708957e-02    7.1804521262e-03   -2.4501993732e-03    1.2173592988e-02   -1.8610442499e-02    5.1551599276e-03   -1.8632066653e-02    1.0131398447e-03
  51.0100000    2.3364055271e-02    7.1549830421e-03   -2.4089828910e-03    1.2177119349e-02   -1.8599429675e-02    5.1665070099e-03   -1.8640303604e-02    1.0211512459e-03
  51.0200000    2.3393253168e-02    7.1294560202e-03   -2.3677170289e-03    1.2180654769e-02   -1.8588364681e-02    5.1778869186e-03   -1.8648487961e-02    1.0291701735e-03
  51.0300000    2.3422310256e-02    7.1038845353e-03   -2.3264045249e-03    1.2184195497e-02   -1.8577243200e-02    5.1892978967e-03   -1.8656618810e-02    1.0371961170e-03
  51.0400000    2.3451235204e-02    7.0782820582e-03   -2.2850483487e-03    1.2187737373e-02   -1.8566060868e-02    5.2007377805e-03   -1.8664695281e-02    1.0452285663e-03
  51.0500000    2.3480037524e-02    7.0526617778e-03   -2.2436516698e-03    1.2191275887e-02   -1.8554813328e-02    5.2122040551e-03   -1.8672716543e-02    1.0532670140e-03
  51.0600000    2.3508727339e-02    7.0270363391e-03   -2.2022178236e-03    1.2194806225e-02   -1.8543496283e-02    5.2236939169e-03   -1.8680681812e-02    1.0613109577e-03
  51.0700000    2.3537315139e-02    7.0014176009e-03   -2.1607502760e-03    1.2198323328e-02   -1.8532105551e-02    5.2352043386e-03   -1.8688590344e-02    1.0693599031e-03
  51.0800000    2.3565811540e-02    6.9758164166e-03   -2.1192525862e-03    1.2201821949e-02   -1.8520637117e-02    5.2467321382e-03   -1.8696441441e-02    1.0774133661e-03
  51.0900000    2.3594227046e-02    6.9502424414e-03   -2.0777283702e-03    1.2205296715e-02   -1.8509087188e-02    5.2582740486e-03   -1.8704234445e-02    1.0854708759e-03
  51.1000000    2.3622571829e-02    6.9247039661e-03   -2.0361812621e-03    1.2208742186e-02   -1.8497452245e-02    5.2698267880e-03   -1.8711968743e-02    1.0935319777e-03
  51.1100000    2.3650855530e-02    6.8992077813e-03   -1.9946148767e-03    1.2212152919e-02   -1.8485729092e-02    5.2813871288e-03   -1.8719643768e-02    1.1015962352e-03
  51.1200000    2.3679087086e-02    6.8737590696e-03   -1.9530327725e-03    1.2215523526e-02   -1.8473914903e-02    5.2929519643e-03   -1.8727258993e-02    1.1096632333e-03
  51.1300000    2.3707274585e-02    6.8483613302e-03   -1.9114384149e-03    1.2218848734e-02   -1.8462007267e-02    5.3045183718e-03   -1.8734813936e-02    1.1177325803e-03
  51.1400000    2.3735425170e-02    6.8230163318e-03   -1.8698351411e-03    1.2222123446e-02   -1.8450004228e-02    5.3160836712e-03   -1.8742308160e-02    1.1258039105e-03
  51.1500000    2.3763544964e-02    6.7977240977e-03   -1.8282261269e-03    1.2225342794e-02   -1.8437904317e-02    5.3276454765e-03   -1.8749741269e-02    1.1338768855e-03
  51.1600000    2.3791639053e-02    6.7724829205e-03   -1.7866143556e-03    1.2228502194e-02   -1.8425706588e-02    5.3392017424e-03   -1.8757112912e-02    1.1419511966e-03
  51.1700000    2.3819711491e-02    6.7472894072e-03   -1.7450025885e-03    1.2231597393e-02   -1.8413410639e-02    5.3507508013e-03   -1.8764422779e-02    1.1500265661e-03
  51.1800000    2.3847765353e-02    6.7221385543e-03   -1.7033933397e-03    1.2234624515e-02   -1.8401016632e-02    5.3622913933e-03   -1.8771670604e-02    1.1581027479e-03
  51.1900000    2.3875802819e-02    6.6970238520e-03   -1.6617888528e-03    1.2237580105e-02   -1.8388525308e-02    5.3738226866e-03   -1.8778856161e-02    1.1661795288e-03
  51.2000000    2.3903825284e-02    6.6719374173e-03   -1.6201910817e-03    1.2240461160e-02   -1.8375937989e-02    5.3853442881e-03   -1.8785979264e-02    1.1742567288e-03
  51.2100000    2.3931833495e-02    6.6468701545e-03   -1.5786016745e-03    1.2243265162e-02   -1.8363256584e-02    5.3968562461e-03   -1.8793039769e-02    1.1823342011e-03
  51.2200000    2.3959827699e-02    6.6218119416e-03   -1.5370219624e-03    1.2245990103e-02   -1.8350483576e-02    5.4083590411e-03   -1.8800037568e-02    1.1904118316e-03
  51.2300000    2.3987807805e-02    6.5967518408e-03   -1.4954529508e-03    1.2248634506e-02   -1.8337622009e-02    5.4198535692e-03   -1.8806972591e-02    1.1984895388e-03
  51.2400000    2.4015773546e-02    6.5716783297e-03   -1.4538953167e-03    1.2251197435e-02   -1.8324675470e-02    5.4313411154e-03   -1.8813844805e-02    1.2065672722e-03
  51.2500000    2.4043724627e-02    6.5465795513e-03   -1.4123494083e-03    1.2253678503e-02   -1.8311648054e-02    5.4428233180e-03   -1.8820654208e-02    1.2146450111e-03
  51.2600000    2.4071660866e-02    6.5214435760e-03   -1.3708152505e-03    1.2256077876e-02   -1.8298544334e-02    5.4543021260e-03   -1.8827400835e-02    1.2227227632e-03
  51.2700000    2.4099582312e-02    6.4962586735e-03   -1.3292925527e-03    1.2258396264e-02   -1.8285369319e-02    5.4657797485e-03   -1.8834084747e-02    1.2308005623e-03
  51.2800000    2.4127489330e-02    6.4710135867e-03   -1.2877807226e-03    1.2260634912e-02   -1.8272128400e-02    5.4772585987e-03   -1.8840706038e-02    1.2388784663e-03
  51.2900000    2.4155382659e-02    6.4456978024e-03   -1.2462788818e-03    1.2262795582e-02   -1.8258827299e-02    5.4887412317e-03   -1.8847264827e-02    1.2469565547e-03
  51.3000000    2.4183263428e-02    6.4203018114e-03   -1.2047858866e-03    1.2264880533e-02   -1.8245472010e-02    5.5002302801e-03   -1.8853761258e-02    1.2550349256e-03
  51.3100000    2.4211133133e-02    6.3948173509e-03   -1.1633003509e-03    1.2266892486e-02   -1.8232068730e-02    5.5117283854e-03   -1.8860195496e-02    1.2631136934e-03
  51.3200000    2.4238993581e-02    6.3692376226e-03   -1.1218206728e-03    1.2268834599e-02   -1.8218623790e-02    5.5232381294e-03   -1.8866567730e-02    1.2711929858e-03
  51.3300000    2.4266846787e-02    6.3435574774e-03   -1.0803450627e-03    1.2270710423e-02   -1.8205143583e-02    5.5347619649e-03   -1.8872878162e-02    1.2792729401e-03
  51.3400000    2.4294694838e-02    6.3177735627e-03   -1.0388715747e-03    1.2272523861e-02   -1.8191634485e-02    5.5463021488e-03   -1.8879127015e-02    1.2873537012e-03
  51.3500000    2.4322539727e-02    6.2918844240e-03   -9.9739813828e-04    1.2274279124e-02   -1.8178102777e-02    5.5578606778e-03   -1.8885314521e-02    1.2954354177e-03
  51.3600000    2.4350383164e-02    6.2658905572e-03   -9.5592259189e-04    1.2275980676e-02   -1.8164554566e-02    5.5694392286e-03   -1.8891440925e-02    1.3035182393e-03
  51.3700000    2.4378226366e-02    6.2397944074e-03   -9.1444271642e-04    1.2277633189e-02   -1.8150995699e-02    5.5810391035e-03   -1.8897506480e-02    1.3116023138e-03
  51.3800000    2.4406069836e-02    6.2136003126e-03   -8.7295626883e-04    1.2279241479e-02   -1.8137431692e-02    5.5926611834e-03   -1.8903511447e-02    1.3196877843e-03
  51.3900000    2.4433913151e-02    6.1873143913e-03   -8.3146101508e-04    1.2280810460e-02   -1.8123867643e-02    5.6043058883e-03   -1.8909456088e-02    1.3277747869e-03
  51.4000000    2.4461754750e-02    6.1609443761e-03   -7.8995476167e-04    1.2282345076e-02   -1.8110308162e-02    5.6159731474e-03   -1.8915340670e-02    1.3358634476e-03
  51.4100000    2.4489591750e-02    6.1344993964e-03   -7.4843538549e-04    1.2283850251e-02   -1.8096757297e-02    5.6276623779e-03   -1.8921165457e-02    1.3439538810e-03
  51.4200000    2.4517419786e-02    6.1079897162e-03   -7.0690086132e-04    1.2285330828e-02   -1.8083218469e-02    5.6393724753e-03   -1.8926930712e-02    1.3520461877e-03
  51.4300000    2.4545232893e-02    6.0814264324e-03   -6.6534928638e-04    1.2286791512e-02   -1.8069694411e-02    5.6511018140e-03   -1.8932636694e-02    1.3601404529e-03
  51.4400000    2.4573023433e-02    6.0548211454e-03   -6.2377890177e-04    1.2288236818e-02   -1.8056187112e-02    5.6628482585e-03   -1.8938283657e-02    1.3682367452e-03
  51.4500000    2.4600782074e-02    6.0281856085e-03   -5.8218811009e-04    1.2289671013e-02   -1.8042697776e-02    5.6746091865e-03   -1.8943871846e-02    1.3763351154e-03
  51.4600000    2.4628497829e-02    6.0015313706e-03   -5.4057548917e-04    1.2291098069e-02   -1.8029226782e-02    5.6863815222e-03   -1.8949401496e-02    1.3844355956e-03
  51.4700000    2.4656158151e-02    5.9748694218e-03   -4.9893980142e-04    1.2292521618e-02   -1.8015773656e-02    5.6981617806e-03   -1.8954872834e-02    1.3925381994e-03
  51.4800000    2.4683749094e-02    5.9482098551e-03   -4.5727999886e-04    1.2293944903e-02   -1.8002337058e-02    5.7099461208e-03   -1.8960286074e-02    1.4006429211e-03
  51.4900000    2.4711255531e-02    5.9215615560e-03   -4.1559522360e-04    1.2295370745e-02   -1.7988914777e-02    5.7217304093e-03   -1.8965641419e-02    1.4087497365e-03
  51.5000000    2.4738661429e-02    5.8949319300e-03   -3.7388480377e-04    1.2296801508e-02   -1.7975503733e-02    5.7335102905e-03   -1.8970939057e-02    1.4168586033e-03
  51.5100000    2.4765950171e-02    5.8683266804e-03   -3.3214824503e-04    1.2298239069e-02   -1.7962099996e-02    5.7452812641e-03   -1.8976179164e-02    1.4249694616e-03
  51.5200000    2.4793104928e-02    5.8417496423e-03   -2.9038521797e-04    1.2299684795e-02   -1.7948698821e-02    5.7570387684e-03   -1.8981361900e-02    1.4330822357e-03
  51.5300000    2.4820109056e-02    5.8152026811e-03   -2.4859554137e-04    1.2301139529e-02   -1.7935294683e-02    5.7687782667e-03   -1.8986487411e-02    1.4411968348e-03
  51.5400000    2.4846946519e-02    5.7886856597e-03   -2.0677916215e-04    1.2302603580e-02   -1.7921881338e-02    5.7804953372e-03   -1.8991555831e-02    1.4493131550e-03
  51.5500000    2.4873602319e-02    5.7621964752e-03   -1.6493613197e-04    1.2304076712e-02   -1.7908451881e-02    5.7921857620e-03   -1.8996567278e-02    1.4574310807e-03
  51.5600000    2.4900062921e-02    5.7357311657e-03   -1.2306658151e-04    1.2305558155e-02   -1.7894998831e-02    5.8038456165e-03   -1.9001521857e-02    1.4655504870e-03
  51.5700000    2.4926316668e-02    5.7092840840e-03   -8.1170692715e-05    1.2307046608e-02   -1.7881514209e-02    5.8154713549e-03   -1.9006419659e-02    1.4736712417e-03
  51.5800000    2.4952354150e-02    5.6828481307e-03   -3.9248669767e-05    1.2308540258e-02   -1.7867989642e-02    5.8270598919e-03   -1.9011260766e-02    1.4817932073e-03
  51.5900000    2.4978168543e-02    5.6564150408e-03    2.6992903728e-06    1.2310036796e-02   -1.7854416461e-02    5.8386086779e-03   -1.9016045245e-02    1.4899162432e-03
  51.6000000    2.5003755885e-02    5.6299757124e-03    4.4673027237e-05    1.2311533452e-02   -1.7840785817e-02    5.8501157658e-03   -1.9020773157e-02    1.4980402085e-03
  51.6100000    2.5029115286e-02    5.6035205651e-03    8.6672445117e-05    1.2313027021e-02   -1.7827088796e-02    5.8615798694e-03   -1.9025444552e-02    1.5061649638e-03
  51.6200000    2.5054249057e-02    5.5770399161e-03    1.2869753942e-04    1.2314513907e-02   -1.7813316537e-02    5.8730004109e-03   -1.9030059474e-02    1.5142903738e-03
  51.6300000    2.5079162768e-02    5.5505243590e-03    1.7074842056e-04    1.2315990163e-02   -1.7799460363e-02    5.8843775556e-03   -1.9034617962e-02    1.5224163094e-03
  51.6400000    2.5103865208e-02    5.5239651309e-03    2.1282533442e-04    1.2317451540e-02   -1.7785511896e-02    5.8957122354e-03   -1.9039120052e-02    1.5305426501e-03
  51.6500000    2.5128368260e-02    5.4973544546e-03    2.5492867885e-04    1.2318893542e-02   -1.7771463188e-02    5.9070061575e-03   -1.9043565777e-02    1.5386692855e-03
  51.6600000    2.5152686691e-02    5.4706858418e-03    2.9705901547e-04    1.2320311474e-02   -1.7757306833e-02    5.9182617997e-03   -1.9047955172e-02    1.5467961180e-03
  51.6700000    2.5176837850e-02    5.4439543455e-03    3.3921707633e-04    1.2321700507e-02   -1.7743036090e-02    5.9294823907e-03   -1.9052288274e-02    1.5549230638e-03
  51.6800000    2.5200841300e-02    5.4171567521e-03    3.8140376479e-04    1.2323055733e-02   -1.7728644985e-02    5.9406718774e-03   -1.9056565123e-02    1.5630500550e-03
  51.6900000    2.5224718366e-02    5.3902917043e-03    4.2362015055e-04    1.2324372227e-02   -1.7714128411e-02    5.9518348765e-03   -1.9060785769e-02    1.5711770406e-03
  51.7000000    2.5248491641e-02    5.3633597512e-03    4.6586745833e-04    1.2325645106e-02   -1.7699482221e-02    5.9629766142e-03   -1.9064950267e-02    1.5793039880e-03
  51.7100000    2.5272184434e-02    5.3363633204e-03    5.0814705034e-04    1.2326869591e-02   -1.7684703302e-02    5.9741028525e-03   -1.9069058685e-02    1.5874308839e-03
  51.7200000    2.5295820197e-02    5.3093066163e-03    5.5046040241e-04    1.2328041065e-02   -1.7669789641e-02    5.9852198037e-03   -1.9073111103e-02    1.5955577350e-03
  51.7300000    2.5319421933e-02    5.2821954441e-03    5.9280907416e-04    1.2329155131e-02   -1.7654740372e-02    5.9963340354e-03   -1.9077107616e-02    1.6036845683e-03
  51.7400000    2.5343011611e-02    5.2550369689e-03    6.3519467335e-04    1.2330207664e-02   -1.7639555810e-02    6.0074523664e-03   -1.9081048334e-02    1.6118114318e-03
  51.7500000    2.5366609597e-02    5.2278394166e-03    6.7761881507e-04    1.2331194861e-02   -1.7624237469e-02    6.0185817557e-03   -1.9084933388e-02    1.6199383945e-03
  51.7600000    2.5390234124e-02    5.2006117304e-03    7.2008307641e-04    1.2332113288e-02   -1.7608788062e-02    6.0297291859e-03   -1.9088762927e-02    1.6280655460e-03
  51.7700000    2.5413900818e-02    5.1733631925e-03    7.6258894714e-04    1.2332959923e-02   -1.7593211480e-02    6.0409015448e-03   -1.9092537120e-02    1.6361929965e-03
  51.7800000    2.5437622280e-02    5.1461030302e-03    8.0513777764e-04    1.2333732187e-02   -1.7577512758e-02    6.0521055046e-03   -1.9096256160e-02    1.6443208760e-03
  51.7900000    2.5461407765e-02    5.1188400180e-03    8.4773072483e-04    1.2334427977e-02   -1.7561698020e-02    6.0633474033e-03   -1.9099920263e-02    1.6524493338e-03
  51.8000000    2.5485262935e-02    5.0915820943e-03    8.9036869722e-04    1.2335045688e-02   -1.7545774412e-02    6.0746331293e-03   -1.9103529668e-02    1.6605785376e-03
  51.8100000    2.5509189724e-02    5.0643360070e-03    9.3305230049e-04    1.2335584229e-02   -1.7529750009e-02    6.0859680111e-03   -1.9107084641e-02    1.6687086723e-03
  51.8200000    2.5533186300e-02    5.0371070033e-03    9.7578178446e-04    1.2336043033e-02   -1.7513633718e-02    6.0973567159e-03   -1.9110585471e-02    1.6768399390e-03
  51.8300000    2.5557247135e-02    5.0098985769e-03    1.0185569930e-03    1.2336422058e-02   -1.7497435160e-02    6.1088031563e-03   -1.9114032472e-02    1.6849725538e-03
  51.8400000    2.5581363184e-02    4.9827122839e-03    1.0613773182e-03    1.2336721784e-02   -1.7481164540e-02    6.1203104098e-03   -1.9117425984e-02    1.6931067461e-03
  51.8500000    2.5605522162e-02    4.9555476361e-03    1.1042416592e-03    1.2336943199e-02   -1.7464832508e-02    6.1318806511e-03   -1.9120766370e-02    1.7012427576e-03
  51.8600000    2.5629708916e-02    4.9284020769e-03    1.1471483890e-03    1.2337087782e-02   -1.7448450014e-02    6.1435150989e-03   -1.9124054018e-02    1.7093808405e-03
  51.8700000    2.5653905884e-02    4.9012710445e-03    1.1900953270e-03    1.2337157475e-02   -1.7432028149e-02    6.1552139790e-03   -1.9127289337e-02    1.7175212559e-03
  51.8800000    2.5678093623e-02    4.8741481194e-03    1.2330797222e-03    1.2337154652e-02   -1.7415577989e-02    6.1669765037e-03   -1.9130472759e-02    1.7256642724e-03
  51.8900000    2.5702251389e-02    4.8470252541e-03    1.2760982444e-03    1.2337082084e-02   -1.7399110434e-02    6.1788008689e-03   -1.9133604736e-02    1.7338101644e-03
  51.9000000    2.5726357768e-02    4.8198930768e-03    1.3191469869e-03    1.2336942893e-02   -1.7382636048e-02    6.1906842691e-03   -1.9136685737e-02    1.7419592108e-03
  51.9100000    2.5750391314e-02    4.7927412593e-03    1.3622214795e-03    1.2336740503e-02   -1.7366164903e-02    6.2026229300e-03   -1.9139716249e-02    1.7501116929e-03
  51.9200000    2.5774331195e-02    4.7655589366e-03    1.4053167128e-03    1.2336478595e-02   -1.7349706428e-02    6.2146121583e-03   -1.9142696772e-02    1.7582678935e-03
  51.9300000    2.5798157817e-02    4.7383351616e-03    1.4484271746e-03    1.2336161047e-02   -1.7333269266e-02    6.2266464085e-03   -1.9145627819e-02    1.7664280950e-03
  51.9400000    2.5821853414e-02    4.7110593794e-03    1.4915468970e-03    1.2335791878e-02   -1.7316861143e-02    6.2387193657e-03   -1.9148509913e-02    1.7745925784e-03
  51.9500000    2.5845402576e-02    4.6837219030e-03    1.5346695153e-03    1.2335375191e-02   -1.7300488746e-02    6.2508240422e-03   -1.9151343584e-02    1.7827616214e-03
  51.9600000    2.5868792706e-02    4.6563143702e-03    1.5777883374e-03    1.2334915116e-02   -1.7284157619e-02    6.2629528876e-03   -1.9154129366e-02    1.7909354978e-03
  51.9700000    2.5892014388e-02    4.6288301661e-03    1.6208964233e-03    1.2334415747e-02   -1.7267872077e-02    6.2750979101e-03   -1.9156867797e-02    1.7991144760e-03
  51.9800000    2.5915061652e-02    4.6012647917e-03    1.6639866735e-03    1.2333881088e-02   -1.7251635132e-02    6.2872508061e-03   -1.9159559412e-02    1.8072988179e-03
  51.9900000    2.5937932138e-02    4.5736161637e-03    1.7070519257e-03    1.2333314998e-02   -1.7235448440e-02    6.2994030972e-03   -1.9162204745e-02    1.8154887783e-03
  52.0000000    2.5960627131e-02    4.5458848323e-03    1.7500850575e-03    1.2332721133e-02   -1.7219312274e-02    6.3115462716e-03   -1.9164804322e-02    1.8236846035e-03
  52.0100000    2.5983151491e-02    4.5180741057e-03    1.7930790949e-03    1.2332102907e-02   -1.7203225510e-02    6.3236719269e-03   -1.9167358664e-02    1.8318865309e-03
  52.0200000    2.6005513462e-02    4.4901900749e-03    1.8360273235e-03    1.2331463438e-02   -1.7187185637e-02    6.3357719129e-03   -1.9169868276e-02    1.8400947886e-03
  52.0300000    2.6027724372e-02    4.4622415333e-03    1.8789234014e-03    1.2330805511e-02   -1.7171188789e-02    6.3478384702e-03   -1.9172333656e-02    1.8483095942e-03
  52.0400000    2.6049798233e-02    4.4342397935e-03    1.9217614720e-03    1.2330131548e-02   -1.7155229794e-02    6.3598643643e-03   -1.9174755281e-02    1.8565311549e-03
  52.0500000    2.6071751253e-02    4.4061984025e-03    1.9645362739e-03    1.2329443574e-02   -1.7139302247e-02    6.3718430098e-03   -1.9177133615e-02    1.8647596669e-03
  52.0600000    2.6093601273e-02    4.3781327658e-03    2.0072432466e-03    1.2328743195e-02   -1.7123398600e-02    6.3837685856e-03   -1.9179469100e-02    1.8729953154e-03
  52.0700000    2.6115367157e-02    4.3500596888e-03    2.0498786300e-03    1.2328031586e-02   -1.7107510265e-02    6.3956361361e-03   -1.9181762160e-02    1.8812382743e-03
  52.0800000    2.6137068137e-02    4.3219968530e-03    2.0924395547e-03    1.2327309481e-02   -1.7091627743e-02    6.4074416582e-03   -1.9184013196e-02    1.8894887064e-03
  52.0900000    2.6158723157e-02    4.2939622408e-03    2.1349241230e-03    1.2326577167e-02   -1.7075740752e-02    6.4191821721e-03   -1.9186222587e-02    1.8977467630e-03
  52.1000000    2.6180350214e-02    4.2659735322e-03    2.1773314766e-03    1.2325834493e-02   -1.7059838382e-02    6.4308557739e-03   -1.9188390688e-02    1.9060125849e-03
  52.1100000    2.6201965742e-02    4.2380474907e-03    2.2196618515e-03    1.2325080877e-02   -1.7043909249e-02    6.4424616696e-03   -1.9190517831e-02    1.9142863017e-03
  52.1200000    2.6223584036e-02    4.2101993618e-03    2.2619166170e-03    1.2324315324e-02   -1.7027941655e-02    6.4540001895e-03   -1.9192604323e-02    1.9225680328e-03
  52.1300000    2.6245216756e-02    4.1824423049e-03    2.3040982984e-03    1.2323536449e-02   -1.7011923762e-02    6.4654727823e-03   -1.9194650450e-02    1.9308578879e-03
  52.1400000    2.6266872512e-02    4.1547868801e-03    2.3462105827e-03    1.2322742504e-02   -1.6995843760e-02    6.4768819901e-03   -1.9196656472e-02    1.9391559669e-03
  52.1500000    2.6288556557e-02    4.1272406066e-03    2.3882583054e-03    1.2321931410e-02   -1.6979690030e-02    6.4882314030e-03   -1.9198622629e-02    1.9474623612e-03
  52.1600000    2.6310270587e-02    4.0998076117e-03    2.4302474195e-03    1.2321100798e-02   -1.6963451317e-02    6.4995255951e-03   -1.9200549141e-02    1.9557771538e-03
  52.1700000    2.6332012663e-02    4.0724883827e-03    2.4721849454e-03    1.2320248040e-02   -1.6947116881e-02    6.5107700430e-03   -1.9202436206e-02    1.9641004206e-03
  52.1800000    2.6353777256e-02    4.0452796315e-03    2.5140789028e-03    1.2319370302e-02   -1.6930676650e-02    6.5219710279e-03   -1.9204284005e-02    1.9724322306e-03
  52.1900000    2.6375555410e-02    4.0181742794e-03    2.5559382244e-03    1.2318464582e-02   -1.6914121359e-02    6.5331355230e-03   -1.9206092705e-02    1.9807726471e-03
  52.2000000    2.6397335028e-02    3.9911615620e-03    2.5977726530e-03    1.2317527759e-02   -1.6897442676e-02    6.5442710686e-03   -1.9207862457e-02    1.9891217286e-03
  52.2100000    2.6419101252e-02    3.9642272548e-03    2.6395926227e-03    1.2316556641e-02   -1.6880633310e-02    6.5553856369e-03   -1.9209593402e-02    1.9974795297e-03
  52.2200000    2.6440836950e-02    3.9373540106e-03    2.6814091260e-03    1.2315548007e-02   -1.6863687109e-02    6.5664874890e-03   -1.9211285671e-02    2.0058461019e-03
  52.2300000    2.6462523275e-02    3.9105218003e-03    2.7232335681e-03    1.2314498656e-02   -1.6846599136e-02    6.5775850266e-03   -1.9212939390e-02    2.0142214949e-03
  52.2400000    2.6484140277e-02    3.8837084420e-03    2.7650776112e-03    1.2313405451e-02   -1.6829365726e-02    6.5886866421e-03   -1.9214554680e-02    2.0226057575e-03
  52.2500000    2.6505667567e-02    3.8568902023e-03    2.8069530107e-03    1.2312265359e-02   -1.6811984527e-02    6.5998005675e-03   -1.9216131662e-02    2.0309989386e-03
  52.2600000    2.6527084983e-02    3.8300424510e-03    2.8488714455e-03    1.2311075491e-02   -1.6794454516e-02    6.6109347284e-03   -1.9217670459e-02    2.0394010881e-03
  52.2700000    2.6548373259e-02    3.8031403458e-03    2.8908443449e-03    1.2309833137e-02   -1.6776776002e-02    6.6220966023e-03   -1.9219171197e-02    2.0478122584e-03
  52.2800000    2.6569514666e-02    3.7761595283e-03    2.9328827162e-03    1.2308535797e-02   -1.6758950604e-02    6.6332930867e-03   -1.9220634010e-02    2.0562325047e-03
  52.2900000    2.6590493592e-02    3.7490768061e-03    2.9749969736e-03    1.2307181210e-02   -1.6740981213e-02    6.6445303770e-03   -1.9222059042e-02    2.0646618868e-03
  52.3000000    2.6611297070e-02    3.7218708012e-03    3.0171967731e-03    1.2305767374e-02   -1.6722871935e-02    6.6558138589e-03   -1.9223446449e-02    2.0731004692e-03
  52.3100000    2.6631915204e-02    3.6945225434e-03    3.0594908550e-03    1.2304292569e-02   -1.6704628019e-02    6.6671480150e-03   -1.9224796401e-02    2.0815483225e-03
  52.3200000    2.6652341505e-02    3.6670159910e-03    3.1018868972e-03    1.2302755368e-02   -1.6686255765e-02    6.6785363495e-03   -1.9226109083e-02    2.0900055242e-03
  52.3300000    2.6672573109e-02    3.6393384633e-03    3.1443913821e-03    1.2301154645e-02   -1.6667762425e-02    6.6899813301e-03   -1.9227384700e-02    2.0984721590e-03
  52.3400000    2.6692610878e-02    3.6114809716e-03    3.1870094780e-03    1.2299489583e-02   -1.6649156088e-02    6.7014843509e-03   -1.9228623476e-02    2.1069483200e-03
  52.3500000    2.6712459382e-02    3.5834384411e-03    3.2297449400e-03    1.2297759670e-02   -1.6630445555e-02    6.7130457137e-03   -1.9229825654e-02    2.1154341088e-03
  52.3600000    2.6732126753e-02    3.5552098179e-03    3.2726000287e-03    1.2295964697e-02   -1.6611640205e-02    6.7246646317e-03   -1.9230991503e-02    2.1239296358e-03
  52.3700000    2.6751624434e-02    3.5267980597e-03    3.3155754515e-03    1.2294104747e-02   -1.6592749862e-02    6.7363392515e-03   -1.9232121309e-02    2.1324350211e-03
  52.3800000    2.6770966806e-02    3.4982100145e-03    3.3586703257e-03    1.2292180189e-02   -1.6573784650e-02    6.7480666969e-03   -1.9233215383e-02    2.1409503941e-03
  52.3900000    2.6790170733e-02    3.4694561910e-03    3.4018821652e-03    1.2290191653e-02   -1.6554754852e-02    6.7598431306e-03   -1.9234274061e-02    2.1494758936e-03
  52.4000000    2.6809255020e-02    3.4405504325e-03    3.4452068914e-03    1.2288140021e-02   -1.6535670768e-02    6.7716638336e-03   -1.9235297696e-02    2.1580116679e-03
  52.4100000    2.6828239804e-02    3.4115095067e-03    3.4886388676e-03    1.2286026399e-02   -1.6516542576e-02    6.7835233014e-03   -1.9236286667e-02    2.1665578741e-03
  52.4200000    2.6847145916e-02    3.3823526246e-03    3.5321709579e-03    1.2283852098e-02   -1.6497380199e-02    6.7954153541e-03   -1.9237241370e-02    2.1751146782e-03
  52.4300000    2.6865994205e-02    3.3531009076e-03    3.5757946089e-03    1.2281618609e-02   -1.6478193178e-02    6.8073332587e-03   -1.9238162223e-02    2.1836822539e-03
  52.4400000    2.6884804872e-02    3.3237768186e-03    3.6194999536e-03    1.2279327577e-02   -1.6458990552e-02    6.8192698611e-03   -1.9239049659e-02    2.1922607823e-03
  52.4500000    2.6903596822e-02    3.2944035765e-03    3.6632759361e-03    1.2276980773e-02   -1.6439780750e-02    6.8312177253e-03   -1.9239904127e-02    2.2008504508e-03
  52.4600000    2.6922387054e-02    3.2650045719e-03    3.7071104555e-03    1.2274580071e-02   -1.6420571495e-02    6.8431692771e-03   -1.9240726089e-02    2.2094514519e-03
  52.4700000    2.6941190118e-02    3.2356028008e-03    3.7509905265e-03    1.2272127419e-02   -1.6401369716e-02    6.8551169491e-03   -1.9241516017e-02    2.2180639824e-03
  52.4800000    2.6960017646e-02    3.2062203328e-03    3.7949024546e-03    1.2269624814e-02   -1.6382181479e-02    6.8670533251e-03   -1.9242274393e-02    2.2266882417e-03
  52.4900000    2.6978877972e-02    3.1768778274e-03    3.8388320233e-03    1.2267074276e-02   -1.6363011926e-02    6.8789712797e-03   -1.9243001701e-02    2.2353244306e-03
  52.5000000    2.6997775865e-02    3.1475941096e-03    3.8827646901e-03    1.2264477825e-02   -1.6343865231e-02    6.8908641120e-03   -1.9243698429e-02    2.2439727497e-03
  52.5100000    2.7016712367e-02    3.1183858154e-03    3.9266857895e-03    1.2261837459e-02   -1.6324744571e-02    6.9027256695e-03   -1.9244365063e-02    2.2526333979e-03
  52.5200000    2.7035684751e-02    3.0892671111e-03    3.9705807376e-03    1.2259155130e-02   -1.6305652112e-02    6.9145504605e-03   -1.9245002086e-02    2.2613065704e-03
  52.5300000    2.7054686597e-02    3.0602494924e-03    4.0144352378e-03    1.2256432725e-02   -1.6286589001e-02    6.9263337528e-03   -1.9245609971e-02    2.2699924576e-03
  52.5400000    2.7073707981e-02    3.0313416623e-03    4.0582354822e-03    1.2253672051e-02   -1.6267555383e-02    6.9380716565e-03   -1.9246189183e-02    2.2786912429e-03
  52.5500000    2.7092735783e-02    3.0025494864e-03    4.1019683475e-03    1.2250874814e-02   -1.6248550422e-02    6.9497611900e-03   -1.9246740171e-02    2.2874031012e-03
  52.5600000    2.7111754085e-02    2.9738760217e-03    4.1456215802e-03    1.2248042607e-02   -1.6229572340e-02    6.9614003269e-03   -1.9247263369e-02    2.2961281971e-03
  52.5700000    2.7130744659e-02    2.9453216113e-03    4.1891839702e-03    1.2245176898e-02   -1.6210618460e-02    6.9729880244e-03   -1.9247759189e-02    2.3048666835e-03
  52.5800000    2.7149687537e-02    2.9168840389e-03    4.2326455090e-03    1.2242279016e-02   -1.6191685267e-02    6.9845242313e-03   -1.9248228021e-02    2.3136187002e-03
  52.5900000    2.7168561626e-02    2.8885587314e-03    4.2759975308e-03    1.2239350144e-02   -1.6172768471e-02    6.9960098769e-03   -1.9248670231e-02    2.3223843720e-03
  52.6000000    2.7187345364e-02    2.8603390011e-03    4.3192328327e-03    1.2236391309e-02   -1.6153863083e-02    7.0074468395e-03   -1.9249086154e-02    2.3311638080e-03
  52.6100000    2.7206017398e-02    2.8322163172e-03    4.3623457749e-03    1.2233403375e-02   -1.6134963490e-02    7.0188378974e-03   -1.9249476098e-02    2.3399571000e-03
  52.6200000    2.7224557255e-02    2.8041805940e-03    4.4053323568e-03    1.2230387040e-02   -1.6116063546e-02    7.0301866612e-03   -1.9249840337e-02    2.3487643222e-03
  52.6300000    2.7242945987e-02    2.7762204890e-03    4.4481902691e-03    1.2227342829e-02   -1.6097156656e-02    7.0414974908e-03   -1.9250179113e-02    2.3575855297e-03
  52.6400000    2.7261166781e-02    2.7483236990e-03    4.4909189210e-03    1.2224271094e-02   -1.6078235870e-02    7.0527753970e-03   -1.9250492631e-02    2.3664207588e-03
  52.6500000    2.7279205502e-02    2.7204772477e-03    4.5335194427e-03    1.2221172009e-02   -1.6059293972e-02    7.0640259314e-03   -1.9250781064e-02    2.3752700262e-03
  52.6600000    2.7297051164e-02    2.6926677581e-03    4.5759946619e-03    1.2218045570e-02   -1.6040323578e-02    7.0752550664e-03   -1.9251044543e-02    2.3841333290e-03
  52.6700000    2.7314696305e-02    2.6648817041e-03    4.6183490560e-03    1.2214891597e-02   -1.6021317221e-02    7.0864690665e-03   -1.9251283167e-02    2.3930106454e-03
  52.6800000    2.7332137265e-02    2.6371056372e-03    4.6605886807e-03    1.2211709734e-02   -1.6002267448e-02    7.0976743563e-03   -1.9251496995e-02    2.4019019345e-03
  52.6900000    2.7349374346e-02    2.6093263876e-03    4.7027210754e-03    1.2208499450e-02   -1.5983166902e-02    7.1088773840e-03   -1.9251686049e-02    2.4108071378e-03
  52.7000000    2.7366411862e-02    2.5815312377e-03    4.7447551483e-03    1.2205260044e-02   -1.5964008406e-02    7.1200844876e-03   -1.9251850317e-02    2.4197261794e-03
  52.7100000    2.7383258065e-02    2.5537080689e-03    4.7867010417e-03    1.2201990650e-02   -1.5944785046e-02    7.1313017627e-03   -1.9251989752e-02    2.4286589679e-03
  52.7200000    2.7399924959e-02    2.5258454838e-03    4.8285699812e-03    1.2198690240e-02   -1.5925490239e-02    7.1425349366e-03   -1.9252104269e-02    2.4376053975e-03
  52.7300000    2.7416427999e-02    2.4979329054e-03    4.8703741098e-03    1.2195357635e-02   -1.5906117809e-02    7.1537892515e-03   -1.9252193756e-02    2.4465653498e-03
  52.7400000    2.7432785680e-02    2.4699606572e-03    4.9121263101e-03    1.2191991509e-02   -1.5886662040e-02    7.1650693567e-03   -1.9252258066e-02    2.4555386956e-03
  52.7500000    2.7449019046e-02    2.4419200273e-03    4.9538400187e-03    1.2188590402e-02   -1.5867117743e-02    7.1763792156e-03   -1.9252297025e-02    2.4645252969e-03
  52.7600000    2.7465151102e-02    2.4138033185e-03    4.9955290328e-03    1.2185152731e-02   -1.5847480294e-02    7.1877220257e-03   -1.9252310432e-02    2.4735250094e-03
  52.7700000    2.7481206180e-02    2.3856038903e-03    5.0372073151e-03    1.2181676803e-02   -1.5827745688e-02    7.1991001560e-03   -1.9252298063e-02    2.4825376845e-03
  52.7800000    2.7497209241e-02    2.3573161919e-03    5.0788887984e-03    1.2178160828e-02   -1.5807910564e-02    7.2105151013e-03   -1.9252259671e-02    2.4915631714e-03
  52.7900000    2.7513185164e-02    2.3289357912e-03    5.1205871922e-03    1.2174602939e-02   -1.5787972241e-02    7.2219674542e-03   -1.9252194989e-02    2.5006013202e-03
  52.8000000    2.7529158022e-02    2.3004593987e-03    5.1623157965e-03    1.2171001208e-02   -1.5767928736e-02    7.2334568974e-03   -1.9252103736e-02    2.5096519839e-03
  52.8100000    2.7545150374e-02    2.2718848886e-03    5.2040873229e-03    1.2167353665e-02   -1.5747778775e-02    7.2449822132e-03   -1.9251985614e-02    2.5187150205e-03
  52.8200000    2.7561182588e-02    2.2432113149e-03    5.2459137277e-03    1.2163658322e-02   -1.5727521808e-02    7.2565413121e-03   -1.9251840319e-02    2.5277902960e-03
  52.8300000    2.7577272220e-02    2.2144389223e-03    5.2878060577e-03    1.2159913194e-02   -1.5707157998e-02    7.2681312802e-03   -1.9251667533e-02    2.5368776860e-03
  52.8400000    2.7593433469e-02    2.1855691494e-03    5.3297743123e-03    1.2156116326e-02   -1.5686688225e-02    7.2797484415e-03   -1.9251466937e-02    2.5459770780e-03
  52.8500000    2.7609676710e-02    2.1566046227e-03    5.3718273225e-03    1.2152265814e-02   -1.5666114061e-02    7.2913884377e-03   -1.9251238207e-02    2.5550883730e-03
  52.8600000    2.7626008137e-02    2.1275491371e-03    5.4139726494e-03    1.2148359833e-02   -1.5645437758e-02    7.3030463202e-03   -1.9250981020e-02    2.5642114876e-03
  52.8700000    2.7642429519e-02    2.0984076211e-03    5.4562165018e-03    1.2144396664e-02   -1.5624662215e-02    7.3147166548e-03   -1.9250695053e-02    2.5733463548e-03
  52.8800000    2.7658938072e-02    2.0691860841e-03    5.4985636764e-03    1.2140374719e-02   -1.5603790945e-02    7.3263936358e-03   -1.9250379990e-02    2.5824929256e-03
  52.8900000    2.7675526463e-02    2.0398915423e-03    5.5410175181e-03    1.2136292566e-02   -1.5582828041e-02    7.3380712071e-03   -1.9250035520e-02    2.5916511693e-03
  52.9000000    2.7692182941e-02    2.0105319227e-03    5.5835799026e-03    1.2132148957e-02   -1.5561778121e-02    7.3497431885e-03   -1.9249661339e-02    2.6008210744e-03
  52.9100000    2.7708891590e-02    1.9811159436e-03    5.6262512408e-03    1.2127942847e-02   -1.5540646284e-02    7.3614034035e-03   -1.9249257154e-02    2.6100026484e-03
  52.9200000    2.7725632705e-02    1.9516529716e-03    5.6690305038e-03    1.2123673417e-02   -1.5519438052e-02    7.3730458075e-03   -1.9248822685e-02    2.6191959177e-03
  52.9300000    2.7742383278e-02    1.9221528566e-03    5.7119152682e-03    1.2119340096e-02   -1.5498159306e-02    7.3846646116e-03   -1.9248357661e-02    2.6284009270e-03
  52.9400000    2.7759117585e-02    1.8926257470e-03    5.7549017806e-03    1.2114942572e-02   -1.5476816227e-02    7.3962544021e-03   -1.9247861827e-02    2.6376177383e-03
  52.9500000    2.7775807848e-02    1.8630818876e-03    5.7979850397e-03    1.2110480807e-02   -1.5455415218e-02    7.4078102509e-03   -1.9247334941e-02    2.6468464295e-03
  52.9600000    2.7792424971e-02    1.8335314074e-03    5.8411588942e-03    1.2105955047e-02   -1.5433962841e-02    7.4193278160e-03   -1.9246776775e-02    2.6560870930e-03
  52.9700000    2.7808939313e-02    1.8039840990e-03    5.8844161557e-03    1.2101365822e-02   -1.5412465731e-02    7.4308034297e-03   -1.9246187116e-02    2.6653398337e-03
  52.9800000    2.7825321494e-02    1.7744491997e-03    5.9277487222e-03    1.2096713953e-02   -1.5390930531e-02    7.4422341727e-03   -1.9245565765e-02    2.6746047665e-03
  52.9900000    2.7841543189e-02    1.7449351789e-03    5.9711477134e-03    1.2092000538e-02   -1.5369363800e-02    7.4536179323e-03   -1.9244912539e-02    2.6838820142e-03
  53.0000000    2.7857577912e-02    1.7154495396e-03    6.0146036118e-03    1.2087226950e-02   -1.5347771945e-02    7.4649534445e-03   -1.9244227265e-02    2.6931717045e-03
  53.0100000    2.7873401749e-02    1.6859986418e-03    6.0581064107e-03    1.2082394814e-02   -1.5326161136e-02    7.4762403185e-03   -1.9243509786e-02    2.7024739671e-03
  53.0200000    2.7888994029e-02    1.6565875537e-03    6.1016457639e-03    1.2077505993e-02   -1.5304537227e-02    7.4874790427e-03   -1.9242759954e-02    2.7117889310e-03
  53.0300000    2.7904337902e-02    1.6272199377e-03    6.1452111369e-03    1.2072562557e-02   -1.5282905685e-02    7.4986709737e-03   -1.9241977635e-02    2.7211167209e-03
  53.0400000    2.7919420824e-02    1.5978979759e-03    6.1887919557e-03    1.2067566755e-02   -1.5261271513e-02    7.5098183072e-03   -1.9241162699e-02    2.7304574543e-03
  53.0500000    2.7934234914e-02    1.5686223397e-03    6.2323777521e-03    1.2062520980e-02   -1.5239639183e-02    7.5209240318e-03   -1.9240315030e-02    2.7398112383e-03
  53.0600000    2.7948777190e-02    1.5393922051e-03    6.2759583027e-03    1.2057427727e-02   -1.5218012573e-02    7.5319918672e-03   -1.9239434512e-02    2.7491781665e-03
  53.0700000    2.7963049659e-02    1.5102053154e-03    6.3195237599e-03    1.2052289551e-02   -1.5196394904e-02    7.5430261878e-03   -1.9238521036e-02    2.7585583159e-03
  53.0800000    2.7977059270e-02    1.4810580901e-03    6.3630647737e-03    1.2047109023e-02   -1.5174788697e-02    7.5540319333e-03   -1.9237574497e-02    2.7679517445e-03
  53.0900000    2.7990817727e-02    1.4519457772e-03    6.4065726012e-03    1.2041888678e-02   -1.5153195722e-02    7.5650145078e-03   -1.9236594787e-02    2.7773584881e-03
  53.1000000    2.8004341158e-02    1.4228626437e-03    6.4500392045e-03    1.2036630969e-02   -1.5131616967e-02    7.5759796710e-03   -1.9235581799e-02    2.7867785584e-03
  53.1100000    2.8017649665e-02    1.3938021999e-03    6.4934573343e-03    1.2031338214e-02   -1.5110052613e-02    7.5869334215e-03   -1.9234535422e-02    2.7962119411e-03
  53.1200000    2.8030766749e-02    1.3647574480e-03    6.5368205990e-03    1.2026012546e-02   -1.5088502015e-02    7.5978818769e-03   -1.9233455540e-02    2.8056585938e-03
  53.1300000    2.8043718640e-02    1.3357211470e-03    6.5801235189e-03    1.2020655868e-02   -1.5066963702e-02    7.6088311514e-03   -1.9232342031e-02    2.8151184453e-03
  53.1400000    2.8056533546e-02    1.3066860847e-03    6.6233615646e-03    1.2015269804e-02   -1.5045435380e-02    7.6197872341e-03   -1.9231194761e-02    2.8245913942e-03
  53.1500000    2.8069240842e-02    1.2776453451e-03    6.6665311800e-03    1.2009855655e-02   -1.5023913950e-02    7.6307558715e-03   -1.9230013590e-02    2.8340773090e-03
  53.1600000    2.8081870223e-02    1.2485925626e-03    6.7096297900e-03    1.2004414367e-02   -1.5002395536e-02    7.6417424539e-03   -1.9228798363e-02    2.8435760281e-03
  53.1700000    2.8094450851e-02    1.2195221523e-03    6.7526557928e-03    1.1998946489e-02   -1.4980875527e-02    7.6527519111e-03   -1.9227548912e-02    2.8530873602e-03
  53.1800000    2.8107010518e-02    1.1904295067e-03    6.7956085386e-03    1.1993452156e-02   -1.4959348626e-02    7.6637886171e-03   -1.9226265054e-02    2.8626110853e-03
  53.1900000    2.8119574845e-02    1.1613111518e-03    6.8384882938e-03    1.1987931062e-02   -1.4937808916e-02    7.6748563073e-03   -1.9224946591e-02    2.8721469564e-03
  53.2000000    2.8132166556e-02    1.1321648545e-03    6.8812961940e-03    1.1982382450e-02   -1.4916249924e-02    7.6859580083e-03   -1.9223593307e-02    2.8816947017e-03
  53.2100000    2.8144804837e-02    1.1029896790e-03    6.9240341843e-03    1.1976805108e-02   -1.4894664712e-02    7.6970959826e-03   -1.9222204970e-02    2.8912540264e-03
  53.2200000    2.8157504802e-02    1.0737859860e-03    6.9667049507e-03    1.1971197376e-02   -1.4873045959e-02    7.7082716898e-03   -1.9220781328e-02    2.9008246159e-03
  53.2300000    2.8170277089e-02    1.0445553775e-03    7.0093118430e-03    1.1965557155e-02   -1.4851386062e-02    7.7194857629e-03   -1.9219322112e-02    2.9104061393e-03
  53.2400000    2.8183127596e-02    1.0153005869e-03    7.0518587899e-03    1.1959881932e-02   -1.4829677238e-02    7.7307380024e-03   -1.9217827031e-02    2.9199982521e-03
  53.2500000    2.8196057356e-02    9.8602531829e-04    7.0943502100e-03    1.1954168810e-02   -1.4807911632e-02    7.7420273861e-03   -1.9216295780e-02    2.9296006010e-03
  53.2600000    2.8209062579e-02    9.5673404243e-04    7.1367909180e-03    1.1948414549e-02   -1.4786081426e-02    7.7533520964e-03   -1.9214728032e-02    2.9392128270e-03
  53.2700000    2.8222134830e-02    9.2743175544e-04    7.1791860300e-03    1.1942615611e-02   -1.4764178955e-02    7.7647095618e-03   -1.9213123443e-02    2.9488345705e-03
  53.2800000    2.8235261362e-02    8.9812371117e-04    7.2215408670e-03    1.1936768219e-02   -1.4742196814e-02    7.7760965145e-03   -1.9211481653e-02    2.9584654749e-03
  53.2900000    2.8248425585e-02    8.6881513713e-04    7.2638608611e-03    1.1930868414e-02   -1.4720127973e-02    7.7875090598e-03   -1.9209802283e-02    2.9681051913e-03
  53.3000000    2.8261607647e-02    8.3951094609e-04    7.3061514636e-03    1.1924912127e-02   -1.4697965880e-02    7.7989427583e-03   -1.9208084942e-02    2.9777533828e-03
  53.3100000    2.8274785130e-02    8.1021545484e-04    7.3484180569e-03    1.1918895249e-02   -1.4675704566e-02    7.8103927174e-03   -1.9206329222e-02    2.9874097286e-03
  53.3200000    2.8287933813e-02    7.8093212244e-04    7.3906658729e-03    1.1912813708e-02   -1.4653338735e-02    7.8218536910e-03   -1.9204534705e-02    2.9970739280e-03
  53.3300000    2.8301028501e-02    7.5166331876e-04    7.4328999170e-03    1.1906663544e-02   -1.4630863851e-02    7.8333201843e-03   -1.9202700960e-02    3.0067457045e-03
  53.3400000    2.8314043879e-02    7.2241013395e-04    7.4751249003e-03    1.1900440991e-02   -1.4608276217e-02    7.8447865629e-03   -1.9200827547e-02    3.0164248090e-03
  53.3500000    2.8326955363e-02    6.9317223717e-04    7.5173451802e-03    1.1894142552e-02   -1.4585573034e-02    7.8562471627e-03   -1.9198914021e-02    3.0261110231e-03
  53.3600000    2.8339739928e-02    6.6394779190e-04    7.5595647101e-03    1.1887765077e-02   -1.4562752456e-02    7.8676963981e-03   -1.9196959928e-02    3.0358041615e-03
  53.3700000    2.8352376882e-02    6.3473343222e-04    7.6017869992e-03    1.1881305831e-02   -1.4539813625e-02    7.8791288675e-03   -1.9194964814e-02    3.0455040749e-03
  53.3800000    2.8364848556e-02    6.0552430278e-04    7.6440150820e-03    1.1874762563e-02   -1.4516756698e-02    7.8905394529e-03   -1.9192928223e-02    3.0552106510e-03
  53.3900000    2.8377140895e-02    5.7631416214e-04    7.6862514983e-03    1.1868133568e-02   -1.4493582851e-02    7.9019234120e-03   -1.9190849698e-02    3.0649238158e-03
  53.4000000    2.8389243921e-02    5.4709554712e-04    7.7284982835e-03    1.1861417731e-02   -1.4470294277e-02    7.9132764605e-03   -1.9188728787e-02    3.0746435346e-03
  53.4100000    2.8401152065e-02    5.1785999302e-04    7.7707569687e-03    1.1854614578e-02   -1.4446894158e-02    7.9245948439e-03   -1.9186565044e-02    3.0843698115e-03
  53.4200000    2.8412864338e-02    4.8859830249e-04    7.8130285910e-03    1.1847724305e-02   -1.4423386633e-02    7.9358753960e-03   -1.9184358028e-02    3.0941026888e-03
  53.4300000    2.8424384360e-02    4.5930085377e-04    7.8553137121e-03    1.1840747795e-02   -1.4399776740e-02    7.9471155843e-03   -1.9182107310e-02    3.1038422459e-03
  53.4400000    2.8435720218e-02    4.2995793746e-04    7.8976124464e-03    1.1833686634e-02   -1.4376070354e-02    7.9583135415e-03   -1.9179812473e-02    3.1135885972e-03
  53.4500000    2.8446884178e-02    4.0056010947e-04    7.9399244961e-03    1.1826543105e-02   -1.4352274104e-02    7.9694680811e-03   -1.9177473110e-02    3.1233418899e-03
  53.4600000    2.8457892259e-02    3.7109854732e-04    7.9822491931e-03    1.1819320169e-02   -1.4328395283e-02    7.9805786988e-03   -1.9175088833e-02    3.1331023005e-03
  53.4700000    2.8468763662e-02    3.4156539649e-04    8.0245855473e-03    1.1812021442e-02   -1.4304441741e-02    7.9916455588e-03   -1.9172659270e-02    3.1428700315e-03
  53.4800000    2.8479520109e-02    3.1195409364e-04    8.0669322982e-03    1.1804651150e-02   -1.4280421781e-02    8.0026694663e-03   -1.9170184066e-02    3.1526453074e-03
  53.4900000    2.8490185073e-02    2.8225965441e-04    8.1092879711e-03    1.1797214075e-02   -1.4256344029e-02    8.0136518255e-03   -1.9167662890e-02    3.1624283700e-03
  53.5000000    2.8500782963e-02    2.5247891463e-04    8.1516509351e-03    1.1789715495e-02   -1.4232217319e-02    8.0245945863e-03   -1.9165095426e-02    3.1722194737e-03
  53.5100000    2.8511338268e-02    2.2261071518e-04    8.1940194612e-03    1.1782161102e-02   -1.4208050556e-02    8.0355001794e-03   -1.9162481386e-02    3.1820188802e-03
  53.5200000    2.8521874687e-02    1.9265602292e-04    8.2363917817e-03    1.1774556925e-02   -1.4183852590e-02    8.0463714422e-03   -1.9159820501e-02    3.1918268533e-03
  53.5300000    2.8532414297e-02    1.6261798240e-04    8.2787661462e-03    1.1766909229e-02   -1.4159632086e-02    8.0572115371e-03   -1.9157112526e-02    3.2016436534e-03
  53.5400000    2.8542976764e-02    1.3250189525e-04    8.3211408759e-03    1.1759224423e-02   -1.4135397391e-02    8.0680238638e-03   -1.9154357241e-02    3.2114695319e-03
  53.5500000    2.8553578632e-02    1.0231512700e-04    8.3635144138e-03    1.1751508950e-02   -1.4111156417e-02    8.0788119687e-03   -1.9151554447e-02    3.2213047255e-03
  53.5600000    2.8564232718e-02    7.2066943599e-05    8.4058853694e-03    1.1743769181e-02   -1.4086916522e-02    8.0895794524e-03   -1.9148703970e-02    3.2311494513e-03
  53.5700000    2.8574947632e-02    4.1768282354e-05    8.4482525581e-03    1.1736011308e-02   -1.4062684398e-02    8.1003298776e-03   -1.9145805659e-02    3.2410039010e-03
  53.5800000    2.8585727429e-02    1.1431464378e-05    8.4906150330e-03    1.1728241232e-02   -1.4038465978e-02    8.1110666806e-03   -1.9142859383e-02    3.2508682366e-03
  53.5900000    2.8596571421e-02   -1.8930142233e-05    8.5329721099e-03    1.1720464461e-02   -1.4014266343e-02    8.1217930870e-03   -1.9139865035e-02    3.2607425856e-03
  53.6000000    2.8607474140e-02   -4.9302497517e-05    8.5753233836e-03    1.1712686005e-02   -1.3990089654e-02    8.1325120347e-03   -1.9136822526e-02    3.2706270368e-03
  53.6100000    2.8618425465e-02   -7.9671291028e-05    8.6176687357e-03    1.1704910283e-02   -1.3965939086e-02    8.1432261047e-03   -1.9133731785e-02    3.2805216373e-03
  53.6200000    2.8629410897e-02   -1.1002235592e-04    8.6600083344e-03    1.1697141035e-02   -1.3941816788e-02    8.1539374633e-03   -1.9130592760e-02    3.2904263889e-03
  53.6300000    2.8640411986e-02   -1.4034208257e-04    8.7023426237e-03    1.1689381245e-02   -1.3917723848e-02    8.1646478141e-03   -1.9127405413e-02    3.3003412465e-03
  53.6400000    2.8651406885e-02   -1.7061781793e-04    8.7446723059e-03    1.1681633079e-02   -1.3893660286e-02    8.1753583642e-03   -1.9124169719e-02    3.3102661158e-03
  53.6500000    2.8662371012e-02   -2.0083823766e-04    8.7869983139e-03    1.1673897824e-02   -1.3869625051e-02    8.1860698022e-03   -1.9120885664e-02    3.3202008531e-03
  53.6600000    2.8673277809e-02   -2.3099367926e-04    8.8293217765e-03    1.1666175859e-02   -1.3845616042e-02    8.1967822911e-03   -1.9117553244e-02    3.3301452649e-03
  53.6700000    2.8684099551e-02   -2.6107642530e-04    8.8716439754e-03    1.1658466623e-02   -1.3821630145e-02    8.2074954742e-03   -1.9114172461e-02    3.3400991085e-03
  53.6800000    2.8694808208e-02   -2.9108092822e-04    8.9139662964e-03    1.1650768611e-02   -1.3797663278e-02    8.2182084956e-03   -1.9110743320e-02    3.3500620935e-03
  53.6900000    2.8705376298e-02   -3.2100396964e-04    8.9562901741e-03    1.1643079380e-02   -1.3773710459e-02    8.2289200328e-03   -1.9107265830e-02    3.3600338842e-03
  53.7000000    2.8715777725e-02   -3.5084474999e-04    8.9986170327e-03    1.1635395570e-02   -1.3749765881e-02    8.2396283430e-03   -1.9103739998e-02    3.3700141023e-03
  53.7100000    2.8725988567e-02   -3.8060490588e-04    9.0409482227e-03    1.1627712947e-02   -1.3725822998e-02    8.2503313194e-03   -1.9100165828e-02    3.3800023308e-03
  53.7200000    2.8735987791e-02   -4.1028845593e-04    9.0832849557e-03    1.1620026456e-02   -1.3701874630e-02    8.2610265588e-03   -1.9096543321e-02    3.3899981183e-03
  53.7300000    2.8745757860e-02   -4.3990167716e-04    9.1256282385e-03    1.1612330288e-02   -1.3677913066e-02    8.2717114367e-03   -1.9092872468e-02    3.4000009838e-03
  53.7400000    2.8755285235e-02   -4.6945291723e-04    9.1679788084e-03    1.1604617966e-02   -1.3653930181e-02    8.2823831890e-03   -1.9089153251e-02    3.4100104225e-03
  53.7500000    2.8764560731e-02   -4.9895234897e-04    9.2103370695e-03    1.1596882438e-02   -1.3629917555e-02    8.2930389989e-03   -1.9085385641e-02    3.4200259116e-03
  53.7600000    2.8773579738e-02   -5.2841167596e-04    9.2527030341e-03    1.1589116184e-02   -1.3605866593e-02    8.3036760859e-03   -1.9081569597e-02    3.4300469167e-03
  53.7700000    2.8782342287e-02   -5.5784379898e-04    9.2950762680e-03    1.1581311329e-02   -1.3581768655e-02    8.3142917952e-03   -1.9077705061e-02    3.4400728986e-03
  53.7800000    2.8790852970e-02   -5.8726245421e-04    9.3374558439e-03    1.1573459769e-02   -1.3557615176e-02    8.3248836857e-03   -1.9073791959e-02    3.4501033200e-03
  53.7900000    2.8799120711e-02   -6.1668183492e-04    9.3798403013e-03    1.1565553296e-02   -1.3533397787e-02    8.3354496133e-03   -1.9069830203e-02    3.4601376528e-03
  53.8000000    2.8807158407e-02   -6.4611620805e-04    9.4222276168e-03    1.1557583731e-02   -1.3509108434e-02    8.3459878090e-03   -1.9065819684e-02    3.4701753847e-03
  53.8100000    2.8814982439e-02   -6.7557953748e-04    9.4646151844e-03    1.1549543054e-02   -1.3484739483e-02    8.3564969487e-03   -1.9061760274e-02    3.4802160267e-03
  53.8200000    2.8822612090e-02   -7.0508512480e-04    9.5069998072e-03    1.1541423536e-02   -1.3460283832e-02    8.3669762126e-03   -1.9057651830e-02    3.4902591191e-03
  53.8300000    2.8830068876e-02   -7.3464527749e-04    9.5493777010e-03    1.1533217867e-02   -1.3435734997e-02    8.3774253342e-03   -1.9053494187e-02    3.5003042383e-03
  53.8400000    2.8837375817e-02   -7.6427101340e-04    9.5917445117e-03    1.1524919277e-02   -1.3411087200e-02    8.3878446354e-03   -1.9049287164e-02    3.5103510027e-03
  53.8500000    2.8844556683e-02   -7.9397180863e-04    9.6340953446e-03    1.1516521651e-02   -1.3386335437e-02    8.3982350486e-03   -1.9045030562e-02    3.5203990784e-03
  53.8600000    2.8851635231e-02   -8.2375539442e-04    9.6764248078e-03    1.1508019633e-02   -1.3361475546e-02    8.4085981237e-03   -1.9040724165e-02    3.5304481835e-03
  53.8700000    2.8858634456e-02   -8.5362760700e-04    9.7187270689e-03    1.1499408719e-02   -1.3336504244e-02    8.4189360196e-03   -1.9036367744e-02    3.5404980928e-03
  53.8800000    2.8865575901e-02   -8.8359229199e-04    9.7609959242e-03    1.1490685338e-02   -1.3311419166e-02    8.4292514811e-03   -1.9031961054e-02    3.5505486411e-03
  53.8900000    2.8872479021e-02   -9.1365126399e-04    9.8032248798e-03    1.1481846917e-02   -1.3286218885e-02    8.4395477997e-03   -1.9027503841e-02    3.5605997258e-03
  53.9000000    2.8879360644e-02   -9.4380431939e-04    9.8454072451e-03    1.1472891933e-02   -1.3260902916e-02    8.4498287609e-03   -1.9022995842e-02    3.5706513089e-03
  53.9100000    2.8886234539e-02   -9.7404929961e-04    9.8875362351e-03    1.1463819943e-02   -1.3235471710e-02    8.4600985770e-03   -1.9018436786e-02    3.5807034177e-03
  53.9200000    2.8893111091e-02   -1.0043822001e-03    9.9296050827e-03    1.1454631605e-02   -1.3209926631e-02    8.4703618073e-03   -1.9013826397e-02    3.5907561447e-03
  53.9300000    2.8899997119e-02   -1.0347973196e-03    9.9716071574e-03    1.1445328676e-02   -1.3184269924e-02    8.4806232679e-03   -1.9009164401e-02    3.6008096469e-03
  53.9400000    2.8906895812e-02   -1.0652874435e-03    1.0013536089e-02    1.1435913993e-02   -1.3158504674e-02    8.4908879318e-03   -1.9004450522e-02    3.6108641440e-03
  53.9500000    2.8913806801e-02   -1.0958440534e-03    1.0055385896e-02    1.1426391438e-02   -1.3132634740e-02    8.5011608213e-03   -1.8999684489e-02    3.6209199153e-03
  53.9600000    2.8920726358e-02   -1.1264575569e-03    1.0097151114e-02    1.1416765888e-02   -1.3106664700e-02    8.5114468960e-03   -1.8994866041e-02    3.6309772962e-03
  53.9700000    2.8927647711e-02   -1.1571175295e-03    1.0138826921e-02    1.1407043144e-02   -1.3080599768e-02    8.5217509376e-03   -1.8989994925e-02    3.6410366739e-03
  53.9800000    2.8934561457e-02   -1.1878129612e-03    1.0180409263e-02    1.1397229854e-02   -1.3054445717e-02    8.5320774344e-03   -1.8985070902e-02    3.6510984818e-03
  53.9900000    2.8941456068e-02   -1.2185325024e-03    1.0221894972e-02    1.1387333412e-02   -1.3028208788e-02    8.5424304680e-03   -1.8980093749e-02    3.6611631939e-03
  54.0000000    2.8948318465e-02   -1.2492647027e-03    1.0263281872e-02    1.1377361854e-02   -1.3001895599e-02    8.5528136043e-03   -1.8975063264e-02    3.6712313179e-03
  54.0100000    2.8955134633e-02   -1.2799982363e-03    1.0304568880e-02    1.1367323741e-02   -1.2975513044e-02    8.5632297921e-03   -1.8969979266e-02    3.6813033884e-03
  54.0200000    2.8961890264e-02   -1.3107221128e-03    1.0345756090e-02    1.1357228031e-02   -1.2949068201e-02    8.5736812707e-03   -1.8964841595e-02    3.6913799590e-03
  54.0300000    2.8968571397e-02   -1.3414258666e-03    1.0386844840e-02    1.1347083948e-02   -1.2922568228e-02    8.5841694892e-03   -1.8959650122e-02    3.7014615946e-03
  54.0400000    2.8975165043e-02   -1.3720997261e-03    1.0427837767e-02    1.1336900848e-02   -1.2896020268e-02    8.5946950395e-03   -1.8954404744e-02    3.7115488634e-03
  54.0500000    2.8981659757e-02   -1.4027347590e-03    1.0468738836e-02    1.1326688081e-02   -1.2869431350e-02    8.6052576044e-03   -1.8949105388e-02    3.7216423285e-03
  54.0600000    2.8988046153e-02   -1.4333229945e-03    1.0509553354e-02    1.1316454853e-02   -1.2842808301e-02    8.6158559222e-03   -1.8943752011e-02    3.7317425398e-03
  54.0700000    2.8994317331e-02   -1.4638575227e-03    1.0550287960e-02    1.1306210088e-02   -1.2816157653e-02    8.6264877703e-03   -1.8938344603e-02    3.7418500260e-03
  54.0800000    2.9000469220e-02   -1.4943325712e-03    1.0590950587e-02    1.1295962307e-02   -1.2789485563e-02    8.6371499659e-03   -1.8932883186e-02    3.7519652868e-03
  54.0900000    2.9006500795e-02   -1.5247435624e-03    1.0631550413e-02    1.1285719493e-02   -1.2762797736e-02    8.6478383874e-03   -1.8927367815e-02    3.7620887854e-03
  54.1000000    2.9012414198e-02   -1.5550871502e-03    1.0672097772e-02    1.1275488985e-02   -1.2736099358e-02    8.6585480134e-03   -1.8921798576e-02    3.7722209419e-03
  54.1100000    2.9018214729e-02   -1.5853612405e-03    1.0712604057e-02    1.1265277367e-02   -1.2709395033e-02    8.6692729821e-03   -1.8916175587e-02    3.7823621265e-03
  54.1200000    2.9023910722e-02   -1.6155649958e-03    1.0753081590e-02    1.1255090381e-02   -1.2682688735e-02    8.6800066672e-03   -1.8910498996e-02    3.7925126544e-03
  54.1300000    2.9029513308e-02   -1.6456988259e-03    1.0793543478e-02    1.1244932840e-02   -1.2655983758e-02    8.6907417721e-03   -1.8904768979e-02    3.8026727806e-03
  54.1400000    2.9035036072e-02   -1.6757643658e-03    1.0834003439e-02    1.1234808567e-02   -1.2629282691e-02    8.7014704387e-03   -1.8898985740e-02    3.8128426958e-03
  54.1500000    2.9040494618e-02   -1.7057644423e-03    1.0874475625e-02    1.1224720344e-02   -1.2602587387e-02    8.7121843704e-03   -1.8893149506e-02    3.8230225237e-03
  54.1600000    2.9045906047e-02   -1.7357030290e-03    1.0914974416e-02    1.1214669875e-02   -1.2575898952e-02    8.7228749665e-03   -1.8887260527e-02    3.8332123187e-03
  54.1700000    2.9051288386e-02   -1.7655851902e-03    1.0955514205e-02    1.1204657770e-02   -1.2549217740e-02    8.7335334656e-03   -1.8881319070e-02    3.8434120648e-03
  54.1800000    2.9056659958e-02   -1.7954170141e-03    1.0996109182e-02    1.1194683542e-02   -1.2522543355e-02    8.7441510966e-03   -1.8875325421e-02    3.8536216754e-03
  54.1900000    2.9062038740e-02   -1.8252055338e-03    1.1036773096e-02    1.1184745619e-02   -1.2495874670e-02    8.7547192319e-03   -1.8869279876e-02    3.8638409943e-03
  54.2000000    2.9067441714e-02   -1.8549586361e-03    1.1077519030e-02    1.1174841376e-02   -1.2469209842e-02    8.7652295434e-03   -1.8863182740e-02    3.8740697980e-03
  54.2100000    2.9072884238e-02   -1.8846849571e-03    1.1118359165e-02    1.1164967179e-02   -1.2442546351e-02    8.7756741557e-03   -1.8857034323e-02    3.8843077982e-03
  54.2200000    2.9078379452e-02   -1.9143937642e-03    1.1159304554e-02    1.1155118443e-02   -1.2415881032e-02    8.7860457940e-03   -1.8850834937e-02    3.8945546460e-03
  54.2300000    2.9083937749e-02   -1.9440948240e-03    1.1200364909e-02    1.1145289706e-02   -1.2389210122e-02    8.7963379252e-03   -1.8844584891e-02    3.9048099367e-03
  54.2400000    2.9089566313e-02   -1.9737982550e-03    1.1241548392e-02    1.1135474713e-02   -1.2362529317e-02    8.8065448877e-03   -1.8838284489e-02    3.9150732156e-03
  54.2500000    2.9095268749e-02   -2.0035143673e-03    1.1282861430e-02    1.1125666509e-02   -1.2335833824e-02    8.8166620084e-03   -1.8831934023e-02    3.9253439842e-03
  54.2600000    2.9101044816e-02   -2.0332534890e-03    1.1324308548e-02    1.1115857547e-02   -1.2309118427e-02    8.8266857041e-03   -1.8825533774e-02    3.9356217075e-03
  54.2700000    2.9106890264e-02   -2.0630257811e-03    1.1365892223e-02    1.1106039794e-02   -1.2282377556e-02    8.8366135648e-03   -1.8819084004e-02    3.9459058217e-03
  54.2800000    2.9112796791e-02   -2.0928410440e-03    1.1407612772e-02    1.1096204851e-02   -1.2255605354e-02    8.8464444177e-03   -1.8812584958e-02    3.9561957422e-03
  54.2900000    2.9118752112e-02   -2.1227085183e-03    1.1449468265e-02    1.1086344077e-02   -1.2228795756e-02    8.8561783704e-03   -1.8806036856e-02    3.9664908721e-03
  54.3000000    2.9124740144e-02   -2.1526366833e-03    1.1491454471e-02    1.1076448703e-02   -1.2201942558e-02    8.8658168316e-03   -1.8799439894e-02    3.9767906111e-03
  54.3100000    2.9130741303e-02   -2.1826330597e-03    1.1533564838e-02    1.1066509963e-02   -1.2175039501e-02    8.8753625093e-03   -1.8792794241e-02    3.9870943639e-03
  54.3200000    2.9136732891e-02   -2.2127040192e-03    1.1575790515e-02    1.1056519213e-02   -1.2148080343e-02    8.8848193854e-03   -1.8786100037e-02    3.9974015492e-03
  54.3300000    2.9142689585e-02   -2.2428546084e-03    1.1618120402e-02    1.1046468048e-02   -1.2121058936e-02    8.8941926681e-03   -1.8779357392e-02    4.0077116081e-03
  54.3400000    2.9148583994e-02   -2.2730883921e-03    1.1660541243e-02    1.1036348416e-02   -1.2093969301e-02    8.9034887217e-03   -1.8772566387e-02    4.0180240122e-03
  54.3500000    2.9154387275e-02   -2.3034073217e-03    1.1703037752e-02    1.1026152723e-02   -1.2066805702e-02    8.9127149747e-03   -1.8765727068e-02    4.0283382719e-03
  54.3600000    2.9160069791e-02   -2.3338116346e-03    1.1745592781e-02    1.1015873937e-02   -1.2039562716e-02    8.9218798091e-03   -1.8758839453e-02    4.0386539428e-03
  54.3700000    2.9165601795e-02   -2.3642997890e-03    1.1788187515e-02    1.1005505671e-02   -1.2012235296e-02    8.9309924306e-03   -1.8751903531e-02    4.0489706334e-03
  54.3800000    2.9170954114e-02   -2.3948684393e-03    1.1830801704e-02    1.0995042268e-02   -1.1984818837e-02    8.9400627237e-03   -1.8744919258e-02    4.0592880099e-03
  54.3900000    2.9176098823e-02   -2.4255124550e-03    1.1873413920e-02    1.0984478864e-02   -1.1957309230e-02    8.9491010934e-03   -1.8737886565e-02    4.0696058019e-03
  54.4000000    2.9181009881e-02   -2.4562249849e-03    1.1916001847e-02    1.0973811450e-02   -1.1929702914e-02    8.9581182958e-03   -1.8730805357e-02    4.0799238063e-03
  54.4100000    2.9185663720e-02   -2.4869975685e-03    1.1958542583e-02    1.0963036912e-02   -1.1901996921e-02    8.9671252621e-03   -1.8723675516e-02    4.0902418902e-03
  54.4200000    2.9190039775e-02   -2.5178202932e-03    1.2001012972e-02    1.0952153066e-02   -1.1874188918e-02    8.9761329174e-03   -1.8716496904e-02    4.1005599932e-03
  54.4300000    2.9194120928e-02   -2.5486819949e-03    1.2043389935e-02    1.0941158671e-02   -1.1846277233e-02    8.9851519982e-03   -1.8709269365e-02    4.1108781287e-03
  54.4400000    2.9197893868e-02   -2.5795704998e-03    1.2085650817e-02    1.0930053439e-02   -1.1818260883e-02    8.9941928729e-03   -1.8701992730e-02    4.1211963831e-03
  54.4500000    2.9201349359e-02   -2.6104729006e-03    1.2127773740e-02    1.0918838026e-02   -1.1790139589e-02    9.0032653669e-03   -1.8694666819e-02    4.1315149155e-03
  54.4600000    2.9204482405e-02   -2.6413758603e-03    1.2169737942e-02    1.0907514013e-02   -1.1761913786e-02    9.0123785966e-03   -1.8687291448e-02    4.1418339550e-03
  54.4700000    2.9207292311e-02   -2.6722659382e-03    1.2211524113e-02    1.0896083871e-02   -1.1733584621e-02    9.0215408146e-03   -1.8679866427e-02    4.1521537978e-03
  54.4800000    2.9209782649e-02   -2.7031299253e-03    1.2253114720e-02    1.0884550924e-02   -1.1705153947e-02    9.0307592701e-03   -1.8672391573e-02    4.1624748029e-03
  54.4900000    2.9211961120e-02   -2.7339551828e-03    1.2294494307e-02    1.0872919290e-02   -1.1676624305e-02    9.0400400855e-03   -1.8664866704e-02    4.1727973871e-03
  54.5000000    2.9213839333e-02   -2.7647299713e-03    1.2335649767e-02    1.0861193825e-02   -1.1647998902e-02    9.0493881530e-03   -1.8657291653e-02    4.1831220188e-03
  54.5100000    2.9215432499e-02   -2.7954437613e-03    1.2376570595e-02    1.0849380044e-02   -1.1619281578e-02    9.0588070520e-03   -1.8649666262e-02    4.1934492120e-03
  54.5200000    2.9216759051e-02   -2.8260875150e-03    1.2417249091e-02    1.0837484053e-02   -1.1590476765e-02    9.0682989894e-03   -1.8641990395e-02    4.2037795183e-03
  54.5300000    2.9217840208e-02   -2.8566539291e-03    1.2457680541e-02    1.0825512456e-02   -1.1561589442e-02    9.0778647641e-03   -1.8634263936e-02    4.2141135196e-03
  54.5400000    2.9218699500e-02   -2.8871376305e-03    1.2497863337e-02    1.0813472272e-02   -1.1532625078e-02    9.0875037552e-03   -1.8626486792e-02    4.2244518198e-03
  54.5500000    2.9219362249e-02   -2.9175353188e-03    1.2537799070e-02    1.0801370839e-02   -1.1503589573e-02    9.0972139360e-03   -1.8618658900e-02    4.2347950357e-03
  54.5600000    2.9219855041e-02   -2.9478458474e-03    1.2577492559e-02    1.0789215722e-02   -1.1474489194e-02    9.1069919123e-03   -1.8610780225e-02    4.2451437894e-03
  54.5700000    2.9220205200e-02   -2.9780702421e-03    1.2616951846e-02    1.0777014618e-02   -1.1445330500e-02    9.1168329837e-03   -1.8602850767e-02    4.2554986986e-03
  54.5800000    2.9220440256e-02   -3.0082116539e-03    1.2656188127e-02    1.0764775259e-02   -1.1416120269e-02    9.1267312291e-03   -1.8594870558e-02    4.2658603686e-03
  54.5900000    2.9220587457e-02   -3.0382752467e-03    1.2695215644e-02    1.0752505317e-02   -1.1386865419e-02    9.1366796120e-03   -1.8586839665e-02    4.2762293839e-03
  54.6000000    2.9220673294e-02   -3.0682680233e-03    1.2734051522e-02    1.0740212318e-02   -1.1357572924e-02    9.1466701056e-03   -1.8578758193e-02    4.2866062998e-03
  54.6100000    2.9220723085e-02   -3.0981985935e-03    1.2772715566e-02    1.0727903549e-02   -1.1328249738e-02    9.1566938352e-03   -1.8570626282e-02    4.2969916355e-03
  54.6200000    2.9220760603e-02   -3.1280768923e-03    1.2811230001e-02    1.0715585979e-02   -1.1298902704e-02    9.1667412340e-03   -1.8562444109e-02    4.3073858667e-03
  54.6300000    2.9220807753e-02   -3.1579138562e-03    1.2849619187e-02    1.0703266180e-02   -1.1269538476e-02    9.1768022108e-03   -1.8554211886e-02    4.3177894196e-03
  54.6400000    2.9220884324e-02   -3.1877210684e-03    1.2887909282e-02    1.0690950257e-02   -1.1240163439e-02    9.1868663261e-03   -1.8545929860e-02    4.3282026655e-03
  54.6500000    2.9221007788e-02   -3.2175103851e-03    1.2926127885e-02    1.0678643787e-02   -1.1210783625e-02    9.1969229728e-03   -1.8537598308e-02    4.3386259159e-03
  54.6600000    2.9221193164e-02   -3.2472935543e-03    1.2964303641e-02    1.0666351757e-02   -1.1181404647e-02    9.2069615592e-03   -1.8529217542e-02    4.3490594194e-03
  54.6700000    2.9221452939e-02   -3.2770818415e-03    1.3002465834e-02    1.0654078524e-02   -1.1152031622e-02    9.2169716898e-03   -1.8520787897e-02    4.3595033584e-03
  54.6800000    2.9221797049e-02   -3.3068856743e-03    1.3040643956e-02    1.0641827768e-02   -1.1122669110e-02    9.2269433417e-03   -1.8512309737e-02    4.3699578478e-03
  54.6900000    2.9222232899e-02   -3.3367143195e-03    1.3078867279e-02    1.0629602470e-02   -1.1093321058e-02    9.2368670327e-03   -1.8503783445e-02    4.3804229342e-03
  54.7000000    2.9222765430e-02   -3.3665756035e-03    1.3117164413e-02    1.0617404884e-02   -1.1063990751e-02    9.2467339780e-03   -1.8495209424e-02    4.3908985963e-03
  54.7100000    2.9223397228e-02   -3.3964756863e-03    1.3155562874e-02    1.0605236527e-02   -1.1034680766e-02    9.2565362334e-03   -1.8486588092e-02    4.4013847463e-03
  54.7200000    2.9224128651e-02   -3.4264188977e-03    1.3194088671e-02    1.0593098177e-02   -1.1005392945e-02    9.2662668214e-03   -1.8477919876e-02    4.4118812320e-03
  54.7300000    2.9224957983e-02   -3.4564076427e-03    1.3232765898e-02    1.0580989874e-02   -1.0976128370e-02    9.2759198396e-03   -1.8469205211e-02    4.4223878404e-03
  54.7400000    2.9225881605e-02   -3.4864423778e-03    1.3271616363e-02    1.0568910938e-02   -1.0946887352e-02    9.2854905474e-03   -1.8460444534e-02    4.4329043014e-03
  54.7500000    2.9226894166e-02   -3.5165216622e-03    1.3310659243e-02    1.0556859986e-02   -1.0917669427e-02    9.2949754315e-03   -1.8451638280e-02    4.4434302931e-03
  54.7600000    2.9227988762e-02   -3.5466422801e-03    1.3349910776e-02    1.0544834963e-02   -1.0888473364e-02    9.3043722484e-03   -1.8442786881e-02    4.4539654473e-03
  54.7700000    2.9229157106e-02   -3.5767994308e-03    1.3389383995e-02    1.0532833176e-02   -1.0859297185e-02    9.3136800426e-03   -1.8433890757e-02    4.4645093553e-03
  54.7800000    2.9230389697e-02   -3.6069869797e-03    1.3429088513e-02    1.0520851340e-02   -1.0830138194e-02    9.3228991425e-03   -1.8424950316e-02    4.4750615754e-03
  54.7900000    2.9231675969e-02   -3.6371977609e-03    1.3469030354e-02    1.0508885618e-02   -1.0800993014e-02    9.3320311311e-03   -1.8415965951e-02    4.4856216390e-03
  54.8000000    2.9233004441e-02   -3.6674239195e-03    1.3509211835e-02    1.0496931681e-02   -1.0771857636e-02    9.3410787963e-03   -1.8406938035e-02    4.4961890589e-03
  54.8100000    2.9234362838e-02   -3.6976572813e-03    1.3549631511e-02    1.0484984759e-02   -1.0742727479e-02    9.3500460581e-03   -1.8397866916e-02    4.5067633361e-03
  54.8200000    2.9235738214e-02   -3.7278897347e-03    1.3590284173e-02    1.0473039705e-02   -1.0713597451e-02    9.3589378767e-03   -1.8388752921e-02    4.5173439675e-03
  54.8300000    2.9237117054e-02   -3.7581136098e-03    1.3631160899e-02    1.0461091055e-02   -1.0684462025e-02    9.3677601433e-03   -1.8379596347e-02    4.5279304533e-03
  54.8400000    2.9238485370e-02   -3.7883220399e-03    1.3672249167e-02    1.0449133093e-02   -1.0655315318e-02    9.3765195548e-03   -1.8370397465e-02    4.5385223044e-03
  54.8500000    2.9239828794e-02   -3.8185092896e-03    1.3713533025e-02    1.0437159919e-02   -1.0626151173e-02    9.3852234760e-03   -1.8361156515e-02    4.5491190487e-03
  54.8600000    2.9241132658e-02   -3.8486710360e-03    1.3754993300e-02    1.0425165510e-02   -1.0596963249e-02    9.3938797913e-03   -1.8351873705e-02    4.5597202379e-03
  54.8700000    2.9242382083e-02   -3.8788045912e-03    1.3796607878e-02    1.0413143792e-02   -1.0567745115e-02    9.4024967502e-03   -1.8342549213e-02    4.5703254533e-03
  54.8800000    2.9243562069e-02   -3.9089090543e-03    1.3838352008e-02    1.0401088698e-02   -1.0538490336e-02    9.4110828076e-03   -1.8333183188e-02    4.5809343108e-03
  54.8900000    2.9244657581e-02   -3.9389853865e-03    1.3880198657e-02    1.0388994235e-02   -1.0509192571e-02    9.4196464644e-03   -1.8323775745e-02    4.5915464654e-03
  54.9000000    2.9245653653e-02   -3.9690364036e-03    1.3922118904e-02    1.0376854542e-02   -1.0479845662e-02    9.4281961095e-03   -1.8314326973e-02    4.6021616153e-03
  54.9100000    2.9246535500e-02   -3.9990666850e-03    1.3964082351e-02    1.0364663949e-02   -1.0450443723e-02    9.4367398674e-03   -1.8304836928e-02    4.6127795043e-03
  54.9200000    2.9247288631e-02   -4.0290823992e-03    1.4006057564e-02    1.0352417028e-02   -1.0420981226e-02    9.4452854542e-03   -1.8295305645e-02    4.6233999241e-03
  54.9300000    2.9247898984e-02   -4.0590910528e-03    1.4048012530e-02    1.0340108648e-02   -1.0391453077e-02    9.4538400443e-03   -1.8285733129e-02    4.6340227157e-03
  54.9400000    2.9248353059e-02   -4.0891011693e-03    1.4089915122e-02    1.0327734014e-02   -1.0361854695e-02    9.4624101501e-03   -1.8276119366e-02    4.6446477691e-03
  54.9500000    2.9248638069e-02   -4.1191219099e-03    1.4131733560e-02    1.0315288714e-02   -1.0332182069e-02    9.4710015179e-03   -1.8266464321e-02    4.6552750234e-03
  54.9600000    2.9248742086e-02   -4.1491626497e-03    1.4173436871e-02    1.0302768750e-02   -1.0302431823e-02    9.4796190407e-03   -1.8256767941e-02    4.6659044649e-03
  54.9700000    2.9248654196e-02   -4.1792325255e-03    1.4214995338e-02    1.0290170573e-02   -1.0272601256e-02    9.4882666898e-03   -1.8247030158e-02    4.6765361253e-03
  54.9800000    2.9248364651e-02   -4.2093399725e-03    1.4256380922e-02    1.0277491106e-02   -1.0242688387e-02    9.4969474666e-03   -1.8237250894e-02    4.6871700783e-03
  54.9900000    2.9247865010e-02   -4.2394922691e-03    1.4297567663e-02    1.0264727765e-02   -1.0212691975e-02    9.5056633744e-03   -1.8227430060e-02    4.6978064367e-03
  55.0000000    2.9247148275e-02   -4.2696951080e-03    1.4338532046e-02    1.0251878476e-02   -1.0182611535e-02    9.5144154115e-03   -1.8217567561e-02    4.7084453474e-03
  55.0100000    2.9246209009e-02   -4.2999522122e-03    1.4379253330e-02    1.0238941682e-02   -1.0152447346e-02    9.5232035841e-03   -1.8207663300e-02    4.7190869874e-03
  55.0200000    2.9245043437e-02   -4.3302650138e-03    1.4419713832e-02    1.0225916349e-02   -1.0122200439e-02    9.5320269401e-03   -1.8197717179e-02    4.7297315581e-03
  55.0300000    2.9243649521e-02   -4.3606324111e-03    1.4459899166e-02    1.0212801967e-02   -1.0091872581e-02    9.5408836205e-03   -1.8187729100e-02    4.7403792804e-03
  55.0400000    2.9242027012e-02   -4.3910506149e-03    1.4499798427e-02    1.0199598541e-02   -1.0061466244e-02    9.5497709295e-03   -1.8177698971e-02    4.7510303888e-03
  55.0500000    2.9240177469e-02   -4.4215130974e-03    1.4539404330e-02    1.0186306586e-02   -1.0030984564e-02    9.5586854192e-03   -1.8167626706e-02    4.7616851258e-03
  55.0600000    2.9238104253e-02   -4.4520106465e-03    1.4578713285e-02    1.0172927110e-02   -1.0000431293e-02    9.5676229891e-03   -1.8157512226e-02    4.7723437362e-03
  55.0700000    2.9235812479e-02   -4.4825315307e-03    1.4617725421e-02    1.0159461597e-02   -9.9698107382e-03    9.5765789954e-03   -1.8147355462e-02    4.7830064615e-03
  55.0800000    2.9233308951e-02   -4.5130617703e-03    1.4656444552e-02    1.0145911984e-02   -9.9391276943e-03    9.5855483711e-03   -1.8137156356e-02    4.7936735347e-03
  55.0900000    2.9230602051e-02   -4.5435855116e-03    1.4694878092e-02    1.0132280639e-02   -9.9083873710e-03    9.5945257502e-03   -1.8126914860e-02    4.8043451754e-03
  55.1000000    2.9227701615e-02   -4.5740854922e-03    1.4733036912e-02    1.0118570328e-02   -9.8775953113e-03    9.6035055963e-03   -1.8116630939e-02    4.8150215847e-03
  55.1100000    2.9224618767e-02   -4.6045435844e-03    1.4770935152e-02    1.0104784188e-02   -9.8467573078e-03    9.6124823320e-03   -1.8106304572e-02    4.8257029421e-03
  55.1200000    2.9221365749e-02   -4.6349414003e-03    1.4808589981e-02    1.0090925694e-02   -9.8158793143e-03    9.6214504650e-03   -1.8095935749e-02    4.8363894009e-03
  55.1300000    2.9217955719e-02   -4.6652609367e-03    1.4846021320e-02    1.0076998622e-02   -9.7849673561e-03    9.6304047098e-03   -1.8085524469e-02    4.8470810862e-03
  55.1400000    2.9214402546e-02   -4.6954852402e-03    1.4883251521e-02    1.0063007011e-02   -9.7540274399e-03    9.6393401018e-03   -1.8075070747e-02    4.8577780925e-03
  55.1500000    2.9210720594e-02   -4.7255990666e-03    1.4920305021e-02    1.0048955130e-02   -9.7230654650e-03    9.6482521011e-03   -1.8064574605e-02    4.8684804817e-03
  55.1600000    2.9206924504e-02   -4.7555895126e-03    1.4957207961e-02    1.0034847434e-02   -9.6920871360e-03    9.6571366845e-03   -1.8054036075e-02    4.8791882834e-03
  55.1700000    2.9203028982e-02   -4.7854465936e-03    1.4993987792e-02    1.0020688526e-02   -9.6610978799e-03    9.6659904229e-03   -1.8043455196e-02    4.8899014938e-03
  55.1800000    2.9199048590e-02   -4.8151637477e-03    1.5030672863e-02    1.0006483117e-02   -9.6301027686e-03    9.6748105439e-03   -1.8032832015e-02    4.9006200774e-03
  55.1900000    2.9194997554e-02   -4.8447382431e-03    1.5067292001e-02    9.9922359861e-03   -9.5991064461e-03    9.6835949767e-03   -1.8022166583e-02    4.9113439675e-03
  55.2000000    2.9190889586e-02   -4.8741714719e-03    1.5103874095e-02    9.9779519398e-03   -9.5681130647e-03    9.6923423803e-03   -1.8011458951e-02    4.9220730690e-03
  55.2100000    2.9186737726e-02   -4.9034691170e-03    1.5140447677e-02    9.9636357716e-03   -9.5371262284e-03    9.7010521530e-03   -1.8000709175e-02    4.9328072608e-03
  55.2200000    2.9182554199e-02   -4.9326411802e-03    1.5177040522e-02    9.9492922234e-03   -9.5061489451e-03    9.7097244241e-03   -1.7989917308e-02    4.9435463992e-03
  55.2300000    2.9178350303e-02   -4.9617018680e-03    1.5213679264e-02    9.9349259471e-03   -9.4751835896e-03    9.7183600283e-03   -1.7979083402e-02    4.9542903213e-03
  55.2400000    2.9174136313e-02   -4.9906693327e-03    1.5250389033e-02    9.9205414662e-03   -9.4442318756e-03    9.7269604624e-03   -1.7968207503e-02    4.9650388493e-03
  55.2500000    2.9169921407e-02   -5.0195652749e-03    1.5287193126e-02    9.9061431402e-03   -9.4132948391e-03    9.7355278274e-03   -1.7957289654e-02    4.9757917952e-03
  55.2600000    2.9165713615e-02   -5.0484144153e-03    1.5324112703e-02    9.8917351287e-03   -9.3823728317e-03    9.7440647551e-03   -1.7946329889e-02    4.9865489649e-03
  55.2700000    2.9161519780e-02   -5.0772438507e-03    1.5361166527e-02    9.8773213581e-03   -9.3514655253e-03    9.7525743230e-03   -1.7935328237e-02    4.9973101634e-03
  55.2800000    2.9157345545e-02   -5.1060823126e-03    1.5398370744e-02    9.8629054893e-03   -9.3205719266e-03    9.7610599590e-03   -1.7924284715e-02    5.0080751992e-03
  55.2900000    2.9153195343e-02   -5.1349593494e-03    1.5435738698e-02    9.8484908875e-03   -9.2896904025e-03    9.7695253373e-03   -1.7913199333e-02    5.0188438892e-03
  55.3000000    2.9149072399e-02   -5.1639044585e-03    1.5473280806e-02    9.8340805936e-03   -9.2588187139e-03    9.7779742691e-03   -1.7902072091e-02    5.0296160632e-03
  55.3100000    2.9144978743e-02   -5.1929461944e-03    1.5511004461e-02    9.8196772982e-03   -9.2279540599e-03    9.7864105904e-03   -1.7890902978e-02    5.0403915678e-03
  55.3200000    2.9140915221e-02   -5.2221112822e-03    1.5548913999e-02    9.8052833174e-03   -9.1970931289e-03    9.7948380494e-03   -1.7879691973e-02    5.0511702707e-03
  55.3300000    2.9136881514e-02   -5.2514237641e-03    1.5587010697e-02    9.7909005714e-03   -9.1662321575e-03    9.8032601954e-03   -1.7868439049e-02    5.0619520634e-03
  55.3400000    2.9132876149e-02   -5.2809042077e-03    1.5625292823e-02    9.7765305658e-03   -9.1353669959e-03    9.8116802742e-03   -1.7857144165e-02    5.0727368648e-03
  55.3500000    2.9128896519e-02   -5.3105690020e-03    1.5663755734e-02    9.7621743753e-03   -9.1044931774e-03    9.8201011292e-03   -1.7845807278e-02    5.0835246230e-03
  55.3600000    2.9124938892e-02   -5.3404297654e-03    1.5702392002e-02    9.7478326307e-03   -9.0736059925e-03    9.8285251136e-03   -1.7834428336e-02    5.0943153171e-03
  55.3700000    2.9120998425e-02   -5.3704928850e-03    1.5741191587e-02    9.7335055096e-03   -9.0427005660e-03    9.8369540136e-03   -1.7823007280e-02    5.1051089580e-03
  55.3800000    2.9117069177e-02   -5.4007592046e-03    1.5780142043e-02    9.7191927294e-03   -9.0117719346e-03    9.8453889855e-03   -1.7811544052e-02    5.1159055890e-03
  55.3900000    2.9113144123e-02   -5.4312238721e-03    1.5819228750e-02    9.7048935450e-03   -8.9808151250e-03    9.8538305085e-03   -1.7800038588e-02    5.1267052850e-03
  55.4000000    2.9109215177e-02   -5.4618763531e-03    1.5858435174e-02    9.6906067497e-03   -8.9498252318e-03    9.8622783536e-03   -1.7788490827e-02    5.1375081516e-03
  55.4100000    2.9105273222e-02   -5.4927006122e-03    1.5897743150e-02    9.6763306804e-03   -8.9187974915e-03    9.8707315697e-03   -1.7776900709e-02    5.1483143233e-03
  55.4200000    2.9101308151e-02   -5.5236754573e-03    1.5937133175e-02    9.6620632260e-03   -8.8877273544e-03    9.8791884877e-03   -1.7765268177e-02    5.1591239609e-03
  55.4300000    2.9097308926e-02   -5.5547750374e-03    1.5976584717e-02    9.6478018416e-03   -8.8566105512e-03    9.8876467428e-03   -1.7753593180e-02    5.1699372486e-03
  55.4400000    2.9093263657e-02   -5.5859694807e-03    1.6016076530e-02    9.6335435654e-03   -8.8254431549e-03    9.8961033137e-03   -1.7741875677e-02    5.1807543904e-03
  55.4500000    2.9089159705e-02   -5.6172256530e-03    1.6055586966e-02    9.6192850409e-03   -8.7942216351e-03    9.9045545788e-03   -1.7730115632e-02    5.1915756057e-03
  55.4600000    2.9084983813e-02   -5.6485080149e-03    1.6095094285e-02    9.6050225433e-03   -8.7629429063e-03    9.9129963882e-03   -1.7718313023e-02    5.2024011252e-03
  55.4700000    2.9080722256e-02   -5.6797795518e-03    1.6134576960e-02    9.5907520100e-03   -8.7316043677e-03    9.9214241500e-03   -1.7706467839e-02    5.2132311860e-03
  55.4800000    2.9076361034e-02   -5.7110027501e-03    1.6174013964e-02    9.5764690755e-03   -8.7002039349e-03    9.9298329288e-03   -1.7694580083e-02    5.2240660265e-03
  55.4900000    2.9071886082e-02   -5.7421405888e-03    1.6213385040e-02    9.5621691106e-03   -8.6687400628e-03    9.9382175541e-03   -1.7682649769e-02    5.2349058810e-03
  55.5000000    2.9067283515e-02   -5.7731575198e-03    1.6252670957e-02    9.5478472651e-03   -8.6372117599e-03    9.9465727380e-03   -1.7670676930e-02    5.2457509752e-03
  55.5100000    2.9062539888e-02   -5.8040204059e-03    1.6291853732e-02    9.5334985144e-03   -8.6056185932e-03    9.9548931964e-03   -1.7658661611e-02    5.2566015202e-03
  55.5200000    2.9057642484e-02   -5.8346993920e-03    1.6330916837e-02    9.5191177093e-03   -8.5739606842e-03    9.9631737751e-03   -1.7646603872e-02    5.2674577083e-03
