  50.0100000   -4.8286044777e-03    3.6233468805e-03   -1.9229480314e-03   -2.2883612020e-03    3.2323388104e-03   -1.3367827395e-03    1.8858960649e-03    5.4524716845e-04
  50.0200000   -4.8195384200e-03    3.6337783992e-03   -1.9350217418e-03   -2.2826783097e-03    3.2313035366e-03   -1.3413168556e-03    1.8907523208e-03    5.4214527523e-04
  50.0300000   -4.8110561885e-03    3.6442022074e-03   -1.9469911535e-03   -2.2768760231e-03    3.2302062766e-03   -1.3458837146e-03    1.8955843205e-03    5.3903348556e-04
  50.0400000   -4.8031272328e-03    3.6546018845e-03   -1.9588691611e-03   -2.2709527638e-03    3.2290484108e-03   -1.3504864658e-03    1.9003911534e-03    5.3591165902e-04
  50.0500000   -4.7957116072e-03    3.6649613877e-03   -1.9706694599e-03   -2.2649082158e-03    3.2278315461e-03   -1.3551275892e-03    1.9051723078e-03    5.3277966064e-04
  50.0600000   -4.7887609506e-03    3.6752654100e-03   -1.9824063607e-03   -2.2587435633e-03    3.2265574952e-03   -1.3598088577e-03    1.9099276433e-03    5.2963736772e-04
  50.0700000   -4.7822196531e-03    3.6854997049e-03   -1.9940945997e-03   -2.2524616982e-03    3.2252282564e-03   -1.3645313124e-03    1.9146573628e-03    5.2648467582e-04
  50.0800000   -4.7760261574e-03    3.6956513655e-03   -2.0057491614e-03   -2.2460673880e-03    3.2238459934e-03   -1.3692952497e-03    1.9193619862e-03    5.2332150379e-04
  50.0900000   -4.7740114159e-03    3.7044448126e-03   -2.0173037508e-03   -2.2383203509e-03    3.2224130169e-03   -1.3741002219e-03    1.9240423244e-03    5.2014779798e-04
  50.1000000   -4.7658258919e-03    3.7138028972e-03   -2.0291055627e-03   -2.2313865676e-03    3.2209317670e-03   -1.3789450500e-03    1.9286994536e-03    5.1696353542e-04
  50.1100000   -4.7575031891e-03    3.7229630997e-03   -2.0409554273e-03   -2.2244126381e-03    3.2194047968e-03   -1.3838278487e-03    1.9333346914e-03    5.1376872624e-04
  50.1200000   -4.7490249810e-03    3.7319312160e-03   -2.0528650148e-03   -2.2174186678e-03    3.2178347578e-03   -1.3887460632e-03    1.9379495726e-03    5.1056341523e-04
  50.1300000   -4.7403734224e-03    3.7407154986e-03   -2.0648449082e-03   -2.2104247564e-03    3.2162243862e-03   -1.3936965168e-03    1.9425458266e-03    5.0734768256e-04
  50.1400000   -4.7315314296e-03    3.7493264914e-03   -2.0769044880e-03   -2.2034506917e-03    3.2145764910e-03   -1.3986754681e-03    1.9471253551e-03    5.0412164377e-04
  50.1500000   -4.7224829728e-03    3.7577768267e-03   -2.0890518364e-03   -2.1965156484e-03    3.2128939427e-03   -1.4036786776e-03    1.9516902106e-03    5.0088544907e-04
  50.1600000   -4.7132133740e-03    3.7660809873e-03   -2.1012936625e-03   -2.1896378967e-03    3.2111796637e-03   -1.4087014810e-03    1.9562425752e-03    4.9763928196e-04
  50.1700000   -4.7037096044e-03    3.7742550380e-03   -2.1136352482e-03   -2.1828345236e-03    3.2094366184e-03   -1.4137388689e-03    1.9607847410e-03    4.9438335732e-04
  50.1800000   -4.6939605775e-03    3.7823163305e-03   -2.1260804164e-03   -2.1761211742e-03    3.2076678048e-03   -1.4187855711e-03    1.9653190899e-03    4.9111791892e-04
  50.1900000   -4.6839574292e-03    3.7902831871e-03   -2.1386315195e-03   -2.1695118138e-03    3.2058762450e-03   -1.4238361438e-03    1.9698480748e-03    4.8784323657e-04
  50.2000000   -4.6736937787e-03    3.7981745686e-03   -2.1512894494e-03   -2.1630185175e-03    3.2040649769e-03   -1.4288850581e-03    1.9743742011e-03    4.8455960284e-04
  50.2100000   -4.6631659608e-03    3.8060097327e-03   -2.1640536665e-03   -2.1566512882e-03    3.2022370435e-03   -1.4339267884e-03    1.9789000087e-03    4.8126732950e-04
  50.2200000   -4.6523732209e-03    3.8138078902e-03   -2.1769222487e-03   -2.1504179079e-03    3.2003954829e-03   -1.4389558992e-03    1.9834280547e-03    4.7796674376e-04
  50.2300000   -4.6413178628e-03    3.8215878643e-03   -2.1898919568e-03   -2.1443238226e-03    3.1985433157e-03   -1.4439671286e-03    1.9879608963e-03    4.7465818429e-04
  50.2400000   -4.6300053401e-03    3.8293677616e-03   -2.2029583163e-03   -2.1383720644e-03    3.1966835314e-03   -1.4489554670e-03    1.9925010747e-03    4.7134199731e-04
  50.2500000   -4.6184442834e-03    3.8371646606e-03   -2.2161157132e-03   -2.1325632110e-03    3.1948190731e-03   -1.4539162301e-03    1.9970510994e-03    4.6801853248e-04
  50.2600000   -4.6066464554e-03    3.8449943249e-03   -2.2293575020e-03   -2.1268953828e-03    3.1929528189e-03   -1.4588451249e-03    2.0016134327e-03    4.6468813902e-04
  50.2700000   -4.5946266290e-03    3.8528709467e-03   -2.2426761232e-03   -2.1213642788e-03    3.1910875628e-03   -1.4637383077e-03    2.0061904756e-03    4.6135116186e-04
  50.2800000   -4.5824023865e-03    3.8608069268e-03   -2.2560632297e-03   -2.1159632493e-03    3.1892259917e-03   -1.4685924329e-03    2.0107845540e-03    4.5800793797e-04
  50.2900000   -4.5699938395e-03    3.8688126943e-03   -2.2695098177e-03   -2.1106834054e-03    3.1873706608e-03   -1.4734046926e-03    2.0153979052e-03    4.5465879298e-04
  50.3000000   -4.5574232735e-03    3.8768965715e-03   -2.2830063624e-03   -2.1055137620e-03    3.1855239668e-03   -1.4781728465e-03    2.0200326658e-03    4.5130403803e-04
  50.3100000   -4.5447147238e-03    3.8850646848e-03   -2.2965429535e-03   -2.1004414135e-03    3.1836881186e-03   -1.4828952409e-03    2.0246908604e-03    4.4794396693e-04
  50.3200000   -4.5318934940e-03    3.8933209234e-03   -2.3101094312e-03   -2.0954517379e-03    3.1818651070e-03   -1.4875708184e-03    2.0293743906e-03    4.4457885374e-04
  50.3300000   -4.5189856287e-03    3.9016669462e-03   -2.3236955191e-03   -2.0905286268e-03    3.1800566717e-03   -1.4921991170e-03    2.0340850254e-03    4.4120895069e-04
  50.3400000   -4.5060173582e-03    3.9101022348e-03   -2.3372909518e-03   -2.0856547372e-03    3.1782642687e-03   -1.4967802596e-03    2.0388243923e-03    4.3783448647e-04
  50.3500000   -4.4930145310e-03    3.9186241908e-03   -2.3508855968e-03   -2.0808117608e-03    3.1764890368e-03   -1.5013149339e-03    2.0435939699e-03    4.3445566502e-04
  50.3600000   -4.4800020550e-03    3.9272282726e-03   -2.3644695687e-03   -2.0759807073e-03    3.1747317636e-03   -1.5058043649e-03    2.0483950810e-03    4.3107266468e-04
  50.3700000   -4.4670033648e-03    3.9359081683e-03   -2.3780333333e-03   -2.0711421956e-03    3.1729928537e-03   -1.5102502785e-03    2.0532288870e-03    4.2768563781e-04
  50.3800000   -4.4540399342e-03    3.9446559984e-03   -2.3915678022e-03   -2.0662767498e-03    3.1712722975e-03   -1.5146548586e-03    2.0580963834e-03    4.2429471078e-04
  50.3900000   -4.4411308523e-03    3.9534625415e-03   -2.4050644163e-03   -2.0613650939e-03    3.1695696426e-03   -1.5190206991e-03    2.0629983968e-03    4.2089998443e-04
  50.4000000   -4.4282924745e-03    3.9623174782e-03   -2.4185152164e-03   -2.0563884418e-03    3.1678839692e-03   -1.5233507502e-03    2.0679355823e-03    4.1750153486e-04
  50.4100000   -4.4155381636e-03    3.9712096443e-03   -2.4319129030e-03   -2.0513287768e-03    3.1662138681e-03   -1.5276482622e-03    2.0729084232e-03    4.1409941463e-04
  50.4200000   -4.4028781261e-03    3.9801272874e-03   -2.4452508827e-03   -2.0461691168e-03    3.1645574250e-03   -1.5319167263e-03    2.0779172307e-03    4.1069365425e-04
  50.4300000   -4.3903193486e-03    3.9890583214e-03   -2.4585233027e-03   -2.0408937613e-03    3.1629122090e-03   -1.5361598146e-03    2.0829621453e-03    4.0728426401e-04
  50.4400000   -4.3778656334e-03    3.9979905707e-03   -2.4717250729e-03   -2.0354885161e-03    3.1612752688e-03   -1.5403813199e-03    2.0880431398e-03    4.0387123605e-04
  50.4500000   -4.3655177293e-03    4.0069120007e-03   -2.4848518765e-03   -2.0299408918e-03    3.1596431342e-03   -1.5445850970e-03    2.0931600225e-03    4.0045454665e-04
  50.4600000   -4.3532735491e-03    4.0158109292e-03   -2.4979001695e-03   -2.0242402744e-03    3.1580118271e-03   -1.5487750052e-03    2.0983124423e-03    3.9703415871e-04
  50.4700000   -4.3411284610e-03    4.0246762150e-03   -2.5108671703e-03   -2.0183780646e-03    3.1563768781e-03   -1.5529548551e-03    2.1034998939e-03    3.9361002434e-04
  50.4800000   -4.3290756418e-03    4.0334974212e-03   -2.5237508392e-03   -2.0123477835e-03    3.1547333536e-03   -1.5571283585e-03    2.1087217249e-03    3.9018208755e-04
  50.4900000   -4.3171064729e-03    4.0422649515e-03   -2.5365498506e-03   -2.0061451451e-03    3.1530758897e-03   -1.5612990829e-03    2.1139771435e-03    3.8675028694e-04
  50.5000000   -4.3052109635e-03    4.0509701589e-03   -2.5492635572e-03   -1.9997680925e-03    3.1513987358e-03   -1.5654704111e-03    2.1192652261e-03    3.8331455843e-04
  50.5100000   -4.2933781828e-03    4.0596054256e-03   -2.5618919486e-03   -1.9932168000e-03    3.1496958056e-03   -1.5696455072e-03    2.1245849272e-03    3.7987483789e-04
  50.5200000   -4.2815966831e-03    4.0681642181e-03   -2.5744356054e-03   -1.9864936390e-03    3.1479607369e-03   -1.5738272870e-03    2.1299350886e-03    3.7643106364e-04
  50.5300000   -4.2698548994e-03    4.0766411149e-03   -2.5868956488e-03   -1.9796031113e-03    3.1461869591e-03   -1.5780183957e-03    2.1353144496e-03    3.7298317889e-04
  50.5400000   -4.2581415105e-03    4.0850318124e-03   -2.5992736894e-03   -1.9725517491e-03    3.1443677672e-03   -1.5822211909e-03    2.1407216575e-03    3.6953113384e-04
  50.5500000   -4.2464457502e-03    4.0933331091e-03   -2.6115717729e-03   -1.9653479851e-03    3.1424964028e-03   -1.5864377315e-03    2.1461552789e-03    3.6607488773e-04
  50.5600000   -4.2347576609e-03    4.1015428726e-03   -2.6237923273e-03   -1.9580019948e-03    3.1405661400e-03   -1.5906697721e-03    2.1516138103e-03    3.6261441046e-04
  50.5700000   -4.2230682827e-03    4.1096599902e-03   -2.6359381103e-03   -1.9505255137e-03    3.1385703757e-03   -1.5949187630e-03    2.1570956895e-03    3.5914968405e-04
  50.5800000   -4.2113697759e-03    4.1176843072e-03   -2.6480121585e-03   -1.9429316336e-03    3.1365027231e-03   -1.5991858541e-03    2.1625993066e-03    3.5568070371e-04
  50.5900000   -4.1996554782e-03    4.1256165551e-03   -2.6600177392e-03   -1.9352345807e-03    3.1343571067e-03   -1.6034719042e-03    2.1681230152e-03    3.5220747858e-04
  50.6000000   -4.1879198978e-03    4.1334582710e-03   -2.6719583059e-03   -1.9274494798e-03    3.1321278578e-03   -1.6077774920e-03    2.1736651428e-03    3.4873003217e-04
  50.6100000   -4.1761586490e-03    4.1412117124e-03   -2.6838374570e-03   -1.9195921090e-03    3.1298098087e-03   -1.6121029319e-03    2.1792240016e-03    3.4524840243e-04
  50.6200000   -4.1643683373e-03    4.1488797672e-03   -2.6956588993e-03   -1.9116786482e-03    3.1273983837e-03   -1.6164482903e-03    2.1847978984e-03    3.4176264140e-04
  50.6300000   -4.1525464029e-03    4.1564658606e-03   -2.7074264154e-03   -1.9037254273e-03    3.1248896864e-03   -1.6208134044e-03    2.1903851437e-03    3.3827281462e-04
  50.6400000   -4.1406909318e-03    4.1639738626e-03   -2.7191438361e-03   -1.8957486759e-03    3.1222805807e-03   -1.6251979014e-03    2.1959840614e-03    3.3477900009e-04
  50.6500000   -4.1288004450e-03    4.1714079934e-03   -2.7308150169e-03   -1.8877642807e-03    3.1195687636e-03   -1.6296012180e-03    2.2015929964e-03    3.3128128697e-04
  50.6600000   -4.1168736773e-03    4.1787727314e-03   -2.7424438196e-03   -1.8797875534e-03    3.1167528298e-03   -1.6340226189e-03    2.2072103221e-03    3.2777977398e-04
  50.6700000   -4.1049093538e-03    4.1860727225e-03   -2.7540340970e-03   -1.8718330129e-03    3.1138323256e-03   -1.6384612154e-03    2.2128344479e-03    3.2427456742e-04
  50.6800000   -4.0929059758e-03    4.1933126927e-03   -2.7655896822e-03   -1.8639141850e-03    3.1108077900e-03   -1.6429159814e-03    2.2184638243e-03    3.2076577906e-04
  50.6900000   -4.0808616242e-03    4.2004973644e-03   -2.7771143806e-03   -1.8560434232e-03    3.1076807846e-03   -1.6473857688e-03    2.2240969487e-03    3.1725352373e-04
  50.7000000   -4.0687737880e-03    4.2076313780e-03   -2.7886119646e-03   -1.8482317518e-03    3.1044539077e-03   -1.6518693200e-03    2.2297323695e-03    3.1373791677e-04
  50.7100000   -4.0566392253e-03    4.2147192203e-03   -2.8000861710e-03   -1.8404887350e-03    3.1011307947e-03   -1.6563652791e-03    2.2353686894e-03    3.1021907131e-04
  50.7200000   -4.0444538629e-03    4.2217651596e-03   -2.8115406985e-03   -1.8328223725e-03    3.0977161028e-03   -1.6608722000e-03    2.2410045683e-03    3.0669709545e-04
  50.7300000   -4.0322127371e-03    4.2287731900e-03   -2.8229792072e-03   -1.8252390228e-03    3.0942154804e-03   -1.6653885537e-03    2.2466387250e-03    3.0317208942e-04
  50.7400000   -4.0199099808e-03    4.2357469862e-03   -2.8344053172e-03   -1.8177433553e-03    3.0906355200e-03   -1.6699127327e-03    2.2522699382e-03    2.9964414269e-04
  50.7500000   -4.0075388581e-03    4.2426898684e-03   -2.8458226074e-03   -1.8103383309e-03    3.0869836958e-03   -1.6744430542e-03    2.2578970466e-03    2.9611333115e-04
  50.7600000   -3.9950918453e-03    4.2496047807e-03   -2.8572346116e-03   -1.8030252105e-03    3.0832682868e-03   -1.6789777620e-03    2.2635189489e-03    2.9257971436e-04
  50.7700000   -3.9825607594e-03    4.2564942806e-03   -2.8686448144e-03   -1.7958035914e-03    3.0794982838e-03   -1.6835150279e-03    2.2691346020e-03    2.8904333292e-04
  50.7800000   -3.9699369301e-03    4.2633605435e-03   -2.8800566434e-03   -1.7886714686e-03    3.0756832847e-03   -1.6880529520e-03    2.2747430195e-03    2.8550420603e-04
  50.7900000   -3.9572114118e-03    4.2702053786e-03   -2.8914734587e-03   -1.7816253209e-03    3.0718333762e-03   -1.6925895640e-03    2.2803432697e-03    2.8196232929e-04
  50.8000000   -3.9443752310e-03    4.2770302586e-03   -2.9028985401e-03   -1.7746602189e-03    3.0679590047e-03   -1.6971228248e-03    2.2859344722e-03    2.7841767267e-04
  50.8100000   -3.9314196608e-03    4.2838363595e-03   -2.9143350693e-03   -1.7677699518e-03    3.0640708388e-03   -1.7016506291e-03    2.2915157952e-03    2.7487017887e-04
  50.8200000   -3.9183365163e-03    4.2906246111e-03   -2.9257861100e-03   -1.7609471710e-03    3.0601796237e-03   -1.7061708103e-03    2.2970864517e-03    2.7131976195e-04
  50.8300000   -3.9051184607e-03    4.2973957547e-03   -2.9372545833e-03   -1.7541835476e-03    3.0562960302e-03   -1.7106811469e-03    2.3026456957e-03    2.6776630626e-04
  50.8400000   -3.8917593130e-03    4.3041504059e-03   -2.9487432406e-03   -1.7474699395e-03    3.0524305016e-03   -1.7151793723e-03    2.3081928185e-03    2.6420966588e-04
  50.8500000   -3.8782543455e-03    4.3108891189e-03   -2.9602546318e-03   -1.7407965663e-03    3.0485930984e-03   -1.7196631867e-03    2.3137271441e-03    2.6064966426e-04
  50.8600000   -3.8646005613e-03    4.3176124504e-03   -2.9717910725e-03   -1.7341531869e-03    3.0447933459e-03   -1.7241302731e-03    2.3192480255e-03    2.5708609445e-04
  50.8700000   -3.8507969401e-03    4.3243210184e-03   -2.9833546072e-03   -1.7275292785e-03    3.0410400848e-03   -1.7285783156e-03    2.3247548406e-03    2.5351871952e-04
  50.8800000   -3.8368446429e-03    4.3310155528e-03   -2.9949469717e-03   -1.7209142123e-03    3.0373413288e-03   -1.7330050222e-03    2.3302469880e-03    2.4994727363e-04
  50.8900000   -3.8227471635e-03    4.3376969350e-03   -3.0065695536e-03   -1.7142974228e-03    3.0337041311e-03   -1.7374081496e-03    2.3357238833e-03    2.4637146322e-04
  50.9000000   -3.8085104227e-03    4.3443662235e-03   -3.0182233532e-03   -1.7076685694e-03    3.0301344612e-03   -1.7417855324e-03    2.3411849558e-03    2.4279096884e-04
  50.9100000   -3.7941427939e-03    4.3510246625e-03   -3.0299089445e-03   -1.7010176856e-03    3.0266370959e-03   -1.7461351139e-03    2.3466296448e-03    2.3920544713e-04
  50.9200000   -3.7796550594e-03    4.3576736733e-03   -3.0416264378e-03   -1.6943353151e-03    3.0232155253e-03   -1.7504549802e-03    2.3520573969e-03    2.3561453329e-04
  50.9300000   -3.7650602936e-03    4.3643148253e-03   -3.0533754442e-03   -1.6876126319e-03    3.0198718754e-03   -1.7547433945e-03    2.3574676635e-03    2.3201784378e-04
  50.9400000   -3.7503736740e-03    4.3709497877e-03   -3.0651550444e-03   -1.6808415437e-03    3.0166068500e-03   -1.7589988344e-03    2.3628598984e-03    2.2841497932e-04
  50.9500000   -3.7356122223e-03    4.3775802637e-03   -3.0769637606e-03   -1.6740147761e-03    3.0134196925e-03   -1.7632200277e-03    2.3682335560e-03    2.2480552811e-04
  50.9600000   -3.7207944835e-03    4.3842079060e-03   -3.0887995351e-03   -1.6671259378e-03    3.0103081681e-03   -1.7674059886e-03    2.3735880906e-03    2.2118906929e-04
  50.9700000   -3.7059401490e-03    4.3908342187e-03   -3.1006597134e-03   -1.6601695667e-03    3.0072685688e-03   -1.7715560518e-03    2.3789229546e-03    2.1756517653e-04
  50.9800000   -3.6910696350e-03    4.3974604480e-03   -3.1125410359e-03   -1.6531411552e-03    3.0042957392e-03   -1.7756699049e-03    2.3842375988e-03    2.1393342164e-04
  50.9900000   -3.6762036293e-03    4.4040874652e-03   -3.1244396363e-03   -1.6460371574e-03    3.0013831258e-03   -1.7797476163e-03    2.3895314721e-03    2.1029337842e-04
  51.0000000   -3.6613626183e-03    4.4107156479e-03   -3.1363510489e-03   -1.6388549771e-03    2.9985228469e-03   -1.7837896600e-03    2.3948040224e-03    2.0664462632e-04
  51.0100000   -3.6465664099e-03    4.4173447631e-03   -3.1482702248e-03   -1.6315929385e-03    2.9957057845e-03   -1.7877969343e-03    2.4000546969e-03    2.0298675416e-04
  51.0200000   -3.6318336661e-03    4.4239738590e-03   -3.1601915573e-03   -1.6242502418e-03    2.9929216958e-03   -1.7917707746e-03    2.4052829438e-03    1.9931936373e-04
  51.0300000   -3.6171814598e-03    4.4306011693e-03   -3.1721089177e-03   -1.6168269036e-03    2.9901593437e-03   -1.7957129592e-03    2.4104882139e-03    1.9564207322e-04
  51.0400000   -3.6026248684e-03    4.4372240360e-03   -3.1840156993e-03   -1.6093236862e-03    2.9874066446e-03   -1.7996257081e-03    2.4156699624e-03    1.9195452050e-04
  51.0500000   -3.5881766159e-03    4.4438388559e-03   -3.1959048729e-03   -1.6017420159e-03    2.9846508307e-03   -1.8035116734e-03    2.4208276514e-03    1.8825636611e-04
  51.0600000   -3.5738467739e-03    4.4504410536e-03   -3.2077690504e-03   -1.5940838948e-03    2.9818786258e-03   -1.8073739209e-03    2.4259607525e-03    1.8454729600e-04
  51.0700000   -3.5596425277e-03    4.4570250850e-03   -3.2196005576e-03   -1.5863518060e-03    2.9790764307e-03   -1.8112159039e-03    2.4310687492e-03    1.8082702393e-04
  51.0800000   -3.5455680140e-03    4.4635844750e-03   -3.2313915160e-03   -1.5785486176e-03    2.9762305176e-03   -1.8150414277e-03    2.4361511400e-03    1.7709529355e-04
  51.0900000   -3.5316242318e-03    4.4701118875e-03   -3.2431339315e-03   -1.5706774847e-03    2.9733272275e-03   -1.8188546056e-03    2.4412074415e-03    1.7335188004e-04
  51.1000000   -3.5178090262e-03    4.4765992311e-03   -3.2548197896e-03   -1.5627417540e-03    2.9703531708e-03   -1.8226598074e-03    2.4462371911e-03    1.6959659143e-04
  51.1100000   -3.5041171449e-03    4.4830377980e-03   -3.2664411570e-03   -1.5547448730e-03    2.9672954265e-03   -1.8264615991e-03    2.4512399506e-03    1.6582926946e-04
  51.1200000   -3.4905403610e-03    4.4894184331e-03   -3.2779902860e-03   -1.5466903042e-03    2.9641417363e-03   -1.8302646770e-03    2.4562153088e-03    1.6204978997e-04
  51.1300000   -3.4770676569e-03    4.4957317308e-03   -3.2894597230e-03   -1.5385814482e-03    2.9608806922e-03   -1.8340737948e-03    2.4611628849e-03    1.5825806293e-04
  51.1400000   -3.4636854634e-03    4.5019682544e-03   -3.3008424175e-03   -1.5304215759e-03    2.9575019134e-03   -1.8378936862e-03    2.4660823308e-03    1.5445403201e-04
  51.1500000   -3.4503779439e-03    4.5081187728e-03   -3.3121318307e-03   -1.5222137716e-03    2.9539962101e-03   -1.8417289840e-03    2.4709733343e-03    1.5063767374e-04
  51.1600000   -3.4371273168e-03    4.5141745066e-03   -3.3233220427e-03   -1.5139608878e-03    2.9503557314e-03   -1.8455841369e-03    2.4758356214e-03    1.4680899623e-04
  51.1700000   -3.4239142067e-03    4.5201273782e-03   -3.3344078552e-03   -1.5056655129e-03    2.9465740947e-03   -1.8494633247e-03    2.4806689586e-03    1.4296803758e-04
  51.1800000   -3.4107180165e-03    4.5259702571e-03   -3.3453848892e-03   -1.4973299509e-03    2.9426464949e-03   -1.8533703756e-03    2.4854731546e-03    1.3911486385e-04
  51.1900000   -3.3975173119e-03    4.5316971924e-03   -3.3562496749e-03   -1.4889562145e-03    2.9385697908e-03   -1.8573086848e-03    2.4902480627e-03    1.3524956679e-04
  51.2000000   -3.3842902119e-03    4.5373036254e-03   -3.3669997335e-03   -1.4805460310e-03    2.9343425681e-03   -1.8612811374e-03    2.4949935815e-03    1.3137226125e-04
  51.2100000   -3.3710147780e-03    4.5427865742e-03   -3.3776336475e-03   -1.4721008588e-03    2.9299651758e-03   -1.8652900377e-03    2.4997096562e-03    1.2748308229e-04
  51.2200000   -3.3576693971e-03    4.5481447833e-03   -3.3881511200e-03   -1.4636219164e-03    2.9254397381e-03   -1.8693370442e-03    2.5043962795e-03    1.2358218226e-04
  51.2300000   -3.3442331527e-03    4.5533788328e-03   -3.3985530192e-03   -1.4551102196e-03    2.9207701388e-03   -1.8734231153e-03    2.5090534919e-03    1.1966972754e-04
  51.2400000   -3.3306861798e-03    4.5584912005e-03   -3.4088414099e-03   -1.4465666281e-03    2.9159619793e-03   -1.8775484631e-03    2.5136813815e-03    1.1574589533e-04
  51.2500000   -3.3170099998e-03    4.5634862753e-03   -3.4190195679e-03   -1.4379918981e-03    2.9110225106e-03   -1.8817125203e-03    2.5182800840e-03    1.1181087033e-04
  51.2600000   -3.3031878320e-03    4.5683703170e-03   -3.4290919786e-03   -1.4293867400e-03    2.9059605397e-03   -1.8859139185e-03    2.5228497817e-03    1.0786484144e-04
  51.2700000   -3.2892048767e-03    4.5731513637e-03   -3.4390643184e-03   -1.4207518785e-03    2.9007863123e-03   -1.8901504804e-03    2.5273907025e-03    1.0390799856e-04
  51.2800000   -3.2750485677e-03    4.5778390861e-03   -3.4489434188e-03   -1.4120881146e-03    2.8955113723e-03   -1.8944192256e-03    2.5319031190e-03    9.9940529467e-05
  51.2900000   -3.2607087899e-03    4.5824445922e-03   -3.4587372124e-03   -1.4033963852e-03    2.8901484013e-03   -1.8987163906e-03    2.5363873459e-03    9.5962616849e-05
  51.3000000   -3.2461780574e-03    4.5869801858e-03   -3.4684546621e-03   -1.3946778209e-03    2.8847110396e-03   -1.9030374642e-03    2.5408437391e-03    9.1974435618e-05
  51.3100000   -3.2314516492e-03    4.5914590844e-03   -3.4781056737e-03   -1.3859337976e-03    2.8792136917e-03   -1.9073772361e-03    2.5452726925e-03    8.7976150418e-05
  51.3200000   -3.2165276980e-03    4.5958951042e-03   -3.4877009910e-03   -1.3771659826e-03    2.8736713186e-03   -1.9117298601e-03    2.5496746358e-03    8.3967913445e-05
  51.3300000   -3.2014072278e-03    4.6003023206e-03   -3.4972520778e-03   -1.3683763714e-03    2.8680992211e-03   -1.9160889306e-03    2.5540500319e-03    7.9949862614e-05
  51.3400000   -3.1860941385e-03    4.6046947125e-03   -3.5067709840e-03   -1.3595673149e-03    2.8625128161e-03   -1.9204475709e-03    2.5583993737e-03    7.5922120070e-05
  51.3500000   -3.1705951336e-03    4.6090858021e-03   -3.5162702011e-03   -1.3507415357e-03    2.8569274105e-03   -1.9247985332e-03    2.5627231809e-03    7.1884791076e-05
  51.3600000   -3.1549195899e-03    4.6134883000e-03   -3.5257625062e-03   -1.3419021331e-03    2.8513579750e-03   -1.9291343078e-03    2.5670219970e-03    6.7837963331e-05
  51.3700000   -3.1390793694e-03    4.6179137666e-03   -3.5352607974e-03   -1.3330525745e-03    2.8458189223e-03   -1.9334472404e-03    2.5712963853e-03    6.3781706662e-05
  51.3800000   -3.1230885745e-03    4.6223723002e-03   -3.5447779242e-03   -1.3241966748e-03    2.8403238929e-03   -1.9377296554e-03    2.5755469258e-03    5.9716073156e-05
  51.3900000   -3.1069632491e-03    4.6268722620e-03   -3.5543265117e-03   -1.3153385631e-03    2.8348855507e-03   -1.9419739834e-03    2.5797742115e-03    5.5641097657e-05
  51.4000000   -3.0907210311e-03    4.6314200473e-03   -3.5639187858e-03   -1.3064826363e-03    2.8295153939e-03   -1.9461728908e-03    2.5839788443e-03    5.1556798744e-05
  51.4100000   -3.0743807637e-03    4.6360199097e-03   -3.5735663971e-03   -1.2976335015e-03    2.8242235818e-03   -1.9503194085e-03    2.5881614321e-03    4.7463179983e-05
  51.4200000   -3.0579620726e-03    4.6406738457e-03   -3.5832802505e-03   -1.2887959076e-03    2.8190187819e-03   -1.9544070586e-03    2.5923225846e-03    4.3360231638e-05
  51.4300000   -3.0414849210e-03    4.6453815440e-03   -3.5930703396e-03   -1.2799746663e-03    2.8139080389e-03   -1.9584299760e-03    2.5964629097e-03    3.9247932633e-05
  51.4400000   -3.0249691534e-03    4.6501404009e-03   -3.6029455908e-03   -1.2711745667e-03    2.8088966681e-03   -1.9623830227e-03    2.6005830100e-03    3.5126252853e-05
  51.4500000   -3.0084340406e-03    4.6549456036e-03   -3.6129137188e-03   -1.2624002815e-03    2.8039881744e-03   -1.9662618930e-03    2.6046834797e-03    3.0995155670e-05
  51.4600000   -2.9918978404e-03    4.6597902785e-03   -3.6229810955e-03   -1.2536562707e-03    2.7991841995e-03   -1.9700632077e-03    2.6087649008e-03    2.6854600704e-05
  51.4700000   -2.9753773855e-03    4.6646657018e-03   -3.6331526359e-03   -1.2449466813e-03    2.7944844960e-03   -1.9737845937e-03    2.6128278399e-03    2.2704546721e-05
  51.4800000   -2.9588877132e-03    4.6695615644e-03   -3.6434317008e-03   -1.2362752477e-03    2.7898869315e-03   -1.9774247508e-03    2.6168728456e-03    1.8544954639e-05
  51.4900000   -2.9424417473e-03    4.6744662849e-03   -3.6538200211e-03   -1.2276451939e-03    2.7853875207e-03   -1.9809835000e-03    2.6209004454e-03    1.4375790630e-05
  51.5000000   -2.9260500438e-03    4.6793673610e-03   -3.6643176423e-03   -1.2190591399e-03    2.7809804853e-03   -1.9844618160e-03    2.6249111429e-03    1.0197029155e-05
  51.5100000   -2.9097206073e-03    4.6842517464e-03   -3.6749228928e-03   -1.2105190148e-03    2.7766583424e-03   -1.9878618395e-03    2.6289054157e-03    6.0086560256e-06
  51.5200000   -2.8934587851e-03    4.6891062443e-03   -3.6856323755e-03   -1.2020259787e-03    2.7724120178e-03   -1.9911868724e-03    2.6328837129e-03    1.8106713003e-06
  51.5300000   -2.8772672417e-03    4.6939179015e-03   -3.6964409838e-03   -1.1935803543e-03    2.7682309839e-03   -1.9944413519e-03    2.6368464534e-03   -2.3969079373e-06
  51.5400000   -2.8611460139e-03    4.6986743934e-03   -3.7073419424e-03   -1.1851815728e-03    2.7641034201e-03   -1.9976308064e-03    2.6407940241e-03   -6.6140450332e-06
  51.5500000   -2.8450926451e-03    4.7033643846e-03   -3.7183268721e-03   -1.1768281323e-03    2.7600163920e-03   -2.0007617924e-03    2.6447267786e-03   -1.0840681441e-05
  51.5600000   -2.8291023914e-03    4.7079778555e-03   -3.7293858794e-03   -1.1685175722e-03    2.7559560480e-03   -2.0038418129e-03    2.6486450361e-03   -1.5076734712e-05
  51.5700000   -2.8131684943e-03    4.7125063823e-03   -3.7405076681e-03   -1.1602464647e-03    2.7519078292e-03   -2.0068792192e-03    2.6525490802e-03   -1.9322096810e-05
  51.5800000   -2.7972825071e-03    4.7169433627e-03   -3.7516796732e-03   -1.1520104229e-03    2.7478566902e-03   -2.0098830972e-03    2.6564391589e-03   -2.3576632780e-05
  51.5900000   -2.7814346648e-03    4.7212841784e-03   -3.7628882149e-03   -1.1438041271e-03    2.7437873258e-03   -2.0128631390e-03    2.6603154842e-03   -2.7840179804e-05
  51.6000000   -2.7656142827e-03    4.7255262896e-03   -3.7741186710e-03   -1.1356213685e-03    2.7396844022e-03   -2.0158295030e-03    2.6641782321e-03   -3.2112546689e-05
  51.6100000   -2.7498101701e-03    4.7296692596e-03   -3.7853556642e-03   -1.1274551106e-03    2.7355327869e-03   -2.0187926644e-03    2.6680275429e-03   -3.6393513722e-05
  51.6200000   -2.7340110439e-03    4.7337147065e-03   -3.7965832641e-03   -1.1192975680e-03    2.7313177752e-03   -2.0217632570e-03    2.6718635222e-03   -4.0682832998e-05
  51.6300000   -2.7182059276e-03    4.7376661865e-03   -3.8077851987e-03   -1.1111403000e-03    2.7270253089e-03   -2.0247519116e-03    2.6756862416e-03   -4.4980229126e-05
  51.6400000   -2.7023845228e-03    4.7415290110e-03   -3.8189450737e-03   -1.1029743197e-03    2.7226421839e-03   -2.0277690902e-03    2.6794957402e-03   -4.9285400396e-05
  51.6500000   -2.6865375397e-03    4.7453100054e-03   -3.8300465963e-03   -1.0947902156e-03    2.7181562437e-03   -2.0308249220e-03    2.6832920263e-03   -5.3598020297e-05
  51.6600000   -2.6706569772e-03    4.7490172183e-03   -3.8410738002e-03   -1.0865782843e-03    2.7135565557e-03   -2.0339290415e-03    2.6870750786e-03   -5.7917739447e-05
  51.6700000   -2.6547363436e-03    4.7526595900e-03   -3.8520112677e-03   -1.0783286721e-03    2.7088335672e-03   -2.0370904324e-03    2.6908448493e-03   -6.2244187846e-05
  51.6800000   -2.6387708131e-03    4.7562465946e-03   -3.8628443470e-03   -1.0700315229e-03    2.7039792389e-03   -2.0403172795e-03    2.6946012657e-03   -6.6576977453e-05
  51.6900000   -2.6227573122e-03    4.7597878662e-03   -3.8735593604e-03   -1.0616771303e-03    2.6989871543e-03   -2.0436168322e-03    2.6983442331e-03   -7.0915705044e-05
  51.7000000   -2.6066945389e-03    4.7632928248e-03   -3.8841437999e-03   -1.0532560908e-03    2.6938526025e-03   -2.0469952801e-03    2.7020736377e-03   -7.5259955287e-05
  51.7100000   -2.5905829132e-03    4.7667703131e-03   -3.8945865085e-03   -1.0447594557e-03    2.6885726340e-03   -2.0504576440e-03    2.7057893495e-03   -7.9609304012e-05
  51.7200000   -2.5744244656e-03    4.7702282588e-03   -3.9048778429e-03   -1.0361788785e-03    2.6831460879e-03   -2.0540076843e-03    2.7094912254e-03   -8.3963321615e-05
  51.7300000   -2.5582226685e-03    4.7736733749e-03   -3.9150098160e-03   -1.0275067562e-03    2.6775735914e-03   -2.0576478277e-03    2.7131791126e-03   -8.8321576534e-05
  51.7400000   -2.5419822201e-03    4.7771109066e-03   -3.9249762164e-03   -1.0187363599e-03    2.6718575307e-03   -2.0613791142e-03    2.7168528522e-03   -9.2683638762e-05
  51.7500000   -2.5257087898e-03    4.7805444366e-03   -3.9347727029e-03   -1.0098619551e-03    2.6660019940e-03   -2.0652011643e-03    2.7205122823e-03   -9.7049083342e-05
  51.7600000   -2.5094087365e-03    4.7839757541e-03   -3.9443968729e-03   -1.0008789061e-03    2.6600126889e-03   -2.0691121690e-03    2.7241572418e-03   -1.0141749376e-04
  51.7700000   -2.4930888110e-03    4.7874047927e-03   -3.9538483029e-03   -9.9178376542e-04    2.6538968338e-03   -2.0731089010e-03    2.7277875737e-03   -1.0578846522e-04
  51.7800000   -2.4767558541e-03    4.7908296396e-03   -3.9631285603e-03   -9.8257434454e-04    2.6476630273e-03   -2.0771867472e-03    2.7314031289e-03   -1.1016160776e-04
  51.7900000   -2.4604165029e-03    4.7942466156e-03   -3.9722411868e-03   -9.7324976545e-04    2.6413210963e-03   -2.0813397639e-03    2.7350037696e-03   -1.1453654912e-04
  51.8000000   -2.4440769139e-03    4.7976504230e-03   -3.9811916525e-03   -9.6381049143e-04    2.6348819263e-03   -2.0855607518e-03    2.7385893722e-03   -1.1891293733e-04
  51.8100000   -2.4277425144e-03    4.8010343558e-03   -3.9899872822e-03   -9.5425833660e-04    2.6283572764e-03   -2.0898413509e-03    2.7421598310e-03   -1.2329044302e-04
  51.8200000   -2.4114177886e-03    4.8043905647e-03   -3.9986371538e-03   -9.4459645365e-04    2.6217595827e-03   -2.0941721531e-03    2.7457150608e-03   -1.2766876140e-04
  51.8300000   -2.3951061064e-03    4.8077103668e-03   -4.0071519712e-03   -9.3482929988e-04    2.6151017528e-03   -2.0985428321e-03    2.7492549999e-03   -1.3204761385e-04
  51.8400000   -2.3788095973e-03    4.8109845892e-03   -4.0155439126e-03   -9.2496258187e-04    2.6083969557e-03   -2.1029422873e-03    2.7527796124e-03   -1.3642674915e-04
  51.8500000   -2.3625290743e-03    4.8142039329e-03   -4.0238264569e-03   -9.1500317963e-04    2.6016584091e-03   -2.1073587996e-03    2.7562888905e-03   -1.4080594428e-04
  51.8600000   -2.3462640061e-03    4.8173593441e-03   -4.0320141907e-03   -9.0495905132e-04    2.5948991704e-03   -2.1117801980e-03    2.7597828566e-03   -1.4518500487e-04
  51.8700000   -2.3300125370e-03    4.8204423784e-03   -4.0401225980e-03   -8.9483911998e-04    2.5881319312e-03   -2.1161940331e-03    2.7632615643e-03   -1.4956376522e-04
  51.8800000   -2.3137715513e-03    4.8234455448e-03   -4.0481678367e-03   -8.8465314431e-04    2.5813688222e-03   -2.1205877552e-03    2.7667250998e-03   -1.5394208790e-04
  51.8900000   -2.2975367777e-03    4.8263626162e-03   -4.0561665044e-03   -8.7441157530e-04    2.5746212293e-03   -2.1249488944e-03    2.7701735826e-03   -1.5831986302e-04
  51.9000000   -2.2813029255e-03    4.8291888940e-03   -4.0641353977e-03   -8.6412540138e-04    2.5678996250e-03   -2.1292652404e-03    2.7736071660e-03   -1.6269700709e-04
  51.9100000   -2.2650638489e-03    4.8319214173e-03   -4.0720912670e-03   -8.5380598443e-04    2.5612134172e-03   -2.1335250182e-03    2.7770260363e-03   -1.6707346158e-04
  51.9200000   -2.2488127277e-03    4.8345591082e-03   -4.0800505733e-03   -8.4346488953e-04    2.5545708183e-03   -2.1377170582e-03    2.7804304129e-03   -1.7144919113e-04
  51.9300000   -2.2325422596e-03    4.8371028462e-03   -4.0880292470e-03   -8.3311371125e-04    2.5479787358e-03   -2.1418309568e-03    2.7838205464e-03   -1.7582418155e-04
  51.9400000   -2.2162448545e-03    4.8395554698e-03   -4.0960424557e-03   -8.2276389936e-04    2.5414426870e-03   -2.1458572270e-03    2.7871967180e-03   -1.8019843750e-04
  51.9500000   -2.1999128237e-03    4.8419217035e-03   -4.1041043819e-03   -8.1242658701e-04    2.5349667380e-03   -2.1497874342e-03    2.7905592366e-03   -1.8457198011e-04
  51.9600000   -2.1835385578e-03    4.8442080124e-03   -4.1122280158e-03   -8.0211242403e-04    2.5285534680e-03   -2.1536143183e-03    2.7939084368e-03   -1.8894484432e-04
  51.9700000   -2.1671146876e-03    4.8464223890e-03   -4.1204249646e-03   -7.9183141844e-04    2.5222039596e-03   -2.1573318968e-03    2.7972446760e-03   -1.9331707621e-04
  51.9800000   -2.1506342237e-03    4.8485740801e-03   -4.1287052824e-03   -7.8159278847e-04    2.5159178143e-03   -2.1609355508e-03    2.8005683309e-03   -1.9768873030e-04
  51.9900000   -2.1340906723e-03    4.8506732622e-03   -4.1370773235e-03   -7.7140482788e-04    2.5096931929e-03   -2.1644220900e-03    2.8038797943e-03   -2.0205986674e-04
  52.0000000   -2.1174781263e-03    4.8527306777e-03   -4.1455476190e-03   -7.6127478645e-04    2.5035268797e-03   -2.1677897979e-03    2.8071794704e-03   -2.0643054872e-04
  52.0100000   -2.1007913309e-03    4.8547572456e-03   -4.1541207819e-03   -7.5120876787e-04    2.4974143683e-03   -2.1710384543e-03    2.8104677712e-03   -2.1080083982e-04
  52.0200000   -2.0840257271e-03    4.8567636597e-03   -4.1627994388e-03   -7.4121164644e-04    2.4913499691e-03   -2.1741693380e-03    2.8137451116e-03   -2.1517080156e-04
  52.0300000   -2.0671774740e-03    4.8587599892e-03   -4.1715841922e-03   -7.3128700405e-04    2.4853269334e-03   -2.1771852058e-03    2.8170119047e-03   -2.1954049119e-04
  52.0400000   -2.0502434551e-03    4.8607552986e-03   -4.1804736110e-03   -7.2143708817e-04    2.4793375946e-03   -2.1800902523e-03    2.8202685574e-03   -2.2390995963e-04
  52.0500000   -2.0332212728e-03    4.8627572984e-03   -4.1894642520e-03   -7.1166279164e-04    2.4733735212e-03   -2.1828900478e-03    2.8235154645e-03   -2.2827924963e-04
  52.0600000   -2.0161092353e-03    4.8647720426e-03   -4.1985507101e-03   -7.0196365427e-04    2.4674256806e-03   -2.1855914575e-03    2.8267530049e-03   -2.3264839432e-04
  52.0700000   -1.9989063414e-03    4.8668036827e-03   -4.2077256976e-03   -6.9233788608e-04    2.4614846091e-03   -2.1882025421e-03    2.8299815359e-03   -2.3701741595e-04
  52.0800000   -1.9816122666e-03    4.8688542899e-03   -4.2169801508e-03   -6.8278241179e-04    2.4555405863e-03   -2.1907324418e-03    2.8332013885e-03   -2.4138632501e-04
  52.0900000   -1.9642273559e-03    4.8709237517e-03   -4.2263033621e-03   -6.7329293528e-04    2.4495838095e-03   -2.1931912456e-03    2.8364128632e-03   -2.4575511965e-04
  52.1000000   -1.9467526233e-03    4.8730097487e-03   -4.2356831370e-03   -6.6386402316e-04    2.4436045659e-03   -2.1955898471e-03    2.8396162250e-03   -2.5012378546e-04
  52.1100000   -1.9291897631e-03    4.8751078118e-03   -4.2451059717e-03   -6.5448920549e-04    2.4375933987e-03   -2.1979397901e-03    2.8428117001e-03   -2.5449229552e-04
  52.1200000   -1.9115411695e-03    4.8772114612e-03   -4.2545572498e-03   -6.4516109205e-04    2.4315412652e-03   -2.2002531054e-03    2.8459994714e-03   -2.5886061084e-04
  52.1300000   -1.8938099661e-03    4.8793124206e-03   -4.2640214558e-03   -6.3587150189e-04    2.4254396830e-03   -2.2025421409e-03    2.8491796756e-03   -2.6322868103e-04
  52.1400000   -1.8760000416e-03    4.8814009012e-03   -4.2734824002e-03   -6.2661160390e-04    2.4192808629e-03   -2.2048193888e-03    2.8523524003e-03   -2.6759644539e-04
  52.1500000   -1.8581160876e-03    4.8834659454e-03   -4.2829234551e-03   -6.1737206588e-04    2.4130578259e-03   -2.2070973110e-03    2.8555176820e-03   -2.7196383405e-04
  52.1600000   -1.8401636353e-03    4.8854958174e-03   -4.2923277960e-03   -6.0814320948e-04    2.4067645027e-03   -2.2093881656e-03    2.8586755037e-03   -2.7633076959e-04
  52.1700000   -1.8221490834e-03    4.8874784285e-03   -4.3016786455e-03   -5.9891516841e-04    2.4003958132e-03   -2.2117038377e-03    2.8618257945e-03   -2.8069716867e-04
  52.1800000   -1.8040797135e-03    4.8894017798e-03   -4.3109595167e-03   -5.8967804712e-04    2.3939477275e-03   -2.2140556749e-03    2.8649684287e-03   -2.8506294390e-04
  52.1900000   -1.7859636853e-03    4.8912544080e-03   -4.3201544516e-03   -5.8042207729e-04    2.3874173041e-03   -2.2164543325e-03    2.8681032257e-03   -2.8942800588e-04
  52.2000000   -1.7678100072e-03    4.8930258161e-03   -4.3292482527e-03   -5.7113776964e-04    2.3808027087e-03   -2.2189096278e-03    2.8712299515e-03   -2.9379226523e-04
  52.2100000   -1.7496284769e-03    4.8947068746e-03   -4.3382267016e-03   -5.6181605841e-04    2.3741032111e-03   -2.2214304071e-03    2.8743483197e-03   -2.9815563475e-04
  52.2200000   -1.7314295891e-03    4.8962901762e-03   -4.3470767654e-03   -5.5244843626e-04    2.3673191619e-03   -2.2240244272e-03    2.8774579934e-03   -3.0251803154e-04
  52.2300000   -1.7132244065e-03    4.8977703325e-03   -4.3557867839e-03   -5.4302707752e-04    2.3604519504e-03   -2.2266982514e-03    2.8805585886e-03   -3.0687937908e-04
  52.2400000   -1.6950243959e-03    4.8991441993e-03   -4.3643466383e-03   -5.3354494785e-04    2.3535039435e-03   -2.2294571631e-03    2.8836496771e-03   -3.1123960925e-04
  52.2500000   -1.6768412284e-03    4.9004110216e-03   -4.3727478968e-03   -5.2399589864e-04    2.3464784086e-03   -2.2323050976e-03    2.8867307907e-03   -3.1559866425e-04
  52.2600000   -1.6586865485e-03    4.9015724943e-03   -4.3809839360e-03   -5.1437474497e-04    2.3393794220e-03   -2.2352445917e-03    2.8898014255e-03   -3.1995649829e-04
  52.2700000   -1.6405717170e-03    4.9026327318e-03   -4.3890500367e-03   -5.0467732591e-04    2.3322117651e-03   -2.2382767535e-03    2.8928610471e-03   -3.2431307918e-04
  52.2800000   -1.6225075335e-03    4.9035981500e-03   -4.3969434518e-03   -4.9490054664e-04    2.3249808095e-03   -2.2414012513e-03    2.8959090962e-03   -3.2866838969e-04
  52.2900000   -1.6045039488e-03    4.9044772622e-03   -4.4046634463e-03   -4.8504240196e-04    2.3176923963e-03   -2.2446163227e-03    2.8989449938e-03   -3.3302242862e-04
  52.3000000   -1.5865697744e-03    4.9052803963e-03   -4.4122113081e-03   -4.7510198116e-04    2.3103527091e-03   -2.2479188020e-03    2.9019681481e-03   -3.3737521164e-04
  52.3100000   -1.5687124021e-03    4.9060193424e-03   -4.4195903304e-03   -4.6507945442e-04    2.3029681452e-03   -2.2513041680e-03    2.9049779604e-03   -3.4172677190e-04
  52.3200000   -1.5509375417e-03    4.9067069438e-03   -4.4268057649e-03   -4.5497604165e-04    2.2955451875e-03   -2.2547666086e-03    2.9079738316e-03   -3.4607716030e-04
  52.3300000   -1.5332489897e-03    4.9073566446e-03   -4.4338647475e-03   -4.4479396437e-04    2.2880902793e-03   -2.2582991033e-03    2.9109551689e-03   -3.5042644546e-04
  52.3400000   -1.5156484373e-03    4.9079820112e-03   -4.4407761969e-03   -4.3453638200e-04    2.2806097037e-03   -2.2618935215e-03    2.9139213923e-03   -3.5477471351e-04
  52.3500000   -1.4981353279e-03    4.9085962436e-03   -4.4475506877e-03   -4.2420731390e-04    2.2731094720e-03   -2.2655407351e-03    2.9168719409e-03   -3.5912206742e-04
  52.3600000   -1.4807067701e-03    4.9092116951e-03   -4.4542003000e-03   -4.1381154896e-04    2.2655952209e-03   -2.2692307447e-03    2.9198062794e-03   -3.6346862628e-04
  52.3700000   -1.4633575130e-03    4.9098394168e-03   -4.4607384473e-03   -4.0335454437e-04    2.2580721215e-03   -2.2729528160e-03    2.9227239038e-03   -3.6781452413e-04
  52.3800000   -1.4460799867e-03    4.9104887450e-03   -4.4671796854e-03   -3.9284231581e-04    2.2505448019e-03   -2.2766956268e-03    2.9256243472e-03   -3.7215990868e-04
  52.3900000   -1.4288644093e-03    4.9111669438e-03   -4.4735395049e-03   -3.8228132101e-04    2.2430172829e-03   -2.2804474203e-03    2.9285071847e-03   -3.7650493977e-04
  52.4000000   -1.4116989583e-03    4.9118789197e-03   -4.4798341097e-03   -3.7167833888e-04    2.2354929303e-03   -2.2841961644e-03    2.9313720383e-03   -3.8084978767e-04
  52.4100000   -1.3945700043e-03    4.9126270146e-03   -4.4860801859e-03   -3.6104034655e-04    2.2279744220e-03   -2.2879297136e-03    2.9342185806e-03   -3.8519463123e-04
  52.4200000   -1.3774624002e-03    4.9134108889e-03   -4.4922946624e-03   -3.5037439637e-04    2.2204637310e-03   -2.2916359724e-03    2.9370465388e-03   -3.8953965590e-04
  52.4300000   -1.3603598175e-03    4.9142274960e-03   -4.4984944684e-03   -3.3968749506e-04    2.2129621247e-03   -2.2953030570e-03    2.9398556968e-03   -3.9388505171e-04
  52.4400000   -1.3432451221e-03    4.9150711516e-03   -4.5046962898e-03   -3.2898648721e-04    2.2054701785e-03   -2.2989194545e-03    2.9426458977e-03   -3.9823101112e-04
  52.4500000   -1.3261007758e-03    4.9159336936e-03   -4.5109163285e-03   -3.1827794491e-04    2.1979878045e-03   -2.3024741758e-03    2.9454170447e-03   -4.0257772700e-04
  52.4600000   -1.3089092546e-03    4.9168047299e-03   -4.5171700687e-03   -3.0756806533e-04    2.1905142927e-03   -2.3059569020e-03    2.9481691019e-03   -4.0692539048e-04
  52.4700000   -1.2916534700e-03    4.9176719621e-03   -4.5234720508e-03   -2.9686257803e-04    2.1830483648e-03   -2.3093581209e-03    2.9509020933e-03   -4.1127418899e-04
  52.4800000   -1.2743171806e-03    4.9185215766e-03   -4.5298356602e-03   -2.8616666309e-04    2.1755882370e-03   -2.3126692526e-03    2.9536161025e-03   -4.1562430436e-04
  52.4900000   -1.2568853839e-03    4.9193386886e-03   -4.5362729297e-03   -2.7548488157e-04    2.1681316925e-03   -2.3158827630e-03    2.9563112702e-03   -4.1997591098e-04
  52.5000000   -1.2393446752e-03    4.9201078219e-03   -4.5427943616e-03   -2.6482111889e-04    2.1606761587e-03   -2.3189922622e-03    2.9589877918e-03   -4.2432917423e-04
  52.5100000   -1.2216835665e-03    4.9208134109e-03   -4.5494087699e-03   -2.5417854207e-04    2.1532187901e-03   -2.3219925886e-03    2.9616459136e-03   -4.2868424902e-04
  52.5200000   -1.2038927541e-03    4.9214403040e-03   -4.5561231464e-03   -2.4355957104e-04    2.1457565527e-03   -2.3248798757e-03    2.9642859291e-03   -4.3304127854e-04
  52.5300000   -1.1859653311e-03    4.9219742537e-03   -4.5629425509e-03   -2.3296586425e-04    2.1382863077e-03   -2.3276516019e-03    2.9669081741e-03   -4.3740039328e-04
  52.5400000   -1.1678969392e-03    4.9224023739e-03   -4.5698700295e-03   -2.2239831839e-04    2.1308048947e-03   -2.3303066227e-03    2.9695130213e-03   -4.4176171018e-04
  52.5500000   -1.1496858570e-03    4.9227135520e-03   -4.5769065598e-03   -2.1185708186e-04    2.1233092092e-03   -2.3328451844e-03    2.9721008745e-03   -4.4612533218e-04
  52.5600000   -1.1313330243e-03    4.9228987977e-03   -4.5840510259e-03   -2.0134158141e-04    2.1157962753e-03   -2.3352689189e-03    2.9746721624e-03   -4.5049134785e-04
  52.5700000   -1.1128420049e-03    4.9229515213e-03   -4.5913002220e-03   -1.9085056099e-04    2.1082633103e-03   -2.3375808207e-03    2.9772273319e-03   -4.5485983141e-04
  52.5800000   -1.0942188887e-03    4.9228677289e-03   -4.5986488864e-03   -1.8038213190e-04    2.1007077804e-03   -2.3397852058e-03    2.9797668412e-03   -4.5923084289e-04
  52.5900000   -1.0754721404e-03    4.9226461297e-03   -4.6060897644e-03   -1.6993383283e-04    2.0931274467e-03   -2.3418876527e-03    2.9822911531e-03   -4.6360442859e-04
  52.6000000   -1.0566123976e-03    4.9222881537e-03   -4.6136136998e-03   -1.5950269864e-04    2.0855203994e-03   -2.3438949268e-03    2.9848007273e-03   -4.6798062173e-04
  52.6100000   -1.0376522287e-03    4.9217978770e-03   -4.6212097539e-03   -1.4908533614e-04    2.0778850808e-03   -2.3458148897e-03    2.9872960140e-03   -4.7235944332e-04
  52.6200000   -1.0186058550e-03    4.9211818618e-03   -4.6288653505e-03   -1.3867800542e-04    2.0702202965e-03   -2.3476563930e-03    2.9897774464e-03   -4.7674090319e-04
  52.6300000   -9.9948884698e-04    4.9204489139e-03   -4.6365664454e-03   -1.2827670500e-04    2.0625252143e-03   -2.3494291598e-03    2.9922454342e-03   -4.8112500120e-04
  52.6400000   -9.8031780291e-04    4.9196097699e-03   -4.6442977176e-03   -1.1787725920e-04    2.0547993517e-03   -2.3511436541e-03    2.9947003573e-03   -4.8551172860e-04
  52.6500000   -9.6111001679e-04    4.9186767235e-03   -4.6520427802e-03   -1.0747540591e-04    2.0470425526e-03   -2.3528109407e-03    2.9971425594e-03   -4.8990106944e-04
  52.6600000   -9.4188314443e-04    4.9176632063e-03   -4.6597844077e-03   -9.7066883271e-05    2.0392549534e-03   -2.3544425371e-03    2.9995723427e-03   -4.9429300212e-04
  52.6700000   -9.2265487455e-04    4.9165833366e-03   -4.6675047773e-03   -8.6647513530e-05    2.0314369411e-03   -2.3560502594e-03    3.0019899628e-03   -4.9868750094e-04
  52.6800000   -9.0344261125e-04    4.9154514527e-03   -4.6751857204e-03   -7.6213282737e-05    2.0235891028e-03   -2.3576460639e-03    3.0043956244e-03   -5.0308453769e-04
  52.6900000   -8.8426317361e-04    4.9142816480e-03   -4.6828089809e-03   -6.5760414774e-05    2.0157121706e-03   -2.3592418875e-03    3.0067894771e-03   -5.0748408322e-04
  52.7000000   -8.6513251716e-04    4.9130873225e-03   -4.6903564772e-03   -5.5285438575e-05    2.0078069610e-03   -2.3608494874e-03    3.0091716131e-03   -5.1188610892e-04
  52.7100000   -8.4606548096e-04    4.9118807669e-03   -4.6978105629e-03   -4.4785247430e-05    1.9998743129e-03   -2.3624802846e-03    3.0115420643e-03   -5.1629058824e-04
  52.7200000   -8.2707556314e-04    4.9106727928e-03   -4.7051542849e-03   -3.4257149466e-05    1.9919150246e-03   -2.3641452102e-03    3.0139008010e-03   -5.2069749794e-04
  52.7300000   -8.0817472674e-04    4.9094724222e-03   -4.7123716320e-03   -2.3698908725e-05    1.9839297931e-03   -2.3658545594e-03    3.0162477316e-03   -5.2510681939e-04
  52.7400000   -7.8937323703e-04    4.9082866442e-03   -4.7194477735e-03   -1.3108776078e-05    1.9759191556e-03   -2.3676178539e-03    3.0185827020e-03   -5.2951853958e-04
  52.7500000   -7.7067953039e-04    4.9071202490e-03   -4.7263692821e-03   -2.4855099944e-06    1.9678834369e-03   -2.3694437138e-03    3.0209054970e-03   -5.3393265204e-04
  52.7600000   -7.5210011476e-04    4.9059757412e-03   -4.7331243385e-03    8.1716132186e-06    1.9598227039e-03   -2.3713397428e-03    3.0232158421e-03   -5.3834915755e-04
  52.7700000   -7.3363950039e-04    4.9048533357e-03   -4.7397029148e-03    1.8862799395e-05    1.9517367276e-03   -2.3733124257e-03    3.0255134056e-03   -5.4276806468e-04
  52.7800000   -7.1530015992e-04    4.9037510341e-03   -4.7460969339e-03    2.9587746540e-05    1.9436249555e-03   -2.3753670416e-03    3.0277978017e-03   -5.4718939007e-04
  52.7900000   -6.9708251627e-04    4.9026647785e-03   -4.7523004011e-03    4.0345664376e-05    1.9354864940e-03   -2.3775075934e-03    3.0300685949e-03   -5.5161315858e-04
  52.8000000   -6.7898495641e-04    4.9015886741e-03   -4.7583095077e-03    5.1135302780e-05    1.9273201033e-03   -2.3797367537e-03    3.0323253039e-03   -5.5603940317e-04
  52.8100000   -6.6100386977e-04    4.9005152731e-03   -4.7641227031e-03    6.1954988266e-05    1.9191242026e-03   -2.3820558288e-03    3.0345674069e-03   -5.6046816457e-04
  52.8200000   -6.4313370925e-04    4.8994359072e-03   -4.7697407347e-03    7.2802667662e-05    1.9108968894e-03   -2.3844647413e-03    3.0367943470e-03   -5.6489949084e-04
  52.8300000   -6.2536707373e-04    4.8983410567e-03   -4.7751666550e-03    8.3675957845e-05    1.9026359691e-03   -2.3869620308e-03    3.0390055379e-03   -5.6933343662e-04
  52.8400000   -6.0769481044e-04    4.8972207415e-03   -4.7804057946e-03    9.4572200425e-05    1.8943389969e-03   -2.3895448732e-03    3.0412003706e-03   -5.7377006230e-04
  52.8500000   -5.9010613666e-04    4.8960649193e-03   -4.7854657017e-03    1.0548852020e-04    1.8860033306e-03   -2.3922091178e-03    3.0433782191e-03   -5.7820943297e-04
  52.8600000   -5.7258877930e-04    4.8948638763e-03   -4.7903560485e-03    1.1642188610e-04    1.8776261927e-03   -2.3949493432e-03    3.0455384478e-03   -5.8265161727e-04
  52.8700000   -5.5512913229e-04    4.8936085959e-03   -4.7950885055e-03    1.2736917334e-04    1.8692047411e-03   -2.3977589286e-03    3.0476804175e-03   -5.8709668614e-04
  52.8800000   -5.3771243085e-04    4.8922910923e-03   -4.7996765852e-03    1.3832722560e-04    1.8607361466e-03   -2.4006301421e-03    3.0498034925e-03   -5.9154471140e-04
  52.8900000   -5.2032294240e-04    4.8909046960e-03   -4.8041354568e-03    1.4929291591e-04    1.8522176752e-03   -2.4035542429e-03    3.0519070468e-03   -5.9599576435e-04
  52.9000000   -5.0294417360e-04    4.8894442835e-03   -4.8084817353e-03    1.6026320511e-04    1.8436467737e-03   -2.4065215976e-03    3.0539904707e-03   -6.0044991429e-04
  52.9100000   -4.8555909265e-04    4.8879064401e-03   -4.8127332463e-03    1.7123519683e-04    1.8350211564e-03   -2.4095218071e-03    3.0560531768e-03   -6.0490722704e-04
  52.9200000   -4.6815036602e-04    4.8862895535e-03   -4.8169087717e-03    1.8220618790e-04    1.8263388900e-03   -2.4125438442e-03    3.0580946054e-03   -6.0936776342e-04
  52.9300000   -4.5070060824e-04    4.8845938343e-03   -4.8210277783e-03    1.9317371341e-04    1.8175984760e-03   -2.4155761987e-03    3.0601142304e-03   -6.1383157788e-04
  52.9400000   -4.3319264266e-04    4.8828212634e-03   -4.8251101332e-03    2.0413558552e-04    1.8087989268e-03   -2.4186070283e-03    3.0621115639e-03   -6.1829871707e-04
  52.9500000   -4.1560977084e-04    4.8809754700e-03   -4.8291758115e-03    2.1508992558e-04    1.7999398346e-03   -2.4216243140e-03    3.0640861603e-03   -6.2276921861e-04
  52.9600000   -3.9793604728e-04    4.8790615450e-03   -4.8332445997e-03    2.2603518888e-04    1.7910214306e-03   -2.4246160165e-03    3.0660376205e-03   -6.2724310992e-04
  52.9700000   -3.8015655533e-04    4.8770857988e-03   -4.8373357983e-03    2.3697018194e-04    1.7820446324e-03   -2.4275702328e-03    3.0679655949e-03   -6.3172040715e-04
  52.9800000   -3.6225767997e-04    4.8750554723e-03   -4.8414679303e-03    2.4789407194e-04    1.7730110792e-03   -2.4304753497e-03    3.0698697858e-03   -6.3620111439e-04
  52.9900000   -3.4422737172e-04    4.8729784133e-03   -4.8456584584e-03    2.5880638850e-04    1.7639231521e-03   -2.4333201928e-03    3.0717499499e-03   -6.4068522287e-04
  53.0000000   -3.2605539601e-04    4.8708627321e-03   -4.8499235150e-03    2.6970701784e-04    1.7547839791e-03   -2.4360941693e-03    3.0736058986e-03   -6.4517271054e-04
  53.0100000   -3.0773356147e-04    4.8687164479e-03   -4.8542776513e-03    2.8059618960e-04    1.7455974240e-03   -2.4387874016e-03    3.0754374998e-03   -6.4966354171e-04
  53.0200000   -2.8925592068e-04    4.8665471416e-03   -4.8587336073e-03    2.9147445693e-04    1.7363680592e-03   -2.4413908509e-03    3.0772446769e-03   -6.5415766689e-04
  53.0300000   -2.7061893652e-04    4.8643616276e-03   -4.8633021075e-03    3.0234267021e-04    1.7271011218e-03   -2.4438964288e-03    3.0790274087e-03   -6.5865502298e-04
  53.0400000   -2.5182160812e-04    4.8621656578e-03   -4.8679916857e-03    3.1320194523e-04    1.7178024535e-03   -2.4462970952e-03    3.0807857282e-03   -6.6315553349e-04
  53.0500000   -2.3286555018e-04    4.8599636672e-03   -4.8728085415e-03    3.2405362659e-04    1.7084784252e-03   -2.4485869422e-03    3.0825197206e-03   -6.6765910907e-04
  53.0600000   -2.1375502108e-04    4.8577585735e-03   -4.8777564313e-03    3.3489924712e-04    1.6991358475e-03   -2.4507612618e-03    3.0842295211e-03   -6.7216564824e-04
  53.0700000   -1.9449689558e-04    4.8555516354e-03   -4.8828365958e-03    3.4574048433e-04    1.6897818679e-03   -2.4528165971e-03    3.0859153121e-03   -6.7667503829e-04
  53.0800000   -1.7510058018e-04    4.8533423760e-03   -4.8880477247e-03    3.5657911483e-04    1.6804238574e-03   -2.4547507773e-03    3.0875773202e-03   -6.8118715634e-04
  53.0900000   -1.5557786970e-04    4.8511285731e-03   -4.8933859611e-03    3.6741696779e-04    1.6710692870e-03   -2.4565629339e-03    3.0892158124e-03   -6.8570187066e-04
  53.1000000   -1.3594274673e-04    4.8489063164e-03   -4.8988449443e-03    3.7825587832e-04    1.6617255986e-03   -2.4582535012e-03    3.0908310922e-03   -6.9021904199e-04
  53.1100000   -1.1621112661e-04    4.8466701294e-03   -4.9044158908e-03    3.8909764196e-04    1.6524000700e-03   -2.4598241985e-03    3.0924234958e-03   -6.9473852518e-04
  53.1200000   -9.6400552790e-05    4.8444131491e-03   -4.9100877140e-03    3.9994397099e-04    1.6430996791e-03   -2.4612779960e-03    3.0939933874e-03   -6.9926017081e-04
  53.1300000   -7.6529849786e-05    4.8421273580e-03   -4.9158471791e-03    4.1079645379e-04    1.6338309687e-03   -2.4626190643e-03    3.0955411549e-03   -7.0378382696e-04
  53.1400000   -5.6618741979e-05    4.8398038581e-03   -4.9216790925e-03    4.2165651769e-04    1.6245999144e-03   -2.4638527094e-03    3.0970672053e-03   -7.0830934101e-04
  53.1500000   -3.6687448778e-05    4.8374331763e-03   -4.9275665217e-03    4.3252539644e-04    1.6154117995e-03   -2.4649852925e-03    3.0985719602e-03   -7.1283656158e-04
  53.1600000   -1.6756267300e-05    4.8350055888e-03   -4.9334910442e-03    4.4340410272e-04    1.6062710985e-03   -2.4660241378e-03    3.1000558512e-03   -7.1736534038e-04
  53.1700000    3.1548448806e-06    4.8325114534e-03   -4.9394330196e-03    4.5429340636e-04    1.5971813722e-03   -2.4669774288e-03    3.1015193155e-03   -7.2189553411e-04
  53.1800000    2.3026674313e-05    4.8299415360e-03   -4.9453718820e-03    4.6519381853e-04    1.5881451765e-03   -2.4678540942e-03    3.1029627916e-03   -7.2642700637e-04
  53.1900000    4.2841131147e-05    4.8272873201e-03   -4.9512864489e-03    4.7610558241e-04    1.5791639879e-03   -2.4686636861e-03    3.1043867149e-03   -7.3095962948e-04
  53.2000000    6.2581591156e-05    4.8245412877e-03   -4.9571552392e-03    4.8702867029e-04    1.5702381456e-03   -2.4694162519e-03    3.1057915141e-03   -7.3549328618e-04
  53.2100000    8.2233189640e-05    4.8216971619e-03   -4.9629567983e-03    4.9796278724e-04    1.5613668144e-03   -2.4701222014e-03    3.1071776074e-03   -7.4002787135e-04
  53.2200000    1.0178305791e-04    4.8187501042e-03   -4.9686700232e-03    5.0890738117e-04    1.5525479669e-03   -2.4707921709e-03    3.1085453988e-03   -7.4456329352e-04
  53.2300000    1.2122049499e-04    4.8156968584e-03   -4.9742744832e-03    5.1986165909e-04    1.5437783874e-03   -2.4714368872e-03    3.1098952754e-03   -7.4909947625e-04
  53.2400000    1.4053706976e-04    4.8125358390e-03   -4.9797507308e-03    5.3082460919e-04    1.5350536982e-03   -2.4720670319e-03    3.1112276043e-03   -7.5363635942e-04
  53.2500000    1.5972665144e-04    4.8092671622e-03   -4.9850805975e-03    5.4179502811e-04    1.5263684061e-03   -2.4726931091e-03    3.1125427300e-03   -7.5817390027e-04
  53.2600000    1.7878536904e-04    4.8058926191e-03   -4.9902474709e-03    5.5277155302e-04    1.5177159712e-03   -2.4733253171e-03    3.1138409726e-03   -7.6271207427e-04
  53.2700000    1.9771150331e-04    4.8024155953e-03   -4.9952365469e-03    5.6375269761e-04    1.5090888956e-03   -2.4739734262e-03    3.1151226255e-03   -7.6725087586e-04
  53.2800000    2.1650531779e-04    4.7988409409e-03   -5.0000350539e-03    5.7473689131e-04    1.5004788306e-03   -2.4746466648e-03    3.1163879540e-03   -7.7179031888e-04
  53.2900000    2.3516883777e-04    4.7951747986e-03   -5.0046324450e-03    5.8572252086e-04    1.4918767019e-03   -2.4753536135e-03    3.1176371944e-03   -7.7633043688e-04
  53.3000000    2.5370558830e-04    4.7914243958e-03   -5.0090205556e-03    5.9670797324e-04    1.4832728494e-03   -2.4761021099e-03    3.1188705524e-03   -7.8087128308e-04
  53.3100000    2.7212030478e-04    4.7875978129e-03   -5.0131937226e-03    6.0769167920e-04    1.4746571802e-03   -2.4768991642e-03    3.1200882030e-03   -7.8541293028e-04
  53.3200000    2.9041862981e-04    4.7837037345e-03   -5.0171488639e-03    6.1867215627e-04    1.4660193317e-03   -2.4777508875e-03    3.1212902902e-03   -7.8995547039e-04
  53.3300000    3.0860681171e-04    4.7797511954e-03   -5.0208855174e-03    6.2964805028e-04    1.4573488424e-03   -2.4786624317e-03    3.1224769262e-03   -7.9449901380e-04
  53.3400000    3.2669141923e-04    4.7757493293e-03   -5.0244058377e-03    6.4061817465e-04    1.4486353259e-03   -2.4796379433e-03    3.1236481924e-03   -7.9904368858e-04
  53.3500000    3.4467908701e-04    4.7717071314e-03   -5.0277145512e-03    6.5158154636e-04    1.4398686479e-03   -2.4806805303e-03    3.1248041387e-03   -8.0358963936e-04
  53.3600000    3.6257630430e-04    4.7676332402e-03   -5.0308188702e-03    6.6253741774e-04    1.4310390993e-03   -2.4817922424e-03    3.1259447852e-03   -8.0813702609e-04
  53.3700000    3.8038925768e-04    4.7635357471e-03   -5.0337283677e-03    6.7348530365e-04    1.4221375654e-03   -2.4829740646e-03    3.1270701217e-03   -8.1268602262e-04
  53.3800000    3.9812373603e-04    4.7594220375e-03   -5.0364548143e-03    6.8442500282e-04    1.4131556859e-03   -2.4842259246e-03    3.1281801093e-03   -8.1723681500e-04
  53.3900000    4.1578510297e-04    4.7552986678e-03   -5.0390119809e-03    6.9535661338e-04    1.4040860040e-03   -2.4855467111e-03    3.1292746811e-03   -8.2178959974e-04
  53.4000000    4.3337833822e-04    4.7511712786e-03   -5.0414154094e-03    7.0628054168e-04    1.3949221012e-03   -2.4869343063e-03    3.1303537431e-03   -8.2634458186e-04
  53.4100000    4.5090814639e-04    4.7470445446e-03   -5.0436821564e-03    7.1719750420e-04    1.3856587151e-03   -2.4883856279e-03    3.1314171757e-03   -8.3090197281e-04
  53.4200000    4.6837912774e-04    4.7429221594e-03   -5.0458305130e-03    7.2810852252e-04    1.3762918384e-03   -2.4898966824e-03    3.1324648344e-03   -8.3546198831e-04
  53.4300000    4.8579600189e-04    4.7388068504e-03   -5.0478797075e-03    7.3901491103e-04    1.3668187968e-03   -2.4914626281e-03    3.1334965519e-03   -8.4002484607e-04
  53.4400000    5.0316387286e-04    4.7347004209e-03   -5.0498495926e-03    7.4991825759e-04    1.3572383044e-03   -2.4930778458e-03    3.1345121385e-03   -8.4459076352e-04
  53.4500000    5.2048852051e-04    4.7306038121e-03   -5.0517603266e-03    7.6082039744e-04    1.3475504950e-03   -2.4947360172e-03    3.1355113844e-03   -8.4915995538e-04
  53.4600000    5.3777670164e-04    4.7265171792e-03   -5.0536320502e-03    7.7172338053e-04    1.3377569296e-03   -2.4964302102e-03    3.1364940606e-03   -8.5373263133e-04
  53.4700000    5.5503644272e-04    4.7224399763e-03   -5.0554845671e-03    7.8262943298e-04    1.3278605785e-03   -2.4981529677e-03    3.1374599209e-03   -8.5830899362e-04
  53.4800000    5.7227730511e-04    4.7183710404e-03   -5.0573370322e-03    7.9354091315e-04    1.3178657794e-03   -2.4998964017e-03    3.1384087030e-03   -8.6288923473e-04
  53.4900000    5.8951060457e-04    4.7143086724e-03   -5.0592076532e-03    8.0446026306e-04    1.3077781706e-03   -2.5016522894e-03    3.1393401304e-03   -8.6747353512e-04
  53.5000000    6.0674956706e-04    4.7102507069e-03   -5.0611134107e-03    8.1538995606e-04    1.2976046027e-03   -2.5034121706e-03    3.1402539142e-03   -8.7206206101e-04
  53.5100000    6.2400940578e-04    4.7061945681e-03   -5.0630698009e-03    8.2633244180e-04    1.2873530277e-03   -2.5051674457e-03    3.1411497545e-03   -8.7665496229e-04
  53.5200000    6.4130730608e-04    4.7021373085e-03   -5.0650906067e-03    8.3729008922e-04    1.2770323688e-03   -2.5069094733e-03    3.1420273427e-03   -8.8125237057e-04
  53.5300000    6.5866230915e-04    4.6980756285e-03   -5.0671876983e-03    8.4826512889e-04    1.2666523734e-03   -2.5086296654e-03    3.1428863628e-03   -8.8585439738e-04
  53.5400000    6.7609508904e-04    4.6940058783e-03   -5.0693708690e-03    8.5925959576e-04    1.2562234511e-03   -2.5103195801e-03    3.1437264938e-03   -8.9046113253e-04
  53.5500000    6.9362762190e-04    4.6899240424e-03   -5.0716477080e-03    8.7027527345e-04    1.2457564991e-03   -2.5119710115e-03    3.1445474117e-03   -8.9507264267e-04
  53.5600000    7.1128275142e-04    4.6858257095e-03   -5.0740235110e-03    8.8131364105e-04    1.2352627199e-03   -2.5135760739e-03    3.1453487910e-03   -8.9968897012e-04
  53.5700000    7.2908365894e-04    4.6817060340e-03   -5.0765012316e-03    8.9237582381e-04    1.2247534326e-03   -2.5151272820e-03    3.1461303078e-03   -9.0431013179e-04
  53.5800000    7.4705325149e-04    4.6775596915e-03   -5.0790814726e-03    9.0346254860e-04    1.2142398820e-03   -2.5166176252e-03    3.1468916410e-03   -9.0893611852e-04
  53.5900000    7.6521348519e-04    4.6733808372e-03   -5.0817625181e-03    9.1457410519e-04    1.2037330489e-03   -2.5180406354e-03    3.1476324752e-03   -9.1356689456e-04
  53.6000000    7.8358464570e-04    4.6691630712e-03   -5.0845404044e-03    9.2571031429e-04    1.1932434642e-03   -2.5193904481e-03    3.1483525029e-03   -9.1820239735e-04
  53.6100000    8.0218460965e-04    4.6648994191e-03   -5.0874090287e-03    9.3687050316e-04    1.1827810317e-03   -2.5206618570e-03    3.1490514266e-03   -9.2284253763e-04
  53.6200000    8.2102811442e-04    4.6605823326e-03   -5.0903602928e-03    9.4805348952e-04    1.1723548604e-03   -2.5218503607e-03    3.1497289613e-03   -9.2748719970e-04
  53.6300000    8.4012606374e-04    4.6562037167e-03   -5.0933842801e-03    9.5925757426e-04    1.1619731113e-03   -2.5229522021e-03    3.1503848368e-03   -9.3213624216e-04
  53.6400000    8.5948489755e-04    4.6517549873e-03   -5.0964694605e-03    9.7048054349e-04    1.1516428604e-03   -2.5239643998e-03    3.1510188000e-03   -9.3678949873e-04
  53.6500000    8.7910605345e-04    4.6472271624e-03   -5.0996029208e-03    9.8171968009e-04    1.1413699802e-03   -2.5248847723e-03    3.1516306172e-03   -9.4144677953e-04
  53.6600000    8.9898554493e-04    4.6426109892e-03   -5.1027706149e-03    9.9297178489e-04    1.1311590422e-03   -2.5257119538e-03    3.1522200759e-03   -9.4610787247e-04
  53.6700000    9.1911367844e-04    4.6378971057e-03   -5.1059576304e-03    1.0042332075e-03    1.1210132416e-03   -2.5264454023e-03    3.1527869876e-03   -9.5077254507e-04
  53.6800000    9.3947492764e-04    4.6330762362e-03   -5.1091484653e-03    1.0154998864e-03    1.1109343461e-03   -2.5270853998e-03    3.1533311889e-03   -9.5544054637e-04
  53.6900000    9.6004797768e-04    4.6281394154e-03   -5.1123273103e-03    1.0267673980e-03    1.1009226689e-03   -2.5276330454e-03    3.1538525435e-03   -9.6011160919e-04
  53.7000000    9.8080594697e-04    4.6230782368e-03   -5.1154783312e-03    1.0380310139e-03    1.0909770669e-03   -2.5280902399e-03    3.1543509441e-03   -9.6478545256e-04
  53.7100000    1.0017167879e-03    4.6178851170e-03   -5.1185859466e-03    1.0492857664e-03    1.0810949638e-03   -2.5284596639e-03    3.1548263130e-03   -9.6946178432e-04
  53.7200000    1.0227438610e-03    4.6125535674e-03   -5.1216350948e-03    1.0605265193e-03    1.0712723974e-03   -2.5287447482e-03    3.1552786033e-03   -9.7414030396e-04
  53.7300000    1.0438466716e-03    4.6070784639e-03   -5.1246114867e-03    1.0717480461e-03    1.0615040907e-03   -2.5289496374e-03    3.1557078001e-03   -9.7882070548e-04
  53.7400000    1.0649817498e-03    4.6014563036e-03   -5.1275018382e-03    1.0829451115e-03    1.0517835454e-03   -2.5290791467e-03    3.1561139198e-03   -9.8350268047e-04
  53.7500000    1.0861036522e-03    4.5956854373e-03   -5.1302940802e-03    1.0941125565e-03    1.0421031558e-03   -2.5291387123e-03    3.1564970108e-03   -9.8818592123e-04
  53.7600000    1.1071660541e-03    4.5897662676e-03   -5.1329775404e-03    1.1052453854e-03    1.0324543408e-03   -2.5291343357e-03    3.1568571529e-03   -9.9287012386e-04
  53.7700000    1.1281229020e-03    4.5837014021e-03   -5.1355430956e-03    1.1163388530e-03    1.0228276930e-03   -2.5290725224e-03    3.1571944562e-03   -9.9755499147e-04
  53.7800000    1.1489295885e-03    4.5774957517e-03   -5.1379832908e-03    1.1273885515e-03    1.0132131402e-03   -2.5289602149e-03    3.1575090599e-03   -1.0022402373e-03
  53.7900000    1.1695441127e-03    4.5711565686e-03   -5.1402924242e-03    1.1383904937e-03    1.0036001187e-03   -2.5288047208e-03    3.1578011306e-03   -1.0069255876e-03
  53.8000000    1.1899281884e-03    4.5646934145e-03   -5.1424665963e-03    1.1493411934e-03    9.9397775353e-04   -2.5286136369e-03    3.1580708599e-03   -1.0116107849e-03
  53.8100000    1.2100482627e-03    4.5581180597e-03   -5.1445037229e-03    1.1602377395e-03    9.8433504342e-04   -2.5283947685e-03    3.1583184622e-03   -1.0162955905e-03
  53.8200000    1.2298764096e-03    4.5514443074e-03   -5.1464035128e-03    1.1710778636e-03    9.7466104730e-04   -2.5281560461e-03    3.1585441711e-03   -1.0209797872e-03
  53.8300000    1.2493910694e-03    4.5446877488e-03   -5.1481674102e-03    1.1818599996e-03    9.6494506883e-04   -2.5279054389e-03    3.1587482360e-03   -1.0256631817e-03
  53.8400000    1.2685776053e-03    4.5378654499e-03   -5.1497985040e-03    1.1925833335e-03    9.5517683613e-04   -2.5276508665e-03    3.1589309188e-03   -1.0303456064e-03
  53.8500000    1.2874286594e-03    4.5309955782e-03   -5.1513014068e-03    1.2032478433e-03    9.4534667339e-04   -2.5274001085e-03    3.1590924887e-03   -1.0350269220e-03
  53.8600000    1.3059442931e-03    4.5240969793e-03   -5.1526821052e-03    1.2138543268e-03    9.3544566182e-04   -2.5271607148e-03    3.1592332185e-03   -1.0397070180e-03
  53.8700000    1.3241319075e-03    4.5171887124e-03   -5.1539477861e-03    1.2244044183e-03    9.2546578701e-04   -2.5269399153e-03    3.1593533794e-03   -1.0443858149e-03
  53.8800000    1.3420059437e-03    4.5102895614e-03   -5.1551066424e-03    1.2349005918e-03    9.1540007050e-04   -2.5267445307e-03    3.1594532359e-03   -1.0490632641e-03
  53.8900000    1.3595873747e-03    4.5034175340e-03   -5.1561676617e-03    1.2453461512e-03    9.0524268337e-04   -2.5265808861e-03    3.1595330407e-03   -1.0537393490e-03
  53.9000000    1.3769030036e-03    4.4965893662e-03   -5.1571404039e-03    1.2557452078e-03    8.9498903994e-04   -2.5264547273e-03    3.1595930295e-03   -1.0584140845e-03
  53.9100000    1.3939845947e-03    4.4898200474e-03   -5.1580347707e-03    1.2661026441e-03    8.8463587048e-04   -2.5263711412e-03    3.1596334157e-03   -1.0630875171e-03
  53.9200000    1.4108678647e-03    4.4831223848e-03   -5.1588607744e-03    1.2764240649e-03    8.7418127151e-04   -2.5263344817e-03    3.1596543848e-03   -1.0677597236e-03
  53.9300000    1.4275913709e-03    4.4765066186e-03   -5.1596283077e-03    1.2867157358e-03    8.6362473318e-04   -2.5263483016e-03    3.1596560899e-03   -1.0724308103e-03
  53.9400000    1.4441953348e-03    4.4699801069e-03   -5.1603469219e-03    1.2969845101e-03    8.5296714357e-04   -2.5264152917e-03    3.1596386461e-03   -1.0771009110e-03
  53.9500000    1.4607204408e-03    4.4635470887e-03   -5.1610256165e-03    1.3072377449e-03    8.4221076970e-04   -2.5265372285e-03    3.1596021264e-03   -1.0817701852e-03
  53.9600000    1.4772066539e-03    4.4572085368e-03   -5.1616726461e-03    1.3174832071e-03    8.3135921613e-04   -2.5267149309e-03    3.1595465571e-03   -1.0864388154e-03
  53.9700000    1.4936920944e-03    4.4509621073e-03   -5.1622953463e-03    1.3277289712e-03    8.2041736172e-04   -2.5269482273e-03    3.1594719144e-03   -1.0911070050e-03
  53.9800000    1.5102120112e-03    4.4448021888e-03   -5.1628999840e-03    1.3379833098e-03    8.0939127602e-04   -2.5272359332e-03    3.1593781203e-03   -1.0957749740e-03
  53.9900000    1.5267978856e-03    4.4387200532e-03   -5.1634916349e-03    1.3482545788e-03    7.9828811660e-04   -2.5275758418e-03    3.1592650409e-03   -1.1004429569e-03
  54.0000000    1.5434766966e-03    4.4327041024e-03   -5.1640740893e-03    1.3585510985e-03    7.8711600949e-04   -2.5279647254e-03    3.1591324835e-03   -1.1051111980e-03
  54.0100000    1.5602703706e-03    4.4267402073e-03   -5.1646497894e-03    1.3688810326e-03    7.7588391455e-04   -2.5283983509e-03    3.1589801955e-03   -1.1097799479e-03
  54.0200000    1.5771954308e-03    4.4208121259e-03   -5.1652197990e-03    1.3792522672e-03    7.6460147833e-04   -2.5288715085e-03    3.1588078638e-03   -1.1144494594e-03
  54.0300000    1.5942628553e-03    4.4149019907e-03   -5.1657838051e-03    1.3896722911e-03    7.5327887686e-04   -2.5293780529e-03    3.1586151151e-03   -1.1191199834e-03
  54.0400000    1.6114781442e-03    4.4089908461e-03   -5.1663401528e-03    1.4001480797e-03    7.4192665109e-04   -2.5299109594e-03    3.1584015163e-03   -1.1237917643e-03
  54.0500000    1.6288415873e-03    4.4030592212e-03   -5.1668859105e-03    1.4106859841e-03    7.3055553764e-04   -2.5304623920e-03    3.1581665769e-03   -1.1284650358e-03
  54.0600000    1.6463487167e-03    4.3970877161e-03   -5.1674169663e-03    1.4212916269e-03    7.1917629785e-04   -2.5310237852e-03    3.1579097516e-03   -1.1331400167e-03
  54.0700000    1.6639909232e-03    4.3910575834e-03   -5.1679281513e-03    1.4319698078e-03    7.0779954768e-04   -2.5315859378e-03    3.1576304430e-03   -1.1378169066e-03
  54.0800000    1.6817562069e-03    4.3849512835e-03   -5.1684133879e-03    1.4427244178e-03    6.9643559148e-04   -2.5321391182e-03    3.1573280070e-03   -1.1424958820e-03
  54.0900000    1.6996300275e-03    4.3787529935e-03   -5.1688658602e-03    1.4535583667e-03    6.8509426210e-04   -2.5326731802e-03    3.1570017569e-03   -1.1471770924e-03
  54.1000000    1.7175962203e-03    4.3724490536e-03   -5.1692782018e-03    1.4644735229e-03    6.7378476985e-04   -2.5331776881e-03    3.1566509695e-03   -1.1518606563e-03
  54.1100000    1.7356379357e-03    4.3660283331e-03   -5.1696426972e-03    1.4754706665e-03    6.6251556283e-04   -2.5336420499e-03    3.1562748920e-03   -1.1565466587e-03
  54.1200000    1.7537385636e-03    4.3594825030e-03   -5.1699514930e-03    1.4865494590e-03    6.5129420058e-04   -2.5340556561e-03    3.1558727481e-03   -1.1612351475e-03
  54.1300000    1.7718826057e-03    4.3528062057e-03   -5.1701968134e-03    1.4977084271e-03    6.4012724294e-04   -2.5344080236e-03    3.1554437466e-03   -1.1659261316e-03
  54.1400000    1.7900564571e-03    4.3459971162e-03   -5.1703711748e-03    1.5089449628e-03    6.2902015591e-04   -2.5346889422e-03    3.1549870887e-03   -1.1706195781e-03
  54.1500000    1.8082490680e-03    4.3390558904e-03   -5.1704675969e-03    1.5202553401e-03    6.1797723553e-04   -2.5348886210e-03    3.1545019768e-03   -1.1753154114e-03
  54.1600000    1.8264524573e-03    4.3319860055e-03   -5.1704798026e-03    1.5316347475e-03    6.0700155113e-04   -2.5349978341e-03    3.1539876229e-03   -1.1800135120e-03
  54.1700000    1.8446620587e-03    4.3247934965e-03   -5.1704024045e-03    1.5430773360e-03    5.9609490830e-04   -2.5350080619e-03    3.1534432576e-03   -1.1847137157e-03
  54.1800000    1.8628768860e-03    4.3174866004e-03   -5.1702310732e-03    1.5545762826e-03    5.8525783213e-04   -2.5349116269e-03    3.1528681382e-03   -1.1894158142e-03
  54.1900000    1.8810995129e-03    4.3100753210e-03   -5.1699626820e-03    1.5661238681e-03    5.7448957072e-04   -2.5347018208e-03    3.1522615580e-03   -1.1941195550e-03
  54.2000000    1.8993358680e-03    4.3025709327e-03   -5.1695954276e-03    1.5777115680e-03    5.6378811856e-04   -2.5343730219e-03    3.1516228546e-03   -1.1988246436e-03
  54.2100000    1.9175948578e-03    4.2949854420e-03   -5.1691289205e-03    1.5893301563e-03    5.5315025927e-04   -2.5339207997e-03    3.1509514172e-03   -1.2035307442e-03
  54.2200000    1.9358878315e-03    4.2873310287e-03   -5.1685642454e-03    1.6009698191e-03    5.4257162672e-04   -2.5333420049e-03    3.1502466951e-03   -1.2082374832e-03
  54.2300000    1.9542279144e-03    4.2796194891e-03   -5.1679039884e-03    1.6126202780e-03    5.3204678328e-04   -2.5326348441e-03    3.1495082039e-03   -1.2129444512e-03
  54.2400000    1.9726292370e-03    4.2718617042e-03   -5.1671522310e-03    1.6242709211e-03    5.2156931391e-04   -2.5317989354e-03    3.1487355320e-03   -1.2176512068e-03
  54.2500000    1.9911060942e-03    4.2640671549e-03   -5.1663145092e-03    1.6359109389e-03    5.1113193416e-04   -2.5308353463e-03    3.1479283458e-03   -1.2223572807e-03
  54.2600000    2.0096720706e-03    4.2562435040e-03   -5.1653977397e-03    1.6475294645e-03    5.0072661047e-04   -2.5297466100e-03    3.1470863943e-03   -1.2270621797e-03
  54.2700000    2.0283391695e-03    4.2483962632e-03   -5.1644101128e-03    1.6591157154e-03    4.9034469043e-04   -2.5285367214e-03    3.1462095127e-03   -1.2317653916e-03
  54.2800000    2.0471169835e-03    4.2405285600e-03   -5.1633609554e-03    1.6706591348e-03    4.7997704106e-04   -2.5272111110e-03    3.1452976243e-03   -1.2364663904e-03
  54.2900000    2.0660119423e-03    4.2326410144e-03   -5.1622605644e-03    1.6821495310e-03    4.6961419269e-04   -2.5257765973e-03    3.1443507424e-03   -1.2411646418e-03
  54.3000000    2.0850266711e-03    4.2247317335e-03   -5.1611200154e-03    1.6935772121e-03    4.5924648625e-04   -2.5242413168e-03    3.1433689699e-03   -1.2458596081e-03
  54.3100000    2.1041594876e-03    4.2167964234e-03   -5.1599509497e-03    1.7049331148e-03    4.4886422139e-04   -2.5226146339e-03    3.1423524984e-03   -1.2505507550e-03
  54.3200000    2.1234040608e-03    4.2088286178e-03   -5.1587653433e-03    1.7162089250e-03    4.3845780344e-04   -2.5209070292e-03    3.1413016061e-03   -1.2552375566e-03
  54.3300000    2.1427492481e-03    4.2008200135e-03   -5.1575752625e-03    1.7273971892e-03    4.2801788658e-04   -2.5191299697e-03    3.1402166538e-03   -1.2599195015e-03
  54.3400000    2.1621791202e-03    4.1927609025e-03   -5.1563926114e-03    1.7384914138e-03    4.1753551142e-04   -2.5172957606e-03    3.1390980810e-03   -1.2645960985e-03
  54.3500000    2.1816731759e-03    4.1846406816e-03   -5.1552288762e-03    1.7494861528e-03    4.0700223463e-04   -2.5154173818e-03    3.1379463995e-03   -1.2692668824e-03
  54.3600000    2.2012067417e-03    4.1764484226e-03   -5.1540948707e-03    1.7603770808e-03    3.9641024887e-04   -2.5135083110e-03    3.1367621868e-03   -1.2739314193e-03
  54.3700000    2.2207515423e-03    4.1681734774e-03   -5.1530004893e-03    1.7711610515e-03    3.8575249138e-04   -2.5115823351e-03    3.1355460783e-03   -1.2785893113e-03
  54.3800000    2.2402764242e-03    4.1598060952e-03   -5.1519544720e-03    1.7818361408e-03    3.7502273961e-04   -2.5096533540e-03    3.1342987586e-03   -1.2832402016e-03
  54.3900000    2.2597482063e-03    4.1513380250e-03   -5.1509641862e-03    1.7924016733e-03    3.6421569264e-04   -2.5077351785e-03    3.1330209523e-03   -1.2878837790e-03
  54.4000000    2.2791326262e-03    4.1427630784e-03   -5.1500354310e-03    1.8028582328e-03    3.5332703746e-04   -2.5058413253e-03    3.1317134132e-03   -1.2925197809e-03
  54.4100000    2.2983953505e-03    4.1340776267e-03   -5.1491722668e-03    1.8132076556e-03    3.4235349924e-04   -2.5039848140e-03    3.1303769144e-03   -1.2971479972e-03
  54.4200000    2.3175030097e-03    4.1252810110e-03   -5.1483768753e-03    1.8234530079e-03    3.3129287506e-04   -2.5021779667e-03    3.1290122368e-03   -1.3017682726e-03
  54.4300000    2.3364242228e-03    4.1163758446e-03   -5.1476494526e-03    1.8335985466e-03    3.2014405109e-04   -2.5004322157e-03    3.1276201581e-03   -1.3063805088e-03
  54.4400000    2.3551305729e-03    4.1073681916e-03   -5.1469881383e-03    1.8436496652e-03    3.0890700286e-04   -2.4987579213e-03    3.1262014415e-03   -1.3109846654e-03
  54.4500000    2.3735974994e-03    4.0982676101e-03   -5.1463889825e-03    1.8536128246e-03    2.9758277929e-04   -2.4971642031e-03    3.1247568241e-03   -1.3155807606e-03
  54.4600000    2.3918050747e-03    4.0890870547e-03   -5.1458459526e-03    1.8634954702e-03    2.8617347081e-04   -2.4956587873e-03    3.1232870066e-03   -1.3201688715e-03
  54.4700000    2.4097386375e-03    4.0798426343e-03   -5.1453509797e-03    1.8733059368e-03    2.7468216239e-04   -2.4942478742e-03    3.1217926423e-03   -1.3247491323e-03
  54.4800000    2.4273892616e-03    4.0705532326e-03   -5.1448940448e-03    1.8830533422e-03    2.6311287251e-04   -2.4929360258e-03    3.1202743273e-03   -1.3293217335e-03
  54.4900000    2.4447540433e-03    4.0612399987e-03   -5.1444633040e-03    1.8927474710e-03    2.5147047927e-04   -2.4917260782e-03    3.1187325913e-03   -1.3338869191e-03
  54.5000000    2.4618361983e-03    4.0519257232e-03   -5.1440452509e-03    1.9023986504e-03    2.3976063501e-04   -2.4906190789e-03    3.1171678892e-03   -1.3384449836e-03
  54.5100000    2.4786449666e-03    4.0426341208e-03   -5.1436249133e-03    1.9120176197e-03    2.2798967098e-04   -2.4896142515e-03    3.1155805941e-03   -1.3429962682e-03
  54.5200000    2.4951953303e-03    4.0333890403e-03   -5.1431860828e-03    1.9216153951e-03    2.1616449376e-04   -2.4887089873e-03    3.1139709905e-03   -1.3475411567e-03
  54.5300000    2.5115075557e-03    4.0242136316e-03   -5.1427115708e-03    1.9312031319e-03    2.0429247516e-04   -2.4878988666e-03    3.1123392702e-03   -1.3520800702e-03
  54.5400000    2.5276065773e-03    4.0151294970e-03   -5.1421834892e-03    1.9407919854e-03    1.9238133744e-04   -2.4871777075e-03    3.1106855278e-03   -1.3566134616e-03
  54.5500000    2.5435212483e-03    4.0061558578e-03   -5.1415835497e-03    1.9503929730e-03    1.8043903576e-04   -2.4865376428e-03    3.1090097592e-03   -1.3611418100e-03
  54.5600000    2.5592834847e-03    3.9973087672e-03   -5.1408933765e-03    1.9600168386e-03    1.6847363965e-04   -2.4859692249e-03    3.1073118605e-03   -1.3656656138e-03
  54.5700000    2.5749273347e-03    3.9886003980e-03   -5.1400948271e-03    1.9696739218e-03    1.5649321547e-04   -2.4854615556e-03    3.1055916286e-03   -1.3701853845e-03
  54.5800000    2.5904880068e-03    3.9800384334e-03   -5.1391703161e-03    1.9793740323e-03    1.4450571155e-04   -2.4850024407e-03    3.1038487638e-03   -1.3747016396e-03
  54.5900000    2.6060008911e-03    3.9716255854e-03   -5.1381031341e-03    1.9891263331e-03    1.3251884782e-04   -2.4845785661e-03    3.1020828731e-03   -1.3792148953e-03
  54.6000000    2.6215006081e-03    3.9633592599e-03   -5.1368777589e-03    1.9989392316e-03    1.2054001147e-04   -2.4841756935e-03    3.1002934753e-03   -1.3837256595e-03
  54.6100000    2.6370201163e-03    3.9552313856e-03   -5.1354801501e-03    2.0088202815e-03    1.0857616019e-04   -2.4837788719e-03    3.0984800077e-03   -1.3882344250e-03
  54.6200000    2.6525899086e-03    3.9472284159e-03   -5.1338980241e-03    2.0187760960e-03    9.6633734259e-05   -2.4833726632e-03    3.0966418339e-03   -1.3927416617e-03
  54.6300000    2.6682373226e-03    3.9393315075e-03   -5.1321211027e-03    2.0288122740e-03    8.4718578633e-05   -2.4829413760e-03    3.0947782523e-03   -1.3972478107e-03
  54.6400000    2.6839859848e-03    3.9315168754e-03   -5.1301413308e-03    2.0389333382e-03    7.2835876124e-05   -2.4824693065e-03    3.0928885067e-03   -1.4017532771e-03
  54.6500000    2.6998554039e-03    3.9237563143e-03   -5.1279530596e-03    2.0491426887e-03    6.0990092235e-05   -2.4819409804e-03    3.0909717968e-03   -1.4062584243e-03
  54.6600000    2.7158607216e-03    3.9160178746e-03   -5.1255531909e-03    2.0594425694e-03    4.9184932407e-05   -2.4813413938e-03    3.0890272903e-03   -1.4107635679e-03
  54.6700000    2.7320126236e-03    3.9082666714e-03   -5.1229412790e-03    2.0698340501e-03    3.7423311918e-05   -2.4806562469e-03    3.0870541353e-03   -1.4152689710e-03
  54.6800000    2.7483174073e-03    3.9004658051e-03   -5.1201195895e-03    2.0803170223e-03    2.5707338611e-05   -2.4798721696e-03    3.0850514727e-03   -1.4197748394e-03
  54.6900000    2.7647771957e-03    3.8925773629e-03   -5.1170931117e-03    2.0908902104e-03    1.4038308344e-05   -2.4789769318e-03    3.0830184496e-03   -1.4242813176e-03
  54.7000000    2.7813902840e-03    3.8845634722e-03   -5.1138695244e-03    2.1015511960e-03    2.4167129286e-06   -2.4779596380e-03    3.0809542325e-03   -1.4287884861e-03
  54.7100000    2.7981515977e-03    3.8763873710e-03   -5.1104591154e-03    2.1122964566e-03   -9.1577399456e-06   -2.4768109004e-03    3.0788580200e-03   -1.4332963585e-03
  54.7200000    2.8150532393e-03    3.8680144626e-03   -5.1068746559e-03    2.1231214173e-03   -2.0686095478e-05   -2.4755229894e-03    3.0767290557e-03   -1.4378048803e-03
  54.7300000    2.8320850973e-03    3.8594133209e-03   -5.1031312300e-03    2.1340205144e-03   -3.2170110004e-05   -2.4740899577e-03    3.0745666403e-03   -1.4423139278e-03
  54.7400000    2.8492354895e-03    3.8505566126e-03   -5.0992460233e-03    2.1449872706e-03   -4.3612199737e-05   -2.4725077361e-03    3.0723701430e-03   -1.4468233086e-03
  54.7500000    2.8664918114e-03    3.8414219091e-03   -5.0952380735e-03    2.1560143801e-03   -5.5015381089e-05   -2.4707741989e-03    3.0701390121e-03   -1.4513327623e-03
  54.7600000    2.8838411626e-03    3.8319923595e-03   -5.0911279856e-03    2.1670938029e-03   -6.6383203824e-05   -2.4688891992e-03    3.0678727843e-03   -1.4558419621e-03
  54.7700000    2.9012709246e-03    3.8222572056e-03   -5.0869376183e-03    2.1782168668e-03   -7.7719678268e-05   -2.4668545710e-03    3.0655710932e-03   -1.4603505179e-03
  54.7800000    2.9187692660e-03    3.8122121205e-03   -5.0826897446e-03    2.1893743756e-03   -8.9029198032e-05   -2.4646740994e-03    3.0632336763e-03   -1.4648579792e-03
  54.7900000    2.9363255569e-03    3.8018593618e-03   -5.0784076940e-03    2.2005567222e-03   -1.0031645957e-04   -2.4623534597e-03    3.0608603801e-03   -1.4693638395e-03
  54.8000000    2.9539306750e-03    3.7912077337e-03   -5.0741149806e-03    2.2117540057e-03   -1.1158638001e-04   -2.4599001241e-03    3.0584511644e-03   -1.4738675414e-03
  54.8100000    2.9715771955e-03    3.7802723606e-03   -5.0698349243e-03    2.2229561492e-03   -1.2284401468e-04   -2.4573232402e-03    3.0560061045e-03   -1.4783684817e-03
  54.8200000    2.9892594571e-03    3.7690742795e-03   -5.0655902712e-03    2.2341530198e-03   -1.3409447553e-04   -2.4546334810e-03    3.0535253918e-03   -1.4828660178e-03
  54.8300000    3.0069735071e-03    3.7576398651e-03   -5.0614028188e-03    2.2453345457e-03   -1.4534285195e-04   -2.4518428702e-03    3.0510093327e-03   -1.4873594744e-03
  54.8400000    3.0247169296e-03    3.7460001062e-03   -5.0572930541e-03    2.2564908325e-03   -1.5659413504e-04   -2.4489645844e-03    3.0484583456e-03   -1.4918481502e-03
  54.8500000    3.0424885682e-03    3.7341897579e-03   -5.0532798084e-03    2.2676122744e-03   -1.6785314641e-04   -2.4460127370e-03    3.0458729569e-03   -1.4963313260e-03
  54.8600000    3.0602881591e-03    3.7222463950e-03   -5.0493799367e-03    2.2786896607e-03   -1.7912447264e-04   -2.4430021457e-03    3.0432537947e-03   -1.5008082718e-03
  54.8700000    3.0781158931e-03    3.7102093994e-03   -5.0456080259e-03    2.2897142760e-03   -1.9041240605e-04   -2.4399480889e-03    3.0406015810e-03   -1.5052782548e-03
  54.8800000    3.0959719292e-03    3.6981189106e-03   -5.0419761381e-03    2.3006779924e-03   -2.0172089267e-04   -2.4368660542e-03    3.0379171229e-03   -1.5097405475e-03
  54.8900000    3.1138558848e-03    3.6860147741e-03   -5.0384935910e-03    2.3115733533e-03   -2.1305348776e-04   -2.4337714830e-03    3.0352013023e-03   -1.5141944355e-03
  54.9000000    3.1317663273e-03    3.6739355178e-03   -5.0351667830e-03    2.3223936475e-03   -2.2441331943e-04   -2.4306795167e-03    3.0324550639e-03   -1.5186392251e-03
  54.9100000    3.1497002927e-03    3.6619173890e-03   -5.0319990621e-03    2.3331329730e-03   -2.3580306050e-04   -2.4276047476e-03    3.0296794033e-03   -1.5230742510e-03
  54.9200000    3.1676528573e-03    3.6499934773e-03   -5.0289906441e-03    2.3437862897e-03   -2.4722490868e-04   -2.4245609792e-03    3.0268753532e-03   -1.5274988834e-03
  54.9300000    3.1856167825e-03    3.6381929508e-03   -5.0261385796e-03    2.3543494610e-03   -2.5868057503e-04   -2.4215609995e-03    3.0240439697e-03   -1.5319125349e-03
  54.9400000    3.2035822555e-03    3.6265404238e-03   -5.0234367720e-03    2.3648192830e-03   -2.7017128031e-04   -2.4186163725e-03    3.0211863178e-03   -1.5363146665e-03
  54.9500000    3.2215367390e-03    3.6150554718e-03   -5.0208760455e-03    2.3751935020e-03   -2.8169775913e-04   -2.4157372492e-03    3.0183034566e-03   -1.5407047935e-03
  54.9600000    3.2394649443e-03    3.6037523053e-03   -5.0184442624e-03    2.3854708202e-03   -2.9326027106e-04   -2.4129322037e-03    3.0153964252e-03   -1.5450824905e-03
  54.9700000    3.2573489313e-03    3.5926396055e-03   -5.0161264882e-03    2.3956508891e-03   -3.0485861841e-04   -2.4102080956e-03    3.0124662283e-03   -1.5494473956e-03
  54.9800000    3.2751683407e-03    3.5817205228e-03   -5.0139052016e-03    2.4057342913e-03   -3.1649216974e-04   -2.4075699612e-03    3.0095138219e-03   -1.5537992138e-03
  54.9900000    3.2929007519e-03    3.5709928310e-03   -5.0117605468e-03    2.4157225118e-03   -3.2815988850e-04   -2.4050209362e-03    3.0065401006e-03   -1.5581377198e-03
  55.0000000    3.3105221590e-03    3.5604492270e-03   -5.0096706231e-03    2.4256178981e-03   -3.3986036588e-04   -2.4025622104e-03    3.0035458854e-03   -1.5624627599e-03
  55.0100000    3.3280075516e-03    3.5500777603e-03   -5.0076118086e-03    2.4354236104e-03   -3.5159185703e-04   -2.4001930159e-03    3.0005319118e-03   -1.5667742525e-03
  55.0200000    3.3453315816e-03    3.5398623745e-03   -5.0055591114e-03    2.4451435637e-03   -3.6335231980e-04   -2.3979106473e-03    2.9974988209e-03   -1.5710721886e-03
  55.0300000    3.3624692958e-03    3.5297835363e-03   -5.0034865442e-03    2.4547823609e-03   -3.7513945513e-04   -2.3957105165e-03    2.9944471497e-03   -1.5753566303e-03
  55.0400000    3.3793969077e-03    3.5198189311e-03   -5.0013675149e-03    2.4643452197e-03   -3.8695074816e-04   -2.3935862380e-03    2.9913773250e-03   -1.5796277094e-03
  55.0500000    3.3960925841e-03    3.5099441975e-03   -4.9991752286e-03    2.4738378926e-03   -3.9878350950e-04   -2.3915297450e-03    2.9882896578e-03   -1.5838856241e-03
  55.0600000    3.4125372180e-03    3.5001336773e-03   -4.9968830931e-03    2.4832665841e-03   -4.1063491550e-04   -2.3895314345e-03    2.9851843395e-03   -1.5881306362e-03
  55.0700000    3.4287151588e-03    3.4903611539e-03   -4.9944651229e-03    2.4926378625e-03   -4.2250204740e-04   -2.3875803376e-03    2.9820614405e-03   -1.5923630660e-03
  55.0800000    3.4446148763e-03    3.4806005590e-03   -4.9918963340e-03    2.5019585713e-03   -4.3438192824e-04   -2.3856643126e-03    2.9789209103e-03   -1.5965832872e-03
  55.0900000    3.4602295303e-03    3.4708266243e-03   -4.9891531244e-03    2.5112357387e-03   -4.4627155745e-04   -2.3837702587e-03    2.9757625792e-03   -1.6007917212e-03
  55.1000000    3.4755574259e-03    3.4610154610e-03   -4.9862136341e-03    2.5204764883e-03   -4.5816794252e-04   -2.3818843447e-03    2.9725861625e-03   -1.6049888305e-03
  55.1100000    3.4906023353e-03    3.4511450536e-03   -4.9830580784e-03    2.5296879516e-03   -4.7006812759e-04   -2.3799922498e-03    2.9693912658e-03   -1.6091751116e-03
  55.1200000    3.5053736722e-03    3.4411956569e-03   -4.9796690500e-03    2.5388771826e-03   -4.8196921863e-04   -2.3780794125e-03    2.9661773927e-03   -1.6133510873e-03
  55.1300000    3.5198865095e-03    3.4311500894e-03   -4.9760317849e-03    2.5480510780e-03   -4.9386840547e-04   -2.3761312831e-03    2.9629439538e-03   -1.6175172990e-03
  55.1400000    3.5341614351e-03    3.4209939213e-03   -4.9721343886e-03    2.5572163011e-03   -5.0576298036e-04   -2.3741335749e-03    2.9596902767e-03   -1.6216742984e-03
  55.1500000    3.5482242488e-03    3.4107155593e-03   -4.9679680180e-03    2.5663792131e-03   -5.1765035346e-04   -2.3720725107e-03    2.9564156184e-03   -1.6258226390e-03
  55.1600000    3.5621055037e-03    3.4003062325e-03   -4.9635270178e-03    2.5755458103e-03   -5.2952806536e-04   -2.3699350598e-03    2.9531191780e-03   -1.6299628680e-03
  55.1700000    3.5758399063e-03    3.3897598891e-03   -4.9588090082e-03    2.5847216702e-03   -5.4139379705e-04   -2.3677091618e-03    2.9498001105e-03   -1.6340955174e-03
  55.1800000    3.5894655887e-03    3.3790730150e-03   -4.9538149234e-03    2.5939119046e-03   -5.5324537762e-04   -2.3653839327e-03    2.9464575417e-03   -1.6382210964e-03
  55.1900000    3.6030232746e-03    3.3682443887e-03   -4.9485490005e-03    2.6031211227e-03   -5.6508079006e-04   -2.3629498507e-03    2.9430905834e-03   -1.6423400829e-03
  55.2000000    3.6165553614e-03    3.3572747866e-03   -4.9430187184e-03    2.6123534024e-03   -5.7689817581e-04   -2.3603989182e-03    2.9396983489e-03   -1.6464529161e-03
  55.2100000    3.6301049457e-03    3.3461666566e-03   -4.9372346888e-03    2.6216122706e-03   -5.8869583826e-04   -2.3577247966e-03    2.9362799684e-03   -1.6505599894e-03
  55.2200000    3.6437148190e-03    3.3349237749e-03   -4.9312105006e-03    2.6309006935e-03   -6.0047224586e-04   -2.3549229130e-03    2.9328346046e-03   -1.6546616436e-03
  55.2300000    3.6574264631e-03    3.3235509018e-03   -4.9249625205e-03    2.6402210746e-03   -6.1222603518e-04   -2.3519905358e-03    2.9293614675e-03   -1.6587581614e-03
  55.2400000    3.6712790735e-03    3.3120534524e-03   -4.9185096526e-03    2.6495752622e-03   -6.2395601425e-04   -2.3489268183e-03    2.9258598288e-03   -1.6628497616e-03
  55.2500000    3.6853086396e-03    3.3004371932e-03   -4.9118730613e-03    2.6589645643e-03   -6.3566116674e-04   -2.3457328108e-03    2.9223290353e-03   -1.6669365952e-03
  55.2600000    3.6995471057e-03    3.2887079768e-03   -4.9050758624e-03    2.6683897711e-03   -6.4734065700e-04   -2.3424114384e-03    2.9187685211e-03   -1.6710187417e-03
  55.2700000    3.7140216386e-03    3.2768715217e-03   -4.8981427855e-03    2.6778511839e-03   -6.5899383633e-04   -2.3389674483e-03    2.9151778186e-03   -1.6750962064e-03
  55.2800000    3.7287540191e-03    3.2649332434e-03   -4.8910998143e-03    2.6873486501e-03   -6.7062025050e-04   -2.3354073252e-03    2.9115565683e-03   -1.6791689187e-03
  55.2900000    3.7437601752e-03    3.2528981391e-03   -4.8839738109e-03    2.6968816024e-03   -6.8221964862e-04   -2.3317391766e-03    2.9079045264e-03   -1.6832367320e-03
  55.3000000    3.7590498674e-03    3.2407707256e-03   -4.8767921275e-03    2.7064491026e-03   -6.9379199311e-04   -2.3279725916e-03    2.9042215708e-03   -1.6872994231e-03
  55.3100000    3.7746265336e-03    3.2285550276e-03   -4.8695822139e-03    2.7160498865e-03   -7.0533747084e-04   -2.3241184741e-03    2.9005077059e-03   -1.6913566943e-03
  55.3200000    3.7904872942e-03    3.2162546121e-03   -4.8623712248e-03    2.7256824121e-03   -7.1685650487e-04   -2.3201888535e-03    2.8967630643e-03   -1.6954081756e-03
  55.3300000    3.8066231157e-03    3.2038726604e-03   -4.8551856338e-03    2.7353449069e-03   -7.2834976665e-04   -2.3161966776e-03    2.8929879074e-03   -1.6994534280e-03
  55.3400000    3.8230191244e-03    3.1914120699e-03   -4.8480508595e-03    2.7450354145e-03   -7.3981818805e-04   -2.3121555892e-03    2.8891826238e-03   -1.7034919476e-03
  55.3500000    3.8396550580e-03    3.1788755756e-03   -4.8409909083e-03    2.7547518405e-03   -7.5126297283e-04   -2.3080796923e-03    2.8853477252e-03   -1.7075231711e-03
  55.3600000    3.8565058395e-03    3.1662658815e-03   -4.8340280409e-03    2.7644919938e-03   -7.6268560678e-04   -2.3039833105e-03    2.8814838410e-03   -1.7115464818e-03
  55.3700000    3.8735422534e-03    3.1535857906e-03   -4.8271824643e-03    2.7742536256e-03   -7.7408786609e-04   -2.2998807426e-03    2.8775917107e-03   -1.7155612163e-03
  55.3800000    3.8907317033e-03    3.1408383252e-03   -4.8204720575e-03    2.7840344629e-03   -7.8547182310e-04   -2.2957860187e-03    2.8736721744e-03   -1.7195666717e-03
  55.3900000    3.9080390260e-03    3.1280268276e-03   -4.8139121300e-03    2.7938322376e-03   -7.9683984895e-04   -2.2917126626e-03    2.8697261620e-03   -1.7235621145e-03
  55.4000000    3.9254273378e-03    3.1151550338e-03   -4.8075152208e-03    2.8036447083e-03   -8.0819461225e-04   -2.2876734622e-03    2.8657546808e-03   -1.7275467884e-03
  55.4100000    3.9428588876e-03    3.1022271154e-03   -4.8012909370e-03    2.8134696772e-03   -8.1953907339e-04   -2.2836802541e-03    2.8617588012e-03   -1.7315199236e-03
  55.4200000    3.9602958921e-03    3.0892476855e-03   -4.7952458359e-03    2.8233050001e-03   -8.3087647374e-04   -2.2797437242e-03    2.8577396424e-03   -1.7354807461e-03
  55.4300000    3.9777013307e-03    3.0762217666e-03   -4.7893833516e-03    2.8331485890e-03   -8.4221031940e-04   -2.2758732289e-03    2.8536983563e-03   -1.7394284868e-03
  55.4400000    3.9950396773e-03    3.0631547217e-03   -4.7837037654e-03    2.8429984093e-03   -8.5354435902e-04   -2.2720766391e-03    2.8496361111e-03   -1.7433623914e-03
  55.4500000    4.0122775522e-03    3.0500521515e-03   -4.7782042227e-03    2.8528524704e-03   -8.6488255549e-04   -2.2683602098e-03    2.8455540747e-03   -1.7472817294e-03
  55.4600000    4.0293842787e-03    3.0369197605e-03   -4.7728787927e-03    2.8627088099e-03   -8.7622905133e-04   -2.2647284775e-03    2.8414533971e-03   -1.7511858032e-03
  55.4700000    4.0463323319e-03    3.0237632011e-03   -4.7677185713e-03    2.8725654735e-03   -8.8758812790e-04   -2.2611841866e-03    2.8373351944e-03   -1.7550739571e-03
  55.4800000    4.0630976734e-03    3.0105879002e-03   -4.7627118256e-03    2.8824204902e-03   -8.9896415841e-04   -2.2577282471e-03    2.8332005314e-03   -1.7589455855e-03
  55.4900000    4.0796599681e-03    2.9973988791e-03   -4.7578441762e-03    2.8922718438e-03   -9.1036155525e-04   -2.2543597220e-03    2.8290504063e-03   -1.7628001407e-03
  55.5000000    4.0960026847e-03    2.9842005747e-03   -4.7530988150e-03    2.9021174420e-03   -9.2178471215e-04   -2.2510758469e-03    2.8248857354e-03   -1.7666371397e-03
  55.5100000    4.1121130829e-03    2.9709966712e-03   -4.7484567560e-03    2.9119550841e-03   -9.3323794164e-04   -2.2478720797e-03    2.8207073390e-03   -1.7704561711e-03
  55.5200000    4.1279820978e-03    2.9577899516e-03   -4.7438971127e-03    2.9217824290e-03   -9.4472540891e-04   -2.2447421798e-03    2.8165159289e-03   -1.7742568997e-03
