  50.0100000    4.8949570923e-04    1.8999729615e-04    1.1914060991e-04    8.4434941989e-05    2.4370135407e-04    6.6041442475e-04    1.3922706027e-04    5.2373737112e-04
  50.0200000    4.9001004409e-04    1.9068592891e-04    1.1832054311e-04    8.4485359211e-05    2.4377039139e-04    6.6023209464e-04    1.4060379145e-04    5.2471802125e-04
  50.0300000    4.9035326264e-04    1.9132348225e-04    1.1747112309e-04    8.4441382619e-05    2.4382439790e-04    6.6001255562e-04    1.4197218107e-04    5.2570751784e-04
  50.0400000    4.9054163315e-04    1.9188837668e-04    1.1660124626e-04    8.4294942588e-05    2.4386457015e-04    6.5974879190e-04    1.4332536180e-04    5.2670922343e-04
  50.0500000    4.9059376121e-04    1.9236123396e-04    1.1571979368e-04    8.4039928823e-05    2.4389232973e-04    6.5943423166e-04    1.4465692553e-04    5.2772606900e-04
  50.0600000    4.9053026256e-04    1.9272544519e-04    1.1483555560e-04    8.3672134773e-05    2.4390930521e-04    6.5906283718e-04    1.4596094369e-04    5.2876056568e-04
  50.0700000    4.9037339161e-04    1.9296766751e-04    1.1395715798e-04    8.3189166722e-05    2.4391731078e-04    6.5862918826e-04    1.4723198172e-04    5.2981481840e-04
  50.0800000    4.9014663305e-04    1.9307822581e-04    1.1309299750e-04    8.2590322943e-05    2.4391832207e-04    6.5812855742e-04    1.4846510855e-04    5.3089054143e-04
  50.0900000    4.8532561424e-04    1.8990222785e-04    1.1185786144e-04    8.2122330544e-05    2.4391444924e-04    6.5755697595e-04    1.4965590116e-04    5.3198907530e-04
  50.1000000    4.8552331013e-04    1.8816773531e-04    1.1093393723e-04    8.1607309541e-05    2.4390790787e-04    6.5691128970e-04    1.5080044487e-04    5.3311140492e-04
  50.1100000    4.8572078707e-04    1.8628097367e-04    1.1005699358e-04    8.0956750252e-05    2.4390098794e-04    6.5618920392e-04    1.5189532978e-04    5.3425817878e-04
  50.1200000    4.8593186239e-04    1.8426836686e-04    1.0923710108e-04    8.0167555742e-05    2.4389602129e-04    6.5538931633e-04    1.5293764369e-04    5.3542972872e-04
  50.1300000    4.8617022613e-04    1.8215769208e-04    1.0848325814e-04    7.9238838967e-05    2.4389534810e-04    6.5451113797e-04    1.5392496192e-04    5.3662609036e-04
  50.1400000    4.8644921509e-04    1.7997758290e-04    1.0780327436e-04    7.8171949711e-05    2.4390128270e-04    6.5355510144e-04    1.5485533446e-04    5.3784702378e-04
  50.1500000    4.8678159255e-04    1.7775701424e-04    1.0720367592e-04    7.6970467350e-05    2.4391607931e-04    6.5252255657e-04    1.5572727069e-04    5.3909203434e-04
  50.1600000    4.8717933724e-04    1.7552478555e-04    1.0668963345e-04    7.5640159551e-05    2.4394189819e-04    6.5141575323e-04    1.5653972209e-04    5.4036039357e-04
  50.1700000    4.8765344520e-04    1.7330901099e-04    1.0626491363e-04    7.4188907325e-05    2.4398077248e-04    6.5023781183e-04    1.5729206328e-04    5.4165115973e-04
  50.1800000    4.8821374774e-04    1.7113662536e-04    1.0593185434e-04    7.2626597569e-05    2.4403457652e-04    6.4899268172e-04    1.5798407149e-04    5.4296319823e-04
  50.1900000    4.8886874845e-04    1.6903291403e-04    1.0569136343e-04    7.0964984601e-05    2.4410499587e-04    6.4768508814e-04    1.5861590506e-04    5.4429520155e-04
  50.2000000    4.8962548207e-04    1.6702107444e-04    1.0554294049e-04    6.9217522678e-05    2.4419349953e-04    6.4632046847e-04    1.5918808080e-04    5.4564570865e-04
  50.2100000    4.9048939729e-04    1.6512181668e-04    1.0548472081e-04    6.7399172115e-05    2.4430131487e-04    6.4490489873e-04    1.5970145093e-04    5.4701312378e-04
  50.2200000    4.9146426547e-04    1.6335300951e-04    1.0551354012e-04    6.5526181798e-05    2.4442940553e-04    6.4344501134e-04    1.6015717931e-04    5.4839573465e-04
  50.2300000    4.9255211661e-04    1.6172937813e-04    1.0562501871e-04    6.3615851331e-05    2.4457845279e-04    6.4194790529e-04    1.6055671759e-04    5.4979172977e-04
  50.2400000    4.9375320334e-04    1.6026225931e-04    1.0581366291e-04    6.1686276488e-05    2.4474884058e-04    6.4042105020e-04    1.6090178120e-04    5.5119921515e-04
  50.2500000    4.9506599337e-04    1.5895941861e-04    1.0607298198e-04    5.9756081769e-05    2.4494064444e-04    6.3887218541e-04    1.6119432535e-04    5.5261623002e-04
  50.2600000    4.9648719013e-04    1.5782493408e-04    1.0639561790e-04    5.7844144092e-05    2.4515362477e-04    6.3730921576e-04    1.6143652142e-04    5.5404076183e-04
  50.2700000    4.9801178088e-04    1.5685914945e-04    1.0677348574e-04    5.5969311801e-05    2.4538722428e-04    6.3574010548e-04    1.6163073350e-04    5.5547076032e-04
  50.2800000    4.9963311118e-04    1.5605869942e-04    1.0719792190e-04    5.4150123263e-05    2.4564057000e-04    6.3417277167e-04    1.6177949551e-04    5.5690415076e-04
  50.2900000    5.0134298395e-04    1.5541660810e-04    1.0765983761e-04    5.2404529314e-05    2.4591247976e-04    6.3261497900e-04    1.6188548892e-04    5.5833884634e-04
  50.3000000    5.0313178112e-04    1.5492246044e-04    1.0814987490e-04    5.0749623707e-05    2.4620147305e-04    6.3107423707e-04    1.6195152097e-04    5.5977275964e-04
  50.3100000    5.0498860556e-04    1.5456264509e-04    1.0865856242e-04    4.9201385699e-05    2.4650578636e-04    6.2955770192e-04    1.6198050379e-04    5.6120381336e-04
  50.3200000    5.0690144038e-04    1.5432066564e-04    1.0917646854e-04    4.7774438658e-05    2.4682339271e-04    6.2807208301e-04    1.6197543421e-04    5.6262995014e-04
  50.3300000    5.0885732297e-04    1.5417751518e-04    1.0969434906e-04    4.6481828282e-05    2.4715202519e-04    6.2662355708e-04    1.6193937439e-04    5.6404914170e-04
  50.3400000    5.1084253060e-04    1.5411210782e-04    1.1020328730e-04    4.5334823820e-05    2.4748920428e-04    6.2521768999e-04    1.6187543347e-04    5.6545939709e-04
  50.3500000    5.1284277475e-04    1.5410175882e-04    1.1069482447e-04    4.4342745284e-05    2.4783226856e-04    6.2385936763e-04    1.6178674998e-04    5.6685877036e-04
  50.3600000    5.1484340076e-04    1.5412270345e-04    1.1116107815e-04    4.3512819208e-05    2.4817840848e-04    6.2255273688e-04    1.6167647532e-04    5.6824536742e-04
  50.3700000    5.1682959029e-04    1.5415064327e-04    1.1159484737e-04    4.2850065139e-05    2.4852470275e-04    6.2130115730e-04    1.6154775811e-04    5.6961735231e-04
  50.3800000    5.1878656344e-04    1.5416130728e-04    1.1198970290e-04    4.2357214556e-05    2.4886815677e-04    6.2010716421e-04    1.6140372958e-04    5.7097295284e-04
  50.3900000    5.2069977816e-04    1.5413101441e-04    1.1234006142e-04    4.2034663356e-05    2.4920574279e-04    6.1897244360e-04    1.6124748991e-04    5.7231046568e-04
  50.4000000    5.2255512434e-04    1.5403722348e-04    1.1264124296e-04    4.1880458632e-05    2.4953444100e-04    6.1789781916e-04    1.6108209550e-04    5.7362826082e-04
  50.4100000    5.2433911059e-04    1.5385905635e-04    1.1288951102e-04    4.1890319946e-05    2.4985128121e-04    6.1688325134e-04    1.6091054731e-04    5.7492478562e-04
  50.4200000    5.2603904176e-04    1.5357778053e-04    1.1308209521e-04    4.2057694638e-05    2.5015338432e-04    6.1592784859e-04    1.6073578002e-04    5.7619856837e-04
  50.4300000    5.2764318551e-04    1.5317723831e-04    1.1321719652e-04    4.2373846425e-05    2.5043800313e-04    6.1502989031e-04    1.6056065222e-04    5.7744822130e-04
  50.4400000    5.2914092651e-04    1.5264421031e-04    1.1329397566e-04    4.2827975831e-05    2.5070256181e-04    6.1418686117e-04    1.6038793745e-04    5.7867244337e-04
  50.4500000    5.3052290714e-04    1.5196870374e-04    1.1331252532e-04    4.3407370678e-05    2.5094469350e-04    6.1339549607e-04    1.6022031625e-04    5.7987002247e-04
  50.4600000    5.3178115357e-04    1.5114415701e-04    1.1327382705e-04    4.4097584354e-05    2.5116227531e-04    6.1265183520e-04    1.6006036888e-04    5.8103983741e-04
  50.4700000    5.3290918637e-04    1.5016755506e-04    1.1317969438e-04    4.4882639145e-05    2.5135346041e-04    6.1195128804e-04    1.5991056907e-04    5.8218085951e-04
  50.4800000    5.3390211485e-04    1.4903945225e-04    1.1303270335e-04    4.5745251625e-05    2.5151670650e-04    6.1128870552e-04    1.5977327846e-04    5.8329215383e-04
  50.4900000    5.3475671462e-04    1.4776390234e-04    1.1283611225e-04    4.6667076699e-05    2.5165080024e-04    6.1065845906e-04    1.5965074188e-04    5.8437288017e-04
  50.5000000    5.3547148735e-04    1.4634829813e-04    1.1259377241e-04    4.7628966711e-05    2.5175487728e-04    6.1005452536e-04    1.5954508333e-04    5.8542229373e-04
  50.5100000    5.3604670268e-04    1.4480312544e-04    1.1231003183e-04    4.8611241789e-05    2.5182843746e-04    6.0947057563e-04    1.5945830272e-04    5.8643974548e-04
  50.5200000    5.3648442117e-04    1.4314163927e-04    1.1198963374e-04    4.9593967388e-05    2.5187135491e-04    6.0890006797e-04    1.5939227323e-04    5.8742468230e-04
  50.5300000    5.3678849814e-04    1.4137947204e-04    1.1163761220e-04    5.0557235016e-05    2.5188388285e-04    6.0833634151e-04    1.5934873941e-04    5.8837664678e-04
  50.5400000    5.3696456770e-04    1.3953418535e-04    1.1125918666e-04    5.1481442087e-05    2.5186665287e-04    6.0777271096e-04    1.5932931578e-04    5.8929527682e-04
  50.5500000    5.3702000649e-04    1.3762477915e-04    1.1085965758e-04    5.2347566726e-05    2.5182066876e-04    6.0720256024e-04    1.5933548613e-04    5.9018030492e-04
  50.5600000    5.3696387680e-04    1.3567117238e-04    1.1044430508e-04    5.3137433672e-05    2.5174729472e-04    6.0661943384e-04    1.5936860324e-04    5.9103155725e-04
  50.5700000    5.3680684871e-04    1.3369367032e-04    1.1001829235e-04    5.3833967436e-05    2.5164823825e-04    6.0601712467e-04    1.5942988925e-04    5.9184895242e-04
  50.5800000    5.3656110119e-04    1.3171243404e-04    1.0958657561e-04    5.4421429106e-05    2.5152552776e-04    6.0538975717e-04    1.5952043642e-04    5.9263249998e-04
  50.5900000    5.3624020210e-04    1.2974696664e-04    1.0915382215e-04    5.4885633470e-05    2.5138148519e-04    6.0473186459e-04    1.5964120838e-04    5.9338229873e-04
  50.6000000    5.3585896747e-04    1.2781563057e-04    1.0872433765e-04    5.5214143489e-05    2.5121869408e-04    6.0403845943e-04    1.5979304177e-04    5.9409853465e-04
  50.6100000    5.3543330055e-04    1.2593520880e-04    1.0830200416e-04    5.5396439355e-05    2.5103996340e-04    6.0330509606e-04    1.5997664835e-04    5.9478147871e-04
  50.6200000    5.3498001166e-04    1.2412052155e-04    1.0789022926e-04    5.5424059911e-05    2.5084828774e-04    6.0252792481e-04    1.6019261737e-04    5.9543148426e-04
  50.6300000    5.3451661992e-04    1.2238410745e-04    1.0749190744e-04    5.5290714589e-05    2.5064680431e-04    6.0170373691e-04    1.6044141837e-04    5.9604898430e-04
  50.6400000    5.3406113869e-04    1.2073597709e-04    1.0710939374e-04    5.4992364396e-05    2.5043874746e-04    6.0082999961e-04    1.6072340422e-04    5.9663448843e-04
  50.6500000    5.3363184655e-04    1.1918344363e-04    1.0674448997e-04    5.4527271061e-05    2.5022740139e-04    5.9990488128e-04    1.6103881446e-04    5.9718857954e-04
  50.6600000    5.3324704654e-04    1.1773103338e-04    1.0639844335e-04    5.3896013741e-05    2.5001605168e-04    5.9892726617e-04    1.6138777892e-04    5.9771191033e-04
  50.6700000    5.3292481623e-04    1.1638047652e-04    1.0607195710e-04    5.3101473441e-05    2.4980793638e-04    5.9789675877e-04    1.6177032152e-04    5.9820519949e-04
  50.6800000    5.3268275200e-04    1.1513077602e-04    1.0576521256e-04    5.2148785431e-05    2.4960619759e-04    5.9681367790e-04    1.6218636431e-04    5.9866922777e-04
  50.6900000    5.3253771098e-04    1.1397835037e-04    1.0547790176e-04    5.1045260700e-05    2.4941383400e-04    5.9567904059e-04    1.6263573168e-04    5.9910483378e-04
  50.7000000    5.3250555452e-04    1.1291724383e-04    1.0520926966e-04    4.9800277704e-05    2.4923365534e-04    5.9449453637e-04    1.6311815471e-04    5.9951290964e-04
  50.7100000    5.3260089726e-04    1.1193939600e-04    1.0495816466e-04    4.8425146285e-05    2.4906823944e-04    5.9326249208e-04    1.6363327565e-04    5.9989439643e-04
  50.7200000    5.3283686591e-04    1.1103496081e-04    1.0472309608e-04    4.6932945761e-05    2.4891989257e-04    5.9198582821e-04    1.6418065255e-04    6.0025027956e-04
  50.7300000    5.3322487203e-04    1.1019266390e-04    1.0450229726e-04    4.5338339830e-05    2.4879061365e-04    5.9066800721e-04    1.6475976388e-04    6.0058158389e-04
  50.7400000    5.3377440314e-04    1.0940018646e-04    1.0429379248e-04    4.3657371001e-05    2.4868206309e-04    5.8931297463e-04    1.6537001334e-04    6.0088936893e-04
  50.7500000    5.3449283613e-04    1.0864456270e-04    1.0409546628e-04    4.1907237652e-05    2.4859553667e-04    5.8792509416e-04    1.6601073456e-04    6.0117472380e-04
  50.7600000    5.3538527713e-04    1.0791257836e-04    1.0390513344e-04    4.0106056978e-05    2.4853194497e-04    5.8650907734e-04    1.6668119599e-04    6.0143876228e-04
  50.7700000    5.3645443128e-04    1.0719115729e-04    1.0372060809e-04    3.8272617323e-05    2.4849179867e-04    5.8506990917e-04    1.6738060566e-04    6.0168261776e-04
  50.7800000    5.3770050584e-04    1.0646772440e-04    1.0353977019e-04    3.6426123379e-05    2.4847520016e-04    5.8361277061e-04    1.6810811594e-04    6.0190743828e-04
  50.7900000    5.3912114924e-04    1.0573053333e-04    1.0336062808e-04    3.4585937937e-05    2.4848184141e-04    5.8214295914e-04    1.6886282833e-04    6.0211438158e-04
  50.8000000    5.4071142862e-04    1.0496894934e-04    1.0318137557e-04    3.2771323783e-05    2.4851100844e-04    5.8066580853e-04    1.6964379812e-04    6.0230461022e-04
  50.8100000    5.4246384727e-04    1.0417367893e-04    1.0300044237e-04    3.1001189331e-05    2.4856159220e-04    5.7918660892e-04    1.7045003902e-04    6.0247928688e-04
  50.8200000    5.4436840299e-04    1.0333693980e-04    1.0281653670e-04    2.9293841418e-05    2.4863210581e-04    5.7771052844e-04    1.7128052766e-04    6.0263956973e-04
  50.8300000    5.4641268779e-04    1.0245256697e-04    1.0262867936e-04    2.7666748706e-05    2.4872070790e-04    5.7624253744e-04    1.7213420806e-04    6.0278660805e-04
  50.8400000    5.4858202823e-04    1.0151605307e-04    1.0243622819e-04    2.6136318703e-05    2.4882523180e-04    5.7478733629e-04    1.7300999586e-04    6.0292153797e-04
  50.8500000    5.5085966541e-04    1.0052452330e-04    1.0223889279e-04    2.4717691375e-05    2.4894322007e-04    5.7334928798e-04    1.7390678252e-04    6.0304547853e-04
  50.8600000    5.5322697226e-04    9.9476647892e-05    1.0203673901e-04    2.3424551994e-05    2.4907196389e-04    5.7193235629e-04    1.7482343936e-04    6.0315952794e-04
  50.8700000    5.5566370569e-04    9.8372497398e-05    1.0183018323e-04    2.2268965492e-05    2.4920854664e-04    5.7054005042e-04    1.7575882138e-04    6.0326476011e-04
  50.8800000    5.5814828992e-04    9.7213348264e-05    1.0161997662e-04    2.1261234326e-05    2.4934989121e-04    5.6917537697e-04    1.7671177097e-04    6.0336222154e-04
  50.8900000    5.6065812681e-04    9.6001448142e-05    1.0140717976e-04    2.0409781538e-05    2.4949280998e-04    5.6784079978e-04    1.7768112142e-04    6.0345292847e-04
  50.9000000    5.6316992843e-04    9.4739752070e-05    1.0119312831e-04    1.9721060148e-05    2.4963405691e-04    5.6653820831e-04    1.7866570029e-04    6.0353786439e-04
  50.9100000    5.6566006652e-04    9.3431641793e-05    1.0097939046e-04    1.9199489867e-05    2.4977038091e-04    5.6526889497e-04    1.7966433250e-04    6.0361797786e-04
  50.9200000    5.6810493305e-04    9.2080641283e-05    1.0076771722e-04    1.8847421519e-05    2.4989857938e-04    5.6403354169e-04    1.8067584332e-04    6.0369418070e-04
  50.9300000    5.7048130572e-04    9.0690141949e-05    1.0055998682e-04    1.8665129252e-05    2.5001555138e-04    5.6283221602e-04    1.8169906114e-04    6.0376734654e-04
  50.9400000    5.7276671204e-04    8.9263150251e-05    1.0035814441e-04    1.8650830305e-05    2.5011834934e-04    5.6166437668e-04    1.8273281999e-04    6.0383830970e-04
  50.9500000    5.7493978554e-04    8.7802070011e-05    1.0016413844e-04    1.8800731523e-05    2.5020422850e-04    5.6052888860e-04    1.8377596192e-04    6.0390786443e-04
  50.9600000    5.7698060761e-04    8.6308529982e-05    9.9979855519e-05    1.9109101686e-05    2.5027069329e-04    5.5942404727e-04    1.8482733919e-04    6.0397676447e-04
  50.9700000    5.7887102883e-04    8.4783265448e-05    9.9807054943e-05    1.9568368168e-05    2.5031553985e-04    5.5834761190e-04    1.8588581621e-04    6.0404572297e-04
  50.9800000    5.8059496351e-04    8.3226059994e-05    9.9647304762e-05    2.0169236334e-05    2.5033689402e-04    5.5729684717e-04    1.8695027135e-04    6.0411541272e-04
  50.9900000    5.8213865232e-04    8.1635751247e-05    9.9501920834e-05    2.0900829597e-05    2.5033324404e-04    5.5626857273e-04    1.8801959854e-04    6.0418646660e-04
  51.0000000    5.8349088757e-04    8.0010300993e-05    9.9371910331e-05    2.1750847975e-05    2.5030346750e-04    5.5525921992e-04    1.8909270870e-04    6.0425947844e-04
  51.0100000    5.8464319712e-04    7.8346927310e-05    9.9257921301e-05    2.2705742689e-05    2.5024685207e-04    5.5426489491e-04    1.9016853099e-04    6.0433500405e-04
  51.0200000    5.8558998322e-04    7.6642293136e-05    9.9160199444e-05    2.3750904143e-05    2.5016310962e-04    5.5328144716e-04    1.9124601391e-04    6.0441356248e-04
  51.0300000    5.8632861360e-04    7.4892742844e-05    9.9078553391e-05    2.4870860673e-05    2.5005238337e-04    5.5230454237e-04    1.9232412627e-04    6.0449563749e-04
  51.0400000    5.8685946308e-04    7.3094575841e-05    9.9012329475e-05    2.6049485082e-05    2.4991524813e-04    5.5132973883e-04    1.9340185799e-04    6.0458167920e-04
  51.0500000    5.8718590486e-04    7.1244344209e-05    9.8960396840e-05    2.7270206140e-05    2.4975270346e-04    5.5035256595e-04    1.9447822080e-04    6.0467210590e-04
  51.0600000    5.8731425160e-04    6.9339159524e-05    9.8921143475e-05    2.8516222199e-05    2.4956615984e-04    5.4936860376e-04    1.9555224878e-04    6.0476730590e-04
  51.0700000    5.8725364765e-04    6.7376993361e-05    9.8892483647e-05    2.9770714005e-05    2.4935741810e-04    5.4837356229e-04    1.9662299887e-04    6.0486763955e-04
  51.0800000    5.8701591434e-04    6.5356955832e-05    9.8871876810e-05    3.1017053926e-05    2.4912864246e-04    5.4736335949e-04    1.9768955121e-04    6.0497344124e-04
  51.0900000    5.8661535160e-04    6.3279536663e-05    9.8856357999e-05    3.2239008951e-05    2.4888232747e-04    5.4633419643e-04    1.9875100947e-04    6.0508502144e-04
  51.1000000    5.8606849960e-04    6.1146795081e-05    9.8842579289e-05    3.3420934894e-05    2.4862125961e-04    5.4528262861e-04    1.9980650102e-04    6.0520266872e-04
  51.1100000    5.8539386520e-04    5.8962486353e-05    9.8826861892e-05    3.4547959491e-05    2.4834847387e-04    5.4420563225e-04    2.0085517720e-04    6.0532665170e-04
  51.1200000    5.8461161843e-04    5.6732115817e-05    9.8805257930e-05    3.5606152177e-05    2.4806720631e-04    5.4310066427e-04    2.0189621335e-04    6.0545722101e-04
  51.1300000    5.8374326484e-04    5.4462913949e-05    9.8773621052e-05    3.6582678627e-05    2.4778084314e-04    5.4196571505e-04    2.0292880899e-04    6.0559461101e-04
  51.1400000    5.8281129987e-04    5.2163729927e-05    9.8727684487e-05    3.7465938488e-05    2.4749286737e-04    5.4079935301e-04    2.0395218783e-04    6.0573904154e-04
  51.1500000    5.8183885171e-04    4.9844844604e-05    9.8663145312e-05    3.8245684736e-05    2.4720680362e-04    5.3960076002e-04    2.0496559787e-04    6.0589071939e-04
  51.1600000    5.8084931909e-04    4.7517707695e-05    9.8575753220e-05    3.8913123600e-05    2.4692616229e-04    5.3836975709e-04    2.0596831145e-04    6.0604983970e-04
  51.1700000    5.7986601063e-04    4.5194607789e-05    9.8461402210e-05    3.9460994273e-05    2.4665438380e-04    5.3710681956e-04    2.0695962529e-04    6.0621658714e-04
  51.1800000    5.7891179194e-04    4.2888286875e-05    9.8316223352e-05    3.9883627738e-05    2.4639478389e-04    5.3581308151e-04    2.0793886057e-04    6.0639113689e-04
  51.1900000    5.7800874634e-04    4.0611514278e-05    9.8136676801e-05    4.0176984499e-05    2.4615050084e-04    5.3449032906e-04    2.0890536302e-04    6.0657365543e-04
  51.2000000    5.7717785508e-04    3.8376637083e-05    9.7919641144e-05    4.0338671260e-05    2.4592444548e-04    5.3314098233e-04    2.0985850296e-04    6.0676430113e-04
  51.2100000    5.7643870163e-04    3.6195125603e-05    9.7662498277e-05    4.0367936797e-05    2.4571925482e-04    5.3176806634e-04    2.1079767551e-04    6.0696322461e-04
  51.2200000    5.7580920483e-04    3.4077133451e-05    9.7363211883e-05    4.0265647597e-05    2.4553725002e-04    5.3037517091e-04    2.1172230061e-04    6.0717056891e-04
  51.2300000    5.7530538440e-04    3.2031091354e-05    9.7020397849e-05    4.0034244094e-05    2.4538039933e-04    5.2896640012e-04    2.1263182326e-04    6.0738646942e-04
  51.2400000    5.7494116170e-04    3.0063353254e-05    9.6633384913e-05    3.9677678501e-05    2.4525028666e-04    5.2754631181e-04    2.1352571369e-04    6.0761105366e-04
  51.2500000    5.7472819821e-04    2.8177910903e-05    9.6202264123e-05    3.9201335504e-05    2.4514808624e-04    5.2611984805e-04    2.1440346748e-04    6.0784444084e-04
  51.2600000    5.7467577291e-04    2.6376191122e-05    9.5727925733e-05    3.8611937245e-05    2.4507454372e-04    5.2469225744e-04    2.1526460587e-04    6.0808674124e-04
  51.2700000    5.7479069948e-04    2.4656946147e-05    9.5212082503e-05    3.7917434162e-05    2.4502996400e-04    5.2326901030e-04    2.1610867590e-04    6.0833805546e-04
  51.2800000    5.7507728304e-04    2.3016243992e-05    9.4657278479e-05    3.7126883442e-05    2.4501420604e-04    5.2185570822e-04    2.1693525067e-04    6.0859847348e-04
  51.2900000    5.7553731598e-04    2.1447561421e-05    9.4066882680e-05    3.6250316906e-05    2.4502668450e-04    5.2045798905e-04    2.1774392957e-04    6.0886807368e-04
  51.3000000    5.7617011133e-04    1.9941977857e-05    9.3445067320e-05    3.5298600183e-05    2.4506637833e-04    5.1908142907e-04    2.1853433848e-04    6.0914692169e-04
  51.3100000    5.7697257180e-04    1.8488464270e-05    9.2796770576e-05    3.4283285257e-05    2.4513184602e-04    5.1773144382e-04    2.1930612997e-04    6.0943506921e-04
  51.3200000    5.7793929230e-04    1.7074256847e-05    9.2127644025e-05    3.3216458200e-05    2.4522124730e-04    5.1641318917e-04    2.2005898352e-04    6.0973255273e-04
  51.3300000    5.7906269276e-04    1.5685301700e-05    9.1443985385e-05    3.2110584185e-05    2.4533237072e-04    5.1513146443e-04    2.2079260564e-04    6.1003939233e-04
  51.3400000    5.8033317862e-04    1.4306753514e-05    9.0752657277e-05    3.0978351748e-05    2.4546266688e-04    5.1389061907e-04    2.2150673002e-04    6.1035559036e-04
  51.3500000    5.8173932515e-04    1.2923508671e-05    9.0060993128e-05    2.9832518084e-05    2.4560928644e-04    5.1269446488e-04    2.2220111757e-04    6.1068113023e-04
  51.3600000    5.8326808245e-04    1.1520751929e-05    8.9376691599e-05    2.8685757319e-05    2.4576912256e-04    5.1154619491e-04    2.2287555655e-04    6.1101597526e-04
  51.3700000    5.8490499715e-04    1.0084494594e-05    8.8707701026e-05    2.7550513387e-05    2.4593885672e-04    5.1044831110e-04    2.2352986242e-04    6.1136006756e-04
  51.3800000    5.8663444751e-04    8.6020827234e-06    8.8062095785e-05    2.6438859234e-05    2.4611500750e-04    5.0940256170e-04    2.2416387785e-04    6.1171332707e-04
  51.3900000    5.8843988790e-04    7.0626546802e-06    8.7447946483e-05    2.5362363717e-05    2.4629398121e-04    5.0840989010e-04    2.2477747254e-04    6.1207565066e-04
  51.4000000    5.9030409936e-04    5.4575295925e-06    8.6873186176e-05    2.4331967666e-05    2.4647212374e-04    5.0747039592e-04    2.2537054300e-04    6.1244691147e-04
  51.4100000    5.9220944263e-04    3.7805109396e-06    8.6345474878e-05    2.3357870163e-05    2.4664577277e-04    5.0658330957e-04    2.2594301225e-04    6.1282695834e-04
  51.4200000    5.9413811045e-04    2.0280929251e-06    8.5872064688e-05    2.2449426226e-05    2.4681130938e-04    5.0574698095e-04    2.2649482949e-04    6.1321561544e-04
  51.4300000    5.9607237578e-04    1.9956122845e-07    8.5459667913e-05    2.1615056609e-05    2.4696520850e-04    5.0495888280e-04    2.2702596957e-04    6.1361268216e-04
  51.4400000    5.9799483334e-04   -1.7030156546e-06    8.5114330581e-05    2.0862170535e-05    2.4710408716e-04    5.0421562913e-04    2.2753643256e-04    6.1401793306e-04
  51.4500000    5.9988863129e-04   -3.6749043340e-06    8.4841313715e-05    2.0197101788e-05    2.4722475003e-04    5.0351300857e-04    2.2802624305e-04    6.1443111825e-04
  51.4600000    6.0173769092e-04   -5.7089284355e-06    8.4644984532e-05    1.9625058600e-05    2.4732423150e-04    5.0284603268e-04    2.2849544954e-04    6.1485196375e-04
  51.4700000    6.0352691166e-04   -7.7957855827e-06    8.4528719822e-05    1.9150087449e-05    2.4739983366e-04    5.0220899860e-04    2.2894412363e-04    6.1528017229e-04
  51.4800000    6.0524235967e-04   -9.9244462149e-06    8.4494823246e-05    1.8775050806e-05    2.4744915981e-04    5.0159556537e-04    2.2937235924e-04    6.1571542418e-04
  51.4900000    6.0687143781e-04   -1.2082617973e-05    8.4544458583e-05    1.8501618777e-05    2.4747014291e-04    5.0099884287e-04    2.2978027165e-04    6.1615737847e-04
  51.5000000    6.0840303547e-04   -1.4257256781e-05    8.4677600111e-05    1.8330274204e-05    2.4746106874e-04    5.0041149230e-04    2.3016799662e-04    6.1660567432e-04
  51.5100000    6.0982765684e-04   -1.6435103731e-05    8.4893001616e-05    1.8260330956e-05    2.4742059347e-04    4.9982583661e-04    2.3053568933e-04    6.1705993251e-04
  51.5200000    6.1113752639e-04   -1.8603226290e-05    8.5188184802e-05    1.8289964800e-05    2.4734775554e-04    4.9923397929e-04    2.3088352338e-04    6.1751975722e-04
  51.5300000    6.1232667046e-04   -2.0749541936e-05    8.5559447756e-05    1.8416256185e-05    2.4724198174e-04    4.9862792962e-04    2.3121168963e-04    6.1798473796e-04
  51.5400000    6.1339097440e-04   -2.2863303504e-05    8.6001893752e-05    1.8635244180e-05    2.4710308765e-04    4.9799973250e-04    2.3152039518e-04    6.1845445158e-04
  51.5500000    6.1432821466e-04   -2.4935527033e-05    8.6509480357e-05    1.8941990741e-05    2.4693127240e-04    4.9734160058e-04    2.3180986216e-04    6.1892846454e-04
  51.5600000    6.1513806563e-04   -2.6959345599e-05    8.7075088291e-05    1.9330654357e-05    2.4672710815e-04    4.9664604660e-04    2.3208032663e-04    6.1940633516e-04
  51.5700000    6.1582208119e-04   -2.8930275507e-05    8.7690609473e-05    1.9794571987e-05    2.4649152455e-04    4.9590601359e-04    2.3233203743e-04    6.1988761613e-04
  51.5800000    6.1638365141e-04   -3.0846385051e-05    8.8347052958e-05    2.0326348411e-05    2.4622578844e-04    4.9511500069e-04    2.3256525507e-04    6.2037185687e-04
  51.5900000    6.1682793495e-04   -3.2708360216e-05    8.9034667431e-05    2.0917951713e-05    2.4593147949e-04    4.9426718237e-04    2.3278025060e-04    6.2085860615e-04
  51.6000000    6.1716176791e-04   -3.4519465547e-05    8.9743078509e-05    2.1560813870e-05    2.4561046195e-04    4.9335751879e-04    2.3297730456e-04    6.2134741455e-04
  51.6100000    6.1739355058e-04   -3.6285403085e-05    9.0461438835e-05    2.2245935272e-05    2.4526485341e-04    4.9238185527e-04    2.3315670592e-04    6.2183783705e-04
  51.6200000    6.1753311330e-04   -3.8014076160e-05    9.1178588645e-05    2.2963992005e-05    2.4489699087e-04    4.9133700896e-04    2.3331875116e-04    6.2232943545e-04
  51.6300000    6.1759156327e-04   -3.9715268515e-05    9.1883224409e-05    2.3705444771e-05    2.4450939485e-04    4.9022084087e-04    2.3346374327e-04    6.2282178085e-04
  51.6400000    6.1758111442e-04   -4.1400252714e-05    9.2564072805e-05    2.4460648250e-05    2.4410473214e-04    4.8903231192e-04    2.3359199093e-04    6.2331445595e-04
  51.6500000    6.1751490246e-04   -4.3081344380e-05    9.3210067352e-05    2.5219959823e-05    2.4368577781e-04    4.8777152155e-04    2.3370380772e-04    6.2380705730e-04
  51.6600000    6.1740678760e-04   -4.4771420874e-05    9.3810524659e-05    2.5973846558e-05    2.4325537700e-04    4.8643972799e-04    2.3379951139e-04    6.2429919739e-04
  51.6700000    6.1727114777e-04   -4.6483423914e-05    9.4355317580e-05    2.6712989386e-05    2.4281640726e-04    4.8503934953e-04    2.3387942327e-04    6.2479050656e-04
  51.6800000    6.1712266484e-04   -4.8229866448e-05    9.4835042220e-05    2.7428383482e-05    2.4237174171e-04    4.8357394638e-04    2.3394386765e-04    6.2528063479e-04
  51.6900000    6.1697610722e-04   -5.0022363327e-05    9.5241176029e-05    2.8111433846e-05    2.4192421382e-04    4.8204818310e-04    2.3399317140e-04    6.2576925327e-04
  51.7000000    6.1684611132e-04   -5.1871204141e-05    9.5566224279e-05    2.8754045225e-05    2.4147658403e-04    4.8046777193e-04    2.3402766354e-04    6.2625605574e-04
  51.7100000    6.1674696541e-04   -5.3784984588e-05    9.5803852262e-05    2.9348705544e-05    2.4103150884e-04    4.7883939768e-04    2.3404767497e-04    6.2674075965e-04
  51.7200000    6.1669239845e-04   -5.5770310172e-05    9.5949000974e-05    2.9888562009e-05    2.4059151251e-04    4.7717062517e-04    2.3405353829e-04    6.2722310705e-04
  51.7300000    6.1669537706e-04   -5.7831582665e-05    9.5997984036e-05    3.0367489312e-05    2.4015896187e-04    4.7546979047e-04    2.3404558762e-04    6.2770286530e-04
  51.7400000    6.1676791343e-04   -5.9970876520e-05    9.5948564132e-05    3.0780149182e-05    2.3973604424e-04    4.7374587769e-04    2.3402415860e-04    6.2817982742e-04
  51.7500000    6.1692088668e-04   -6.2187908242e-05    9.5800007368e-05    3.1122040882e-05    2.3932474887e-04    4.7200838317e-04    2.3398958846e-04    6.2865381237e-04
  51.7600000    6.1716388039e-04   -6.4480098200e-05    9.5553114396e-05    3.1389542107e-05    2.3892685182e-04    4.7026716912e-04    2.3394221601e-04    6.2912466489e-04
  51.7700000    6.1750503822e-04   -6.6842720317e-05    9.5210227565e-05    3.1579940017e-05    2.3854390437e-04    4.6853230929e-04    2.3388238191e-04    6.2959225524e-04
  51.7800000    6.1795093997e-04   -6.9269131474e-05    9.4775213595e-05    3.1691452111e-05    2.3817722495e-04    4.6681392903e-04    2.3381042883e-04    6.3005647861e-04
  51.7900000    6.1850649948e-04   -7.1751069718e-05    9.4253421810e-05    3.1723236769e-05    2.3782789454e-04    4.6512204257e-04    2.3372670168e-04    6.3051725435e-04
  51.8000000    6.1917488597e-04   -7.4279007132e-05    9.3651618355e-05    3.1675393465e-05    2.3749675529e-04    4.6346639017e-04    2.3363154798e-04    6.3097452498e-04
  51.8100000    6.1995746990e-04   -7.6842541453e-05    9.2977897102e-05    3.1548952610e-05    2.3718441237e-04    4.6185627806e-04    2.3352531811e-04    6.3142825490e-04
  51.8200000    6.2085379410e-04   -7.9430809303e-05    9.2241568527e-05    3.1345855267e-05    2.3689123866e-04    4.6030042384e-04    2.3340836567e-04    6.3187842905e-04
  51.8300000    6.2186157073e-04   -8.2032903125e-05    9.1453028016e-05    3.1068922891e-05    2.3661738214e-04    4.5880681022e-04    2.3328104786e-04    6.3232505124e-04
  51.8400000    6.2297670415e-04   -8.4638274051e-05    9.0623605578e-05    3.0721817539e-05    2.3636277562e-04    4.5738254961e-04    2.3314372575e-04    6.3276814244e-04
  51.8500000    6.2419333953e-04   -8.7237103996e-05    8.9765399157e-05    3.0308992889e-05    2.3612714866e-04    4.5603376200e-04    2.3299676467e-04    6.3320773879e-04
  51.8600000    6.2550393695e-04   -8.9820631976e-05    8.8891094117e-05    2.9835636771e-05    2.3591004117e-04    4.5476546847e-04    2.3284053451e-04    6.3364388964e-04
  51.8700000    6.2689936984e-04   -9.2381421493e-05    8.8013771573e-05    2.9307605643e-05    2.3571081861e-04    4.5358150225e-04    2.3267540998e-04    6.3407665536e-04
  51.8800000    6.2836904703e-04   -9.4913559325e-05    8.7146708600e-05    2.8731351960e-05    2.3552868826e-04    4.5248443899e-04    2.3250177088e-04    6.3450610511e-04
  51.8900000    6.2990105692e-04   -9.7412778538e-05    8.6303173482e-05    2.8113845083e-05    2.3536271643e-04    4.5147554775e-04    2.3232000228e-04    6.3493231455e-04
  51.9000000    6.3148233203e-04   -9.9876502566e-05    8.5496219151e-05    2.7462486731e-05    2.3521184622e-04    4.5055476351e-04    2.3213049466e-04    6.3535536354e-04
  51.9100000    6.3309883218e-04   -1.0230381054e-04    8.4738478208e-05    2.6785021833e-05    2.3507491564e-04    4.4972068200e-04    2.3193364402e-04    6.3577533374e-04
  51.9200000    6.3473574403e-04   -1.0469532753e-04    8.4041962703e-05    2.6089445903e-05    2.3495067570e-04    4.4897057709e-04    2.3172985189e-04    6.3619230629e-04
  51.9300000    6.3637769459e-04   -1.0705304695e-04    8.3417872035e-05    2.5383909910e-05    2.3483780847e-04    4.4830044043e-04    2.3151952532e-04    6.3660635954e-04
  51.9400000    6.3800897605e-04   -1.0938009518e-04    8.2876411951e-05    2.4676623831e-05    2.3473494468e-04    4.4770504295e-04    2.3130307670e-04    6.3701756671e-04
  51.9500000    6.3961377899e-04   -1.1168045098e-04    8.2426627753e-05    2.3975759956e-05    2.3464068084e-04    4.4717801714e-04    2.3108092365e-04    6.3742599375e-04
  51.9600000    6.4117643111e-04   -1.1395863436e-04    8.2076254348e-05    2.3289357108e-05    2.3455359563e-04    4.4671195888e-04    2.3085348875e-04    6.3783169724e-04
  51.9700000    6.4268163797e-04   -1.1621938057e-04    8.1831585733e-05    2.2625226929e-05    2.3447226563e-04    4.4629854701e-04    2.3062119917e-04    6.3823472236e-04
  51.9800000    6.4411472259e-04   -1.1846731575e-04    8.1697366037e-05    2.1990863340e-05    2.3439527999e-04    4.4592867870e-04    2.3038448636e-04    6.3863510104e-04
  51.9900000    6.4546186051e-04   -1.2070665012e-04    8.1676704034e-05    2.1393356306e-05    2.3432125438e-04    4.4559261830e-04    2.3014378550e-04    6.3903285028e-04
  52.0000000    6.4671030643e-04   -1.2294090393e-04    8.1771012583e-05    2.0839310877e-05    2.3424884379e-04    4.4528015702e-04    2.2989953503e-04    6.3942797053e-04
  52.0100000    6.4784860939e-04   -1.2517267963e-04    8.1979974085e-05    2.0334772617e-05    2.3417675439e-04    4.4498078078e-04    2.2965217607e-04    6.3982044434e-04
  52.0200000    6.4886681254e-04   -1.2740349139e-04    8.2301532715e-05    1.9885160223e-05    2.3410375451e-04    4.4468384319e-04    2.2940215175e-04    6.4021023515e-04
  52.0300000    6.4975663446e-04   -1.2963366026e-04    8.2731913530e-05    1.9495206242e-05    2.3402868444e-04    4.4437874072e-04    2.2914990657e-04    6.4059728629e-04
  52.0400000    6.5051162853e-04   -1.3186228009e-04    8.3265668471e-05    1.9168906597e-05    2.3395046546e-04    4.4405508684e-04    2.2889588563e-04    6.4098152015e-04
  52.0500000    6.5112731738e-04   -1.3408725585e-04    8.3895748439e-05    1.8909479547e-05    2.3386810781e-04    4.4370288224e-04    2.2864053394e-04    6.4136283762e-04
  52.0600000    6.5160129976e-04   -1.3630541256e-04    8.4613600586e-05    1.8719334559e-05    2.3378071782e-04    4.4331267798e-04    2.2838429559e-04    6.4174111773e-04
  52.0700000    6.5193332722e-04   -1.3851266921e-04    8.5409289240e-05    1.8600051526e-05    2.3368750417e-04    4.4287572871e-04    2.2812761298e-04    6.4211621743e-04
  52.0800000    6.5212534880e-04   -1.4070426949e-04    8.6271638797e-05    1.8552370481e-05    2.3358778328e-04    4.4238413338e-04    2.2787092603e-04    6.4248797173e-04
  52.0900000    6.5218152183e-04   -1.4287505758e-04    8.7188396188e-05    1.8576192014e-05    2.3348098390e-04    4.4183096072e-04    2.2761467137e-04    6.4285619394e-04
  52.1000000    6.5210818816e-04   -1.4501978548e-04    8.8146410617e-05    1.8670588250e-05    2.3336665090e-04    4.4121035763e-04    2.2735928158e-04    6.4322067619e-04
  52.1100000    6.5191381490e-04   -1.4713343658e-04    8.9131827653e-05    1.8833824214e-05    2.3324444821e-04    4.4051763824e-04    2.2710518440e-04    6.4358119014e-04
  52.1200000    6.5160890002e-04   -1.4921154912e-04    9.0130294772e-05    1.9063389330e-05    2.3311416101e-04    4.3974935240e-04    2.2685280201e-04    6.4393748791e-04
  52.1300000    6.5120584327e-04   -1.5125052310e-04    9.1127175018e-05    1.9356038440e-05    2.3297569707e-04    4.3890333230e-04    2.2660255033e-04    6.4428930322e-04
  52.1400000    6.5071878381e-04   -1.5324789495e-04    9.2107765560e-05    1.9707841863e-05    2.3282908719e-04    4.3797871651e-04    2.2635483837e-04    6.4463635265e-04
  52.1500000    6.5016340628e-04   -1.5520256554e-04    9.3057517665e-05    2.0114243679e-05    2.3267448481e-04    4.3697595113e-04    2.2611006762e-04    6.4497833721e-04
  52.1600000    6.4955671804e-04   -1.5711496904e-04    9.3962254681e-05    2.0570127474e-05    2.3251216466e-04    4.3589676824e-04    2.2586863152e-04    6.4531494392e-04
  52.1700000    6.4891680034e-04   -1.5898717328e-04    9.4808384567e-05    2.1069888470e-05    2.3234252040e-04    4.3474414192e-04    2.2563091492e-04    6.4564584768e-04
  52.1800000    6.4826253727e-04   -1.6082290503e-04    9.5583103755e-05    2.1607511123e-05    2.3216606129e-04    4.3352222305e-04    2.2539729375e-04    6.4597071318e-04
  52.1900000    6.4761332639e-04   -1.6262749732e-04    9.6274589021e-05    2.2176651054e-05    2.3198340768e-04    4.3223625407e-04    2.2516813459e-04    6.4628919697e-04
  52.2000000    6.4698877581e-04   -1.6440775954e-04    9.6872174544e-05    2.2770720048e-05    2.3179528547e-04    4.3089246549e-04    2.2494379444e-04    6.4660094963e-04
  52.2100000    6.4640839217e-04   -1.6617177499e-04    9.7366511285e-05    2.3382973055e-05    2.3160251926e-04    4.2949795595e-04    2.2472462051e-04    6.4690561800e-04
  52.2200000    6.4589126508e-04   -1.6792863359e-04    9.7749706241e-05    2.4006595882e-05    2.3140602445e-04    4.2806055852e-04    2.2451095009e-04    6.4720284748e-04
  52.2300000    6.4545575307e-04   -1.6968811123e-04    9.8015439544e-05    2.4634792340e-05    2.3120679796e-04    4.2658869545e-04    2.2430311048e-04    6.4749228437e-04
  52.2400000    6.4511917646e-04   -1.7146030939e-04    9.8159057486e-05    2.5260869723e-05    2.3100590780e-04    4.2509122441e-04    2.2410141905e-04    6.4777357822e-04
  52.2500000    6.4489752256e-04   -1.7325527104e-04    9.8177640226e-05    2.5878321332e-05    2.3080448146e-04    4.2357727891e-04    2.2390618329e-04    6.4804638419e-04
  52.2600000    6.4480516851e-04   -1.7508259002e-04    9.8070043081e-05    2.6480905036e-05    2.3060369304e-04    4.2205610613e-04    2.2371770099e-04    6.4831036534e-04
  52.2700000    6.4485462656e-04   -1.7695103160e-04    9.7836910921e-05    2.7062716733e-05    2.3040474937e-04    4.2053690497e-04    2.2353626045e-04    6.4856519489e-04
  52.2800000    6.4505631668e-04   -1.7886818179e-04    9.7480665554e-05    2.7618257838e-05    2.3020887502e-04    4.1902866748e-04    2.2336214075e-04    6.4881055844e-04
  52.2900000    6.4541837069e-04   -1.8084014138e-04    9.7005466330e-05    2.8142495873e-05    2.3001729655e-04    4.1754002656e-04    2.2319561212e-04    6.4904615600e-04
  52.3000000    6.4594647159e-04   -1.8287127953e-04    9.6417144764e-05    2.8630917457e-05    2.2983122590e-04    4.1607911258e-04    2.2303693623e-04    6.4927170398e-04
  52.3100000    6.4664373146e-04   -1.8496405833e-04    9.5723114340e-05    2.9079573113e-05    2.2965184325e-04    4.1465342171e-04    2.2288636669e-04    6.4948693701e-04
  52.3200000    6.4751061015e-04   -1.8711893711e-04    9.4932256916e-05    2.9485113306e-05    2.2948027950e-04    4.1326969802e-04    2.2274414943e-04    6.4969160957e-04
  52.3300000    6.4854487691e-04   -1.8933436154e-04    9.4054787799e-05    2.9844815513e-05    2.2931759864e-04    4.1193383172e-04    2.2261052319e-04    6.4988549751e-04
  52.3400000    6.4974161564e-04   -1.9160683861e-04    9.3102101514e-05    3.0156602002e-05    2.2916478012e-04    4.1065077487e-04    2.2248571999e-04    6.5006839923e-04
  52.3500000    6.5109327432e-04   -1.9393109480e-04    9.2086600967e-05    3.0419048367e-05    2.2902270164e-04    4.0942447627e-04    2.2236996561e-04    6.5024013682e-04
  52.3600000    6.5258975786e-04   -1.9630031068e-04    9.1021512663e-05    3.0631382824e-05    2.2889212257e-04    4.0825783625e-04    2.2226348008e-04    6.5040055683e-04
  52.3700000    6.5421856318e-04   -1.9870642189e-04    8.9920690956e-05    3.0793476564e-05    2.2877366816e-04    4.0715268200e-04    2.2216647812e-04    6.5054953086e-04
  52.3800000    6.5596495443e-04   -2.0114047320e-04    8.8798414526e-05    3.0905825489e-05    2.2866781514e-04    4.0610976366e-04    2.2207916963e-04    6.5068695587e-04
  52.3900000    6.5781217529e-04   -2.0359300972e-04    8.7669178175e-05    3.0969523806e-05    2.2857487852e-04    4.0512877085e-04    2.2200176007e-04    6.5081275428e-04
  52.4000000    6.5974169513e-04   -2.0605448784e-04    8.6547483349e-05    3.0986230135e-05    2.2849500038e-04    4.0420836897e-04    2.2193445087e-04    6.5092687373e-04
  52.4100000    6.6173348466e-04   -2.0851568721e-04    8.5447630575e-05    3.0958126726e-05    2.2842814049e-04    4.0334625428e-04    2.2187743978e-04    6.5102928665e-04
  52.4200000    6.6376631646e-04   -2.1096810494e-04    8.4383516985e-05    3.0887872678e-05    2.2837406924e-04    4.0253922640e-04    2.2183092115e-04    6.5111998954e-04
  52.4300000    6.6581808524e-04   -2.1340431419e-04    8.3368442098e-05    3.0778551986e-05    2.2833236304e-04    4.0178327635e-04    2.2179508616e-04    6.5119900195e-04
  52.4400000    6.6786614232e-04   -2.1581827071e-04    8.2414924736e-05    3.0633617259e-05    2.2830240227e-04    4.0107368827e-04    2.2177012305e-04    6.5126636531e-04
  52.4500000    6.6988763862e-04   -2.1820555294e-04    8.1534533785e-05    3.0456830164e-05    2.2828337211e-04    4.0040515253e-04    2.2175621720e-04    6.5132214143e-04
  52.4600000    6.7185987021e-04   -2.2056352491e-04    8.0737735293e-05    3.0252199546e-05    2.2827426622e-04    3.9977188759e-04    2.2175355119e-04    6.5136641081e-04
  52.4700000    6.7376062066e-04   -2.2289141412e-04    8.0033758090e-05    3.0023918142e-05    2.2827389335e-04    3.9916776823e-04    2.2176230479e-04    6.5139927081e-04
  52.4800000    6.7556849426e-04   -2.2519030058e-04    7.9430479724e-05    2.9776298928e-05    2.2828088698e-04    3.9858645729e-04    2.2178265488e-04    6.5142083350e-04
  52.4900000    6.7726323454e-04   -2.2746301777e-04    7.8934334293e-05    2.9513712059e-05    2.2829371782e-04    3.9802153820e-04    2.2181477528e-04    6.5143122352e-04
  52.5000000    6.7882602302e-04   -2.2971396935e-04    7.8550243280e-05    2.9240523225e-05    2.2831070921e-04    3.9746664552e-04    2.2185883653e-04    6.5143057566e-04
  52.5100000    6.8023975298e-04   -2.3194887063e-04    7.8281570047e-05    2.8961034353e-05    2.2833005525e-04    3.9691559098e-04    2.2191500559e-04    6.5141903242e-04
  52.5200000    6.8148927432e-04   -2.3417442599e-04    7.8130098552e-05    2.8679427408e-05    2.2834984140e-04    3.9636248232e-04    2.2198344547e-04    6.5139674149e-04
  52.5300000    6.8256160536e-04   -2.3639795782e-04    7.8096035957e-05    2.8399711982e-05    2.2836806743e-04    3.9580183262e-04    2.2206431481e-04    6.5136385319e-04
  52.5400000    6.8344610890e-04   -2.3862700361e-04    7.8178039019e-05    2.8125677318e-05    2.2838267234e-04    3.9522865811e-04    2.2215776737e-04    6.5132051785e-04
  52.5500000    6.8413462973e-04   -2.4086890043e-04    7.8373263160e-05    2.7860849288e-05    2.2839156097e-04    3.9463856249e-04    2.2226395150e-04    6.5126688331e-04
  52.5600000    6.8462159227e-04   -2.4313037625e-04    7.8677433218e-05    2.7608452767e-05    2.2839263196e-04    3.9402780618e-04    2.2238300953e-04    6.5120309246e-04
  52.5700000    6.8490405727e-04   -2.4541716742e-04    7.9084934333e-05    2.7371379679e-05    2.2838380662e-04    3.9339335949e-04    2.2251507712e-04    6.5112928079e-04
  52.5800000    6.8498173742e-04   -2.4773368087e-04    7.9588921126e-05    2.7152163048e-05    2.2836305830e-04    3.9273293857e-04    2.2266028261e-04    6.5104557422e-04
  52.5900000    6.8485697263e-04   -2.5008271731e-04    8.0181443151e-05    2.6952957062e-05    2.2832844181e-04    3.9204502397e-04    2.2281874625e-04    6.5095208700e-04
  52.6000000    6.8453466614e-04   -2.5246526959e-04    8.0853584264e-05    2.6775523258e-05    2.2827812247e-04    3.9132886136e-04    2.2299057951e-04    6.5084891985e-04
  52.6100000    6.8402218345e-04   -2.5488040661e-04    8.1595613392e-05    2.6621222754e-05    2.2821040428e-04    3.9058444505e-04    2.2317588432e-04    6.5073615832e-04
  52.6200000    6.8332921686e-04   -2.5732524959e-04    8.2397144109e-05    2.6491014335e-05    2.2812375679e-04    3.8981248472e-04    2.2337475228e-04    6.5061387140e-04
  52.6300000    6.8246761853e-04   -2.5979504369e-04    8.3247300285e-05    2.6385458218e-05    2.2801684022e-04    3.8901435637e-04    2.2358726391e-04    6.5048211045e-04
  52.6400000    6.8145120571e-04   -2.6228332291e-04    8.4134884891e-05    2.6304725140e-05    2.2788852831e-04    3.8819203900e-04    2.2381348791e-04    6.5034090842e-04
  52.6500000    6.8029554230e-04   -2.6478216288e-04    8.5048549375e-05    2.6248610437e-05    2.2773792869e-04    3.8734803847e-04    2.2405348040e-04    6.5019027935e-04
  52.6600000    6.7901770063e-04   -2.6728251137e-04    8.5976960710e-05    2.6216552671e-05    2.2756440018e-04    3.8648530047e-04    2.2430728422e-04    6.5003021829e-04
  52.6700000    6.7763600836e-04   -2.6977458312e-04    8.6908963496e-05    2.6207656351e-05    2.2736756683e-04    3.8560711483e-04    2.2457492825e-04    6.4986070147e-04
  52.6800000    6.7616978451e-04   -2.7224830244e-04    8.7833734654e-05    2.6220718247e-05    2.2714732838e-04    3.8471701331e-04    2.2485642673e-04    6.4968168690e-04
  52.6900000    6.7463906960e-04   -2.7469377425e-04    8.8740928400e-05    2.6254256721e-05    2.2690386693e-04    3.8381866340e-04    2.2515177873e-04    6.4949311528e-04
  52.7000000    6.7306435401e-04   -2.7710176345e-04    8.9620809270e-05    2.6306543663e-05    2.2663764956e-04    3.8291576048e-04    2.2546096754e-04    6.4929491123e-04
  52.7100000    6.7146630906e-04   -2.7946416086e-04    9.0464371509e-05    2.6375638306e-05    2.2634942686e-04    3.8201192106e-04    2.2578396023e-04    6.4908698489e-04
  52.7200000    6.6986552444e-04   -2.8177441487e-04    9.1263443118e-05    2.6459422530e-05    2.2604022740e-04    3.8111057928e-04    2.2612070718e-04    6.4886923380e-04
  52.7300000    6.6828225624e-04   -2.8402790874e-04    9.2010773290e-05    2.6555637053e-05    2.2571134790e-04    3.8021488934e-04    2.2647114179e-04    6.4864154508e-04
  52.7400000    6.6673618824e-04   -2.8622226545e-04    9.2700102387e-05    2.6661917995e-05    2.2536433945e-04    3.7932763581e-04    2.2683518015e-04    6.4840379788e-04
  52.7500000    6.6524620980e-04   -2.8835756497e-04    9.3326213667e-05    2.6775833331e-05    2.2500098977e-04    3.7845115415e-04    2.2721272083e-04    6.4815586604e-04
  52.7600000    6.6383021258e-04   -2.9043646216e-04    9.3884966598e-05    2.6894918771e-05    2.2462330178e-04    3.7758726300e-04    2.2760364481e-04    6.4789762094e-04
  52.7700000    6.6250490811e-04   -2.9246419751e-04    9.4373311738e-05    2.7016712614e-05    2.2423346864e-04    3.7673720997e-04    2.2800781537e-04    6.4762893459e-04
  52.7800000    6.6128566761e-04   -2.9444849725e-04    9.4789287538e-05    2.7138789240e-05    2.2383384581e-04    3.7590163213e-04    2.2842507814e-04    6.4734968265e-04
  52.7900000    6.6018638508e-04   -2.9639936425e-04    9.5131999792e-05    2.7258790753e-05    2.2342692017e-04    3.7508053199e-04    2.2885526124e-04    6.4705974773e-04
  52.8000000    6.5921936422e-04   -2.9832876540e-04    9.5401584679e-05    2.7374456615e-05    2.2301527698e-04    3.7427326977e-04    2.2929817546e-04    6.4675902255e-04
  52.8100000    6.5839522926e-04   -3.0025022552e-04    9.5599156581e-05    2.7483650814e-05    2.2260156488e-04    3.7347857198e-04    2.2975361448e-04    6.4644741314e-04
  52.8200000    6.5772285929e-04   -3.0217834242e-04    9.5726742304e-05    2.7584386487e-05    2.2218845951e-04    3.7269455618e-04    2.3022135531e-04    6.4612484193e-04
  52.8300000    6.5720934542e-04   -3.0412824057e-04    9.5787203242e-05    2.7674847609e-05    2.2177862632e-04    3.7191877156e-04    2.3070115864e-04    6.4579125076e-04
  52.8400000    6.5685996989e-04   -3.0611498411e-04    9.5784147476e-05    2.7753407775e-05    2.2137468301e-04    3.7114825424e-04    2.3119276935e-04    6.4544660362e-04
  52.8500000    6.5667820564e-04   -3.0815297185e-04    9.5721833672e-05    2.7818645692e-05    2.2097916225e-04    3.7037959631e-04    2.3169591706e-04    6.4509088927e-04
  52.8600000    6.5666573494e-04   -3.1025533799e-04    9.5605069049e-05    2.7869357576e-05    2.2059447514e-04    3.6960902697e-04    2.3221031677e-04    6.4472412348e-04
  52.8700000    6.5682248548e-04   -3.1243338245e-04    9.5439103388e-05    2.7904566038e-05    2.2022287597e-04    3.6883250406e-04    2.3273566949e-04    6.4434635107e-04
  52.8800000    6.5714668200e-04   -3.1469605407e-04    9.5229521364e-05    2.7923525748e-05    2.1986642888e-04    3.6804581405e-04    2.3327166300e-04    6.4395764751e-04
  52.8900000    6.5763491172e-04   -3.1704950802e-04    9.4982135270e-05    2.7925725577e-05    2.1952697679e-04    3.6724467807e-04    2.3381797256e-04    6.4355812014e-04
  52.9000000    6.5828220185e-04   -3.1949675650e-04    9.4702880182e-05    2.7910887434e-05    2.1920611320e-04    3.6642486189e-04    2.3437426177e-04    6.4314790908e-04
  52.9100000    6.5908210721e-04   -3.2203742788e-04    9.4397713507e-05    2.7878961786e-05    2.1890515721e-04    3.6558228728e-04    2.3494018337e-04    6.4272718754e-04
  52.9200000    6.6002680650e-04   -3.2466764617e-04    9.4072520738e-05    2.7830119826e-05    2.1862513219e-04    3.6471314224e-04    2.3551538008e-04    6.4229616187e-04
  52.9300000    6.6110720536e-04   -3.2738003747e-04    9.3733028948e-05    2.7764742563e-05    2.1836674838e-04    3.6381398773e-04    2.3609948553e-04    6.4185507096e-04
  52.9400000    6.6231304522e-04   -3.3016386586e-04    9.3384729530e-05    2.7683406834e-05    2.1813038982e-04    3.6288185835e-04    2.3669212509e-04    6.4140418533e-04
  52.9500000    6.6363301631e-04   -3.3300529573e-04    9.3032811264e-05    2.7586868436e-05    2.1791610566e-04    3.6191435479e-04    2.3729291676e-04    6.4094380571e-04
  52.9600000    6.6505487398e-04   -3.3588777313e-04    9.2682104615e-05    2.7476042591e-05    2.1772360620e-04    3.6090972581e-04    2.3790147211e-04    6.4047426114e-04
  52.9700000    6.6656555741e-04   -3.3879251373e-04    9.2337038013e-05    2.7351981898e-05    2.1755226360e-04    3.5986693788e-04    2.3851739712e-04    6.3999590671e-04
  52.9800000    6.6815131005e-04   -3.4169908106e-04    9.2001606380e-05    2.7215852095e-05    2.1740111737e-04    3.5878573066e-04    2.3914029307e-04    6.3950912086e-04
  52.9900000    6.6979780112e-04   -3.4458603506e-04    9.1679352020e-05    2.7068905844e-05    2.1726888464e-04    3.5766665707e-04    2.3976975736e-04    6.3901430234e-04
  53.0000000    6.7149024803e-04   -3.4743162819e-04    9.1373357750e-05    2.6912454905e-05    2.1715397491e-04    3.5651110678e-04    2.4040538439e-04    6.3851186683e-04
  53.0100000    6.7321353925e-04   -3.5021452432e-04    9.1086251711e-05    2.6747841012e-05    2.1705450939e-04    3.5532131223e-04    2.4104676631e-04    6.3800224331e-04
  53.0200000    6.7495235766e-04   -3.5291451478e-04    9.0820223284e-05    2.6576405858e-05    2.1696834450e-04    3.5410033703e-04    2.4169349384e-04    6.3748587013e-04
  53.0300000    6.7669130413e-04   -3.5551320566e-04    9.0577049043e-05    2.6399460561e-05    2.1689309927e-04    3.5285204644e-04    2.4234515697e-04    6.3696319101e-04
  53.0400000    6.7841502142e-04   -3.5799465177e-04    9.0358127744e-05    2.6218255036e-05    2.1682618635e-04    3.5158106038e-04    2.4300134568e-04    6.3643465087e-04
  53.0500000    6.8010831823e-04   -3.6034591418e-04    9.0164522841e-05    2.6033947796e-05    2.1676484620e-04    3.5029268967e-04    2.4366165059e-04    6.3590069158e-04
  53.0600000    6.8175629329e-04   -3.6255752125e-04    8.9997011206e-05    2.5847576581e-05    2.1670618395e-04    3.4899285642e-04    2.4432566359e-04    6.3536174779e-04
  53.0700000    6.8334445948e-04   -3.6462381655e-04    8.9856136340e-05    2.5660030378e-05    2.1664720863e-04    3.4768800007e-04    2.4499297840e-04    6.3481824278e-04
  53.0800000    6.8485886728e-04   -3.6654318124e-04    8.9742264409e-05    2.5472023274e-05    2.1658487397e-04    3.4638497061e-04    2.4566319114e-04    6.3427058454e-04
  53.0900000    6.8628622761e-04   -3.6831812285e-04    8.9655641424e-05    2.5284070663e-05    2.1651612052e-04    3.4509091100e-04    2.4633590077e-04    6.3371916187e-04
  53.1000000    6.8761403290e-04   -3.6995522767e-04    8.9596449789e-05    2.5096468291e-05    2.1643791829e-04    3.4381313093e-04    2.4701070961e-04    6.3316434102e-04
  53.1100000    6.8883067609e-04   -3.7146497853e-04    8.9564862529e-05    2.4909274682e-05    2.1634730950e-04    3.4255897432e-04    2.4768722369e-04    6.3260646237e-04
  53.1200000    6.8992556622e-04   -3.7286144497e-04    8.9561093567e-05    2.4722297266e-05    2.1624145077e-04    3.4133568297e-04    2.4836505313e-04    6.3204583770e-04
  53.1300000    6.9088923955e-04   -3.7416185703e-04    8.9585442563e-05    2.4535082753e-05    2.1611765414e-04    3.4015025908e-04    2.4904381251e-04    6.3148274781e-04
  53.1400000    6.9171346501e-04   -3.7538607831e-04    8.9638332825e-05    2.4346912074e-05    2.1597342646e-04    3.3900932924e-04    2.4972312112e-04    6.3091744058e-04
  53.1500000    6.9239134214e-04   -3.7655599732e-04    8.9720341269e-05    2.4156800206e-05    2.1580650654e-04    3.3791901247e-04    2.5040260324e-04    6.3035012957e-04
  53.1600000    6.9291739017e-04   -3.7769485873e-04    8.9832219295e-05    2.3963501082e-05    2.1561489948e-04    3.3688479499e-04    2.5108188841e-04    6.2978099319e-04
  53.1700000    6.9328762628e-04   -3.7882655841e-04    8.9974903901e-05    2.3765517843e-05    2.1539690778e-04    3.3591141421e-04    2.5176061156e-04    6.2921017434e-04
  53.1800000    6.9349963144e-04   -3.7997492676e-04    9.0149518392e-05    2.3561118476e-05    2.1515115874e-04    3.3500275410e-04    2.5243841325e-04    6.2863778070e-04
  53.1900000    6.9355260174e-04   -3.8116302519e-04    9.0357362560e-05    2.3348356817e-05    2.1487662768e-04    3.3416175422e-04    2.5311493981e-04    6.2806388550e-04
  53.2000000    6.9344738369e-04   -3.8241247960e-04    9.0599892208e-05    2.3125098893e-05    2.1457265671e-04    3.3339033426e-04    2.5378984348e-04    6.2748852898e-04
  53.2100000    6.9318649173e-04   -3.8374287299e-04    9.0878688348e-05    2.2889054264e-05    2.1423896867e-04    3.3268933552e-04    2.5446278254e-04    6.2691172023e-04
  53.2200000    6.9277410633e-04   -3.8517121694e-04    9.1195416588e-05    2.2637812220e-05    2.1387567606e-04    3.3205848088e-04    2.5513342141e-04    6.2633343971e-04
  53.2300000    6.9221605167e-04   -3.8671151822e-04    9.1551777553e-05    2.2368882277e-05    2.1348328470e-04    3.3149635390e-04    2.5580143078e-04    6.2575364215e-04
  53.2400000    6.9151975167e-04   -3.8837445335e-04    9.1949449259e-05    2.2079738521e-05    2.1306269205e-04    3.3100039792e-04    2.5646648768e-04    6.2517225995e-04
  53.2500000    6.9069416381e-04   -3.9016715960e-04    9.2390022851e-05    2.1767867167e-05    2.1261518015e-04    3.3056693509e-04    2.5712827560e-04    6.2458920694e-04
  53.2600000    6.8974969059e-04   -3.9209314633e-04    9.2874933009e-05    2.1430816596e-05    2.1214240314e-04    3.3019120545e-04    2.5778648457e-04    6.2400438253e-04
  53.2700000    6.8869806852e-04   -3.9415232667e-04    9.3405384798e-05    2.1066249070e-05    2.1164636956e-04    3.2986742533e-04    2.5844081124e-04    6.2341767608e-04
  53.2800000    6.8755223569e-04   -3.9634116449e-04    9.3982278621e-05    2.0671993274e-05    2.1112941947e-04    3.2958886424e-04    2.5909095901e-04    6.2282897150e-04
  53.2900000    6.8632617859e-04   -3.9865292837e-04    9.4606135203e-05    2.0246096679e-05    2.1059419672e-04    3.2934793908e-04    2.5973663808e-04    6.2223815202e-04
  53.3000000    6.8503476019e-04   -4.0107803988e-04    9.5277022537e-05    1.9786876804e-05    2.1004361661e-04    3.2913632401e-04    2.6037756560e-04    6.2164510492e-04
  53.3100000    6.8369353109e-04   -4.0360450087e-04    9.5994486710e-05    1.9292970296e-05    2.0948082937e-04    3.2894507425e-04    2.6101346575e-04    6.2104972638e-04
  53.3200000    6.8231852654e-04   -4.0621838210e-04    9.6757488570e-05    1.8763378828e-05    2.0890917983e-04    3.2876476156e-04    2.6164406981e-04    6.2045192611e-04
  53.3300000    6.8092605211e-04   -4.0890435355e-04    9.7564348152e-05    1.8197510782e-05    2.0833216379e-04    3.2858561922e-04    2.6226911638e-04    6.1985163182e-04
  53.3400000    6.7953246167e-04   -4.1164623609e-04    9.8412698582e-05    1.7595217720e-05    2.0775338164e-04    3.2839769392e-04    2.6288835137e-04    6.1924879353e-04
  53.3500000    6.7815393108e-04   -4.1442755413e-04    9.9299451044e-05    1.6956824695e-05    2.0717648985e-04    3.2819100194e-04    2.6350152823e-04    6.1864338742e-04
  53.3600000    6.7680623192e-04   -4.1723206927e-04    1.0022077237e-04    1.6283153551e-05    2.0660515082e-04    3.2795568694e-04    2.6410840799e-04    6.1803541937e-04
  53.3700000    6.7550450915e-04   -4.2004427681e-04    1.0117207643e-04    1.5575538408e-05    2.0604298196e-04    3.2768217659e-04    2.6470875943e-04    6.1742492801e-04
  53.3800000    6.7426306699e-04   -4.2284984849e-04    1.0214803026e-04    1.4835832673e-05    2.0549350449e-04    3.2736133530e-04    2.6530235917e-04    6.1681198722e-04
  53.3900000    6.7309516726e-04   -4.2563600789e-04    1.0314257571e-04    1.4066407077e-05    2.0496009278e-04    3.2698461044e-04    2.6588899179e-04    6.1619670813e-04
  53.4000000    6.7201284425e-04   -4.2839182772e-04    1.0414896698e-04    1.3270138261e-05    2.0444592486e-04    3.2654416946e-04    2.6646844993e-04    6.1557924042e-04
  53.4100000    6.7102673988e-04   -4.3110844161e-04    1.0515982413e-04    1.2450387855e-05    2.0395393487e-04    3.2603302559e-04    2.6704053440e-04    6.1495977302e-04
  53.4200000    6.7014596276e-04   -4.3377916634e-04    1.0616720241e-04    1.1610971831e-05    2.0348676812e-04    3.2544514987e-04    2.6760505426e-04    6.1433853420e-04
  53.4300000    6.6937797409e-04   -4.3639953451e-04    1.0716267670e-04    1.0756120371e-05    2.0304673933e-04    3.2477556769e-04    2.6816182687e-04    6.1371579084e-04
  53.4400000    6.6872850315e-04   -4.3896724019e-04    1.0813744039e-04    9.8904285432e-06    2.0263579490e-04    3.2402043807e-04    2.6871067797e-04    6.1309184712e-04
  53.4500000    6.6820149396e-04   -4.4148200409e-04    1.0908241733e-04    9.0187983546e-06    2.0225547958e-04    3.2317711447e-04    2.6925144171e-04    6.1246704256e-04
  53.4600000    6.6779908469e-04   -4.4394536724e-04    1.0998838536e-04    8.1463727529e-06    2.0190690821e-04    3.2224418593e-04    2.6978396062e-04    6.1184174930e-04
  53.4700000    6.6752162023e-04   -4.4636042431e-04    1.1084610982e-04    7.2784626133e-06    2.0159074301e-04    3.2122149820e-04    2.7030808566e-04    6.1121636889e-04
  53.4800000    6.6736769754e-04   -4.4873151019e-04    1.1164648464e-04    6.4204676536e-06    2.0130717680e-04    3.2011015413e-04    2.7082367614e-04    6.1059132837e-04
  53.4900000    6.6733424297e-04   -4.5106385404e-04    1.1238067912e-04    5.5777925971e-06    2.0105592253e-04    3.1891249374e-04    2.7133059965e-04    6.0996707592e-04
  53.5000000    6.6741661963e-04   -4.5336321615e-04    1.1304028766e-04    4.7557597783e-06    2.0083620929e-04    3.1763205415e-04    2.7182873199e-04    6.0934407600e-04
  53.5100000    6.6760876231e-04   -4.5563552301e-04    1.1361748004e-04    3.9595198071e-06    2.0064678514e-04    3.1627351032e-04    2.7231795704e-04    6.0872280413e-04
  53.5200000    6.6790333677e-04   -4.5788651513e-04    1.1410514938e-04    3.1939617437e-06    2.0048592667e-04    3.1484259745e-04    2.7279816659e-04    6.0810374125e-04
  53.5300000    6.6829191945e-04   -4.6012142159e-04    1.1449705509e-04    2.4636244506e-06    2.0035145536e-04    3.1334601669e-04    2.7326926016e-04    6.0748736795e-04
  53.5400000    6.6876519340e-04   -4.6234467338e-04    1.1478795819e-04    1.7726107618e-06    2.0024076065e-04    3.1179132573e-04    2.7373114479e-04    6.0687415850e-04
  53.5500000    6.6931315542e-04   -4.6455966598e-04    1.1497374615e-04    1.1245060474e-06    2.0015082940e-04    3.1018681615e-04    2.7418373478e-04    6.0626457477e-04
  53.5600000    6.6992532953e-04   -4.6676857911e-04    1.1505154462e-04    5.2230294903e-07    2.0007828156e-04    3.0854137988e-04    2.7462695143e-04    6.0565906028e-04
  53.5700000    6.7059098127e-04   -4.6897225925e-04    1.1501981370e-04   -3.1666276472e-08    2.0001941155e-04    3.0686436686e-04    2.7506072274e-04    6.0505803426e-04
  53.5800000    6.7129932779e-04   -4.7117016805e-04    1.1487842649e-04   -5.3578828774e-07    1.9997023489e-04    3.0516543659e-04    2.7548498305e-04    6.0446188598e-04
  53.5900000    6.7203973835e-04   -4.7336039685e-04    1.1462872782e-04   -9.8921675220e-07    1.9992653949e-04    3.0345440604e-04    2.7589967272e-04    6.0387096940e-04
  53.6000000    6.7280192035e-04   -4.7553974537e-04    1.1427357161e-04   -1.3919088023e-06    1.9988394096e-04    3.0174109637e-04    2.7630473779e-04    6.0328559815e-04
  53.6100000    6.7357608647e-04   -4.7770386003e-04    1.1381733538e-04   -1.7446488815e-06    1.9983794111e-04    3.0003518137e-04    2.7670012950e-04    6.0270604105e-04
  53.6200000    6.7435309887e-04   -4.7984742510e-04    1.1326591088e-04   -2.0490591481e-06    1.9978398902e-04    2.9834603991e-04    2.7708580399e-04    6.0213251812e-04
  53.6300000    6.7512458709e-04   -4.8196439877e-04    1.1262667032e-04   -2.3075959699e-06    1.9971754358e-04    2.9668261488e-04    2.7746172184e-04    6.0156519723e-04
  53.6400000    6.7588303722e-04   -4.8404828376e-04    1.1190840787e-04   -2.5235320734e-06    1.9963413693e-04    2.9505328111e-04    2.7782784765e-04    6.0100419144e-04
  53.6500000    6.7662185039e-04   -4.8609242207e-04    1.1112125668e-04   -2.7009244380e-06    1.9952943751e-04    2.9346572419e-04    2.7818414968e-04    6.0044955702e-04
  53.6600000    6.7733536998e-04   -4.8809030215e-04    1.1027658208e-04   -2.8445679948e-06    1.9939931216e-04    2.9192683227e-04    2.7853059936e-04    5.9990129228e-04
  53.6700000    6.7801887747e-04   -4.9003586690e-04    1.0938685204e-04   -2.9599357978e-06    1.9923988607e-04    2.9044260240e-04    2.7886717097e-04    5.9935933713e-04
  53.6800000    6.7866855801e-04   -4.9192381125e-04    1.0846548632e-04   -3.0531062174e-06    1.9904759980e-04    2.8901806302e-04    2.7919384119e-04    5.9882357354e-04
  53.6900000    6.7928143771e-04   -4.9374985821e-04    1.0752668625e-04   -3.1306783540e-06    1.9881926246e-04    2.8765721341e-04    2.7951058876e-04    5.9829382669e-04
  53.7000000    6.7985529536e-04   -4.9551100396e-04    1.0658524741e-04   -3.1996767887e-06    1.9855210020e-04    2.8636298125e-04    2.7981739413e-04    5.9776986702e-04
  53.7100000    6.8038855220e-04   -4.9720572303e-04    1.0565635785e-04   -3.2674472067e-06    1.9824379920e-04    2.8513719853e-04    2.8011423912e-04    5.9725141303e-04
  53.7200000    6.8088014406e-04   -4.9883412701e-04    1.0475538474e-04   -3.3415445632e-06    1.9789254259e-04    2.8398059604e-04    2.8040110664e-04    5.9673813482e-04
  53.7300000    6.8132938065e-04   -5.0039807092e-04    1.0389765271e-04   -3.4296156208e-06    1.9749704043e-04    2.8289281638e-04    2.8067798045e-04    5.9622965830e-04
  53.7400000    6.8173579730e-04   -5.0190120433e-04    1.0309821724e-04   -3.5392778615e-06    1.9705655249e-04    2.8187244479e-04    2.8094484490e-04    5.9572557016e-04
  53.7500000    6.8209900461e-04   -5.0334896503e-04    1.0237163664e-04   -3.6779968521e-06    1.9657090319e-04    2.8091705725e-04    2.8120168479e-04    5.9522542329e-04
  53.7600000    6.8241854177e-04   -5.0474851607e-04    1.0173174651e-04   -3.8529642110e-06    1.9604048854e-04    2.8002328463e-04    2.8144848521e-04    5.9472874281e-04
  53.7700000    6.8269373891e-04   -5.0610862769e-04    1.0119144015e-04   -4.0709784223e-06    1.9546627473e-04    2.7918689151e-04    2.8168523145e-04    5.9423503251e-04
  53.7800000    6.8292359384e-04   -5.0743950819e-04    1.0076245869e-04   -4.3383305640e-06    1.9484978853e-04    2.7840286828e-04    2.8191190897e-04    5.9374378156e-04
  53.7900000    6.8310666823e-04   -5.0875258891e-04    1.0045519475e-04   -4.6606970894e-06    1.9419309936e-04    2.7766553447e-04    2.8212850338e-04    5.9325447159e-04
  53.8000000    6.8324100714e-04   -5.1006026968e-04    1.0027851278e-04   -5.0430416928e-06    1.9349879324e-04    2.7696865155e-04    2.8233500052e-04    5.9276658376e-04
  53.8100000    6.8332408592e-04   -5.1137563239e-04    1.0023958952e-04   -5.4895281148e-06    1.9276993914e-04    2.7630554297e-04    2.8253138653e-04    5.9227960605e-04
  53.8200000    6.8335278687e-04   -5.1271213120e-04    1.0034377758e-04   -6.0034454914e-06    1.9201004795e-04    2.7566921938e-04    2.8271764802e-04    5.9179304032e-04
  53.8300000    6.8332340770e-04   -5.1408326785e-04    1.0059449471e-04   -6.5871478426e-06    1.9122302466e-04    2.7505250651e-04    2.8289377224e-04    5.9130640932e-04
  53.8400000    6.8323170241e-04   -5.1550226165e-04    1.0099314107e-04   -7.2420088340e-06    1.9041311465e-04    2.7444817373e-04    2.8305974732e-04    5.9081926343e-04
  53.8500000    6.8307295448e-04   -5.1698172288e-04    1.0153904633e-04   -7.9683927929e-06    1.8958484453e-04    2.7384906090e-04    2.8321556254e-04    5.9033118696e-04
  53.8600000    6.8284208091e-04   -5.1853333855e-04    1.0222944807e-04   -8.7656426413e-06    1.8874295867e-04    2.7324820118e-04    2.8336120866e-04    5.8984180409e-04
  53.8700000    6.8253376491e-04   -5.2016757896e-04    1.0305950227e-04   -9.6320851321e-06    1.8789235228e-04    2.7263893800e-04    2.8349667821e-04    5.8935078419e-04
  53.8800000    6.8214261367e-04   -5.2189343224e-04    1.0402232636e-04   -1.0565053329e-05    1.8703800195e-04    2.7201503401e-04    2.8362196592e-04    5.8885784664e-04
  53.8900000    6.8166333724e-04   -5.2371817407e-04    1.0510907453e-04   -1.1560926155e-05    1.8618489486e-04    2.7137077024e-04    2.8373706908e-04    5.8836276480e-04
  53.9000000    6.8109094327e-04   -5.2564717775e-04    1.0630904493e-04   -1.2615184365e-05    1.8533795766e-04    2.7070103403e-04    2.8384198796e-04    5.8786536938e-04
  53.9100000    6.8042094204e-04   -5.2768376935e-04    1.0760981714e-04   -1.3722481986e-05    1.8450198610e-04    2.7000139423e-04    2.8393672623e-04    5.8736555091e-04
  53.9200000    6.7964955551e-04   -5.2982913107e-04    1.0899741838e-04   -1.4876732061e-05    1.8368157658e-04    2.6926816254e-04    2.8402129139e-04    5.8686326149e-04
  53.9300000    6.7877392404e-04   -5.3208225490e-04    1.1045651628e-04   -1.6071205209e-05    1.8288106055e-04    2.6849844027e-04    2.8409569521e-04    5.8635851555e-04
  53.9400000    6.7779230409e-04   -5.3443994698e-04    1.1197063526e-04   -1.7298639258e-05    1.8210444299e-04    2.6769014979e-04    2.8415995415e-04    5.8585138980e-04
  53.9500000    6.7670425033e-04   -5.3689688250e-04    1.1352239367e-04   -1.8551358025e-05    1.8135534571e-04    2.6684205046e-04    2.8421408978e-04    5.8534202236e-04
  53.9600000    6.7551077591e-04   -5.3944570884e-04    1.1509375789e-04   -1.9821397088e-05    1.8063695650e-04    2.6595373893e-04    2.8425812917e-04    5.8483061093e-04
  53.9700000    6.7421448519e-04   -5.4207719449e-04    1.1666630969e-04   -2.1100634338e-05    1.7995198494e-04    2.6502563422e-04    2.8429210525e-04    5.8431741023e-04
  53.9800000    6.7281967352e-04   -5.4478041949e-04    1.1822152276e-04   -2.2380922953e-05    1.7930262547e-04    2.6405894788e-04    2.8431605721e-04    5.8380272851e-04
  53.9900000    6.7133238989e-04   -5.4754300270e-04    1.1974104376e-04   -2.3654224250e-05    1.7869052834e-04    2.6305564026e-04    2.8433003075e-04    5.8328692348e-04
  54.0000000    6.6976045886e-04   -5.5035136009e-04    1.2120697399e-04   -2.4912738281e-05    1.7811677898e-04    2.6201836367e-04    2.8433407839e-04    5.8277039741e-04
  54.0100000    6.6811345944e-04   -5.5319098804e-04    1.2260214665e-04   -2.6149029614e-05    1.7758188597e-04    2.6095039383e-04    2.8432825969e-04    5.8225359169e-04
  54.0200000    6.6640265968e-04   -5.5604676480e-04    1.2391039543e-04   -2.7356146081e-05    1.7708577785e-04    2.5985555103e-04    2.8431264142e-04    5.8173698079e-04
  54.0300000    6.6464090689e-04   -5.5890326297e-04    1.2511681000e-04   -2.8527728337e-05    1.7662780887e-04    2.5873811246e-04    2.8428729773e-04    5.8122106586e-04
  54.0400000    6.6284247459e-04   -5.6174506607e-04    1.2620797411e-04   -2.9658108324e-05    1.7620677346e-04    2.5760271755e-04    2.8425231019e-04    5.8070636786e-04
  54.0500000    6.6102286869e-04   -5.6455708196e-04    1.2717218224e-04   -3.0742394819e-05    1.7582092924e-04    2.5645426816e-04    2.8420776784e-04    5.8019342051e-04
  54.0600000    6.5919859628e-04   -5.6732484614e-04    1.2799963120e-04   -3.1776544659e-05    1.7546802815e-04    2.5529782539e-04    2.8415376715e-04    5.7968276304e-04
  54.0700000    6.5738690171e-04   -5.7003480829e-04    1.2868258337e-04   -3.2757418355e-05    1.7514535524e-04    2.5413850504e-04    2.8409041195e-04    5.7917493290e-04
  54.0800000    6.5560547546e-04   -5.7267459598e-04    1.2921549864e-04   -3.3682819236e-05    1.7484977435e-04    2.5298137360e-04    2.8401781327e-04    5.7867045850e-04
  54.0900000    6.5387214230e-04   -5.7523325004e-04    1.2959513261e-04   -3.4551515483e-05    1.7457778009e-04    2.5183134661e-04    2.8393608917e-04    5.7816985210e-04
  54.1000000    6.5220453556e-04   -5.7770142657e-04    1.2982059925e-04   -3.5363244791e-05    1.7432555512e-04    2.5069309129e-04    2.8384536447e-04    5.7767360300e-04
  54.1100000    6.5061976525e-04   -5.8007156189e-04    1.2989339666e-04   -3.6118701762e-05    1.7408903193e-04    2.4957093507e-04    2.8374577049e-04    5.7718217101e-04
  54.1200000    6.4913408770e-04   -5.8233799703e-04    1.2981739535e-04   -3.6819508403e-05    1.7386395796e-04    2.4846878161e-04    2.8363744466e-04    5.7669598037e-04
  54.1300000    6.4776258462e-04   -5.8449705990e-04    1.2959878881e-04   -3.7468168474e-05    1.7364596314e-04    2.4739003574e-04    2.8352053021e-04    5.7621541424e-04
  54.1400000    6.4651885927e-04   -5.8654710375e-04    1.2924600695e-04   -3.8068006676e-05    1.7343062872e-04    2.4633753861e-04    2.8339517567e-04    5.7574080978e-04
  54.1500000    6.4541475716e-04   -5.8848850203e-04    1.2876959363e-04   -3.8623094091e-05    1.7321355624e-04    2.4531351400e-04    2.8326153450e-04    5.7527245380e-04
  54.1600000    6.4446011809e-04   -5.9032360021e-04    1.2818204988e-04   -3.9138161340e-05    1.7299043564e-04    2.4431952670e-04    2.8311976457e-04    5.7481057929e-04
  54.1700000    6.4366256565e-04   -5.9205662682e-04    1.2749764522e-04   -3.9618501348e-05    1.7275711130e-04    2.4335645349e-04    2.8297002769e-04    5.7435536261e-04
  54.1800000    6.4302733939e-04   -5.9369356610e-04    1.2673219997e-04   -4.0069863610e-05    1.7250964515e-04    2.4242446720e-04    2.8281248911e-04    5.7390692149e-04
  54.1900000    6.4255717379e-04   -5.9524199614e-04    1.2590284184e-04   -4.0498342238e-05    1.7224437575e-04    2.4152303388e-04    2.8264731699e-04    5.7346531390e-04
  54.2000000    6.4225222716e-04   -5.9671089671e-04    1.2502774068e-04   -4.0910259901e-05    1.7195797245e-04    2.4065092300e-04    2.8247468193e-04    5.7303053777e-04
  54.2100000    6.4211006221e-04   -5.9811043197e-04    1.2412582563e-04   -4.1312050035e-05    1.7164748389e-04    2.3980623044e-04    2.8229475645e-04    5.7260253144e-04
  54.2200000    6.4212567885e-04   -5.9945171345e-04    1.2321648898e-04   -4.1710139615e-05    1.7131038011e-04    2.3898641366e-04    2.8210771451e-04    5.7218117505e-04
  54.2300000    6.4229159852e-04   -6.0074654921e-04    1.2231928161e-04   -4.2110834667e-05    1.7094458760e-04    2.3818833821e-04    2.8191373107e-04    5.7176629269e-04
  54.2400000    6.4259799792e-04   -6.0200718540e-04    1.2145360523e-04   -4.2520210982e-05    1.7054851694e-04    2.3740833491e-04    2.8171298165e-04    5.7135765524e-04
  54.2500000    6.4303288907e-04   -6.0324604619e-04    1.2063840580e-04   -4.2944011758e-05    1.7012108259e-04    2.3664226622e-04    2.8150564192e-04    5.7095498398e-04
  54.2600000    6.4358234124e-04   -6.0447547852e-04    1.1989187349e-04   -4.3387554201e-05    1.6966171465e-04    2.3588560092e-04    2.8129188738e-04    5.7055795486e-04
  54.2700000    6.4423073958e-04   -6.0570750707e-04    1.1923115435e-04   -4.3855646966e-05    1.6917036256e-04    2.3513349546e-04    2.8107189304e-04    5.7016620327e-04
  54.2800000    6.4496107402e-04   -6.0695360524e-04    1.1867207784e-04   -4.4352519582e-05    1.6864749072e-04    2.3438088056e-04    2.8084583314e-04    5.6977932942e-04
  54.2900000    6.4575525189e-04   -6.0822448700e-04    1.1822890518e-04   -4.4881765183e-05    1.6809406621e-04    2.3362255165e-04    2.8061388098e-04    5.6939690401e-04
  54.3000000    6.4659442656e-04   -6.0952992385e-04    1.1791410239e-04   -4.5446297489e-05    1.6751153905e-04    2.3285326137e-04    2.8037620871e-04    5.6901847432e-04
  54.3100000    6.4745933475e-04   -6.1087859047e-04    1.1773814203e-04   -4.6048322527e-05    1.6690181529e-04    2.3206781268e-04    2.8013298732e-04    5.6864357054e-04
  54.3200000    6.4833063451e-04   -6.1227794191e-04    1.1770933688e-04   -4.6689325500e-05    1.6626722349e-04    2.3126115094e-04    2.7988438652e-04    5.6827171214e-04
  54.3300000    6.4918923637e-04   -6.1373412410e-04    1.1783370818e-04   -4.7370072608e-05    1.6561047530e-04    2.3042845336e-04    2.7963057481e-04    5.6790241441e-04
  54.3400000    6.5001662025e-04   -6.1525191877e-04    1.1811489086e-04   -4.8090627541e-05    1.6493462077e-04    2.2956521449e-04    2.7937171953e-04    5.6753519481e-04
  54.3500000    6.5079513133e-04   -6.1683472274e-04    1.1855407742e-04   -4.8850382071e-05    1.6424299928e-04    2.2866732623e-04    2.7910798699e-04    5.6716957929e-04
  54.3600000    6.5150824873e-04   -6.1848456096e-04    1.1915000111e-04   -4.9648099614e-05    1.6353918678e-04    2.2773115116e-04    2.7883954266e-04    5.6680510830e-04
  54.3700000    6.5214082166e-04   -6.2020213156e-04    1.1989895892e-04   -5.0481970643e-05    1.6282694038e-04    2.2675358797e-04    2.7856655138e-04    5.6644134244e-04
  54.3800000    6.5267926874e-04   -6.2198688059e-04    1.2079487424e-04   -5.1349678533e-05    1.6211014112e-04    2.2573212815e-04    2.7828917766e-04    5.6607786776e-04
  54.3900000    6.5311173707e-04   -6.2383710324e-04    1.2182939792e-04   -5.2248474190e-05    1.6139273579e-04    2.2466490294e-04    2.7800758590e-04    5.6571430055e-04
  54.4000000    6.5342821911e-04   -6.2575006815e-04    1.2299204616e-04   -5.3175257564e-05    1.6067867888e-04    2.2355071997e-04    2.7772194083e-04    5.6535029151e-04
  54.4100000    6.5362062617e-04   -6.2772216027e-04    1.2427037294e-04   -5.4126664128e-05    1.5997187524e-04    2.2238908907e-04    2.7743240777e-04    5.6498552942e-04
  54.4200000    6.5368281886e-04   -6.2974903821e-04    1.2565017423e-04   -5.5099154252e-05    1.5927612466e-04    2.2118023699e-04    2.7713915304e-04    5.6461974403e-04
  54.4300000    6.5361059577e-04   -6.3182580094e-04    1.2711572039e-04   -5.6089103469e-05    1.5859506885e-04    2.1992511089e-04    2.7684234433e-04    5.6425270835e-04
  54.4400000    6.5340164274e-04   -6.3394715932e-04    1.2865001354e-04   -5.7092891673e-05    1.5793214169e-04    2.1862537065e-04    2.7654215104e-04    5.6388424014e-04
  54.4500000    6.5305544640e-04   -6.3610760746e-04    1.3023506480e-04   -5.8106988917e-05    1.5729052346e-04    2.1728337023e-04    2.7623874471e-04    5.6351420269e-04
  54.4600000    6.5257317592e-04   -6.3830158934e-04    1.3185218740e-04   -5.9128036165e-05    1.5667309949e-04    2.1590212853e-04    2.7593229926e-04    5.6314250489e-04
  54.4700000    6.5195753827e-04   -6.4052365619e-04    1.3348230075e-04   -6.0152919160e-05    1.5608242377e-04    2.1448529027e-04    2.7562299139e-04    5.6276910051e-04
  54.4800000    6.5121261237e-04   -6.4276861068e-04    1.3510624009e-04   -6.1178833644e-05    1.5552068796e-04    2.1303707758e-04    2.7531100081e-04    5.6239398681e-04
  54.4900000    6.5034366827e-04   -6.4503163413e-04    1.3670506697e-04   -6.2203340706e-05    1.5498969606e-04    2.1156223319e-04    2.7499651049e-04    5.6201720244e-04
  54.5000000    6.4935697731e-04   -6.4730839378e-04    1.3826037515e-04   -6.3224410873e-05    1.5449084485e-04    2.1006595602e-04    2.7467970684e-04    5.6163882477e-04
  54.5100000    6.4825961960e-04   -6.4959512758e-04    1.3975458723e-04   -6.4240456341e-05    1.5402511033e-04    2.0855383043e-04    2.7436077983e-04    5.6125896651e-04
  54.5200000    6.4705929464e-04   -6.5188870445e-04    1.4117123678e-04   -6.5250350455e-05    1.5359304012e-04    2.0703174996e-04    2.7403992307e-04    5.6087777194e-04
  54.5300000    6.4576414076e-04   -6.5418665913e-04    1.4249523155e-04   -6.6253434239e-05    1.5319475169e-04    2.0550583697e-04    2.7371733377e-04    5.6049541259e-04
  54.5400000    6.4438256836e-04   -6.5648720066e-04    1.4371309333e-04   -6.7249509867e-05    1.5282993623e-04    2.0398235916e-04    2.7339321269e-04    5.6011208256e-04
  54.5500000    6.4292311129e-04   -6.5878919509e-04    1.4481317070e-04   -6.8238821420e-05    1.5249786805e-04    2.0246764434e-04    2.7306776400e-04    5.5972799360e-04
  54.5600000    6.4139430001e-04   -6.6109212290e-04    1.4578582097e-04   -6.9222023424e-05    1.5219741899e-04    2.0096799463e-04    2.7274119500e-04    5.5934336985e-04
  54.5700000    6.3980455892e-04   -6.6339601309e-04    1.4662355874e-04   -7.0200138054e-05    1.5192707766e-04    1.9948960119e-04    2.7241371586e-04    5.5895844252e-04
  54.5800000    6.3816212972e-04   -6.6570135578e-04    1.4732116839e-04   -7.1174502047e-05    1.5168497288e-04    1.9803846068e-04    2.7208553922e-04    5.5857344457e-04
  54.5900000    6.3647502107e-04   -6.6800899632e-04    1.4787577897e-04   -7.2146704783e-05    1.5146890105e-04    1.9662029468e-04    2.7175687974e-04    5.5818860534e-04
  54.6000000    6.3475098440e-04   -6.7032001430e-04    1.4828690042e-04   -7.3118518964e-05    1.5127635675e-04    1.9524047286e-04    2.7142795355e-04    5.5780414535e-04
  54.6100000    6.3299751409e-04   -6.7263559138e-04    1.4855642039e-04   -7.4091825679e-05    1.5110456624e-04    1.9390394108e-04    2.7109897771e-04    5.5742027131e-04
  54.6200000    6.3122186978e-04   -6.7495687207e-04    1.4868856217e-04   -7.5068535724e-05    1.5095052319e-04    1.9261515523e-04    2.7077016946e-04    5.5703717144e-04
  54.6300000    6.2943111745e-04   -6.7728482230e-04    1.4868980450e-04   -7.6050509129e-05    1.5081102618e-04    1.9137802147e-04    2.7044174564e-04    5.5665501109e-04
  54.6400000    6.2763218521e-04   -6.7962009060e-04    1.4856876458e-04   -7.7039474847e-05    1.5068271744e-04    1.9019584381e-04    2.7011392182e-04    5.5627392884e-04
  54.6500000    6.2583192932e-04   -6.8196287687e-04    1.4833604644e-04   -7.8036952604e-05    1.5056212236e-04    1.8907127929e-04    2.6978691157e-04    5.5589403309e-04
  54.6600000    6.2403720525e-04   -6.8431281377e-04    1.4800405753e-04   -7.9044179053e-05    1.5044568921e-04    1.8800630152e-04    2.6946092564e-04    5.5551539913e-04
  54.6700000    6.2225493863e-04   -6.8666886554e-04    1.4758679651e-04   -8.0062040009e-05    1.5032982875e-04    1.8700217269e-04    2.6913617111e-04    5.5513806681e-04
  54.6800000    6.2049219085e-04   -6.8902924901e-04    1.4709961599e-04   -8.1091010535e-05    1.5021095322e-04    1.8605942450e-04    2.6881285060e-04    5.5476203885e-04
  54.6900000    6.1875621389e-04   -6.9139138078e-04    1.4655896417e-04   -8.2131104598e-05    1.5008551442e-04    1.8517784799e-04    2.6849116135e-04    5.5438727967e-04
  54.7000000    6.1705448999e-04   -6.9375185420e-04    1.4598210980e-04   -8.3181835522e-05    1.4995004043e-04    1.8435649245e-04    2.6817129451e-04    5.5401371498e-04
  54.7100000    6.1539475161e-04   -6.9610644915e-04    1.4538685506e-04   -8.4242188737e-05    1.4980117094e-04    1.8359367314e-04    2.6785343429e-04    5.5364123187e-04
  54.7200000    6.1378497820e-04   -6.9845017652e-04    1.4479124133e-04   -8.5310607428e-05    1.4963569061e-04    1.8288698795e-04    2.6753775727e-04    5.5326967960e-04
  54.7300000    6.1223336717e-04   -7.0077735826e-04    1.4421325266e-04   -8.6384992122e-05    1.4945056051e-04    1.8223334248e-04    2.6722443167e-04    5.5289887092e-04
  54.7400000    6.1074827718e-04   -7.0308174328e-04    1.4367052175e-04   -8.7462714217e-05    1.4924294747e-04    1.8162898330e-04    2.6691361677e-04    5.5252858401e-04
  54.7500000    6.0933814328e-04   -7.0535665749e-04    1.4318004325e-04   -8.8540643656e-05    1.4901025098e-04    1.8106953912e-04    2.6660546236e-04    5.5215856484e-04
  54.7600000    6.0801136415e-04   -7.0759518568e-04    1.4275789915e-04   -8.9615190457e-05    1.4875012789e-04    1.8055006910e-04    2.6630010828e-04    5.5178853010e-04
  54.7700000    6.0677616322e-04   -7.0979038149e-04    1.4241900072e-04   -9.0682359591e-05    1.4846051452e-04    1.8006511802e-04    2.6599768404e-04    5.5141817043e-04
  54.7800000    6.0564042627e-04   -7.1193550020e-04    1.4217685087e-04   -9.1737818208e-05    1.4813964634e-04    1.7960877757e-04    2.6569830860e-04    5.5104715409e-04
  54.7900000    6.0461151939e-04   -7.1402424828e-04    1.4204333124e-04   -9.2776974268e-05    1.4778607508e-04    1.7917475309e-04    2.6540209017e-04    5.5067513082e-04
  54.8000000    6.0369609186e-04   -7.1605104251e-04    1.4202851665e-04   -9.3795064921e-05    1.4739868336e-04    1.7875643519e-04    2.6510912622e-04    5.5030173595e-04
  54.8100000    6.0289986985e-04   -7.1801127019e-04    1.4214052022e-04   -9.4787253081e-05    1.4697669666e-04    1.7834697525e-04    2.6481950351e-04    5.4992659464e-04
  54.8200000    6.0222744687e-04   -7.1990154194e-04    1.4238537120e-04   -9.5748730278e-05    1.4651969275e-04    1.7793936440e-04    2.6453329831e-04    5.4954932608e-04
  54.8300000    6.0168207793e-04   -7.2171992754e-04    1.4276692750e-04   -9.6674823867e-05    1.4602760861e-04    1.7752651470e-04    2.6425057669e-04    5.4916954781e-04
  54.8400000    6.0126548438e-04   -7.2346616551e-04    1.4328682388e-04   -9.7561106273e-05    1.4550074461e-04    1.7710134220e-04    2.6397139496e-04    5.4878687983e-04
  54.8500000    6.0097767648e-04   -7.2514183715e-04    1.4394445633e-04   -9.8403504118e-05    1.4493976619e-04    1.7665685057e-04    2.6369580021e-04    5.4840094859e-04
  54.8600000    6.0081680068e-04   -7.2675049627e-04    1.4473700286e-04   -9.9198404811e-05    1.4434570282e-04    1.7618621469e-04    2.6342383093e-04    5.4801139069e-04
  54.8700000    6.0077901801e-04   -7.2829774698e-04    1.4565947967e-04   -9.9942758411e-05    1.4371994428e-04    1.7568286332e-04    2.6315551778e-04    5.4761785639e-04
  54.8800000    6.0085841957e-04   -7.2979126264e-04    1.4670483174e-04   -1.0063417241e-04    1.4306423422e-04    1.7514055984e-04    2.6289088440e-04    5.4722001265e-04
  54.8900000    6.0104698399e-04   -7.3124074114e-04    1.4786405599e-04   -1.0127099734e-04    1.4238066095e-04    1.7455348027e-04    2.6262994835e-04    5.4681754586e-04
  54.9000000    6.0133458103e-04   -7.3265779330e-04    1.4912635474e-04   -1.0185240110e-04    1.4167164530e-04    1.7391628767e-04    2.6237272209e-04    5.4641016411e-04
  54.9100000    6.0170902388e-04   -7.3405576309e-04    1.5047931663e-04   -1.0237843028e-04    1.4093992576e-04    1.7322420212e-04    2.6211921401e-04    5.4599759898e-04
  54.9200000    6.0215617185e-04   -7.3544948124e-04    1.5190912185e-04   -1.0285005668e-04    1.4018854050e-04    1.7247306525e-04    2.6186942951e-04    5.4557960691e-04
  54.9300000    6.0266008348e-04   -7.3685495553e-04    1.5340076816e-04   -1.0326920774e-04    1.3942080656e-04    1.7165939880e-04    2.6162337215e-04    5.4515596998e-04
  54.9400000    6.0320321849e-04   -7.3828900389e-04    1.5493831396e-04   -1.0363877995e-04    1.3864029594e-04    1.7078045611e-04    2.6138104474e-04    5.4472649634e-04
  54.9500000    6.0376668602e-04   -7.3976883890e-04    1.5650513413e-04   -1.0396263412e-04    1.3785080881e-04    1.6983426607e-04    2.6114245049e-04    5.4429102001e-04
  54.9600000    6.0433053474e-04   -7.4131161410e-04    1.5808418448e-04   -1.0424557235e-04    1.3705634360e-04    1.6881966866e-04    2.6090759411e-04    5.4384940035e-04
  54.9700000    6.0487407927e-04   -7.4293394500e-04    1.5965827062e-04   -1.0449329644e-04    1.3626106438e-04    1.6773634153e-04    2.6067648286e-04    5.4340152104e-04
  54.9800000    6.0537625626e-04   -7.4465141893e-04    1.6121031681e-04   -1.0471234808e-04    1.3546926525e-04    1.6658481709e-04    2.6044912761e-04    5.4294728864e-04
  54.9900000    6.0581600225e-04   -7.4647810923e-04    1.6272363050e-04   -1.0491003134e-04    1.3468533220e-04    1.6536648963e-04    2.6022554375e-04    5.4248663090e-04
  55.0000000    6.0617264480e-04   -7.4842611023e-04    1.6418215854e-04   -1.0509431844e-04    1.3391370251e-04    1.6408361197e-04    2.6000575211e-04    5.4201949467e-04
  55.0100000    6.0642629772e-04   -7.5050510917e-04    1.6557073120e-04   -1.0527374015e-04    1.3315882183e-04    1.6273928159e-04    2.5978977966e-04    5.4154584362e-04
  55.0200000    6.0655825088e-04   -7.5272201140e-04    1.6687528986e-04   -1.0545726226e-04    1.3242509945e-04    1.6133741587e-04    2.5957766026e-04    5.4106565580e-04
  55.0300000    6.0655134502e-04   -7.5508063359e-04    1.6808309550e-04   -1.0565415001e-04    1.3171686202e-04    1.5988271654e-04    2.5936943514e-04    5.4057892103e-04
  55.0400000    6.0639032241e-04   -7.5758147858e-04    1.6918291472e-04   -1.0587382272e-04    1.3103830608e-04    1.5838062328e-04    2.5916515334e-04    5.4008563830e-04
  55.0500000    6.0606214416e-04   -7.6022160311e-04    1.7016518075e-04   -1.0612570100e-04    1.3039344994e-04    1.5683725694e-04    2.5896487197e-04    5.3958581315e-04
  55.0600000    6.0555626637e-04   -7.6299458676e-04    1.7102212734e-04   -1.0641904888e-04    1.2978608550e-04    1.5525935243e-04    2.5876865637e-04    5.3907945512e-04
  55.0700000    6.0486486778e-04   -7.6589060781e-04    1.7174789353e-04   -1.0676281364e-04    1.2921973039e-04    1.5365418203e-04    2.5857658003e-04    5.3856657540e-04
  55.0800000    6.0398302296e-04   -7.6889662775e-04    1.7233859855e-04   -1.0716546623e-04    1.2869758124e-04    1.5202946976e-04    2.5838872445e-04    5.3804718464e-04
  55.0900000    6.0290881647e-04   -7.7199668282e-04    1.7279238586e-04   -1.0763484502e-04    1.2822246859e-04    1.5039329750e-04    2.5820517882e-04    5.3752129100e-04
  55.1000000    6.0164339477e-04   -7.7517227693e-04    1.7310943620e-04   -1.0817800555e-04    1.2779681423e-04    1.4875400398e-04    2.5802603949e-04    5.3698889853e-04
  55.1100000    6.0019095436e-04   -7.7840286668e-04    1.7329194978e-04   -1.0880107931e-04    1.2742259150e-04    1.4712007759e-04    2.5785140939e-04    5.3645000591e-04
  55.1200000    5.9855866626e-04   -7.8166642562e-04    1.7334409851e-04   -1.0950914385e-04    1.2710128942e-04    1.4550004440e-04    2.5768139722e-04    5.3590460550e-04
  55.1300000    5.9675653837e-04   -7.8494007167e-04    1.7327194948e-04   -1.1030610712e-04    1.2683388119e-04    1.4390235262e-04    2.5751611656e-04    5.3535268286e-04
  55.1400000    5.9479721913e-04   -7.8820073863e-04    1.7308336116e-04   -1.1119460794e-04    1.2662079775e-04    1.4233525505e-04    2.5735568484e-04    5.3479421661e-04
  55.1500000    5.9269574715e-04   -7.9142587088e-04    1.7278785447e-04   -1.1217593493e-04    1.2646190711e-04    1.4080669112e-04    2.5720022220e-04    5.3422917877e-04
  55.1600000    5.9046925286e-04   -7.9459411857e-04    1.7239646110e-04   -1.1324996559e-04    1.2635649985e-04    1.3932416998e-04    2.5704985025e-04    5.3365753545e-04
  55.1700000    5.8813661953e-04   -7.9768600982e-04    1.7192155167e-04   -1.1441512689e-04    1.2630328148e-04    1.3789465660e-04    2.5690469075e-04    5.3307924795e-04
  55.1800000    5.8571811176e-04   -8.0068457696e-04    1.7137664662e-04   -1.1566837869e-04    1.2630037197e-04    1.3652446239e-04    2.5676486423e-04    5.3249427422e-04
  55.1900000    5.8323498034e-04   -8.0357591408e-04    1.7077621307e-04   -1.1700522048e-04    1.2634531284e-04    1.3521914215e-04    2.5663048859e-04    5.3190257066e-04
  55.2000000    5.8070905307e-04   -8.0634964565e-04    1.7013545079e-04   -1.1841972207e-04    1.2643508201e-04    1.3398339911e-04    2.5650167761e-04    5.3130409421e-04
  55.2100000    5.7816232094e-04   -8.0899928787e-04    1.6947007073e-04   -1.1990457788e-04    1.2656611667e-04    1.3282099954e-04    2.5637853951e-04    5.3069880463e-04
  55.2200000    5.7561652924e-04   -8.1152248824e-04    1.6879606937e-04   -1.2145118478e-04    1.2673434395e-04    1.3173469881e-04    2.5626117550e-04    5.3008666700e-04
  55.2300000    5.7309278309e-04   -8.1392113230e-04    1.6812950241e-04   -1.2304974228e-04    1.2693521955e-04    1.3072617997e-04    2.5614967839e-04    5.2946765429e-04
  55.2400000    5.7061117564e-04   -8.1620131121e-04    1.6748626100e-04   -1.2468937407e-04    1.2716377389e-04    1.2979600657e-04    2.5604413121e-04    5.2884175006e-04
  55.2500000    5.6819044727e-04   -8.1837314832e-04    1.6688185371e-04   -1.2635826928e-04    1.2741466546e-04    1.2894359058e-04    2.5594460595e-04    5.2820895101e-04
  55.2600000    5.6584768247e-04   -8.2045048799e-04    1.6633119721e-04   -1.2804384146e-04    1.2768224095e-04    1.2816717652e-04    2.5585116235e-04    5.2756926951e-04
  55.2700000    5.6359805023e-04   -8.2245045468e-04    1.6584841853e-04   -1.2973290308e-04    1.2796060138e-04    1.2746384257e-04    2.5576384686e-04    5.2692273593e-04
  55.2800000    5.6145459255e-04   -8.2439289498e-04    1.6544667141e-04   -1.3141185298e-04    1.2824367361e-04    1.2682951907e-04    2.5568269166e-04    5.2626940080e-04
  55.2900000    5.5942806415e-04   -8.2629971993e-04    1.6513796908e-04   -1.3306687399e-04    1.2852528624e-04    1.2625902473e-04    2.5560771389e-04    5.2560933651e-04
  55.3000000    5.5752682522e-04   -8.2819416829e-04    1.6493303540e-04   -1.3468413771e-04    1.2879924906e-04    1.2574612052e-04    2.5553891496e-04    5.2494263883e-04
  55.3100000    5.5575678759e-04   -8.3010001505e-04    1.6484117605e-04   -1.3625001338e-04    1.2905943481e-04    1.2528358090e-04    2.5547628010e-04    5.2426942785e-04
  55.3200000    5.5412141340e-04   -8.3204075133e-04    1.6487017114e-04   -1.3775127736e-04    1.2929986221e-04    1.2486328190e-04    2.5541977807e-04    5.2358984853e-04
  55.3300000    5.5262176390e-04   -8.3403876366e-04    1.6502619011e-04   -1.3917532020e-04    1.2951477909e-04    1.2447630498e-04    2.5536936099e-04    5.2290407074e-04
  55.3400000    5.5125659507e-04   -8.3611454070e-04    1.6531372971e-04   -1.4051034781e-04    1.2969874420e-04    1.2411305573e-04    2.5532496446e-04    5.2221228869e-04
  55.3500000    5.5002249567e-04   -8.3828593525e-04    1.6573557525e-04   -1.4174557341e-04    1.2984670657e-04    1.2376339571e-04    2.5528650778e-04    5.2151471991e-04
  55.3600000    5.4891406217e-04   -8.4056750745e-04    1.6629278513e-04   -1.4287139737e-04    1.2995408113e-04    1.2341678601e-04    2.5525389438e-04    5.2081160359e-04
  55.3700000    5.4792410486e-04   -8.4296997294e-04    1.6698469832e-04   -1.4387957160e-04    1.3001681919e-04    1.2306244027e-04    2.5522701251e-04    5.2010319833e-04
  55.3800000    5.4704387845e-04   -8.4549977616e-04    1.6780896405e-04   -1.4476334599e-04    1.3003147278e-04    1.2268948523e-04    2.5520573596e-04    5.1938977948e-04
  55.3900000    5.4626333052e-04   -8.4815880496e-04    1.6876159284e-04   -1.4551759421e-04    1.2999525147e-04    1.2228712636e-04    2.5518992510e-04    5.1867163578e-04
  55.4000000    5.4557136089e-04   -8.5094425783e-04    1.6983702771e-04   -1.4613891664e-04    1.2990607081e-04    1.2184481602e-04    2.5517942795e-04    5.1794906568e-04
  55.4100000    5.4495608531e-04   -8.5384867013e-04    1.7102823391e-04   -1.4662571858e-04    1.2976259124e-04    1.2135242158e-04    2.5517408148e-04    5.1722237318e-04
  55.4200000    5.4440509679e-04   -8.5686010003e-04    1.7232680589e-04   -1.4697826219e-04    1.2956424678e-04    1.2080039084e-04    2.5517371302e-04    5.1649186328e-04
  55.4300000    5.4390571890e-04   -8.5996246955e-04    1.7372308942e-04   -1.4719869091e-04    1.2931126278e-04    1.2017991189e-04    2.5517814174e-04    5.1575783717e-04
  55.4400000    5.4344524534e-04   -8.6313605069e-04    1.7520631705e-04   -1.4729102583e-04    1.2900466206e-04    1.1948306479e-04    2.5518718024e-04    5.1502058721e-04
  55.4500000    5.4301116133e-04   -8.6635808165e-04    1.7676475480e-04   -1.4726113357e-04    1.2864625930e-04    1.1870296245e-04    2.5520063625e-04    5.1428039181e-04
  55.4600000    5.4259134278e-04   -8.6960349359e-04    1.7838585808e-04   -1.4711666574e-04    1.2823864338e-04    1.1783387811e-04    2.5521831433e-04    5.1353751022e-04
  55.4700000    5.4217423029e-04   -8.7284572453e-04    1.8005643453e-04   -1.4686697084e-04    1.2778514761e-04    1.1687135698e-04    2.5524001757e-04    5.1279217741e-04
  55.4800000    5.4174897587e-04   -8.7605759407e-04    1.8176281170e-04   -1.4652297933e-04    1.2728980825e-04    1.1581231006e-04    2.5526554938e-04    5.1204459918e-04
  55.4900000    5.4130556103e-04   -8.7921221018e-04    1.8349100729e-04   -1.4609706340e-04    1.2675731159e-04    1.1465508803e-04    2.5529471516e-04    5.1129494743e-04
  55.5000000    5.4083488597e-04   -8.8228387866e-04    1.8522690016e-04   -1.4560287346e-04    1.2619293022e-04    1.1339953361e-04    2.5532732399e-04    5.1054335586e-04
  55.5100000    5.4032883026e-04   -8.8524898515e-04    1.8695639959e-04   -1.4505515325e-04    1.2560244928e-04    1.1204701115e-04    2.5536319025e-04    5.0978991610e-04
  55.5200000    5.3978028626e-04   -8.8808682081e-04    1.8866561123e-04   -1.4446953644e-04    1.2499208366e-04    1.1060041243e-04    2.5540213507e-04    5.0903467439e-04
