# thinned to dt=0.05 from the every-step stream; the last 1 time units are kept whole (the death window)
  30.0100000   -1.7578125000e+00   -3.9062500000e-02    0.0000000000e+00    1.9683788492e-01    2.0000000000e+00    1.7578125000e+00    3.9062500000e-02    0.0000000000e+00    1.9687918974e-01    2.0000000000e+00
  30.0600000   -1.7773437500e-02    3.3203125000e-03    0.0000000000e+00    1.0000000000e-04    1.6000000000e+02   -1.7773437500e-02    3.3203125000e-03    0.0000000000e+00    1.0000000000e-04    1.6000000000e+02
  30.1100000   -1.6005067568e-02    7.5591216216e-03   -3.8006756757e-04    1.0000000000e-04    1.8500000000e+02   -1.6005067568e-02    7.5591216216e-03   -3.8006756757e-04    1.0000000000e-04    1.8500000000e+02
  30.1600000   -1.5997023810e-02    7.4404761905e-03    0.0000000000e+00    1.0000000000e-04    1.6800000000e+02   -1.5997023810e-02    7.4404761905e-03    0.0000000000e+00    1.0000000000e-04    1.6800000000e+02
  30.2100000   -1.5625000000e-02    6.6692073171e-03    0.0000000000e+00    1.0000000000e-04    1.6400000000e+02   -1.5625000000e-02    6.6692073171e-03    0.0000000000e+00    1.0000000000e-04    1.6400000000e+02
  30.2600000   -1.5320616883e-02    5.3774350649e-03    0.0000000000e+00    1.0000000000e-04    1.5400000000e+02   -1.5320616883e-02    5.3774350649e-03    0.0000000000e+00    1.0000000000e-04    1.5400000000e+02
  30.3100000   -1.4756944444e-02    6.2934027778e-03    0.0000000000e+00    1.0000000000e-04    1.4400000000e+02   -1.4756944444e-02    6.2934027778e-03    0.0000000000e+00    1.0000000000e-04    1.4400000000e+02
  30.3600000   -1.4109141791e-02    5.2472014925e-03    0.0000000000e+00    1.0000000000e-04    1.3400000000e+02   -1.4109141791e-02    5.2472014925e-03    0.0000000000e+00    1.0000000000e-04    1.3400000000e+02
  30.4100000   -1.4160156250e-02    4.3945312500e-03    0.0000000000e+00    1.0000000000e-04    1.2800000000e+02   -1.4160156250e-02    4.3945312500e-03    0.0000000000e+00    1.0000000000e-04    1.2800000000e+02
  30.4600000   -1.3608870968e-02    2.2681451613e-03    0.0000000000e+00    1.0000000000e-04    1.2400000000e+02   -1.3608870968e-02    2.2681451613e-03    0.0000000000e+00    1.0000000000e-04    1.2400000000e+02
  30.5100000   -1.3447745902e-02    1.9211065574e-03    0.0000000000e+00    1.0000000000e-04    1.2200000000e+02   -1.3447745902e-02    1.9211065574e-03    0.0000000000e+00    1.0000000000e-04    1.2200000000e+02
  30.5600000   -1.2772817460e-02    3.1001984127e-03    0.0000000000e+00    1.0000000000e-04    1.2600000000e+02   -1.2772817460e-02    3.1001984127e-03    0.0000000000e+00    1.0000000000e-04    1.2600000000e+02
  30.6100000   -1.1398565574e-02    4.9948770492e-03    0.0000000000e+00    1.0000000000e-04    1.2200000000e+02   -1.1398565574e-02    4.9948770492e-03    0.0000000000e+00    1.0000000000e-04    1.2200000000e+02
  30.6600000   -1.1458333333e-02    5.7291666667e-03    0.0000000000e+00    1.0000000000e-04    1.2000000000e+02   -1.1458333333e-02    5.7291666667e-03    0.0000000000e+00    1.0000000000e-04    1.2000000000e+02
  30.7100000   -1.0279605263e-02    7.8125000000e-03    0.0000000000e+00    1.0000000000e-04    1.1400000000e+02   -1.0279605263e-02    7.8125000000e-03    0.0000000000e+00    1.0000000000e-04    1.1400000000e+02
  30.7600000   -1.0085227273e-02    6.6761363636e-03    0.0000000000e+00    1.0000000000e-04    1.1000000000e+02   -1.0085227273e-02    6.6761363636e-03    0.0000000000e+00    1.0000000000e-04    1.1000000000e+02
  30.8100000   -1.0170990566e-02    4.8643867924e-03    0.0000000000e+00    1.0000000000e-04    1.0600000000e+02   -1.0170990566e-02    4.8643867924e-03    0.0000000000e+00    1.0000000000e-04    1.0600000000e+02
  30.8600000   -9.3149038462e-03    4.5072115385e-03    0.0000000000e+00    1.0000000000e-04    1.0400000000e+02   -9.3149038462e-03    4.5072115385e-03    0.0000000000e+00    1.0000000000e-04    1.0400000000e+02
  30.9100000   -9.3443627451e-03    5.3615196078e-03    0.0000000000e+00    1.0000000000e-04    1.0200000000e+02   -9.3443627451e-03    5.3615196078e-03    0.0000000000e+00    1.0000000000e-04    1.0200000000e+02
  30.9600000   -9.5486111111e-03    5.0347222222e-03    0.0000000000e+00    1.0000000000e-04    9.0000000000e+01   -9.5486111111e-03    5.0347222222e-03    0.0000000000e+00    1.0000000000e-04    9.0000000000e+01
  31.0100000   -9.1969936709e-03    2.8678797468e-03   -4.9446202532e-04    1.0000000000e-04    7.9000000000e+01   -9.1969936709e-03    2.8678797468e-03   -4.9446202532e-04    1.0000000000e-04    7.9000000000e+01
  31.0600000   -8.6348684211e-03    3.7006578947e-03    0.0000000000e+00    1.0000000000e-04    7.6000000000e+01   -8.6348684211e-03    3.7006578947e-03    0.0000000000e+00    1.0000000000e-04    7.6000000000e+01
  31.1100000   -7.8125000000e-03    4.5230263158e-03    0.0000000000e+00    1.0000000000e-04    7.6000000000e+01   -7.8125000000e-03    4.5230263158e-03    0.0000000000e+00    1.0000000000e-04    7.6000000000e+01
  31.1600000   -7.3784722222e-03    6.5104166667e-03    0.0000000000e+00    1.0000000000e-04    7.2000000000e+01   -7.3784722222e-03    6.5104166667e-03    0.0000000000e+00    1.0000000000e-04    7.2000000000e+01
  31.2100000   -7.3902027027e-03    6.9679054054e-03    0.0000000000e+00    1.0000000000e-04    7.4000000000e+01   -7.3902027027e-03    6.9679054054e-03    0.0000000000e+00    1.0000000000e-04    7.4000000000e+01
  31.2600000   -7.3784722222e-03    7.8125000000e-03    0.0000000000e+00    1.0000000000e-04    7.2000000000e+01   -7.3784722222e-03    7.8125000000e-03    0.0000000000e+00    1.0000000000e-04    7.2000000000e+01
  31.3100000   -6.9196428571e-03    7.3660714286e-03    0.0000000000e+00    1.0000000000e-04    7.0000000000e+01   -6.9196428571e-03    7.3660714286e-03    0.0000000000e+00    1.0000000000e-04    7.0000000000e+01
  31.3600000   -6.9196428571e-03    7.3660714286e-03    0.0000000000e+00    1.0000000000e-04    7.0000000000e+01   -6.9196428571e-03    7.3660714286e-03    0.0000000000e+00    1.0000000000e-04    7.0000000000e+01
  31.4100000   -6.4338235294e-03    7.3529411765e-03    0.0000000000e+00    1.0000000000e-04    6.8000000000e+01   -6.4338235294e-03    7.3529411765e-03    0.0000000000e+00    1.0000000000e-04    6.8000000000e+01
  31.4600000   -6.4732142857e-03    6.9196428571e-03    0.0000000000e+00    1.0000000000e-04    7.0000000000e+01   -6.4732142857e-03    6.9196428571e-03    0.0000000000e+00    1.0000000000e-04    7.0000000000e+01
  31.5100000   -5.9742647059e-03    6.4338235294e-03    0.0000000000e+00    1.0000000000e-04    6.8000000000e+01   -5.9742647059e-03    6.4338235294e-03    0.0000000000e+00    1.0000000000e-04    6.8000000000e+01
  31.5600000   -5.9742647059e-03    6.4338235294e-03    0.0000000000e+00    1.0000000000e-04    6.8000000000e+01   -5.9742647059e-03    6.4338235294e-03    0.0000000000e+00    1.0000000000e-04    6.8000000000e+01
  31.6100000   -6.4338235294e-03    5.0551470588e-03    0.0000000000e+00    1.0000000000e-04    6.8000000000e+01   -6.4338235294e-03    5.0551470588e-03    0.0000000000e+00    1.0000000000e-04    6.8000000000e+01
  31.6600000   -6.3920454545e-03    4.0246212121e-03    0.0000000000e+00    1.0000000000e-04    6.6000000000e+01   -6.3920454545e-03    4.0246212121e-03    0.0000000000e+00    1.0000000000e-04    6.6000000000e+01
  31.7100000   -6.3476562500e-03    2.9296875000e-03    0.0000000000e+00    1.0000000000e-04    6.4000000000e+01   -6.3476562500e-03    2.9296875000e-03    0.0000000000e+00    1.0000000000e-04    6.4000000000e+01
  31.7600000   -6.8044354839e-03    2.7721774194e-03    0.0000000000e+00    1.0000000000e-04    6.2000000000e+01   -6.8044354839e-03    2.7721774194e-03    0.0000000000e+00    1.0000000000e-04    6.2000000000e+01
  31.8100000   -7.3084677419e-03    1.7641129032e-03    0.0000000000e+00    1.0000000000e-04    6.2000000000e+01   -7.3084677419e-03    1.7641129032e-03    0.0000000000e+00    1.0000000000e-04    6.2000000000e+01
  31.8600000   -7.8125000000e-03    8.6805555556e-04    0.0000000000e+00    1.0000000000e-04    5.4000000000e+01   -7.8125000000e-03    8.6805555556e-04    0.0000000000e+00    1.0000000000e-04    5.4000000000e+01
  31.9100000   -7.8125000000e-03    8.6805555556e-04    0.0000000000e+00    1.0000000000e-04    5.4000000000e+01   -7.8125000000e-03    8.6805555556e-04    0.0000000000e+00    1.0000000000e-04    5.4000000000e+01
  31.9600000   -7.8125000000e-03    8.6805555556e-04    0.0000000000e+00    1.0000000000e-04    5.4000000000e+01   -7.8125000000e-03    8.6805555556e-04    0.0000000000e+00    1.0000000000e-04    5.4000000000e+01
  32.0100000   -5.4086538462e-03    4.8076923077e-03    0.0000000000e+00    1.0000000000e-04    5.2000000000e+01   -5.4086538462e-03    4.8076923077e-03    0.0000000000e+00    1.0000000000e-04    5.2000000000e+01
  32.0600000   -5.3125000000e-03    4.0625000000e-03    0.0000000000e+00    1.0000000000e-04    5.0000000000e+01   -5.3125000000e-03    4.0625000000e-03    0.0000000000e+00    1.0000000000e-04    5.0000000000e+01
  32.1100000   -5.3125000000e-03    4.0625000000e-03    0.0000000000e+00    1.0000000000e-04    5.0000000000e+01   -5.3125000000e-03    4.0625000000e-03    0.0000000000e+00    1.0000000000e-04    5.0000000000e+01
  32.1600000   -5.8593750000e-03    4.5572916667e-03    0.0000000000e+00    1.0000000000e-04    4.8000000000e+01   -5.8593750000e-03    4.5572916667e-03    0.0000000000e+00    1.0000000000e-04    4.8000000000e+01
  32.2100000   -5.8593750000e-03    4.5572916667e-03    0.0000000000e+00    1.0000000000e-04    4.8000000000e+01   -5.8593750000e-03    4.5572916667e-03    0.0000000000e+00    1.0000000000e-04    4.8000000000e+01
  32.2600000   -5.0951086956e-03    4.4157608696e-03    0.0000000000e+00    1.0000000000e-04    4.6000000000e+01   -5.0951086956e-03    4.4157608696e-03    0.0000000000e+00    1.0000000000e-04    4.6000000000e+01
  32.3100000   -5.0951086956e-03    4.4157608696e-03    0.0000000000e+00    1.0000000000e-04    4.6000000000e+01   -5.0951086956e-03    4.4157608696e-03    0.0000000000e+00    1.0000000000e-04    4.6000000000e+01
  32.3600000   -4.0922619048e-03    7.8125000000e-03    0.0000000000e+00    1.0000000000e-04    4.2000000000e+01   -4.0922619048e-03    7.8125000000e-03    0.0000000000e+00    1.0000000000e-04    4.2000000000e+01
  32.4100000   -4.0922619048e-03    7.8125000000e-03    0.0000000000e+00    1.0000000000e-04    4.2000000000e+01   -4.0922619048e-03    7.8125000000e-03    0.0000000000e+00    1.0000000000e-04    4.2000000000e+01
  32.4600000   -4.0922619048e-03    7.8125000000e-03    0.0000000000e+00    1.0000000000e-04    4.2000000000e+01   -4.0922619048e-03    7.8125000000e-03    0.0000000000e+00    1.0000000000e-04    4.2000000000e+01
  32.5100000   -3.9062500000e-03    9.3750000000e-03    0.0000000000e+00    1.0000000000e-04    4.0000000000e+01   -3.9062500000e-03    9.3750000000e-03    0.0000000000e+00    1.0000000000e-04    4.0000000000e+01
  32.5600000   -3.7006578947e-03    8.6348684211e-03    0.0000000000e+00    1.0000000000e-04    3.8000000000e+01   -3.7006578947e-03    8.6348684211e-03    0.0000000000e+00    1.0000000000e-04    3.8000000000e+01
  32.6100000   -4.3402777778e-03    6.9444444444e-03    0.0000000000e+00    1.0000000000e-04    3.6000000000e+01   -4.3402777778e-03    6.9444444444e-03    0.0000000000e+00    1.0000000000e-04    3.6000000000e+01
  32.6600000   -4.3402777778e-03    6.9444444444e-03    0.0000000000e+00    1.0000000000e-04    3.6000000000e+01   -4.3402777778e-03    6.9444444444e-03    0.0000000000e+00    1.0000000000e-04    3.6000000000e+01
  32.7100000   -4.1360294118e-03    5.9742647059e-03    0.0000000000e+00    1.0000000000e-04    3.4000000000e+01   -4.1360294118e-03    5.9742647059e-03    0.0000000000e+00    1.0000000000e-04    3.4000000000e+01
  32.7600000   -4.8828125000e-03    4.8828125000e-03    0.0000000000e+00    1.0000000000e-04    3.2000000000e+01   -4.8828125000e-03    4.8828125000e-03    0.0000000000e+00    1.0000000000e-04    3.2000000000e+01
  32.8100000   -4.8828125000e-03    4.8828125000e-03    0.0000000000e+00    1.0000000000e-04    3.2000000000e+01   -4.8828125000e-03    4.8828125000e-03    0.0000000000e+00    1.0000000000e-04    3.2000000000e+01
  32.8600000   -4.8828125000e-03    4.8828125000e-03    0.0000000000e+00    1.0000000000e-04    3.2000000000e+01   -4.8828125000e-03    4.8828125000e-03    0.0000000000e+00    1.0000000000e-04    3.2000000000e+01
  32.9100000   -4.8828125000e-03    4.8828125000e-03    0.0000000000e+00    1.0000000000e-04    3.2000000000e+01   -4.8828125000e-03    4.8828125000e-03    0.0000000000e+00    1.0000000000e-04    3.2000000000e+01
  32.9600000   -5.7291666667e-03    2.6041666667e-03    0.0000000000e+00    1.0000000000e-04    3.0000000000e+01   -5.7291666667e-03    2.6041666667e-03    0.0000000000e+00    1.0000000000e-04    3.0000000000e+01
  33.0100000   -5.7291666667e-03    2.6041666667e-03    0.0000000000e+00    1.0000000000e-04    3.0000000000e+01   -5.7291666667e-03    2.6041666667e-03    0.0000000000e+00    1.0000000000e-04    3.0000000000e+01
  33.0600000   -3.9062500000e-03    3.9062500000e-03    0.0000000000e+00    1.0000000000e-04    3.2000000000e+01   -3.9062500000e-03    3.9062500000e-03    0.0000000000e+00    1.0000000000e-04    3.2000000000e+01
  33.1100000   -3.6458333333e-03    4.6875000000e-03    0.0000000000e+00    1.0000000000e-04    3.0000000000e+01   -3.6458333333e-03    4.6875000000e-03    0.0000000000e+00    1.0000000000e-04    3.0000000000e+01
  33.1600000   -3.6458333333e-03    4.6875000000e-03    0.0000000000e+00    1.0000000000e-04    3.0000000000e+01   -3.6458333333e-03    4.6875000000e-03    0.0000000000e+00    1.0000000000e-04    3.0000000000e+01
  33.2100000   -5.5803571429e-03    2.2321428571e-03    0.0000000000e+00    1.0000000000e-04    2.8000000000e+01   -5.5803571429e-03    2.2321428571e-03    0.0000000000e+00    1.0000000000e-04    2.8000000000e+01
  33.2600000   -4.2067307692e-03    4.2067307692e-03    0.0000000000e+00    1.0000000000e-04    2.6000000000e+01   -4.2067307692e-03    4.2067307692e-03    0.0000000000e+00    1.0000000000e-04    2.6000000000e+01
  33.3100000   -4.2067307692e-03    4.2067307692e-03    0.0000000000e+00    1.0000000000e-04    2.6000000000e+01   -4.2067307692e-03    4.2067307692e-03    0.0000000000e+00    1.0000000000e-04    2.6000000000e+01
  33.3600000   -4.2067307692e-03    4.2067307692e-03    0.0000000000e+00    1.0000000000e-04    2.6000000000e+01   -4.2067307692e-03    4.2067307692e-03    0.0000000000e+00    1.0000000000e-04    2.6000000000e+01
  33.4100000   -3.9062500000e-03    3.9062500000e-03    0.0000000000e+00    1.0000000000e-04    2.4000000000e+01   -3.9062500000e-03    3.9062500000e-03    0.0000000000e+00    1.0000000000e-04    2.4000000000e+01
  33.4600000   -3.9062500000e-03    3.9062500000e-03    0.0000000000e+00    1.0000000000e-04    2.4000000000e+01   -3.9062500000e-03    3.9062500000e-03    0.0000000000e+00    1.0000000000e-04    2.4000000000e+01
  33.5100000   -3.9062500000e-03    3.9062500000e-03    0.0000000000e+00    1.0000000000e-04    2.4000000000e+01   -3.9062500000e-03    3.9062500000e-03    0.0000000000e+00    1.0000000000e-04    2.4000000000e+01
  33.5600000   -3.9062500000e-03    3.9062500000e-03    0.0000000000e+00    1.0000000000e-04    2.4000000000e+01   -3.9062500000e-03    3.9062500000e-03    0.0000000000e+00    1.0000000000e-04    2.4000000000e+01
  33.6100000   -3.9062500000e-03    3.9062500000e-03    0.0000000000e+00    1.0000000000e-04    2.4000000000e+01   -3.9062500000e-03    3.9062500000e-03    0.0000000000e+00    1.0000000000e-04    2.4000000000e+01
  33.6600000   -3.9062500000e-03    3.9062500000e-03    0.0000000000e+00    1.0000000000e-04    2.4000000000e+01   -3.9062500000e-03    3.9062500000e-03    0.0000000000e+00    1.0000000000e-04    2.4000000000e+01
  33.7100000   -3.9062500000e-03    3.9062500000e-03    0.0000000000e+00    1.0000000000e-04    2.4000000000e+01   -3.9062500000e-03    3.9062500000e-03    0.0000000000e+00    1.0000000000e-04    2.4000000000e+01
  33.7600000   -3.9062500000e-03    3.9062500000e-03    0.0000000000e+00    1.0000000000e-04    2.4000000000e+01   -3.9062500000e-03    3.9062500000e-03    0.0000000000e+00    1.0000000000e-04    2.4000000000e+01
  33.8100000   -3.9062500000e-03    3.9062500000e-03    0.0000000000e+00    1.0000000000e-04    2.4000000000e+01   -3.9062500000e-03    3.9062500000e-03    0.0000000000e+00    1.0000000000e-04    2.4000000000e+01
  33.8600000   -3.9062500000e-03    3.9062500000e-03    0.0000000000e+00    1.0000000000e-04    2.4000000000e+01   -3.9062500000e-03    3.9062500000e-03    0.0000000000e+00    1.0000000000e-04    2.4000000000e+01
  33.9100000   -3.9062500000e-03    3.9062500000e-03    0.0000000000e+00    1.0000000000e-04    2.4000000000e+01   -3.9062500000e-03    3.9062500000e-03    0.0000000000e+00    1.0000000000e-04    2.4000000000e+01
  33.9600000   -3.9062500000e-03    3.9062500000e-03    0.0000000000e+00    1.0000000000e-04    2.4000000000e+01   -3.9062500000e-03    3.9062500000e-03    0.0000000000e+00    1.0000000000e-04    2.4000000000e+01
  34.0100000   -3.9062500000e-03    3.9062500000e-03    0.0000000000e+00    1.0000000000e-04    2.4000000000e+01   -3.9062500000e-03    3.9062500000e-03    0.0000000000e+00    1.0000000000e-04    2.4000000000e+01
  34.0600000   -2.1306818182e-03    6.3920454545e-03    0.0000000000e+00    1.0000000000e-04    2.2000000000e+01   -2.1306818182e-03    6.3920454545e-03    0.0000000000e+00    1.0000000000e-04    2.2000000000e+01
  34.1100000   -2.1306818182e-03    6.3920454545e-03    0.0000000000e+00    1.0000000000e-04    2.2000000000e+01   -2.1306818182e-03    6.3920454545e-03    0.0000000000e+00    1.0000000000e-04    2.2000000000e+01
  34.1600000   -2.1306818182e-03    6.3920454545e-03    0.0000000000e+00    1.0000000000e-04    2.2000000000e+01   -2.1306818182e-03    6.3920454545e-03    0.0000000000e+00    1.0000000000e-04    2.2000000000e+01
  34.2100000   -2.1306818182e-03    6.3920454545e-03    0.0000000000e+00    1.0000000000e-04    2.2000000000e+01   -2.1306818182e-03    6.3920454545e-03    0.0000000000e+00    1.0000000000e-04    2.2000000000e+01
  34.2600000   -3.1250000000e-03    4.6875000000e-03    0.0000000000e+00    1.0000000000e-04    2.0000000000e+01   -3.1250000000e-03    4.6875000000e-03    0.0000000000e+00    1.0000000000e-04    2.0000000000e+01
  34.3100000   -3.1250000000e-03    4.6875000000e-03    0.0000000000e+00    1.0000000000e-04    2.0000000000e+01   -3.1250000000e-03    4.6875000000e-03    0.0000000000e+00    1.0000000000e-04    2.0000000000e+01
  34.3600000   -3.1250000000e-03    4.6875000000e-03    0.0000000000e+00    1.0000000000e-04    2.0000000000e+01   -3.1250000000e-03    4.6875000000e-03    0.0000000000e+00    1.0000000000e-04    2.0000000000e+01
  34.4100000   -3.1250000000e-03    4.6875000000e-03    0.0000000000e+00    1.0000000000e-04    2.0000000000e+01   -3.1250000000e-03    4.6875000000e-03    0.0000000000e+00    1.0000000000e-04    2.0000000000e+01
  34.4600000   -3.1250000000e-03    4.6875000000e-03    0.0000000000e+00    1.0000000000e-04    2.0000000000e+01   -3.1250000000e-03    4.6875000000e-03    0.0000000000e+00    1.0000000000e-04    2.0000000000e+01
  34.5100000   -8.6805555556e-04    6.0763888889e-03    0.0000000000e+00    1.0000000000e-04    1.8000000000e+01   -8.6805555556e-04    6.0763888889e-03    0.0000000000e+00    1.0000000000e-04    1.8000000000e+01
  34.5600000   -8.6805555556e-04    6.0763888889e-03    0.0000000000e+00    1.0000000000e-04    1.8000000000e+01   -8.6805555556e-04    6.0763888889e-03    0.0000000000e+00    1.0000000000e-04    1.8000000000e+01
  34.6100000   -8.6805555556e-04    6.0763888889e-03    0.0000000000e+00    1.0000000000e-04    1.8000000000e+01   -8.6805555556e-04    6.0763888889e-03    0.0000000000e+00    1.0000000000e-04    1.8000000000e+01
  34.6600000   -8.6805555556e-04    6.0763888889e-03    0.0000000000e+00    1.0000000000e-04    1.8000000000e+01   -8.6805555556e-04    6.0763888889e-03    0.0000000000e+00    1.0000000000e-04    1.8000000000e+01
  34.7100000   -8.6805555556e-04    6.0763888889e-03    0.0000000000e+00    1.0000000000e-04    1.8000000000e+01   -8.6805555556e-04    6.0763888889e-03    0.0000000000e+00    1.0000000000e-04    1.8000000000e+01
  34.7600000   -8.6805555556e-04    6.0763888889e-03    0.0000000000e+00    1.0000000000e-04    1.8000000000e+01   -8.6805555556e-04    6.0763888889e-03    0.0000000000e+00    1.0000000000e-04    1.8000000000e+01
  34.8100000   -8.6805555556e-04    6.0763888889e-03    0.0000000000e+00    1.0000000000e-04    1.8000000000e+01   -8.6805555556e-04    6.0763888889e-03    0.0000000000e+00    1.0000000000e-04    1.8000000000e+01
  34.8600000   -8.6805555556e-04    6.0763888889e-03    0.0000000000e+00    1.0000000000e-04    1.8000000000e+01   -8.6805555556e-04    6.0763888889e-03    0.0000000000e+00    1.0000000000e-04    1.8000000000e+01
  34.9100000   -8.6805555556e-04    6.0763888889e-03    0.0000000000e+00    1.0000000000e-04    1.8000000000e+01   -8.6805555556e-04    6.0763888889e-03    0.0000000000e+00    1.0000000000e-04    1.8000000000e+01
  34.9600000   -8.6805555556e-04    6.0763888889e-03    0.0000000000e+00    1.0000000000e-04    1.8000000000e+01   -8.6805555556e-04    6.0763888889e-03    0.0000000000e+00    1.0000000000e-04    1.8000000000e+01
  35.0100000   -1.9531250000e-03    3.9062500000e-03    0.0000000000e+00    1.0000000000e-04    1.6000000000e+01   -1.9531250000e-03    3.9062500000e-03    0.0000000000e+00    1.0000000000e-04    1.6000000000e+01
  35.0600000   -1.9531250000e-03    3.9062500000e-03    0.0000000000e+00    1.0000000000e-04    1.6000000000e+01   -1.9531250000e-03    3.9062500000e-03    0.0000000000e+00    1.0000000000e-04    1.6000000000e+01
  35.1100000   -1.9531250000e-03    3.9062500000e-03    0.0000000000e+00    1.0000000000e-04    1.6000000000e+01   -1.9531250000e-03    3.9062500000e-03    0.0000000000e+00    1.0000000000e-04    1.6000000000e+01
  35.1600000   -1.9531250000e-03    3.9062500000e-03    0.0000000000e+00    1.0000000000e-04    1.6000000000e+01   -1.9531250000e-03    3.9062500000e-03    0.0000000000e+00    1.0000000000e-04    1.6000000000e+01
  35.2100000   -1.9531250000e-03    3.9062500000e-03    0.0000000000e+00    1.0000000000e-04    1.6000000000e+01   -1.9531250000e-03    3.9062500000e-03    0.0000000000e+00    1.0000000000e-04    1.6000000000e+01
  35.2600000   -1.9531250000e-03    3.9062500000e-03    0.0000000000e+00    1.0000000000e-04    1.6000000000e+01   -1.9531250000e-03    3.9062500000e-03    0.0000000000e+00    1.0000000000e-04    1.6000000000e+01
  35.3100000   -1.9531250000e-03    3.9062500000e-03    0.0000000000e+00    1.0000000000e-04    1.6000000000e+01   -1.9531250000e-03    3.9062500000e-03    0.0000000000e+00    1.0000000000e-04    1.6000000000e+01
  35.3600000   -1.9531250000e-03    3.9062500000e-03    0.0000000000e+00    1.0000000000e-04    1.6000000000e+01   -1.9531250000e-03    3.9062500000e-03    0.0000000000e+00    1.0000000000e-04    1.6000000000e+01
  35.4100000   -1.9531250000e-03    3.9062500000e-03    0.0000000000e+00    1.0000000000e-04    1.6000000000e+01   -1.9531250000e-03    3.9062500000e-03    0.0000000000e+00    1.0000000000e-04    1.6000000000e+01
  35.4600000   -1.9531250000e-03    3.9062500000e-03    0.0000000000e+00    1.0000000000e-04    1.6000000000e+01   -1.9531250000e-03    3.9062500000e-03    0.0000000000e+00    1.0000000000e-04    1.6000000000e+01
  35.5100000   -1.9531250000e-03    3.9062500000e-03    0.0000000000e+00    1.0000000000e-04    1.6000000000e+01   -1.9531250000e-03    3.9062500000e-03    0.0000000000e+00    1.0000000000e-04    1.6000000000e+01
  35.5600000   -1.9531250000e-03    3.9062500000e-03    0.0000000000e+00    1.0000000000e-04    1.6000000000e+01   -1.9531250000e-03    3.9062500000e-03    0.0000000000e+00    1.0000000000e-04    1.6000000000e+01
  35.6100000   -1.9531250000e-03    3.9062500000e-03    0.0000000000e+00    1.0000000000e-04    1.6000000000e+01   -1.9531250000e-03    3.9062500000e-03    0.0000000000e+00    1.0000000000e-04    1.6000000000e+01
  35.6600000   -1.9531250000e-03    3.9062500000e-03    0.0000000000e+00    1.0000000000e-04    1.6000000000e+01   -1.9531250000e-03    3.9062500000e-03    0.0000000000e+00    1.0000000000e-04    1.6000000000e+01
  35.6700000   -1.9531250000e-03    3.9062500000e-03    0.0000000000e+00    1.0000000000e-04    1.6000000000e+01   -1.9531250000e-03    3.9062500000e-03    0.0000000000e+00    1.0000000000e-04    1.6000000000e+01
  35.6800000   -1.9531250000e-03    3.9062500000e-03    0.0000000000e+00    1.0000000000e-04    1.6000000000e+01   -1.9531250000e-03    3.9062500000e-03    0.0000000000e+00    1.0000000000e-04    1.6000000000e+01
  35.6900000   -1.9531250000e-03    3.9062500000e-03    0.0000000000e+00    1.0000000000e-04    1.6000000000e+01   -1.9531250000e-03    3.9062500000e-03    0.0000000000e+00    1.0000000000e-04    1.6000000000e+01
  35.7000000   -1.9531250000e-03    3.9062500000e-03    0.0000000000e+00    1.0000000000e-04    1.6000000000e+01   -1.9531250000e-03    3.9062500000e-03    0.0000000000e+00    1.0000000000e-04    1.6000000000e+01
  35.7100000   -1.9531250000e-03    3.9062500000e-03    0.0000000000e+00    1.0000000000e-04    1.6000000000e+01   -1.9531250000e-03    3.9062500000e-03    0.0000000000e+00    1.0000000000e-04    1.6000000000e+01
  35.7200000   -1.9531250000e-03    3.9062500000e-03    0.0000000000e+00    1.0000000000e-04    1.6000000000e+01   -1.9531250000e-03    3.9062500000e-03    0.0000000000e+00    1.0000000000e-04    1.6000000000e+01
  35.7300000   -1.9531250000e-03    3.9062500000e-03    0.0000000000e+00    1.0000000000e-04    1.6000000000e+01   -1.9531250000e-03    3.9062500000e-03    0.0000000000e+00    1.0000000000e-04    1.6000000000e+01
  35.7400000   -1.9531250000e-03    3.9062500000e-03    0.0000000000e+00    1.0000000000e-04    1.6000000000e+01   -1.9531250000e-03    3.9062500000e-03    0.0000000000e+00    1.0000000000e-04    1.6000000000e+01
  35.7500000   -1.9531250000e-03    3.9062500000e-03    0.0000000000e+00    1.0000000000e-04    1.6000000000e+01   -1.9531250000e-03    3.9062500000e-03    0.0000000000e+00    1.0000000000e-04    1.6000000000e+01
  35.7600000   -1.9531250000e-03    3.9062500000e-03    0.0000000000e+00    1.0000000000e-04    1.6000000000e+01   -1.9531250000e-03    3.9062500000e-03    0.0000000000e+00    1.0000000000e-04    1.6000000000e+01
  35.7700000   -1.9531250000e-03    3.9062500000e-03    0.0000000000e+00    1.0000000000e-04    1.6000000000e+01   -1.9531250000e-03    3.9062500000e-03    0.0000000000e+00    1.0000000000e-04    1.6000000000e+01
  35.7800000   -1.9531250000e-03    3.9062500000e-03    0.0000000000e+00    1.0000000000e-04    1.6000000000e+01   -1.9531250000e-03    3.9062500000e-03    0.0000000000e+00    1.0000000000e-04    1.6000000000e+01
  35.7900000   -1.9531250000e-03    3.9062500000e-03    0.0000000000e+00    1.0000000000e-04    1.6000000000e+01   -1.9531250000e-03    3.9062500000e-03    0.0000000000e+00    1.0000000000e-04    1.6000000000e+01
  35.8000000   -1.9531250000e-03    3.9062500000e-03    0.0000000000e+00    1.0000000000e-04    1.6000000000e+01   -1.9531250000e-03    3.9062500000e-03    0.0000000000e+00    1.0000000000e-04    1.6000000000e+01
  35.8100000   -1.9531250000e-03    3.9062500000e-03    0.0000000000e+00    1.0000000000e-04    1.6000000000e+01   -1.9531250000e-03    3.9062500000e-03    0.0000000000e+00    1.0000000000e-04    1.6000000000e+01
  35.8200000   -1.9531250000e-03    3.9062500000e-03    0.0000000000e+00    1.0000000000e-04    1.6000000000e+01   -1.9531250000e-03    3.9062500000e-03    0.0000000000e+00    1.0000000000e-04    1.6000000000e+01
  35.8300000   -1.9531250000e-03    3.9062500000e-03    0.0000000000e+00    1.0000000000e-04    1.6000000000e+01   -1.9531250000e-03    3.9062500000e-03    0.0000000000e+00    1.0000000000e-04    1.6000000000e+01
  35.8400000   -5.5803571429e-03    1.1160714286e-03    0.0000000000e+00    1.0000000000e-04    1.4000000000e+01   -5.5803571429e-03    1.1160714286e-03    0.0000000000e+00    1.0000000000e-04    1.4000000000e+01
  35.8500000   -5.5803571429e-03    1.1160714286e-03    0.0000000000e+00    1.0000000000e-04    1.4000000000e+01   -5.5803571429e-03    1.1160714286e-03    0.0000000000e+00    1.0000000000e-04    1.4000000000e+01
  35.8600000   -5.5803571429e-03    1.1160714286e-03    0.0000000000e+00    1.0000000000e-04    1.4000000000e+01   -5.5803571429e-03    1.1160714286e-03    0.0000000000e+00    1.0000000000e-04    1.4000000000e+01
  35.8700000   -5.5803571429e-03    1.1160714286e-03    0.0000000000e+00    1.0000000000e-04    1.4000000000e+01   -5.5803571429e-03    1.1160714286e-03    0.0000000000e+00    1.0000000000e-04    1.4000000000e+01
  35.8800000   -5.5803571429e-03    1.1160714286e-03    0.0000000000e+00    1.0000000000e-04    1.4000000000e+01   -5.5803571429e-03    1.1160714286e-03    0.0000000000e+00    1.0000000000e-04    1.4000000000e+01
  35.8900000   -5.5803571429e-03    1.1160714286e-03    0.0000000000e+00    1.0000000000e-04    1.4000000000e+01   -5.5803571429e-03    1.1160714286e-03    0.0000000000e+00    1.0000000000e-04    1.4000000000e+01
  35.9000000   -5.5803571429e-03    1.1160714286e-03    0.0000000000e+00    1.0000000000e-04    1.4000000000e+01   -5.5803571429e-03    1.1160714286e-03    0.0000000000e+00    1.0000000000e-04    1.4000000000e+01
  35.9100000   -5.5803571429e-03    1.1160714286e-03    0.0000000000e+00    1.0000000000e-04    1.4000000000e+01   -5.5803571429e-03    1.1160714286e-03    0.0000000000e+00    1.0000000000e-04    1.4000000000e+01
  35.9200000   -5.5803571429e-03    1.1160714286e-03    0.0000000000e+00    1.0000000000e-04    1.4000000000e+01   -5.5803571429e-03    1.1160714286e-03    0.0000000000e+00    1.0000000000e-04    1.4000000000e+01
  35.9300000   -5.2083333333e-03    0.0000000000e+00    0.0000000000e+00    1.0000000000e-04    1.2000000000e+01   -5.2083333333e-03    0.0000000000e+00    0.0000000000e+00    1.0000000000e-04    1.2000000000e+01
  35.9400000   -5.2083333333e-03    0.0000000000e+00    0.0000000000e+00    1.0000000000e-04    1.2000000000e+01   -5.2083333333e-03    0.0000000000e+00    0.0000000000e+00    1.0000000000e-04    1.2000000000e+01
  35.9500000   -5.2083333333e-03    0.0000000000e+00    0.0000000000e+00    1.0000000000e-04    1.2000000000e+01   -5.2083333333e-03    0.0000000000e+00    0.0000000000e+00    1.0000000000e-04    1.2000000000e+01
  35.9600000   -5.2083333333e-03    0.0000000000e+00    0.0000000000e+00    1.0000000000e-04    1.2000000000e+01   -5.2083333333e-03    0.0000000000e+00    0.0000000000e+00    1.0000000000e-04    1.2000000000e+01
  35.9700000   -5.2083333333e-03    0.0000000000e+00    0.0000000000e+00    1.0000000000e-04    1.2000000000e+01   -5.2083333333e-03    0.0000000000e+00    0.0000000000e+00    1.0000000000e-04    1.2000000000e+01
  35.9800000   -5.2083333333e-03    0.0000000000e+00    0.0000000000e+00    1.0000000000e-04    1.2000000000e+01   -5.2083333333e-03    0.0000000000e+00    0.0000000000e+00    1.0000000000e-04    1.2000000000e+01
  35.9900000   -5.2083333333e-03    0.0000000000e+00    0.0000000000e+00    1.0000000000e-04    1.2000000000e+01   -5.2083333333e-03    0.0000000000e+00    0.0000000000e+00    1.0000000000e-04    1.2000000000e+01
  36.0000000   -5.2083333333e-03    0.0000000000e+00    0.0000000000e+00    1.0000000000e-04    1.2000000000e+01   -5.2083333333e-03    0.0000000000e+00    0.0000000000e+00    1.0000000000e-04    1.2000000000e+01
  36.0100000   -5.2083333333e-03    0.0000000000e+00    0.0000000000e+00    1.0000000000e-04    1.2000000000e+01   -5.2083333333e-03    0.0000000000e+00    0.0000000000e+00    1.0000000000e-04    1.2000000000e+01
  36.0200000   -5.2083333333e-03    0.0000000000e+00    0.0000000000e+00    1.0000000000e-04    1.2000000000e+01   -5.2083333333e-03    0.0000000000e+00    0.0000000000e+00    1.0000000000e-04    1.2000000000e+01
  36.0300000   -5.2083333333e-03    0.0000000000e+00    0.0000000000e+00    1.0000000000e-04    1.2000000000e+01   -5.2083333333e-03    0.0000000000e+00    0.0000000000e+00    1.0000000000e-04    1.2000000000e+01
  36.0400000   -5.2083333333e-03    0.0000000000e+00    0.0000000000e+00    1.0000000000e-04    1.2000000000e+01   -5.2083333333e-03    0.0000000000e+00    0.0000000000e+00    1.0000000000e-04    1.2000000000e+01
  36.0500000   -5.2083333333e-03    0.0000000000e+00    0.0000000000e+00    1.0000000000e-04    1.2000000000e+01   -5.2083333333e-03    0.0000000000e+00    0.0000000000e+00    1.0000000000e-04    1.2000000000e+01
  36.0600000   -5.2083333333e-03    0.0000000000e+00    0.0000000000e+00    1.0000000000e-04    1.2000000000e+01   -5.2083333333e-03    0.0000000000e+00    0.0000000000e+00    1.0000000000e-04    1.2000000000e+01
  36.0700000   -5.2083333333e-03    0.0000000000e+00    0.0000000000e+00    1.0000000000e-04    1.2000000000e+01   -5.2083333333e-03    0.0000000000e+00    0.0000000000e+00    1.0000000000e-04    1.2000000000e+01
  36.0800000   -5.2083333333e-03    0.0000000000e+00    0.0000000000e+00    1.0000000000e-04    1.2000000000e+01   -5.2083333333e-03    0.0000000000e+00    0.0000000000e+00    1.0000000000e-04    1.2000000000e+01
  36.0900000   -5.2083333333e-03    0.0000000000e+00    0.0000000000e+00    1.0000000000e-04    1.2000000000e+01   -5.2083333333e-03    0.0000000000e+00    0.0000000000e+00    1.0000000000e-04    1.2000000000e+01
  36.1000000   -5.2083333333e-03    0.0000000000e+00    0.0000000000e+00    1.0000000000e-04    1.2000000000e+01   -5.2083333333e-03    0.0000000000e+00    0.0000000000e+00    1.0000000000e-04    1.2000000000e+01
  36.1100000   -5.2083333333e-03    0.0000000000e+00    0.0000000000e+00    1.0000000000e-04    1.2000000000e+01   -5.2083333333e-03    0.0000000000e+00    0.0000000000e+00    1.0000000000e-04    1.2000000000e+01
  36.1200000   -5.2083333333e-03    0.0000000000e+00    0.0000000000e+00    1.0000000000e-04    1.2000000000e+01   -5.2083333333e-03    0.0000000000e+00    0.0000000000e+00    1.0000000000e-04    1.2000000000e+01
  36.1300000   -5.2083333333e-03    0.0000000000e+00    0.0000000000e+00    1.0000000000e-04    1.2000000000e+01   -5.2083333333e-03    0.0000000000e+00    0.0000000000e+00    1.0000000000e-04    1.2000000000e+01
  36.1400000   -5.2083333333e-03    0.0000000000e+00    0.0000000000e+00    1.0000000000e-04    1.2000000000e+01   -5.2083333333e-03    0.0000000000e+00    0.0000000000e+00    1.0000000000e-04    1.2000000000e+01
  36.1500000   -5.2083333333e-03    0.0000000000e+00    0.0000000000e+00    1.0000000000e-04    1.2000000000e+01   -5.2083333333e-03    0.0000000000e+00    0.0000000000e+00    1.0000000000e-04    1.2000000000e+01
  36.1600000   -5.2083333333e-03    0.0000000000e+00    0.0000000000e+00    1.0000000000e-04    1.2000000000e+01   -5.2083333333e-03    0.0000000000e+00    0.0000000000e+00    1.0000000000e-04    1.2000000000e+01
  36.1700000   -5.2083333333e-03    0.0000000000e+00    0.0000000000e+00    1.0000000000e-04    1.2000000000e+01   -5.2083333333e-03    0.0000000000e+00    0.0000000000e+00    1.0000000000e-04    1.2000000000e+01
  36.1800000   -5.2083333333e-03    0.0000000000e+00    0.0000000000e+00    1.0000000000e-04    1.2000000000e+01   -5.2083333333e-03    0.0000000000e+00    0.0000000000e+00    1.0000000000e-04    1.2000000000e+01
  36.1900000   -4.6875000000e-03    1.5625000000e-03    0.0000000000e+00    1.0000000000e-04    1.0000000000e+01   -4.6875000000e-03    1.5625000000e-03    0.0000000000e+00    1.0000000000e-04    1.0000000000e+01
  36.2000000   -4.6875000000e-03    1.5625000000e-03    0.0000000000e+00    1.0000000000e-04    1.0000000000e+01   -4.6875000000e-03    1.5625000000e-03    0.0000000000e+00    1.0000000000e-04    1.0000000000e+01
  36.2100000   -4.6875000000e-03    1.5625000000e-03    0.0000000000e+00    1.0000000000e-04    1.0000000000e+01   -4.6875000000e-03    1.5625000000e-03    0.0000000000e+00    1.0000000000e-04    1.0000000000e+01
  36.2200000   -4.6875000000e-03    1.5625000000e-03    0.0000000000e+00    1.0000000000e-04    1.0000000000e+01   -4.6875000000e-03    1.5625000000e-03    0.0000000000e+00    1.0000000000e-04    1.0000000000e+01
  36.2300000   -4.6875000000e-03    1.5625000000e-03    0.0000000000e+00    1.0000000000e-04    1.0000000000e+01   -4.6875000000e-03    1.5625000000e-03    0.0000000000e+00    1.0000000000e-04    1.0000000000e+01
  36.2400000   -4.6875000000e-03    1.5625000000e-03    0.0000000000e+00    1.0000000000e-04    1.0000000000e+01   -4.6875000000e-03    1.5625000000e-03    0.0000000000e+00    1.0000000000e-04    1.0000000000e+01
  36.2500000   -4.6875000000e-03    1.5625000000e-03    0.0000000000e+00    1.0000000000e-04    1.0000000000e+01   -4.6875000000e-03    1.5625000000e-03    0.0000000000e+00    1.0000000000e-04    1.0000000000e+01
  36.2600000   -4.6875000000e-03    1.5625000000e-03    0.0000000000e+00    1.0000000000e-04    1.0000000000e+01   -4.6875000000e-03    1.5625000000e-03    0.0000000000e+00    1.0000000000e-04    1.0000000000e+01
  36.2700000   -4.6875000000e-03    1.5625000000e-03    0.0000000000e+00    1.0000000000e-04    1.0000000000e+01   -4.6875000000e-03    1.5625000000e-03    0.0000000000e+00    1.0000000000e-04    1.0000000000e+01
  36.2800000   -4.6875000000e-03    1.5625000000e-03    0.0000000000e+00    1.0000000000e-04    1.0000000000e+01   -4.6875000000e-03    1.5625000000e-03    0.0000000000e+00    1.0000000000e-04    1.0000000000e+01
  36.2900000   -4.6875000000e-03    1.5625000000e-03    0.0000000000e+00    1.0000000000e-04    1.0000000000e+01   -4.6875000000e-03    1.5625000000e-03    0.0000000000e+00    1.0000000000e-04    1.0000000000e+01
  36.3000000   -4.6875000000e-03    1.5625000000e-03    0.0000000000e+00    1.0000000000e-04    1.0000000000e+01   -4.6875000000e-03    1.5625000000e-03    0.0000000000e+00    1.0000000000e-04    1.0000000000e+01
  36.3100000   -4.6875000000e-03    1.5625000000e-03    0.0000000000e+00    1.0000000000e-04    1.0000000000e+01   -4.6875000000e-03    1.5625000000e-03    0.0000000000e+00    1.0000000000e-04    1.0000000000e+01
  36.3200000   -4.6875000000e-03    1.5625000000e-03    0.0000000000e+00    1.0000000000e-04    1.0000000000e+01   -4.6875000000e-03    1.5625000000e-03    0.0000000000e+00    1.0000000000e-04    1.0000000000e+01
  36.3300000   -4.6875000000e-03    1.5625000000e-03    0.0000000000e+00    1.0000000000e-04    1.0000000000e+01   -4.6875000000e-03    1.5625000000e-03    0.0000000000e+00    1.0000000000e-04    1.0000000000e+01
  36.3400000   -4.6875000000e-03    1.5625000000e-03    0.0000000000e+00    1.0000000000e-04    1.0000000000e+01   -4.6875000000e-03    1.5625000000e-03    0.0000000000e+00    1.0000000000e-04    1.0000000000e+01
  36.3500000   -4.6875000000e-03    1.5625000000e-03    0.0000000000e+00    1.0000000000e-04    1.0000000000e+01   -4.6875000000e-03    1.5625000000e-03    0.0000000000e+00    1.0000000000e-04    1.0000000000e+01
  36.3600000   -4.6875000000e-03    1.5625000000e-03    0.0000000000e+00    1.0000000000e-04    1.0000000000e+01   -4.6875000000e-03    1.5625000000e-03    0.0000000000e+00    1.0000000000e-04    1.0000000000e+01
  36.3700000   -4.6875000000e-03    1.5625000000e-03    0.0000000000e+00    1.0000000000e-04    1.0000000000e+01   -4.6875000000e-03    1.5625000000e-03    0.0000000000e+00    1.0000000000e-04    1.0000000000e+01
  36.3800000   -4.6875000000e-03    1.5625000000e-03    0.0000000000e+00    1.0000000000e-04    1.0000000000e+01   -4.6875000000e-03    1.5625000000e-03    0.0000000000e+00    1.0000000000e-04    1.0000000000e+01
  36.3900000   -4.6875000000e-03    1.5625000000e-03    0.0000000000e+00    1.0000000000e-04    1.0000000000e+01   -4.6875000000e-03    1.5625000000e-03    0.0000000000e+00    1.0000000000e-04    1.0000000000e+01
  36.4000000   -4.6875000000e-03    1.5625000000e-03    0.0000000000e+00    1.0000000000e-04    1.0000000000e+01   -4.6875000000e-03    1.5625000000e-03    0.0000000000e+00    1.0000000000e-04    1.0000000000e+01
  36.4100000   -4.6875000000e-03    1.5625000000e-03    0.0000000000e+00    1.0000000000e-04    1.0000000000e+01   -4.6875000000e-03    1.5625000000e-03    0.0000000000e+00    1.0000000000e-04    1.0000000000e+01
  36.4200000   -4.6875000000e-03    1.5625000000e-03    0.0000000000e+00    1.0000000000e-04    1.0000000000e+01   -4.6875000000e-03    1.5625000000e-03    0.0000000000e+00    1.0000000000e-04    1.0000000000e+01
  36.4300000   -4.6875000000e-03    1.5625000000e-03    0.0000000000e+00    1.0000000000e-04    1.0000000000e+01   -4.6875000000e-03    1.5625000000e-03    0.0000000000e+00    1.0000000000e-04    1.0000000000e+01
  36.4400000   -4.6875000000e-03    1.5625000000e-03    0.0000000000e+00    1.0000000000e-04    1.0000000000e+01   -4.6875000000e-03    1.5625000000e-03    0.0000000000e+00    1.0000000000e-04    1.0000000000e+01
  36.4500000   -4.6875000000e-03    1.5625000000e-03    0.0000000000e+00    1.0000000000e-04    1.0000000000e+01   -4.6875000000e-03    1.5625000000e-03    0.0000000000e+00    1.0000000000e-04    1.0000000000e+01
  36.4600000   -4.6875000000e-03    1.5625000000e-03    0.0000000000e+00    1.0000000000e-04    1.0000000000e+01   -4.6875000000e-03    1.5625000000e-03    0.0000000000e+00    1.0000000000e-04    1.0000000000e+01
  36.4700000   -4.6875000000e-03    1.5625000000e-03    0.0000000000e+00    1.0000000000e-04    1.0000000000e+01   -4.6875000000e-03    1.5625000000e-03    0.0000000000e+00    1.0000000000e-04    1.0000000000e+01
  36.4800000   -4.6875000000e-03    1.5625000000e-03    0.0000000000e+00    1.0000000000e-04    1.0000000000e+01   -4.6875000000e-03    1.5625000000e-03    0.0000000000e+00    1.0000000000e-04    1.0000000000e+01
  36.4900000   -4.6875000000e-03    1.5625000000e-03    0.0000000000e+00    1.0000000000e-04    1.0000000000e+01   -4.6875000000e-03    1.5625000000e-03    0.0000000000e+00    1.0000000000e-04    1.0000000000e+01
  36.5000000   -4.6875000000e-03    1.5625000000e-03    0.0000000000e+00    1.0000000000e-04    1.0000000000e+01   -4.6875000000e-03    1.5625000000e-03    0.0000000000e+00    1.0000000000e-04    1.0000000000e+01
  36.5100000   -4.6875000000e-03    1.5625000000e-03    0.0000000000e+00    1.0000000000e-04    1.0000000000e+01   -4.6875000000e-03    1.5625000000e-03    0.0000000000e+00    1.0000000000e-04    1.0000000000e+01
  36.5200000   -4.6875000000e-03    1.5625000000e-03    0.0000000000e+00    1.0000000000e-04    1.0000000000e+01   -4.6875000000e-03    1.5625000000e-03    0.0000000000e+00    1.0000000000e-04    1.0000000000e+01
  36.5300000   -4.6875000000e-03    1.5625000000e-03    0.0000000000e+00    1.0000000000e-04    1.0000000000e+01   -4.6875000000e-03    1.5625000000e-03    0.0000000000e+00    1.0000000000e-04    1.0000000000e+01
  36.5400000   -4.6875000000e-03    1.5625000000e-03    0.0000000000e+00    1.0000000000e-04    1.0000000000e+01   -4.6875000000e-03    1.5625000000e-03    0.0000000000e+00    1.0000000000e-04    1.0000000000e+01
  36.5500000   -4.6875000000e-03    1.5625000000e-03    0.0000000000e+00    1.0000000000e-04    1.0000000000e+01   -4.6875000000e-03    1.5625000000e-03    0.0000000000e+00    1.0000000000e-04    1.0000000000e+01
  36.5600000   -4.6875000000e-03    1.5625000000e-03    0.0000000000e+00    1.0000000000e-04    1.0000000000e+01   -4.6875000000e-03    1.5625000000e-03    0.0000000000e+00    1.0000000000e-04    1.0000000000e+01
  36.5700000   -4.6875000000e-03    1.5625000000e-03    0.0000000000e+00    1.0000000000e-04    1.0000000000e+01   -4.6875000000e-03    1.5625000000e-03    0.0000000000e+00    1.0000000000e-04    1.0000000000e+01
  36.5800000   -4.6875000000e-03    1.5625000000e-03    0.0000000000e+00    1.0000000000e-04    1.0000000000e+01   -4.6875000000e-03    1.5625000000e-03    0.0000000000e+00    1.0000000000e-04    1.0000000000e+01
  36.5900000   -4.6875000000e-03    1.5625000000e-03    0.0000000000e+00    1.0000000000e-04    1.0000000000e+01   -4.6875000000e-03    1.5625000000e-03    0.0000000000e+00    1.0000000000e-04    1.0000000000e+01
  36.6000000   -4.6875000000e-03    1.5625000000e-03    0.0000000000e+00    1.0000000000e-04    1.0000000000e+01   -4.6875000000e-03    1.5625000000e-03    0.0000000000e+00    1.0000000000e-04    1.0000000000e+01
  36.6100000   -4.6875000000e-03    1.5625000000e-03    0.0000000000e+00    1.0000000000e-04    1.0000000000e+01   -4.6875000000e-03    1.5625000000e-03    0.0000000000e+00    1.0000000000e-04    1.0000000000e+01
  36.6200000   -4.6875000000e-03    1.5625000000e-03    0.0000000000e+00    1.0000000000e-04    1.0000000000e+01   -4.6875000000e-03    1.5625000000e-03    0.0000000000e+00    1.0000000000e-04    1.0000000000e+01
  36.6300000   -4.6875000000e-03    1.5625000000e-03    0.0000000000e+00    1.0000000000e-04    1.0000000000e+01   -4.6875000000e-03    1.5625000000e-03    0.0000000000e+00    1.0000000000e-04    1.0000000000e+01
  36.6400000   -4.6875000000e-03    1.5625000000e-03    0.0000000000e+00    1.0000000000e-04    1.0000000000e+01   -4.6875000000e-03    1.5625000000e-03    0.0000000000e+00    1.0000000000e-04    1.0000000000e+01
  36.6500000   -4.6875000000e-03    1.5625000000e-03    0.0000000000e+00    1.0000000000e-04    1.0000000000e+01   -4.6875000000e-03    1.5625000000e-03    0.0000000000e+00    1.0000000000e-04    1.0000000000e+01
  36.6600000   -4.6875000000e-03    1.5625000000e-03    0.0000000000e+00    1.0000000000e-04    1.0000000000e+01   -4.6875000000e-03    1.5625000000e-03    0.0000000000e+00    1.0000000000e-04    1.0000000000e+01
  36.6700000   -4.6875000000e-03    1.5625000000e-03    0.0000000000e+00    1.0000000000e-04    1.0000000000e+01   -4.6875000000e-03    1.5625000000e-03    0.0000000000e+00    1.0000000000e-04    1.0000000000e+01
