# thinned to dt=0.05 from the every-step stream; the last 1 time units are kept whole (the death window)
#       time              L2_Ham              L2_Mom
   0.0000000    2.9899715573e-03    2.8862579891e-06
   0.0500000    3.4028018978e-03    4.2110351500e-06
   0.1000000    3.4027690811e-03    5.6048618417e-06
   0.1500000    3.4027633114e-03    7.0549833373e-06
   0.2000000    3.4027831816e-03    8.4141405059e-06
   0.2500000    3.4028308176e-03    9.6529837826e-06
   0.3000000    3.4029100850e-03    1.0772202073e-05
   0.3500000    3.4030254362e-03    1.1780792588e-05
   0.4000000    3.4031812181e-03    1.2689759065e-05
   0.4500000    3.4033812830e-03    1.3509990948e-05
   0.5000000    3.4036287904e-03    1.4251501264e-05
   0.5500000    3.4039261285e-03    1.4923195487e-05
   0.6000000    3.4042749054e-03    1.5532864750e-05
   0.6500000    3.4046759856e-03    1.6087268588e-05
   0.7000000    3.4051295496e-03    1.6592255985e-05
   0.7500000    3.4056351643e-03    1.7052904246e-05
   0.8000000    3.4061918532e-03    1.7473655251e-05
   0.8500000    3.4067981615e-03    1.7858428935e-05
   0.9000000    3.4074522162e-03    1.8210715766e-05
   0.9500000    3.4081517858e-03    1.8533655741e-05
   1.0000000    3.4088943423e-03    1.8830101202e-05
   1.0500000    3.4096771229e-03    1.9102655474e-05
   1.1000000    3.4104971856e-03    1.9353695843e-05
   1.1500000    3.4113514592e-03    1.9585402840e-05
   1.2000000    3.4122367891e-03    1.9799799645e-05
   1.2500000    3.4131499820e-03    1.9998785104e-05
   1.3000000    3.4140878482e-03    2.0184152691e-05
   1.3500000    3.4150472409e-03    2.0357600564e-05
   1.4000000    3.4160250884e-03    2.0520732220e-05
   1.4500000    3.4170184197e-03    2.0675045528e-05
   1.5000000    3.4180243869e-03    2.0821923617e-05
   1.5500000    3.4190402852e-03    2.0962642443e-05
   1.6000000    3.4200635692e-03    2.1098386502e-05
   1.6500000    3.4210918663e-03    2.1230255789e-05
   1.7000000    3.4221229860e-03    2.1359265892e-05
   1.7500000    3.4231549282e-03    2.1486352091e-05
   1.8000000    3.4241858880e-03    2.1612375575e-05
   1.8500000    3.4252142593e-03    2.1738125206e-05
   1.9000000    3.4262386372e-03    2.1864318303e-05
   1.9500000    3.4272578195e-03    2.1991604772e-05
   2.0000000    3.4282708064e-03    2.2120571070e-05
   2.0500000    3.4292768000e-03    2.2251741490e-05
   2.1000000    3.4302752012e-03    2.2385581170e-05
   2.1500000    3.4312656076e-03    2.2522503137e-05
   2.2000000    3.4322478097e-03    2.2662874061e-05
   2.2500000    3.4332217866e-03    2.2807014382e-05
   2.3000000    3.4341877015e-03    2.2955197066e-05
   2.3500000    3.4351458966e-03    2.3107650778e-05
   2.4000000    3.4360968871e-03    2.3264566017e-05
   2.4500000    3.4370413565e-03    2.3426099048e-05
   2.5000000    3.4379801496e-03    2.3592372416e-05
   2.5500000    3.4389142678e-03    2.3763475115e-05
   2.6000000    3.4398448622e-03    2.3939464353e-05
   2.6500000    3.4407732285e-03    2.4120368499e-05
   2.7000000    3.4417008011e-03    2.4306189880e-05
   2.7500000    3.4426291477e-03    2.4496907290e-05
   2.8000000    3.4435599645e-03    2.4692478355e-05
   2.8500000    3.4444950712e-03    2.4892841043e-05
   2.9000000    3.4454364066e-03    2.5097914307e-05
   2.9500000    3.4463860247e-03    2.5307599422e-05
   3.0000000    3.4473460908e-03    2.5521782685e-05
   3.0500000    3.4483188786e-03    2.5740338123e-05
   3.1000000    3.4493067681e-03    2.5963129090e-05
   3.1500000    3.4503122427e-03    2.6190009656e-05
   3.2000000    3.4513378889e-03    2.6420826827e-05
   3.2500000    3.4523863947e-03    2.6655423032e-05
   3.3000000    3.4534605497e-03    2.6893637551e-05
   3.3500000    3.4545632456e-03    2.7135307177e-05
   3.4000000    3.4556974775e-03    2.7380267237e-05
   3.4500000    3.4568663451e-03    2.7628352757e-05
   3.5000000    3.4580730562e-03    2.7879398801e-05
   3.5500000    3.4593209303e-03    2.8133240843e-05
   3.6000000    3.4606134037e-03    2.8389716641e-05
   3.6500000    3.4619540351e-03    2.8648669150e-05
   3.7000000    3.4633465116e-03    2.8909948168e-05
   3.7500000    3.4647946550e-03    2.9173409763e-05
   3.8000000    3.4663024295e-03    2.9438915097e-05
   3.8500000    3.4678739513e-03    2.9706330336e-05
   3.9000000    3.4695135000e-03    2.9975527612e-05
   3.9500000    3.4712255307e-03    3.0246385771e-05
   4.0000000    3.4730146870e-03    3.0518790385e-05
   4.0500000    3.4748858128e-03    3.0792633626e-05
   4.1000000    3.4768439655e-03    3.1067814365e-05
   4.1500000    3.4788944321e-03    3.1344238417e-05
   4.2000000    3.4810427484e-03    3.1621818768e-05
   4.2500000    3.4832947208e-03    3.1900475794e-05
   4.3000000    3.4856564487e-03    3.2180137238e-05
   4.3500000    3.4881343469e-03    3.2460737442e-05
   4.4000000    3.4907351671e-03    3.2742216100e-05
   4.4500000    3.4934660233e-03    3.3024517416e-05
   4.5000000    3.4963344213e-03    3.3307590475e-05
   4.5500000    3.4993482931e-03    3.3591390216e-05
   4.6000000    3.5025160333e-03    3.3875877863e-05
   4.6500000    3.5058465357e-03    3.4161020353e-05
   4.7000000    3.5093492290e-03    3.4446789412e-05
   4.7500000    3.5130341146e-03    3.4733160931e-05
   4.8000000    3.5169118104e-03    3.5020114693e-05
   4.8500000    3.5209936014e-03    3.5307634113e-05
   4.9000000    3.5252914957e-03    3.5595706157e-05
   4.9500000    3.5298182833e-03    3.5884321400e-05
   5.0000000    3.5345875970e-03    3.6173473925e-05
   5.0500000    3.5396139761e-03    3.6463160810e-05
   5.1000000    3.5449129377e-03    3.6753381691e-05
   5.1500000    3.5505010559e-03    3.7044138745e-05
   5.2000000    3.5563960490e-03    3.7335436963e-05
   5.2500000    3.5626168742e-03    3.7627284159e-05
   5.3000000    3.5691838282e-03    3.7919690449e-05
   5.3500000    3.5761186563e-03    3.8212667517e-05
   5.4000000    3.5834446711e-03    3.8506228178e-05
   5.4500000    3.5911868845e-03    3.8800386236e-05
   5.5000000    3.5993721534e-03    3.9095156405e-05
   5.5500000    3.6080293382e-03    3.9390554199e-05
   5.6000000    3.6171894765e-03    3.9686595793e-05
   5.6500000    3.6268859715e-03    3.9983297897e-05
   5.7000000    3.6371548006e-03    4.0280677658e-05
   5.7500000    3.6480347475e-03    4.0578752733e-05
   5.8000000    3.6595676588e-03    4.0877541391e-05
   5.8500000    3.6717987293e-03    4.1177062507e-05
   5.9000000    3.6847768169e-03    4.1477335314e-05
   5.9500000    3.6985547906e-03    4.1778378909e-05
   6.0000000    3.7131899171e-03    4.2080211788e-05
   6.0500000    3.7287442941e-03    4.2382851730e-05
   6.1000000    3.7452853347e-03    4.2686316031e-05
   6.1500000    3.7628863125e-03    4.2990621877e-05
   6.2000000    3.7816269720e-03    4.3295786560e-05
   6.2500000    3.8015942127e-03    4.3601827547e-05
   6.3000000    3.8228828590e-03    4.3908762484e-05
   6.3500000    3.8455965293e-03    4.4216609198e-05
   6.4000000    3.8698486220e-03    4.4525385748e-05
   6.4500000    3.8957634370e-03    4.4835110392e-05
   6.5000000    3.9234774505e-03    4.5145801713e-05
   6.5500000    3.9531407677e-03    4.5457479034e-05
   6.6000000    3.9849187831e-03    4.5770162992e-05
   6.6500000    4.0189940872e-03    4.6083876160e-05
   6.7000000    4.0555686657e-03    4.6398643721e-05
   6.7500000    4.0948664385e-03    4.6714494290e-05
   6.8000000    4.1371362011e-03    4.7031460857e-05
   6.8500000    4.1826550411e-03    4.7349581832e-05
   6.9000000    4.2317323283e-03    4.7668902353e-05
   6.9500000    4.2847143928e-03    4.7989476092e-05
   7.0000000    4.3419900334e-03    4.8311367688e-05
   7.0500000    4.4039970280e-03    4.8634655684e-05
   7.1000000    4.4712298681e-03    4.8959435840e-05
   7.1500000    4.5442489914e-03    4.9285824953e-05
   7.2000000    4.6236918690e-03    4.9613965668e-05
   7.2500000    4.7102863944e-03    4.9944032811e-05
   7.3000000    4.8048671555e-03    5.0276241723e-05
   7.3500000    4.9083953342e-03    5.0610858895e-05
   7.4000000    5.0219832131e-03    5.0948215362e-05
   7.4500000    5.1469245878e-03    5.1288723735e-05
   7.5000000    5.2847328263e-03    5.1632900224e-05
   7.5500000    5.4371889267e-03    5.1981393645e-05
   7.6000000    5.6064027762e-03    5.2335024200e-05
   7.6500000    5.7948920468e-03    5.2694835857e-05
   7.7000000    6.0056849618e-03    5.3062167779e-05
   7.7500000    6.2424558303e-03    5.3438752970e-05
   7.8000000    6.5097062536e-03    5.3826856818e-05
   7.8500000    6.8130110445e-03    5.4229475300e-05
   7.9000000    7.1593575413e-03    5.4650624003e-05
   7.9500000    7.5576225162e-03    5.5095768067e-05
   8.0000000    8.0192565413e-03    5.5572475981e-05
   8.0500000    8.5592894004e-03    5.6091439113e-05
   8.1000000    9.1978472200e-03    5.6668108376e-05
   8.1500000    9.9625133629e-03    5.7325410432e-05
   8.2000000    1.0892136506e-02    5.8098430232e-05
   8.2500000    1.2043238677e-02    5.9042847030e-05
   8.3000000    1.3501360237e-02    6.0250941165e-05
   8.3500000    1.5402433062e-02    6.1883908755e-05
   8.4000000    1.7976310161e-02    6.4242232386e-05
   8.4500000    2.1644844538e-02    6.7934252271e-05
   8.5000000    2.7275322587e-02    7.4334097752e-05
   8.5500000    3.6979317528e-02    8.7071325283e-05
   8.6000000    5.7592338925e-02    1.1856990239e-04
   8.6500000    1.3065003516e-01    2.4590394589e-04
   8.7000000    4.8580972091e-01    9.0641164787e-04
   8.7500000    8.5134586909e-02    1.7180238556e-04
   8.8000000    4.6769888674e-02    1.0794310009e-04
   8.8500000    3.2324189103e-02    8.7016134880e-05
   8.9000000    2.4761432485e-02    7.7624280373e-05
   8.9500000    2.0119903507e-02    7.2700095348e-05
   9.0000000    1.6988864200e-02    6.9867458007e-05
   9.0500000    1.4740005627e-02    6.8141520515e-05
   9.1000000    1.3051060418e-02    6.7054872807e-05
   9.1500000    1.1739696518e-02    6.6362960170e-05
   9.2000000    1.0695005378e-02    6.5927937288e-05
   9.2500000    9.8456536277e-03    6.5667386611e-05
   9.3000000    9.1436825648e-03    6.5529614413e-05
   9.3500000    8.5556649351e-03    6.5480889827e-05
   9.4000000    8.0575952425e-03    6.5498463482e-05
   9.4500000    7.6317955871e-03    6.5566559522e-05
   9.5000000    7.2649667950e-03    6.5673978204e-05
   9.5500000    6.9469190803e-03    6.5812610397e-05
   9.6000000    6.6697210795e-03    6.5976488568e-05
   9.6500000    6.4271148635e-03    6.6161163979e-05
   9.7000000    6.2141048571e-03    6.6363288236e-05
   9.7500000    6.0266633249e-03    6.6580326420e-05
   9.8000000    5.8615157458e-03    6.6810357042e-05
   9.8500000    5.7159820548e-03    6.7051930462e-05
   9.9000000    5.5878576843e-03    6.7303967656e-05
   9.9500000    5.4753234452e-03    6.7565687412e-05
  10.0000000    5.3768766576e-03    6.7836553887e-05
  10.0500000    5.2912781949e-03    6.8116239240e-05
  10.1000000    5.2175116500e-03    6.8404598033e-05
  10.1500000    5.1547518984e-03    6.8701651105e-05
  10.2000000    5.1023410956e-03    6.9007577184e-05
  10.2500000    5.0597707042e-03    6.9322711192e-05
  10.3000000    5.0266685594e-03    6.9647548973e-05
  10.3500000    5.0027903030e-03    6.9982758484e-05
  10.4000000    4.9880147767e-03    7.0329197976e-05
  10.4500000    4.9823431932e-03    7.0687424727e-05
  10.5000000    4.9859021227e-03    7.1059554404e-05
  10.5500000    4.9989505601e-03    7.1447123186e-05
  10.6000000    5.0218915759e-03    7.1852017814e-05
  10.6500000    5.0552893671e-03    7.2276618920e-05
  10.7000000    5.0998929121e-03    7.2723920538e-05
  10.7500000    5.1566679619e-03    7.3197676894e-05
  10.8000000    5.2268398362e-03    7.3702594534e-05
  10.8500000    5.3119505414e-03    7.4244592342e-05
  10.9000000    5.4139352641e-03    7.4831157536e-05
  10.9500000    5.5352255919e-03    7.5471846022e-05
  11.0000000    5.6788903228e-03    7.6179011949e-05
  11.0500000    5.8488301957e-03    7.6968874389e-05
  11.1000000    6.0500516382e-03    7.7863054036e-05
  11.1500000    6.2890590334e-03    7.8890812804e-05
  11.2000000    6.5744294223e-03    8.0092447625e-05
  11.2500000    6.9176763503e-03    8.1524607404e-05
  11.3000000    7.3345875270e-03    8.3268821672e-05
  11.3500000    7.8473694360e-03    8.5445579831e-05
  11.4000000    8.4882297851e-03    8.8238503263e-05
  11.4500000    9.3056634976e-03    9.1937809831e-05
  11.5000000    1.0376164755e-02    9.7022857261e-05
  11.5500000    1.1827747746e-02    1.0432997947e-04
  11.6000000    1.3891972950e-02    1.1542573664e-04
  11.6500000    1.7034987055e-02    1.3354623402e-04
  11.7000000    2.2355027946e-02    1.6643332455e-04
  11.7500000    3.3202640929e-02    2.3783972333e-04
  11.8000000    6.7027356488e-02    4.7145225148e-04
  11.8500000    1.2716894375e+00    9.0146424160e-03
  11.9000000    5.9157524185e-02    4.3446870012e-04
  11.9500000    3.0010190019e-02    2.3394410185e-04
  12.0000000    2.0034770687e-02    1.6868353739e-04
  12.0500000    1.5029099215e-02    1.3801821431e-04
  12.1000000    1.2041593754e-02    1.2103386951e-04
  12.1500000    1.0072333485e-02    1.1068861092e-04
  12.2000000    8.6887946526e-03    1.0398193918e-04
  12.2500000    7.6734202769e-03    9.9441075012e-05
  12.3000000    6.9048679335e-03    9.6270816206e-05
  12.3500000    6.3101656673e-03    9.4010973496e-05
  12.4000000    5.8428549803e-03    9.2380701571e-05
  12.4500000    5.4720244926e-03    9.1201261206e-05
  12.5000000    5.1763929710e-03    9.0355021599e-05
  12.5500000    4.9409268576e-03    8.9762500873e-05
  12.6000000    4.7548147046e-03    8.9368938749e-05
  12.6500000    4.6102084575e-03    8.9136161575e-05
  12.7000000    4.5014191082e-03    8.9037513130e-05
  12.7500000    4.4243936396e-03    8.9054633563e-05
  12.8000000    4.3763740297e-03    8.9175399713e-05
  12.8500000    4.3556801972e-03    8.9392630798e-05
  12.9000000    4.3615829060e-03    8.9703330229e-05
  12.9500000    4.3942477969e-03    9.0108335918e-05
  13.0000000    4.4547422440e-03    9.0612321321e-05
  13.0500000    4.5451052798e-03    9.1224146433e-05
  13.1000000    4.6684893543e-03    9.1957614150e-05
  13.1500000    4.8293930947e-03    9.2832754126e-05
  13.2000000    5.0340190571e-03    9.3877852931e-05
  13.2500000    5.2908137794e-03    9.5132605661e-05
  13.3000000    5.6112866203e-03    9.6653033563e-05
  13.3500000    6.0112730640e-03    9.8519294235e-05
  13.4000000    6.5129363084e-03    1.0084841296e-04
  13.4500000    7.1480504199e-03    1.0381573348e-04
  13.5000000    7.9636224477e-03    1.0769254812e-04
  13.5500000    9.0320438936e-03    1.1291534881e-04
  13.6000000    1.0470670179e-02    1.2022183665e-04
  13.6500000    1.2482889071e-02    1.3093813243e-04
  13.7000000    1.5454315625e-02    1.4765397260e-04
  13.7500000    2.0215258862e-02    1.7606177509e-04
  13.8000000    2.8940309811e-02    2.3123379471e-04
  13.8500000    4.9714994509e-02    3.6938233716e-04
  13.9000000    1.5916239983e-01    1.1229021127e-03
  13.9500000    1.4649787030e-01    1.0071864552e-03
  14.0000000    5.2315309627e-02    3.5986748745e-04
  14.0500000    3.2782685798e-02    2.3065567601e-04
  14.1000000    2.4432114034e-02    1.7848192125e-04
  14.1500000    1.9863638181e-02    1.5184289853e-04
  14.2000000    1.7033636377e-02    1.3652945216e-04
  14.2500000    1.5152736650e-02    1.2709463660e-04
  14.3000000    1.3853300818e-02    1.2104016072e-04
  14.3500000    1.2942809890e-02    1.1708431496e-04
  14.4000000    1.2312782271e-02    1.1451917551e-04
  14.4500000    1.1899921865e-02    1.1293572169e-04
  14.5000000    1.1667943487e-02    1.1209481646e-04
  14.5500000    1.1598772894e-02    1.1186364794e-04
  14.6000000    1.1688675306e-02    1.1218541926e-04
  14.6500000    1.1947623562e-02    1.1306931411e-04
  14.7000000    1.2401673521e-02    1.1459746153e-04
  14.7500000    1.3099417489e-02    1.1695350356e-04
  14.8000000    1.4125717605e-02    1.2048945879e-04
  14.8500000    1.5630896444e-02    1.2587552595e-04
  14.9000000    1.7897674254e-02    1.3445712942e-04
  14.9500000    2.1515935957e-02    1.4921360944e-04
  15.0000000    2.7939492008e-02    1.7786055282e-04
  15.0500000    4.1952610773e-02    2.4663437937e-04
  15.1000000    9.3874042568e-02    5.2388925278e-04
  15.1500000    2.7080614356e-01    1.5149343998e-03
  15.2000000    5.2352041278e-02    3.1435450082e-04
  15.2500000    2.8215027736e-02    1.9225759541e-04
  15.3000000    1.9030122095e-02    1.5140452968e-04
  15.3500000    1.4240804686e-02    1.3307573697e-04
  15.4000000    1.1333661817e-02    1.2356771132e-04
  15.4500000    9.4039520487e-03    1.1818352842e-04
  15.5000000    8.0461299327e-03    1.1496276626e-04
  15.5500000    7.0512674972e-03    1.1297697057e-04
  15.6000000    6.3007583128e-03    1.1174445725e-04
  15.6500000    5.7222583330e-03    1.1099723055e-04
  15.7000000    5.2691367898e-03    1.1057770147e-04
  15.7500000    4.9100002670e-03    1.1038899431e-04
  15.8000000    4.6229654682e-03    1.1036939126e-04
  15.8500000    4.3923453943e-03    1.1047843968e-04
  15.9000000    4.2066390376e-03    1.1068903441e-04
  15.9500000    4.0572615734e-03    1.1098271674e-04
  16.0000000    3.9377136146e-03    1.1134678096e-04
  16.0500000    3.8430206014e-03    1.1177243606e-04
  16.1000000    3.7693438381e-03    1.1225360294e-04
  16.1500000    3.7137036906e-03    1.1278610222e-04
  16.2000000    3.6737778272e-03    1.1336708779e-04
  16.2500000    3.6477506320e-03    1.1399463877e-04
  16.3000000    3.6341979755e-03    1.1466745660e-04
  16.3500000    3.6319965620e-03    1.1538463460e-04
  16.4000000    3.6402502998e-03    1.1614547768e-04
  16.4500000    3.6582282711e-03    1.1694935179e-04
  16.5000000    3.6853103485e-03    1.1779554670e-04
  16.5500000    3.7209375830e-03    1.1868313957e-04
  16.6000000    3.7645653570e-03    1.1961085134e-04
  16.6500000    3.8156180823e-03    1.2057689257e-04
  16.7000000    3.8734450277e-03    1.2157879752e-04
  16.7500000    3.9372777418e-03    1.2261324349e-04
  16.8000000    4.0061905311e-03    1.2367585163e-04
  16.8500000    4.0790665328e-03    1.2476097226e-04
  16.9000000    4.1545730084e-03    1.2586147112e-04
  16.9500000    4.2311504143e-03    1.2696854705e-04
  17.0000000    4.3070203109e-03    1.2807162402e-04
  17.0500000    4.3802169212e-03    1.2915836654e-04
  17.1000000    4.4486457832e-03    1.3021486843e-04
  17.1500000    4.5101702137e-03    1.3122606236e-04
  17.2000000    4.5627222796e-03    1.3217637914e-04
  17.2500000    4.6044301183e-03    1.3305064452e-04
  17.3000000    4.6337487372e-03    1.3383514305e-04
  17.3500000    4.6495781130e-03    1.3451872454e-04
  17.4000000    4.6513517640e-03    1.3509379891e-04
  17.4500000    4.6390817547e-03    1.3555706525e-04
  17.5000000    4.6133521647e-03    1.3590985078e-04
  17.5500000    4.5752612190e-03    1.3615799393e-04
  17.6000000    4.5263205793e-03    1.3631128639e-04
  17.6500000    4.4683266748e-03    1.3638191880e-04
  17.7000000    4.4032220691e-03    1.3638571947e-04
  17.7500000    4.3329641018e-03    1.3633816951e-04
  17.8000000    4.2594145810e-03    1.3625463878e-04
  17.8500000    4.1842588191e-03    1.3614961927e-04
  17.9000000    4.1089566774e-03    1.3603612650e-04
  17.9500000    4.0347234684e-03    1.3592535922e-04
  18.0000000    3.9625352857e-03    1.3582661073e-04
  18.0500000    3.8931517320e-03    1.3574736135e-04
  18.1000000    3.8271488796e-03    1.3569346785e-04
  18.1500000    3.7649561967e-03    1.3566939884e-04
  18.2000000    3.7068926212e-03    1.3567849331e-04
  18.2500000    3.6531985620e-03    1.3572321825e-04
  18.3000000    3.6040620868e-03    1.3580539583e-04
  18.3500000    3.5596387509e-03    1.3592638572e-04
  18.4000000    3.5200653873e-03    1.3608723100e-04
  18.4500000    3.4854687060e-03    1.3628877441e-04
  18.5000000    3.4559697937e-03    1.3653173625e-04
  18.5500000    3.4316856423e-03    1.3681674394e-04
  18.6000000    3.4127287304e-03    1.3714431866e-04
  18.6500000    3.3992055015e-03    1.3751483468e-04
  18.7000000    3.3912143744e-03    1.3792846107e-04
  18.7500000    3.3888437161e-03    1.3838508730e-04
  18.8000000    3.3921700281e-03    1.3888423654e-04
  18.8500000    3.4012564466e-03    1.3942497577e-04
  18.9000000    3.4161515033e-03    1.4000582914e-04
  18.9500000    3.4368879165e-03    1.4062469507e-04
  19.0000000    3.4634809745e-03    1.4127877085e-04
  19.0500000    3.4959258202e-03    1.4196449943e-04
  19.1000000    3.5341926552e-03    1.4267755668e-04
  19.1500000    3.5782185315e-03    1.4341288652e-04
  19.2000000    3.6278940079e-03    1.4416477815e-04
  19.2500000    3.6830426110e-03    1.4492698032e-04
  19.3000000    3.7433909273e-03    1.4569285641e-04
  19.3500000    3.8085275131e-03    1.4645558150e-04
  19.4000000    3.8778499251e-03    1.4720836593e-04
  19.4500000    3.9505013529e-03    1.4794467807e-04
  19.5000000    4.0253018051e-03    1.4865844446e-04
  19.5500000    4.1006835348e-03    1.4934421465e-04
  19.6000000    4.1746458437e-03    1.4999728213e-04
  19.6500000    4.2447492148e-03    1.5061375409e-04
  19.7000000    4.3081706695e-03    1.5119057374e-04
  19.7500000    4.3618386135e-03    1.5172551961e-04
  19.8000000    4.4026540044e-03    1.5221722446e-04
  19.8500000    4.4277853602e-03    1.5266525546e-04
  19.9000000    4.4350014298e-03    1.5307026722e-04
  19.9500000    4.4229847221e-03    1.5343419261e-04
  20.0000000    4.3915607826e-03    1.5376040257e-04
  20.0500000    4.3417888603e-03    1.5405376699e-04
  20.1000000    4.2758889480e-03    1.5432057835e-04
  20.1500000    4.1970190723e-03    1.5456833319e-04
  20.2000000    4.1089511926e-03    1.5480539942e-04
  20.2500000    4.0157122955e-03    1.5504063599e-04
  20.3000000    3.9212551672e-03    1.5528305881e-04
  20.3500000    3.8292053377e-03    1.5554162227e-04
  20.4000000    3.7427059785e-03    1.5582511311e-04
  20.4500000    3.6643600081e-03    1.5614209688e-04
  20.5000000    3.5962536249e-03    1.5650086058e-04
  20.5500000    3.5400391061e-03    1.5690932846e-04
  20.6000000    3.4970552301e-03    1.5737494614e-04
  20.6500000    3.4684682895e-03    1.5790453374e-04
  20.7000000    3.4554227682e-03    1.5850413482e-04
  20.7500000    3.4591966222e-03    1.5917893023e-04
  20.8000000    3.4813607747e-03    1.5993330245e-04
  20.8500000    3.5239454883e-03    1.6077112434e-04
  20.9000000    3.5896174382e-03    1.6169634830e-04
  20.9500000    3.6818701982e-03    1.6271400589e-04
  21.0000000    3.8052266001e-03    1.6383176061e-04
  21.0500000    3.9654423456e-03    1.6506217810e-04
  21.1000000    4.1696831652e-03    1.6642591499e-04
  21.1500000    4.4266171070e-03    1.6795606240e-04
  21.2000000    4.7463097255e-03    1.6970378629e-04
  21.2500000    5.1397185258e-03    1.7174494989e-04
  21.3000000    5.6174375531e-03    1.7418613645e-04
  21.3500000    6.1871429472e-03    1.7716559341e-04
  21.4000000    6.8490082945e-03    1.8083923598e-04
  21.4500000    7.5884703125e-03    1.8533486081e-04
  21.5000000    8.3667840904e-03    1.9065618671e-04
  21.5500000    9.1127308860e-03    1.9654012066e-04
  21.6000000    9.7234783203e-03    2.0233861433e-04
  21.6500000    1.0084681181e-02    2.0706816528e-04
  21.7000000    1.0110839723e-02    2.0974203714e-04
  21.7500000    9.7859500152e-03    2.0985212428e-04
  21.8000000    9.1735951889e-03    2.0763356462e-04
  21.8500000    8.3871379698e-03    2.0389093731e-04
  21.9000000    7.5439781425e-03    1.9956844992e-04
  21.9500000    6.7335878752e-03    1.9540396379e-04
  22.0000000    6.0086781340e-03    1.9181613454e-04
  22.0500000    5.3914971835e-03    1.8895943070e-04
  22.1000000    4.8846144642e-03    1.8683001724e-04
  22.1500000    4.4802501087e-03    1.8535378800e-04
  22.2000000    4.1665694858e-03    1.8443958930e-04
  22.2500000    3.9313765383e-03    1.8400475814e-04
  22.3000000    3.7640959797e-03    1.8398453247e-04
  22.3500000    3.6568005655e-03    1.8433414197e-04
  22.4000000    3.6048121907e-03    1.8502897773e-04
  22.4500000    3.6072456617e-03    1.8606612289e-04
  22.5000000    3.6677992586e-03    1.8746989473e-04
  22.5500000    3.7961330006e-03    1.8930499820e-04
  22.6000000    4.0103545556e-03    1.9170401623e-04
  22.6500000    4.3415896758e-03    1.9492589897e-04
  22.7000000    4.8427373139e-03    1.9947994608e-04
  22.7500000    5.6064557468e-03    2.0641385321e-04
  22.8000000    6.8060389395e-03    2.1803882970e-04
  22.8500000    8.8022190615e-03    2.3997301924e-04
  22.9000000    1.2484562180e-02    2.8788654680e-04
  22.9500000    2.0789047736e-02    4.1696908630e-04
  23.0000000    5.2428325097e-02    9.8063608472e-04
  23.0500000    1.6902406819e-01    3.1976373645e-03
  23.1000000    3.8181636951e-02    7.6808057121e-04
  23.1500000    2.4166896681e-02    5.2314714671e-04
  23.2000000    1.9495054952e-02    4.4953733413e-04
  23.2500000    1.7913732048e-02    4.3188473622e-04
  23.3000000    1.8236275536e-02    4.5051212156e-04
  23.3500000    2.0766472715e-02    5.1639684831e-04
  23.4000000    2.8122656386e-02    6.9586068006e-04
  23.4500000    5.9336330056e-02    1.4623058532e-03
  23.5000000    1.2519759554e-01    3.1384023353e-03
  23.5500000    2.5905650243e-02    6.8937180227e-04
  23.6000000    1.3514990153e-02    4.0121842327e-04
  23.6500000    8.8999308610e-03    3.0476043982e-04
  23.7000000    6.6139464177e-03    2.6307955326e-04
  23.7500000    5.3280394697e-03    2.4286884718e-04
  23.8000000    4.5597506846e-03    2.3253925879e-04
  23.8500000    4.0936807920e-03    2.2730650263e-04
  23.9000000    3.8223777363e-03    2.2498580485e-04
  23.9500000    3.6910540625e-03    2.2452633952e-04
  24.0000000    3.6760527632e-03    2.2544493146e-04
  24.0500000    3.7775650541e-03    2.2761770516e-04
  24.1000000    4.0216498428e-03    2.3127163234e-04
  24.1500000    4.4740951090e-03    2.3720647242e-04
  24.2000000    5.2806947753e-03    2.4756609967e-04
  24.2500000    6.7911036040e-03    2.6853954752e-04
  24.3000000    1.0053349529e-02    3.2226203422e-04
  24.3500000    2.0224599203e-02    5.3197508993e-04
  24.4000000    1.1149034475e+00    2.7331717898e-02
  24.4500000    2.3185657960e-02    6.2699882430e-04
  24.5000000    1.2374855702e-02    3.9435424969e-04
  24.5500000    8.9705844258e-03    3.3281919596e-04
  24.6000000    7.3944406175e-03    3.0925844350e-04
  24.6500000    6.5552389609e-03    2.9948750108e-04
  24.7000000    6.1007229141e-03    2.9642591715e-04
  24.7500000    5.8928522135e-03    2.9764045618e-04
  24.8000000    5.8812941890e-03    3.0253926486e-04
  24.8500000    6.0690089651e-03    3.1174801797e-04
  24.9000000    6.5157323933e-03    3.2747207059e-04
  24.9500000    7.3854283422e-03    3.5531280924e-04
  25.0000000    9.1239788795e-03    4.1090960100e-04
  25.0500000    1.3307520103e-02    5.5215489206e-04
  25.1000000    3.1607953677e-02    1.2213698572e-03
  25.1500000    5.0031918939e-02    1.9261761151e-03
  25.2000000    1.3037288113e-02    5.5678085646e-04
  25.2500000    7.4923596905e-03    3.7948569997e-04
  25.3000000    5.4150828960e-03    3.2524012980e-04
  25.3500000    4.4231182959e-03    3.0459370652e-04
  25.4000000    3.9087800996e-03    2.9651448934e-04
  25.4500000    3.6516591012e-03    2.9416313711e-04
  25.5000000    3.5619519920e-03    2.9491865436e-04
  25.5500000    3.6107824652e-03    2.9775730666e-04
  25.6000000    3.8125222006e-03    3.0249961461e-04
  25.6500000    4.2354182631e-03    3.0982838033e-04
  25.7000000    5.0567379190e-03    3.2230110258e-04
  25.7500000    6.7691746436e-03    3.4910272996e-04
  25.8000000    1.1270682659e-02    4.3593515862e-04
  25.8500000    3.8706248930e-02    1.1677880996e-03
  25.9000000    2.8606606123e-02    9.2491545435e-04
  25.9500000    1.1243165233e-02    4.7657058591e-04
  26.0000000    7.4724273907e-03    4.0408175347e-04
  26.0500000    5.9034921325e-03    3.8223089962e-04
  26.1000000    5.0874495276e-03    3.7504486887e-04
  26.1500000    4.6169041649e-03    3.7384031160e-04
  26.2000000    4.3356636397e-03    3.7571591427e-04
  26.2500000    4.1738450340e-03    3.7954067187e-04
  26.3000000    4.0988254710e-03    3.8489122238e-04
  26.3500000    4.0979693943e-03    3.9172525925e-04
  26.4000000    4.1730894671e-03    4.0031650870e-04
  26.4500000    4.3416099721e-03    4.1136160778e-04
  26.5000000    4.6456284043e-03    4.2635638384e-04
  26.5500000    5.1784045017e-03    4.4868219362e-04
  26.6000000    6.1657603403e-03    4.8718148298e-04
  26.6500000    8.2876523683e-03    5.7151904579e-04
  26.7000000    1.4835826107e-02    8.6229695487e-04
  26.7500000    2.8886790690e-01    1.4994238337e-02
  26.8000000    1.5035109199e-02    8.6952450204e-04
  26.8500000    7.4196007865e-03    5.5431168061e-04
  26.9000000    5.1603404999e-03    4.8948724410e-04
  26.9500000    4.1769244034e-03    4.7272790098e-04
  27.0000000    3.6858975218e-03    4.7103257024e-04
  27.0500000    3.4350492303e-03    4.7558715831e-04
  27.1000000    3.3248893742e-03    4.8335055042e-04
  27.1500000    3.3163897552e-03    4.9310864963e-04
  27.2000000    3.4033885017e-03    5.0437735933e-04
  27.2500000    3.6083033946e-03    5.1709209874e-04
  27.3000000    3.9959660575e-03    5.3167491120e-04
  27.3500000    4.7238404410e-03    5.4971809503e-04
  27.4000000    6.2218180848e-03    5.7728910244e-04
  27.4500000    1.0120621596e-02    6.4815827194e-04
  27.5000000    3.2741736225e-02    1.2894266781e-03
  27.5500000    2.6795435757e-02    1.1957679651e-03
  27.6000000    1.0141472332e-02    7.4252420377e-04
  27.6500000    6.6717628793e-03    6.9186269478e-04
  27.7000000    5.2471179917e-03    6.8627441132e-04
  27.7500000    4.5085394036e-03    6.9299335753e-04
  27.8000000    4.0780906936e-03    7.0465061332e-04
  27.8500000    3.8109646171e-03    7.1881109659e-04
  27.9000000    3.6411939814e-03    7.3447151591e-04
  27.9500000    3.5356241721e-03    7.5115938044e-04
  28.0000000    3.4769944756e-03    7.6864119832e-04
  28.0500000    3.4569567633e-03    7.8681525078e-04
  28.1000000    3.4732106429e-03    8.0567590302e-04
  28.1500000    3.5288283259e-03    8.2531746285e-04
  28.2000000    3.6333784737e-03    8.4597819542e-04
  28.2500000    3.8065889538e-03    8.6815550220e-04
  28.3000000    4.0872498865e-03    8.9289338404e-04
  28.3500000    4.5556594590e-03    9.2257770812e-04
  28.4000000    5.3989203057e-03    9.6357548830e-04
  28.4500000    7.1552114525e-03    1.0378980360e-03
  28.5000000    1.2186747697e-02    1.2690547741e-03
  28.5500000    7.2606826489e-02    5.2104061572e-03
  28.6000000    1.6816811812e-02    1.4926270940e-03
  28.6500000    7.7273101294e-03    1.0944425272e-03
  28.7000000    5.2889907820e-03    1.0419225101e-03
  28.7500000    4.2468978649e-03    1.0370828198e-03
  28.8000000    3.7148479211e-03    1.0448085566e-03
  28.8500000    3.4192244723e-03    1.0570048861e-03
  28.9000000    3.2505505878e-03    1.0710783522e-03
  28.9500000    3.1587669477e-03    1.0860229425e-03
  29.0000000    3.1197715084e-03    1.1014090260e-03
  29.0500000    3.1227819195e-03    1.1170626172e-03
  29.1000000    3.1653838593e-03    1.1329571254e-03
  29.1500000    3.2522161576e-03    1.1491930562e-03
  29.2000000    3.3962738380e-03    1.1660421515e-03
  29.2500000    3.6235724237e-03    1.1840909840e-03
  29.3000000    3.9844934487e-03    1.2046267981e-03
  29.3500000    4.5822101795e-03    1.2307673907e-03
  29.4000000    5.6552562960e-03    1.2714307728e-03
  29.4500000    7.8891359404e-03    1.3599606209e-03
  29.5000000    1.4346866929e-02    1.6997110772e-03
  29.5500000    1.0843591464e-01    9.4562317645e-03
  29.6000000    1.9975794163e-02    2.2025101584e-03
  29.6500000    9.6146345726e-03    1.5568212761e-03
  29.7000000    6.6601146631e-03    1.4325492492e-03
  29.7500000    5.3241396465e-03    1.3945320579e-03
  29.8000000    4.5951177093e-03    1.3826414967e-03
  29.8500000    4.1548807533e-03    1.3813581379e-03
  29.9000000    3.8726766832e-03    1.3852256055e-03
  29.9500000    3.6857801369e-03    1.3919314944e-03
  30.0000000    3.5610050199e-03    1.4003718529e-03
  30.0500000    3.4797004268e-03    1.4099822009e-03
  30.1000000    3.4311252713e-03    1.4204706124e-03
  30.1500000    3.4092909244e-03    1.4317011294e-03
  30.2000000    3.4114340337e-03    1.4436420737e-03
  30.2500000    3.4373795206e-03    1.4563478292e-03
  30.3000000    3.4895209297e-03    1.4699639053e-03
  30.3500000    3.5734136785e-03    1.4847570829e-03
  30.4000000    3.6992424151e-03    1.5011855421e-03
  30.4500000    3.8848792654e-03    1.5200495163e-03
  30.5000000    4.1623097703e-03    1.5428295434e-03
  30.5500000    4.5921409246e-03    1.5725231561e-03
  30.6000000    5.3005289483e-03    1.6160314580e-03
  30.6500000    6.5921267864e-03    1.6925239797e-03
  30.7000000    9.4168532805e-03    1.8738792561e-03
  30.7500000    1.8914274059e-02    2.6455291668e-03
  30.8000000    1.8375090221e-01    2.0141871022e-02
  30.8500000    1.5611529416e-02    2.2351987852e-03
  30.9000000    8.4756871181e-03    1.7667162310e-03
  30.9500000    6.1051042966e-03    1.6746994066e-03
  31.0000000    4.9916116706e-03    1.6526428993e-03
  31.0500000    4.3824071750e-03    1.6520608594e-03
  31.1000000    4.0203012817e-03    1.6602659070e-03
  31.1500000    3.7949110166e-03    1.6729086166e-03
  31.2000000    3.6519849010e-03    1.6882338947e-03
  31.2500000    3.5623846717e-03    1.7054641705e-03
  31.3000000    3.5094844283e-03    1.7242464542e-03
  31.3500000    3.4834190569e-03    1.7444358967e-03
  31.4000000    3.4782330825e-03    1.7660030931e-03
  31.4500000    3.4903824153e-03    1.7889928566e-03
  31.5000000    3.5179184065e-03    1.8135071431e-03
  31.5500000    3.5600416447e-03    1.8397011710e-03
  31.6000000    3.6168728805e-03    1.8677885450e-03
  31.6500000    3.6893661984e-03    1.8980545202e-03
  31.7000000    3.7793314263e-03    1.9308787533e-03
  31.7500000    3.8895594172e-03    1.9667710885e-03
  31.8000000    4.0240660981e-03    2.0064269738e-03
  31.8500000    4.1884969220e-03    2.0508140979e-03
  31.9000000    4.3907717540e-03    2.1013107540e-03
  31.9500000    4.6421166987e-03    2.1599332198e-03
  32.0000000    4.9587552839e-03    2.2297225892e-03
  32.0500000    5.3647871659e-03    2.3154304704e-03
  32.1000000    5.8973400935e-03    2.4247955308e-03
  32.1500000    6.6163986950e-03    2.5710655342e-03
  32.2000000    7.6251512622e-03    2.7783643365e-03
  32.2500000    9.1168723933e-03    3.0942828117e-03
  32.3000000    1.1500017005e-02    3.6237178908e-03
  32.3500000    1.5812572311e-02    4.6407592647e-03
  32.4000000    2.5695766720e-02    7.1187366290e-03
  32.4500000    6.9294984683e-02    1.8592193432e-02
  32.5000000    1.0272166061e-01    2.7634770440e-02
  32.5500000    3.0205673271e-02    8.4384999989e-03
  32.6000000    1.8097633640e-02    5.3907471082e-03
  32.6500000    1.3186269516e-02    4.2480742048e-03
  32.7000000    1.0570986522e-02    3.6975581963e-03
  32.7500000    8.9773516073e-03    3.3996871064e-03
  32.8000000    7.9269329802e-03    3.2292205898e-03
  32.8500000    7.2001136629e-03    3.1303299467e-03
  32.9000000    6.6823705052e-03    3.0749714878e-03
  32.9500000    6.3086449756e-03    3.0478501910e-03
  33.0000000    6.0398395307e-03    3.0401290859e-03
  33.0500000    5.8517535376e-03    3.0465172672e-03
  33.1000000    5.7294824253e-03    3.0638252278e-03
  33.1500000    5.6644891304e-03    3.0902224230e-03
  33.2000000    5.6531424580e-03    3.1248670963e-03
  33.2500000    5.6962028422e-03    3.1677653371e-03
  33.3000000    5.7990945665e-03    3.2198121940e-03
  33.3500000    5.9730718283e-03    3.2830378077e-03
  33.4000000    6.2377206229e-03    3.3611694026e-03
  33.4500000    6.6258594991e-03    3.4607880550e-03
  33.5000000    7.1933309941e-03    3.5937587752e-03
  33.5500000    8.0399650045e-03    3.7827017332e-03
  33.6000000    9.3596125833e-03    4.0746771122e-03
  33.6500000    1.1580055315e-02    4.5809526551e-03
  33.7000000    1.5861541784e-02    5.6222246932e-03
  33.7500000    2.6827435606e-02    8.5300446027e-03
  33.8000000    1.0349229473e-01    3.0546820963e-02
  33.8500000    5.2744963714e-02    1.5575831760e-02
  33.9000000    2.0989119589e-02    6.7453044877e-03
  33.9500000    1.3250180298e-02    4.8733119951e-03
  34.0000000    9.8354386487e-03    4.1875224415e-03
  34.0500000    7.9544200274e-03    3.8819095221e-03
  34.1000000    6.7882931591e-03    3.7330055058e-03
  34.1500000    6.0100755410e-03    3.6592214438e-03
  34.2000000    5.4638434341e-03    3.6255307712e-03
  34.2500000    5.0661044602e-03    3.6151060100e-03
  34.3000000    4.7683590668e-03    3.6191520628e-03
  34.3500000    4.5406894349e-03    3.6327602847e-03
  34.4000000    4.3637685474e-03    3.6530441091e-03
  34.4500000    4.2246452782e-03    3.6782328697e-03
  34.5000000    4.1143776421e-03    3.7072024513e-03
  34.5500000    4.0266356654e-03    3.7392189895e-03
  34.6000000    3.9568423167e-03    3.7737925328e-03
  34.6500000    3.9016270682e-03    3.8105902632e-03
  34.7000000    3.8584681953e-03    3.8493833386e-03
  34.7500000    3.8254527796e-03    3.8900134081e-03
  34.8000000    3.8011121891e-03    3.9323710011e-03
  34.8500000    3.7843071438e-03    3.9763812843e-03
  34.9000000    3.7741460425e-03    4.0219945022e-03
  34.9500000    3.7699260032e-03    4.0691794514e-03
  35.0000000    3.7710896590e-03    4.1179189511e-03
  35.0500000    3.7771930502e-03    4.1682066531e-03
  35.1000000    3.7878814453e-03    4.2200447656e-03
  35.1500000    3.8028708920e-03    4.2734423979e-03
  35.2000000    3.8219339476e-03    4.3284143209e-03
  35.2500000    3.8448884871e-03    4.3849800031e-03
  35.3000000    3.8715887971e-03    4.4431628378e-03
  35.3500000    3.9019183617e-03    4.5029894988e-03
  35.4000000    3.9357838959e-03    4.5644893786e-03
  35.4500000    3.9731103095e-03    4.6276940732e-03
  35.5000000    4.0138363896e-03    4.6926368918e-03
  35.5500000    4.0579110498e-03    4.7593523775e-03
  35.6000000    4.1052900089e-03    4.8278758237e-03
  35.6500000    4.1559327693e-03    4.8982427621e-03
  35.7000000    4.2097997896e-03    4.9704884025e-03
  35.7500000    4.2668497836e-03    5.0446469997e-03
  35.8000000    4.3270371182e-03    5.1207511621e-03
  35.8500000    4.3903093050e-03    5.1988311099e-03
  35.9000000    4.4566045680e-03    5.2789138850e-03
  35.9500000    4.5258494526e-03    5.3610225046e-03
  36.0000000    4.5979564376e-03    5.4451750532e-03
  36.0500000    4.6728215440e-03    5.5313837183e-03
  36.1000000    4.7503219762e-03    5.6196538003e-03
  36.1500000    4.8303138459e-03    5.7099827165e-03
  36.2000000    4.9126300191e-03    5.8023590191e-03
  36.2500000    4.9970781137e-03    5.8967614452e-03
  36.3000000    5.0834386764e-03    5.9931580396e-03
  36.3500000    5.1714635800e-03    6.0915053873e-03
  36.4000000    5.2608747138e-03    6.1917479969e-03
  36.4500000    5.3513630770e-03    6.2938178909e-03
  36.5000000    5.4425883945e-03    6.3976344751e-03
  36.5500000    5.5341793343e-03    6.5031047299e-03
  36.6000000    5.6257343492e-03    6.6101237790e-03
  36.6500000    5.7168231828e-03    6.7185758753e-03
  36.7000000    5.8069891672e-03    6.8283358954e-03
  36.7500000    5.8957525042e-03    6.9392714831e-03
  36.8000000    5.9826146896e-03    7.0512459561e-03
  36.8500000    6.0670640967e-03    7.1641220175e-03
  36.9000000    6.1485825835e-03    7.2777661994e-03
  36.9500000    6.2266529044e-03    7.3920538905e-03
  37.0000000    6.3007667456e-03    7.5068747802e-03
  37.0500000    6.3704333189e-03    7.6221386275e-03
  37.1000000    6.4351885209e-03    7.7377813240e-03
  37.1500000    6.4946045923e-03    7.8537712349e-03
  37.2000000    6.5483000256e-03    7.9701156964e-03
  37.2500000    6.5959492894e-03    8.0868674319e-03
  37.3000000    6.6372918930e-03    8.2041305689e-03
  37.3500000    6.6721404094e-03    8.3220659283e-03
  37.4000000    6.7003872042e-03    8.4408953091e-03
  37.4500000    6.7220096949e-03    8.5609045674e-03
  37.5000000    6.7370739715e-03    8.6824453734e-03
  37.5500000    6.7457366205e-03    8.8059356128e-03
  37.6000000    6.7482446696e-03    8.9318584711e-03
  37.6500000    6.7449336732e-03    9.0607602707e-03
  37.7000000    6.7362240512e-03    9.1932471493e-03
  37.7500000    6.7226158600e-03    9.3299807111e-03
  37.8000000    6.7046822333e-03    9.4716728587e-03
  37.8500000    6.6830617854e-03    9.6190800931e-03
  37.9000000    6.6584503016e-03    9.7729976130e-03
  37.9500000    6.6315920538e-03    9.9342535527e-03
  38.0000000    6.6032710663e-03    1.0103703677e-02
  38.0500000    6.5743026280e-03    1.0282226819e-02
  38.1000000    6.5455253030e-03    1.0470721305e-02
  38.1500000    6.5177936468e-03    1.0670102552e-02
  38.2000000    6.4919717906e-03    1.0881301957e-02
  38.2500000    6.4689280120e-03    1.1105267153e-02
  38.3000000    6.4495303562e-03    1.1342963623e-02
  38.3500000    6.4346433208e-03    1.1595377674e-02
  38.4000000    6.4251255838e-03    1.1863520706e-02
  38.4500000    6.4218287324e-03    1.2148434700e-02
  38.5000000    6.4255969482e-03    1.2451198896e-02
  38.5500000    6.4372675680e-03    1.2772937509e-02
  38.6000000    6.4576724410e-03    1.3114828385e-02
  38.6500000    6.4876400162e-03    1.3478112514e-02
  38.7000000    6.5279981257e-03    1.3864104320e-02
  38.7500000    6.5795774424e-03    1.4274202689e-02
  38.8000000    6.6432155871e-03    1.4709902708e-02
  38.8500000    6.7197618680e-03    1.5172808135e-02
  38.9000000    6.8100826255e-03    1.5664644529e-02
  38.9500000    6.9150671911e-03    1.6187273068e-02
  39.0000000    7.0356344778e-03    1.6742705155e-02
  39.0500000    7.1727402173e-03    1.7333117867e-02
  39.1000000    7.3273848465e-03    1.7960870340e-02
  39.1500000    7.5006220348e-03    1.8628521092e-02
  39.2000000    7.6935678227e-03    1.9338846262e-02
  39.2500000    7.9074103343e-03    2.0094858745e-02
  39.3000000    8.1434200099e-03    2.0899828173e-02
  39.3500000    8.4029602847e-03    2.1757301653e-02
  39.4000000    8.6874986086e-03    2.2671125095e-02
  39.4500000    8.9986176569e-03    2.3645464844e-02
  39.5000000    9.3380265234e-03    2.4684829155e-02
  39.5500000    9.7075716367e-03    2.5794088897e-02
  39.6000000    1.0109247073e-02    2.6978496701e-02
  39.6500000    1.0545203855e-02    2.8243703518e-02
  39.7000000    1.1017757669e-02    2.9595771115e-02
  39.7500000    1.1529394234e-02    3.1041178514e-02
  39.8000000    1.2082771290e-02    3.2586819625e-02
  39.8500000    1.2680715855e-02    3.4239988575e-02
  39.9000000    1.3326215064e-02    3.6008348274e-02
  39.9500000    1.4022398392e-02    3.7899876627e-02
  40.0000000    1.4772508567e-02    3.9922783329e-02
  40.0500000    1.5579857767e-02    4.2085388593e-02
  40.1000000    1.6447765082e-02    4.4395953496e-02
  40.1500000    1.7379470422e-02    4.6862449760e-02
  40.2000000    1.8378019396e-02    4.9492255210e-02
  40.2500000    1.9446113051e-02    5.2291759662e-02
  40.3000000    2.0585915914e-02    5.5265865173e-02
  40.3500000    2.1798815874e-02    5.8417364942e-02
  40.4000000    2.3085130395e-02    6.1746188082e-02
  40.4500000    2.4443755764e-02    6.5248503456e-02
  40.5000000    2.5871760269e-02    6.8915686931e-02
  40.5500000    2.7363928675e-02    7.2733173351e-02
  40.6000000    2.8912275369e-02    7.6679240429e-02
  40.6500000    3.0505556484e-02    8.0723804816e-02
  40.7000000    3.2128827314e-02    8.4827351213e-02
  40.7500000    3.3763108733e-02    8.8940158707e-02
  40.8000000    3.5385242551e-02    9.3002028113e-02
  40.8500000    3.6968025905e-02    9.6942737226e-02
  40.9000000    3.8480712531e-02    1.0068344134e-01
  40.9500000    3.9889947630e-02    1.0413917827e-01
  41.0000000    4.1161158695e-02    1.0722252005e-01
  41.0500000    4.2260358398e-02    1.0984824215e-01
  41.1000000    4.3156235728e-02    1.1193867782e-01
  41.1500000    4.3822327730e-02    1.1342921473e-01
  41.2000000    4.4239013101e-02    1.1427327040e-01
  41.2500000    4.4395054824e-02    1.1444605492e-01
  41.3000000    4.4288466445e-02    1.1394656414e-01
  41.3500000    4.3926572843e-02    1.1279749891e-01
  41.4000000    4.3325264918e-02    1.1104313780e-01
  41.4500000    4.2507574157e-02    1.0874550977e-01
  41.5000000    4.1501788229e-02    1.0597945160e-01
  41.5500000    4.0339371563e-02    1.0282723109e-01
  41.6000000    3.9052941822e-02    9.9373374790e-02
  41.6500000    3.7674498180e-02    9.5700188837e-02
  41.7000000    3.6234026692e-02    9.1884279957e-02
  41.7500000    3.4758527586e-02    8.7994174281e-02
  41.8000000    3.3271447812e-02    8.4088976726e-02
  41.8500000    3.1792464239e-02    8.0217921684e-02
  41.9000000    3.0337537241e-02    7.6420602245e-02
  41.9500000    2.8919154429e-02    7.2727669594e-02
  42.0000000    2.7546690709e-02    6.9161813052e-02
  42.0500000    2.6226824090e-02    6.5738866800e-02
  42.1000000    2.4963963211e-02    6.2468932780e-02
  42.1500000    2.3760656633e-02    5.9357445656e-02
  42.2000000    2.2617965643e-02    5.6406135662e-02
  42.2500000    2.1535791174e-02    5.3613867497e-02
  42.3000000    2.0513153045e-02    5.0977352723e-02
  42.3500000    1.9548422492e-02    4.8491739668e-02
  42.4000000    1.8639511948e-02    4.6151092098e-02
  42.4500000    1.7784026758e-02    4.3948769526e-02
  42.5000000    1.6979385137e-02    4.1877726047e-02
  42.5500000    1.6222910916e-02    3.9930739625e-02
  42.6000000    1.5511903937e-02    3.8100584604e-02
  42.6500000    1.4843692071e-02    3.6380157732e-02
  42.7000000    1.4215668663e-02    3.4762567542e-02
  42.7500000    1.3625318878e-02    3.3241195966e-02
  42.8000000    1.3070237054e-02    3.1809737570e-02
  42.8500000    1.2548137357e-02    3.0462222229e-02
  42.9000000    1.2056859309e-02    2.9193025260e-02
  42.9500000    1.1594369561e-02    2.7996868484e-02
  43.0000000    1.1158760857e-02    2.6868814593e-02
  43.0500000    1.0748249045e-02    2.5804256905e-02
  43.1000000    1.0361168680e-02    2.4798905846e-02
  43.1500000    9.9959676840e-03    2.3848773402e-02
  43.2000000    9.6512014810e-03    2.2950156454e-02
  43.2500000    9.3255268056e-03    2.2099619548e-02
  43.3000000    9.0176953899e-03    2.1293977542e-02
  43.3500000    8.7265477686e-03    2.0530278738e-02
  43.4000000    8.4510072556e-03    1.9805788593e-02
  43.4500000    8.1900741254e-03    1.9117974027e-02
  43.5000000    7.9428200989e-03    1.8464488657e-02
  43.5500000    7.7083831244e-03    1.7843158875e-02
  43.6000000    7.4859624689e-03    1.7251970807e-02
  43.6500000    7.2748141443e-03    1.6689058232e-02
  43.7000000    7.0742466520e-03    1.6152691331e-02
  43.7500000    6.8836170446e-03    1.5641266343e-02
  43.8000000    6.7023272528e-03    1.5153295949e-02
  43.8500000    6.5298206647e-03    1.4687400316e-02
  43.9000000    6.3655789404e-03    1.4242298777e-02
  43.9500000    6.2091190732e-03    1.3816802178e-02
  44.0000000    6.0599907085e-03    1.3409805874e-02
  44.0500000    5.9177737025e-03    1.3020283361e-02
  44.1000000    5.7820758886e-03    1.2647280415e-02
  44.1500000    5.6525310169e-03    1.2289909737e-02
  44.2000000    5.5287968461e-03    1.1947346047e-02
  44.2500000    5.4105533683e-03    1.1618821508e-02
  44.3000000    5.2975011884e-03    1.1303621589e-02
  44.3500000    5.1893600454e-03    1.1001081287e-02
  44.4000000    5.0858674645e-03    1.0710581729e-02
  44.4500000    4.9867775129e-03    1.0431547078e-02
  44.5000000    4.8918596411e-03    1.0163441720e-02
  44.5500000    4.8008976156e-03    9.9057677867e-03
  44.6000000    4.7136885557e-03    9.6580631321e-03
  44.6500000    4.6300421011e-03    9.4198999922e-03
  44.7000000    4.5497797249e-03    9.1908847773e-03
  44.7500000    4.4727342638e-03    8.9706600690e-03
  44.8000000    4.3987498876e-03    8.7589116657e-03
  44.8500000    4.3276832612e-03    8.5553869169e-03
  44.9000000    4.2594729666e-03    8.3574314533e-03
  44.9500000    4.1936562864e-03    8.1711046997e-03
  45.0000000    4.1285894011e-03    7.9833498975e-03
  45.0500000    4.0667526942e-03    7.7842385420e-03
  45.1000000    4.0102470755e-03    7.6074796496e-03
  45.1500000    3.9591218753e-03    7.4652880168e-03
  45.2000000    3.9072943346e-03    7.3346727385e-03
  45.2500000    3.8506560801e-03    7.1803073677e-03
  45.3000000    3.7923500275e-03    7.0064877808e-03
  45.3500000    3.7343111174e-03    6.7646967933e-03
  45.4000000    3.6840400237e-03    6.5467332390e-03
  45.4500000    3.6509856335e-03    6.4533150448e-03
  45.5000000    3.6228219836e-03    6.4527244448e-03
  45.5500000    3.5791571024e-03    6.3964720347e-03
  45.6000000    3.5259840640e-03    6.2121698082e-03
  45.6500000    3.4730948077e-03    5.9731004870e-03
  45.7000000    3.4279917781e-03    5.7702207314e-03
  45.7500000    3.3882276081e-03    5.6284725115e-03
  45.8000000    3.3471676005e-03    5.5201120527e-03
  45.8500000    3.3145385820e-03    5.4707028770e-03
  45.9000000    3.2947466348e-03    5.4832119959e-03
  45.9500000    3.2842271161e-03    5.5283379274e-03
  46.0000000    3.2788056577e-03    5.5809560255e-03
  46.0500000    3.2698475932e-03    5.6035761702e-03
  46.1000000    3.2444317072e-03    5.5546039658e-03
  46.1500000    3.1979397551e-03    5.4248858253e-03
  46.2000000    3.1388226138e-03    5.2481075995e-03
  46.2500000    3.0818981634e-03    5.0701629569e-03
  46.3000000    3.0372840165e-03    4.9320306670e-03
  46.3500000    3.0058265362e-03    4.8371009736e-03
  46.4000000    2.9859893792e-03    4.7895086291e-03
  46.4500000    2.9785254926e-03    4.8026615693e-03
  46.5000000    2.9790292006e-03    4.8579812102e-03
  46.5500000    2.9747399178e-03    4.9085533023e-03
  46.6000000    2.9594541460e-03    4.9066134024e-03
  46.6500000    2.9395605986e-03    4.8676031089e-03
  46.7000000    2.9215135952e-03    4.8385142990e-03
  46.7500000    2.9020529012e-03    4.8400363031e-03
  46.8000000    2.8774503463e-03    4.8615667256e-03
  46.8500000    2.8561847076e-03    4.8812428909e-03
  46.9000000    2.8439992831e-03    4.8855888127e-03
  46.9500000    2.8365745393e-03    4.8652735199e-03
  47.0000000    2.8266841645e-03    4.8291800811e-03
  47.0500000    2.8088419811e-03    4.8019324876e-03
  47.1000000    2.7868843479e-03    4.7840114539e-03
  47.1500000    2.7666075468e-03    4.7557919632e-03
  47.2000000    2.7543898732e-03    4.7287603875e-03
  47.2500000    2.7513916784e-03    4.7475306657e-03
  47.3000000    2.7523620002e-03    4.8319785366e-03
  47.3500000    2.7546567405e-03    4.9546657189e-03
  47.4000000    2.7572010157e-03    5.0742397402e-03
  47.4500000    2.7566272609e-03    5.1602871751e-03
  47.5000000    2.7515338209e-03    5.2145988071e-03
  47.5500000    2.7420820461e-03    5.2373188412e-03
  47.6000000    2.7285239707e-03    5.2073385311e-03
  47.6500000    2.7169887385e-03    5.1475382234e-03
  47.7000000    2.7142917096e-03    5.1198562934e-03
  47.7500000    2.7185767290e-03    5.1344950183e-03
  47.8000000    2.7246417743e-03    5.1598541292e-03
  47.8500000    2.7332138107e-03    5.1929172044e-03
  47.9000000    2.7477565544e-03    5.2588310084e-03
  47.9500000    2.7672610650e-03    5.3621501826e-03
  48.0000000    2.7823301134e-03    5.4597211399e-03
  48.0500000    2.7853799044e-03    5.5097669080e-03
  48.1000000    2.7815561185e-03    5.5329475955e-03
  48.1500000    2.7799380597e-03    5.5654450953e-03
  48.2000000    2.7857101264e-03    5.6294537706e-03
  48.2500000    2.7968832769e-03    5.7010300414e-03
  48.3000000    2.8085595731e-03    5.7725896896e-03
  48.3500000    2.8213994910e-03    5.8341840304e-03
  48.4000000    2.8394980575e-03    5.8872630611e-03
  48.4500000    2.8615679748e-03    5.9492651309e-03
  48.5000000    2.8822029395e-03    6.0086983323e-03
  48.5500000    2.8988582846e-03    6.0479936233e-03
  48.6000000    2.9126646131e-03    6.0827518469e-03
  48.6500000    2.9277598874e-03    6.1310061642e-03
  48.7000000    2.9489689127e-03    6.1945655936e-03
  48.7500000    2.9758518283e-03    6.2742733332e-03
  48.8000000    3.0028426246e-03    6.3603529407e-03
  48.8500000    3.0251321424e-03    6.4289748977e-03
  48.9000000    3.0448965547e-03    6.4767922778e-03
  48.9500000    3.0665282107e-03    6.5191844049e-03
  49.0000000    3.0924662822e-03    6.5721709450e-03
  49.0500000    3.1220384174e-03    6.6459861523e-03
  49.1000000    3.1519439921e-03    6.7551907781e-03
  49.1500000    3.1784663680e-03    6.8604416235e-03
  49.2000000    3.2035178449e-03    6.9230641407e-03
  49.2500000    3.2307255270e-03    6.9360664066e-03
  49.3000000    3.2609436557e-03    6.9593593922e-03
  49.3500000    3.2909606960e-03    7.0503311605e-03
  49.4000000    3.3181695083e-03    7.1694444003e-03
  49.4500000    3.3445452261e-03    7.2525087278e-03
  49.5000000    3.3733451907e-03    7.3098002452e-03
  49.5500000    3.4063755151e-03    7.3754942621e-03
  49.6000000    3.4422606818e-03    7.4719057027e-03
  49.6500000    3.4749296957e-03    7.5808235820e-03
  49.7000000    3.5004229708e-03    7.6613009977e-03
  49.7500000    3.5224420894e-03    7.7006264354e-03
  49.8000000    3.5489998529e-03    7.7294781716e-03
  49.8500000    3.5851631228e-03    7.7755335430e-03
  49.9000000    3.6292451935e-03    7.8378934709e-03
  49.9500000    3.6749997320e-03    7.9121099152e-03
  50.0000000    3.7162345495e-03    7.9933488978e-03
  50.0500000    3.7516612280e-03    8.0764879491e-03
  50.1000000    3.7849903307e-03    8.1655991290e-03
  50.1500000    3.8191459408e-03    8.2533923239e-03
  50.2000000    3.8531372752e-03    8.3278419689e-03
  50.2500000    3.8848719175e-03    8.3857042255e-03
  50.3000000    3.9140629101e-03    8.4431412081e-03
  50.3500000    3.9458520363e-03    8.5126950097e-03
  50.4000000    3.9874101339e-03    8.6048472673e-03
  50.4500000    4.0374883706e-03    8.7155233276e-03
  50.5000000    4.0853851255e-03    8.8259271652e-03
  50.5300000    4.1096956515e-03    8.8814687995e-03
  50.5400000    4.1171053258e-03    8.8976307128e-03
  50.5500000    4.1242616323e-03    8.9126421690e-03
  50.5600000    4.1312145164e-03    8.9267502780e-03
  50.5700000    4.1380098896e-03    8.9400406018e-03
  50.5800000    4.1446859816e-03    8.9528314193e-03
  50.5900000    4.1512807639e-03    8.9653823616e-03
  50.6000000    4.1578394497e-03    8.9778175402e-03
  50.6100000    4.1644276085e-03    8.9897513354e-03
  50.6200000    4.1710813403e-03    8.9982869080e-03
  50.6300000    4.1778600497e-03    9.0062767299e-03
  50.6400000    4.1848202392e-03    9.0168603540e-03
  50.6500000    4.1919665230e-03    9.0279669756e-03
  50.6600000    4.1992997413e-03    9.0393558276e-03
  50.6700000    4.2068191366e-03    9.0513087719e-03
  50.6800000    4.2145199814e-03    9.0640339309e-03
  50.6900000    4.2223794546e-03    9.0773520402e-03
  50.7000000    4.2303502804e-03    9.0913776571e-03
  50.7100000    4.2383762391e-03    9.1063879231e-03
  50.7200000    4.2464071520e-03    9.1225312126e-03
  50.7300000    4.2544058210e-03    9.1399106725e-03
  50.7400000    4.2623497009e-03    9.1584997478e-03
  50.7500000    4.2702311144e-03    9.1780907947e-03
  50.7600000    4.2780640670e-03    9.1982487519e-03
  50.7700000    4.2858713125e-03    9.2188352047e-03
  50.7800000    4.2936598399e-03    9.2397643533e-03
  50.7900000    4.3014307790e-03    9.2609964346e-03
  50.8000000    4.3091839935e-03    9.2821495160e-03
  50.8100000    4.3169160229e-03    9.3030188085e-03
  50.8200000    4.3246187105e-03    9.3234380397e-03
  50.8300000    4.3322845485e-03    9.3432575132e-03
  50.8400000    4.3399057204e-03    9.3623341161e-03
  50.8500000    4.3474819636e-03    9.3806386867e-03
  50.8600000    4.3550141073e-03    9.3982071366e-03
  50.8700000    4.3624992504e-03    9.4149379833e-03
  50.8800000    4.3699266657e-03    9.4309715241e-03
  50.8900000    4.3772833007e-03    9.4464112029e-03
  50.9000000    4.3845580994e-03    9.4614130931e-03
  50.9100000    4.3917381083e-03    9.4758891663e-03
  50.9200000    4.3988134594e-03    9.4898884160e-03
  50.9300000    4.4057748222e-03    9.5035200119e-03
  50.9400000    4.4126144086e-03    9.5169329419e-03
  50.9500000    4.4193350975e-03    9.5302796306e-03
  50.9600000    4.4259439790e-03    9.5437110185e-03
  50.9700000    4.4324512388e-03    9.5573602696e-03
  50.9800000    4.4388712006e-03    9.5713117372e-03
  50.9900000    4.4452177066e-03    9.5855856552e-03
  51.0000000    4.4515087331e-03    9.6001668869e-03
  51.0100000    4.4577645362e-03    9.6148736833e-03
  51.0200000    4.4640020366e-03    9.6296033054e-03
  51.0300000    4.4702329134e-03    9.6443509724e-03
  51.0400000    4.4764650947e-03    9.6592220194e-03
  51.0500000    4.4827143848e-03    9.6741737479e-03
  51.0600000    4.4890048245e-03    9.6890391340e-03
  51.0700000    4.4953409117e-03    9.7038650474e-03
  51.0800000    4.5017078259e-03    9.7186580076e-03
  51.0900000    4.5081231600e-03    9.7334984468e-03
  51.1000000    4.5146190811e-03    9.7486466203e-03
  51.1100000    4.5212170399e-03    9.7643511588e-03
  51.1200000    4.5279180153e-03    9.7805678953e-03
  51.1300000    4.5347166227e-03    9.7972179255e-03
  51.1400000    4.5416086266e-03    9.8141406094e-03
  51.1500000    4.5485804700e-03    9.8311658826e-03
  51.1600000    4.5556126351e-03    9.8482064364e-03
  51.1700000    4.5626838741e-03    9.8651345830e-03
  51.1800000    4.5697621930e-03    9.8818345610e-03
  51.1900000    4.5768144954e-03    9.8982502004e-03
  51.2000000    4.5838014143e-03    9.9143813033e-03
  51.2100000    4.5906847486e-03    9.9292977648e-03
  51.2200000    4.5974681730e-03    9.9443980638e-03
  51.2300000    4.6041442321e-03    9.9600944030e-03
  51.2400000    4.6107129472e-03    9.9771639149e-03
  51.2500000    4.6171655325e-03    9.9951052130e-03
  51.2600000    4.6235164570e-03    1.0013392667e-02
  51.2700000    4.6297909104e-03    1.0031716886e-02
  51.2800000    4.6360214214e-03    1.0049923357e-02
  51.2900000    4.6422491393e-03    1.0067709493e-02
  51.3000000    4.6485136038e-03    1.0085470342e-02
  51.3100000    4.6548407646e-03    1.0103928904e-02
  51.3200000    4.6612209373e-03    1.0123403990e-02
  51.3300000    4.6676393876e-03    1.0144001795e-02
  51.3400000    4.6740983349e-03    1.0165387779e-02
  51.3500000    4.6805984459e-03    1.0187366928e-02
  51.3600000    4.6871209564e-03    1.0209530504e-02
  51.3700000    4.6936392043e-03    1.0231315233e-02
  51.3800000    4.7001129338e-03    1.0252195640e-02
  51.3900000    4.7065128398e-03    1.0271705633e-02
  51.4000000    4.7128253692e-03    1.0289288146e-02
  51.4100000    4.7190231837e-03    1.0304996092e-02
  51.4200000    4.7250762561e-03    1.0319496178e-02
  51.4300000    4.7309828915e-03    1.0333390780e-02
  51.4400000    4.7367610548e-03    1.0346322579e-02
  51.4500000    4.7424542454e-03    1.0357432342e-02
  51.4600000    4.7481001030e-03    1.0369731544e-02
  51.4700000    4.7536868724e-03    1.0380990144e-02
  51.4800000    4.7591752742e-03    1.0389452993e-02
  51.4900000    4.7645325348e-03    1.0395400411e-02
  51.5000000    4.7665140961e-03    1.0358462282e-02
  51.5100000    4.7700743279e-03    1.0312525489e-02
  51.5200000    1.6977656933e+00    2.5130618555e-01
  51.5300000    4.9185490765e+01    8.1421749172e-01
