# time  R_areal_min  r_at_R_areal_min
1.8000000000000000e+01  8.3260621650269628e-01  5.3308506591349936e-01
1.9000000000000199e+01  8.5470036381080561e-01  5.3308506591349936e-01
2.0000000000000298e+01  8.8398789092918550e-01  5.3308506591349936e-01
2.1000000000000501e+01  9.2313124913969213e-01  5.3308506591349936e-01
2.2000000000000600e+01  9.7552160969906010e-01  5.3308506591349936e-01
2.3000000000000799e+01  1.0450195472930726e+00  5.3308506591349936e-01
2.4000000000000998e+01  1.0985029473216203e+00  5.1609826765355449e-01
2.5000000000001101e+01  1.2093438666619367e+00  5.1609826765355449e-01
2.6000000000001300e+01  1.3466428853516228e+00  5.1609826765355449e-01
2.7000000000001400e+01  1.5141994808151946e+00  5.1609826765355449e-01
2.8000000000001599e+01  1.7175943230424262e+00  5.1609826765355449e-01
2.9000000000001702e+01  1.9309952790327309e+00  5.0793267808711617e-01
3.0000000000001901e+01  2.2252491303174899e+00  5.0793267808711617e-01
3.1000000000002000e+01  2.5799813046090305e+00  5.0793267808711617e-01
3.2000000000002203e+01  3.0002318743623881e+00  5.0793267808711617e-01
3.3000000000001997e+01  3.4836859422763351e+00  5.0793267808711617e-01
3.4000000000001798e+01  4.0173678292513006e+00  5.0793267808711617e-01
3.5000000000001599e+01  4.5767588029973902e+00  5.0793267808711617e-01
3.6000000000001400e+01  5.1284883042577283e+00  5.0793267808711617e-01
3.7000000000001201e+01  5.0445871586122530e+00  2.4532245202742859e+00
3.8000000000001002e+01  4.9135791739005201e+00  2.3907271220017980e+00
3.9000000000000803e+01  4.8083926167708899e+00  2.3282298634101832e+00
4.0000000000000597e+01  4.7246665441500388e+00  2.2969812900576705e+00
4.1000000000000398e+01  4.6592339953461881e+00  2.2969812900576705e+00
4.2000000000000199e+01  4.6083586488588413e+00  2.2969812900576705e+00
4.3000000000000000e+01  4.5684711356658187e+00  2.2969812900576705e+00
4.3999999999999801e+01  4.5360257717176484e+00  2.3282298634101832e+00
4.4999999999999602e+01  4.5068758921597016e+00  2.3907271220017980e+00
4.5999999999999403e+01  4.4785151673687444e+00  2.4532245202742859e+00
4.6999999999999197e+01  4.4474550106074826e+00  2.5469708570918121e+00
4.7999999999998998e+01  4.4117247554900532e+00  2.6407174540027945e+00
4.8999999999998799e+01  4.3697764959339338e+00  2.7657132754273355e+00
4.9999999999998600e+01  4.3201789878464494e+00  2.8907094582256101e+00
5.0999999999998401e+01  4.2648445770809298e+00  2.9844568051615354e+00
5.1999999999998202e+01  4.2134179587127392e+00  3.1565593907766094e+00
5.2999999999998003e+01  4.1425875296718511e+00  3.3440420433212261e+00
5.3999999999997797e+01  4.0617117163928000e+00  3.4690315201075932e+00
5.4999999999997598e+01  3.9761769387499775e+00  3.6565170842620165e+00
5.5999999999997399e+01  3.8870439782654747e+00  3.8440040566445814e+00
5.6999999999997200e+01  3.7963250452329231e+00  4.0314922407838019e+00
5.7999999999997002e+01  3.7044833380349158e+00  4.2814780961135375e+00
5.8999999999996803e+01  3.6130860809051275e+00  4.4689685261254635e+00
5.9999999999996597e+01  3.5273444106684586e+00  4.7189569491043253e+00
