# thinned to dt=0.05 from the every-step stream; the last 1 time units are kept whole (the death window)
#       time              L2_Ham              L2_Mom
   0.0000000    1.1203777089e-03    1.5156425673e-06
   0.0500000    1.2969953932e-03    1.8727427574e-06
   0.1000000    1.2969895772e-03    1.8780674970e-06
   0.1500000    1.2969849734e-03    1.8892845209e-06
   0.2000000    1.2969822881e-03    1.9073992519e-06
   0.2500000    1.2969822167e-03    1.9321678480e-06
   0.3000000    1.2969853902e-03    1.9625061498e-06
   0.3500000    1.2969923397e-03    1.9970439793e-06
   0.4000000    1.2970034834e-03    2.0344933295e-06
   0.4500000    1.2970191409e-03    2.0737653537e-06
   0.5000000    1.2970395339e-03    2.1139803370e-06
   0.5500000    1.2970647920e-03    2.1544514028e-06
   0.6000000    1.2970949643e-03    2.1946510869e-06
   0.6500000    1.2971300305e-03    2.2341800804e-06
   0.7000000    1.2971699149e-03    2.2727487786e-06
   0.7500000    1.2972144947e-03    2.3101633374e-06
   0.8000000    1.2972636064e-03    2.3463105332e-06
   0.8500000    1.2973170630e-03    2.3811430058e-06
   0.9000000    1.2973746622e-03    2.4146699093e-06
   0.9500000    1.2974361960e-03    2.4469453040e-06
   1.0000000    1.2975014486e-03    2.4780511282e-06
   1.0500000    1.2975702228e-03    2.5080759236e-06
   1.1000000    1.2976423445e-03    2.5371006997e-06
   1.1500000    1.2977176743e-03    2.5652027531e-06
   1.2000000    1.2977961060e-03    2.5924688000e-06
   1.2500000    1.2978775752e-03    2.6190038289e-06
   1.3000000    1.2979620708e-03    2.6449303176e-06
   1.3500000    1.2980496366e-03    2.6703776486e-06
   1.4000000    1.2981403741e-03    2.6954685869e-06
   1.4500000    1.2982344424e-03    2.7203109773e-06
   1.5000000    1.2983320622e-03    2.7449953603e-06
   1.5500000    1.2984335227e-03    2.7695985397e-06
   1.6000000    1.2985391681e-03    2.7941894742e-06
   1.6500000    1.2986493880e-03    2.8188357867e-06
   1.7000000    1.2987646361e-03    2.8436108439e-06
   1.7500000    1.2988854286e-03    2.8685927969e-06
   1.8000000    1.2990123254e-03    2.8938584898e-06
   1.8500000    1.2991459330e-03    2.9194796090e-06
   1.9000000    1.2992869012e-03    2.9455212427e-06
   1.9500000    1.2994359235e-03    2.9720419725e-06
   2.0000000    1.2995937419e-03    2.9990942758e-06
   2.0500000    1.2997611229e-03    3.0267246976e-06
   2.1000000    1.2999388716e-03    3.0549747315e-06
   2.1500000    1.3001278406e-03    3.0838819896e-06
   2.2000000    1.3003289030e-03    3.1134806097e-06
   2.2500000    1.3005429522e-03    3.1438007893e-06
   2.3000000    1.3007709226e-03    3.1748688600e-06
   2.3500000    1.3010137775e-03    3.2067072346e-06
   2.4000000    1.3012724999e-03    3.2393340826e-06
   2.4500000    1.3015480980e-03    3.2727640367e-06
   2.5000000    1.3018416051e-03    3.3070084342e-06
   2.5500000    1.3021540814e-03    3.3420747328e-06
   2.6000000    1.3024866116e-03    3.3779669446e-06
   2.6500000    1.3028403045e-03    3.4146871919e-06
   2.7000000    1.3032162975e-03    3.4522363292e-06
   2.7500000    1.3036157537e-03    3.4906127417e-06
   2.8000000    1.3040398644e-03    3.5298122698e-06
   2.8500000    1.3044898520e-03    3.5698288852e-06
   2.9000000    1.3049669679e-03    3.6106551936e-06
   2.9500000    1.3054724996e-03    3.6522836717e-06
   3.0000000    1.3060077688e-03    3.6947070323e-06
   3.0500000    1.3065741355e-03    3.7379163022e-06
   3.1000000    1.3071730052e-03    3.7818995555e-06
   3.1500000    1.3078058168e-03    3.8266442345e-06
   3.2000000    1.3084740535e-03    3.8721392714e-06
   3.2500000    1.3091792607e-03    3.9183737832e-06
   3.3000000    1.3099230334e-03    3.9653362115e-06
   3.3500000    1.3107070175e-03    4.0130151830e-06
   3.4000000    1.3115329269e-03    4.0614006455e-06
   3.4500000    1.3124025448e-03    4.1104835028e-06
   3.5000000    1.3133177237e-03    4.1602555628e-06
   3.5500000    1.3142803963e-03    4.2107102582e-06
   3.6000000    1.3152925826e-03    4.2618428604e-06
   3.6500000    1.3163563974e-03    4.3136493519e-06
   3.7000000    1.3174740521e-03    4.3661254096e-06
   3.7500000    1.3186478599e-03    4.4192670564e-06
   3.8000000    1.3198802537e-03    4.4730718640e-06
   3.8500000    1.3211737920e-03    4.5275395215e-06
   3.9000000    1.3225311635e-03    4.5826715437e-06
   3.9500000    1.3239552063e-03    4.6384710084e-06
   4.0000000    1.3254489149e-03    4.6949430061e-06
   4.0500000    1.3270154507e-03    4.7520946009e-06
   4.1000000    1.3286581542e-03    4.8099340525e-06
   4.1500000    1.3303805556e-03    4.8684706439e-06
   4.2000000    1.3321863930e-03    4.9277147323e-06
   4.2500000    1.3340796291e-03    4.9876780495e-06
   4.3000000    1.3360644695e-03    5.0483738835e-06
   4.3500000    1.3381453805e-03    5.1098170498e-06
   4.4000000    1.3403271045e-03    5.1720239393e-06
   4.4500000    1.3426146763e-03    5.2350123720e-06
   4.5000000    1.3450134489e-03    5.2988014128e-06
   4.5500000    1.3475291199e-03    5.3634111514e-06
   4.6000000    1.3501677605e-03    5.4288625103e-06
   4.6500000    1.3529358416e-03    5.4951770583e-06
   4.7000000    1.3558402579e-03    5.5623766512e-06
   4.7500000    1.3588883549e-03    5.6304832972e-06
   4.8000000    1.3620879620e-03    5.6995191222e-06
   4.8500000    1.3654474306e-03    5.7695062614e-06
   4.9000000    1.3689756780e-03    5.8404669115e-06
   4.9500000    1.3726822291e-03    5.9124237800e-06
   5.0000000    1.3765772584e-03    5.9854004703e-06
   5.0500000    1.3806716348e-03    6.0594212225e-06
   5.1000000    1.3849769728e-03    6.1345101315e-06
   5.1500000    1.3895056910e-03    6.2106905404e-06
   5.2000000    1.3942710776e-03    6.2879848617e-06
   5.2500000    1.3992873573e-03    6.3664147501e-06
   5.3000000    1.4045697610e-03    6.4460018864e-06
   5.3500000    1.4101346081e-03    6.5268580740e-06
   5.4000000    1.4159994116e-03    6.6089714629e-06
   5.4500000    1.4221828984e-03    6.6920312566e-06
   5.5000000    1.4287051717e-03    6.7761844420e-06
   5.5500000    1.4355878080e-03    6.8614889045e-06
   5.6000000    1.4428540033e-03    6.9480630865e-06
   5.6500000    1.4505287037e-03    7.0360005392e-06
   5.7000000    1.4586387176e-03    7.1253442005e-06
   5.7500000    1.4672128802e-03    7.2161236154e-06
   5.8000000    1.4762822641e-03    7.3083697095e-06
   5.8500000    1.4858803830e-03    7.4021215610e-06
   5.9000000    1.4960434273e-03    7.4974332236e-06
   5.9500000    1.5068104190e-03    7.5943766685e-06
   6.0000000    1.5182235776e-03    7.6930305446e-06
   6.0500000    1.5303286087e-03    7.7934734391e-06
   6.1000000    1.5431750273e-03    7.8957923116e-06
   6.1500000    1.5568165612e-03    8.0000938546e-06
   6.2000000    1.5713116402e-03    8.1065015843e-06
   6.2500000    1.5867238229e-03    8.2151501753e-06
   6.3000000    1.6031223593e-03    8.3261875981e-06
   6.3500000    1.6205828333e-03    8.4397821347e-06
   6.4000000    1.6391878611e-03    8.5561242620e-06
   6.4500000    1.6590279603e-03    8.6754261554e-06
   6.5000000    1.6802024462e-03    8.7979278747e-06
   6.5500000    1.7028205500e-03    8.9239030652e-06
   6.6000000    1.7270026952e-03    9.0536609087e-06
   6.6500000    1.7528819003e-03    9.1875525729e-06
   6.7000000    1.7806054519e-03    9.3259824888e-06
   6.7500000    1.8103368999e-03    9.4692796394e-06
   6.8000000    1.8422583606e-03    9.6179971390e-06
   6.8500000    1.8765731320e-03    9.7729920097e-06
   6.9000000    1.9135089065e-03    9.9348864900e-06
   6.9500000    1.9533216446e-03    1.0104442884e-05
   7.0000000    1.9963000810e-03    1.0282598331e-05
   7.0500000    2.0427710210e-03    1.0470441197e-05
   7.1000000    2.0931061655e-03    1.0669232111e-05
   7.1500000    2.1477299475e-03    1.0880444078e-05
   7.2000000    2.2071291283e-03    1.1105794124e-05
   7.2500000    2.2718650312e-03    1.1347287056e-05
   7.3000000    2.3425881181e-03    1.1607277964e-05
   7.3500000    2.4200564869e-03    1.1888555488e-05
   7.4000000    2.5051595663e-03    1.2194438538e-05
   7.4500000    2.5989480150e-03    1.2528893393e-05
   7.5000000    2.7026716754e-03    1.2896690930e-05
   7.5500000    2.8178297900e-03    1.3303610055e-05
   7.6000000    2.9462363019e-03    1.3756702395e-05
   7.6500000    3.0901069613e-03    1.4264642626e-05
   7.7000000    3.2521774165e-03    1.4838211721e-05
   7.7500000    3.4358651620e-03    1.5490952543e-05
   7.8000000    3.6454964140e-03    1.6240090485e-05
   7.8500000    3.8866302359e-03    1.7108091580e-05
   7.9000000    4.1665318132e-03    1.8123798890e-05
   7.9500000    4.4948812622e-03    1.9325891899e-05
   8.0000000    4.8848683694e-03    2.0767525712e-05
   8.0500000    5.3549412181e-03    2.2523062596e-05
   8.1000000    5.9317175322e-03    2.4699733255e-05
   8.1500000    6.6550708963e-03    2.7458127288e-05
   8.2000000    7.5875469089e-03    3.1050102657e-05
   8.2500000    8.8331480952e-03    3.5894365598e-05
   8.3000000    1.0578524917e-02    4.2742152727e-05
   8.3500000    1.3195397462e-02    5.3089127306e-05
   8.4000000    1.7545494659e-02    7.0401989831e-05
   8.4500000    2.6185091825e-02    1.0496352732e-04
   8.5000000    5.1557329557e-02    2.0682319413e-04
   8.5500000    1.5605709128e+00    6.2761845713e-03
   8.6000000    5.5408176695e-02    2.2380743322e-04
   8.6500000    2.7291009130e-02    1.1091394627e-04
   8.7000000    1.8144350356e-02    7.4324213996e-05
   8.7500000    1.3617696299e-02    5.6316793476e-05
   8.8000000    1.0920075112e-02    4.5665071494e-05
   8.8500000    9.1318532585e-03    3.8669379667e-05
   8.9000000    7.8614961480e-03    3.3754033463e-05
   8.9500000    6.9140874611e-03    3.0134529472e-05
   9.0000000    6.1816819915e-03    2.7376737591e-05
   9.0500000    5.5996722435e-03    2.5220102630e-05
   9.1000000    5.1270289119e-03    2.3499044996e-05
   9.1500000    4.7364492764e-03    2.2103518665e-05
   9.2000000    4.4090655371e-03    2.0957471911e-05
   9.2500000    4.1314271575e-03    2.0006682804e-05
   9.3000000    3.8936892271e-03    1.9211437046e-05
   9.3500000    3.6884858399e-03    1.8542070146e-05
   9.4000000    3.5102004763e-03    1.7976014603e-05
   9.4500000    3.3544817721e-03    1.7495783730e-05
   9.5000000    3.2179075761e-03    1.7087621623e-05
   9.5500000    3.0977576895e-03    1.6740593103e-05
   9.6000000    2.9918468450e-03    1.6445901351e-05
   9.6500000    2.8984040394e-03    1.6196415051e-05
   9.7000000    2.8159835739e-03    1.5986329551e-05
   9.7500000    2.7434035616e-03    1.5810926443e-05
   9.8000000    2.6796930406e-03    1.5666323053e-05
   9.8500000    2.6240533428e-03    1.5549268610e-05
   9.9000000    2.5758299917e-03    1.5457063738e-05
   9.9500000    2.5344905078e-03    1.5387472169e-05
  10.0000000    2.4996059554e-03    1.5338657877e-05
  10.0500000    2.4708394906e-03    1.5309173652e-05
  10.1000000    2.4479371751e-03    1.5297866090e-05
  10.1500000    2.4307204940e-03    1.5303818532e-05
  10.2000000    2.4190826626e-03    1.5326369129e-05
  10.2500000    2.4129872010e-03    1.5365090134e-05
  10.3000000    2.4124662796e-03    1.5419791292e-05
  10.3500000    2.4176240880e-03    1.5490515398e-05
  10.4000000    2.4286415765e-03    1.5577538013e-05
  10.4500000    2.4457835554e-03    1.5681396010e-05
  10.5000000    2.4694076521e-03    1.5802933391e-05
  10.5500000    2.4999823987e-03    1.5943359872e-05
  10.6000000    2.5381049617e-03    1.6104310625e-05
  10.6500000    2.5845271848e-03    1.6287922646e-05
  10.7000000    2.6401912618e-03    1.6496957688e-05
  10.7500000    2.7062776384e-03    1.6734983684e-05
  10.8000000    2.7842681674e-03    1.7006625949e-05
  10.8500000    2.8760341727e-03    1.7317909500e-05
  10.9000000    2.9839592159e-03    1.7676722854e-05
  10.9500000    3.1111125178e-03    1.8093478501e-05
  11.0000000    3.2614996402e-03    1.8582083378e-05
  11.0500000    3.4404335658e-03    1.9161447031e-05
  11.1000000    3.6551012171e-03    1.9857659627e-05
  11.1500000    3.9154518165e-03    2.0707812831e-05
  11.2000000    4.2356464997e-03    2.1765240836e-05
  11.2500000    4.6365299838e-03    2.3110229706e-05
  11.3000000    5.1500744624e-03    2.4868207330e-05
  11.3500000    5.8279155782e-03    2.7243492735e-05
  11.4000000    6.7591777167e-03    3.0595405499e-05
  11.4500000    8.1119780507e-03    3.5603990754e-05
  11.5000000    1.0245756065e-02    4.3730397353e-05
  11.5500000    1.4091496157e-02    5.8767605940e-05
  11.6000000    2.3036880912e-02    9.4525231689e-05
  11.6500000    6.6733186686e-02    2.7186905651e-04
  11.7000000    7.0197684499e-02    2.8708585464e-04
  11.7500000    2.2617879131e-02    9.4000043952e-05
  11.8000000    1.3362536157e-02    5.7146682923e-05
  11.8500000    9.4318620384e-03    4.1998627464e-05
  11.9000000    7.2636489852e-03    3.4019716912e-05
  11.9500000    5.8939803363e-03    2.9267834660e-05
  12.0000000    4.9536146369e-03    2.6228759731e-05
  12.0500000    4.2706901430e-03    2.4196637734e-05
  12.1000000    3.7544085551e-03    2.2799220014e-05
  12.1500000    3.3522918524e-03    2.1822460197e-05
  12.2000000    3.0319062889e-03    2.1136718142e-05
  12.2500000    2.7721376927e-03    2.0658696032e-05
  12.3000000    2.5586578210e-03    2.0332885279e-05
  12.3500000    2.3814081052e-03    2.0120922307e-05
  12.4000000    2.2331258869e-03    1.9996475111e-05
  12.4500000    2.1084417019e-03    1.9940863411e-05
  12.5000000    2.0033046990e-03    1.9940585158e-05
  12.5500000    1.9146058617e-03    1.9985556449e-05
  12.6000000    1.8399232937e-03    2.0067542744e-05
  12.6500000    1.7773460747e-03    2.0181631639e-05
  12.7000000    1.7253497581e-03    2.0321920414e-05
  12.7500000    1.6827063039e-03    2.0486242174e-05
  12.8000000    1.6484186937e-03    2.0672338697e-05
  12.8500000    1.6216722162e-03    2.0878053356e-05
  12.9000000    1.6017973622e-03    2.1101679588e-05
  12.9500000    1.5882410760e-03    2.1341982796e-05
  13.0000000    1.5805453237e-03    2.1598057039e-05
  13.0500000    1.5783299494e-03    2.1869194069e-05
  13.1000000    1.5812778208e-03    2.2154898051e-05
  13.1500000    1.5891229793e-03    2.2454943825e-05
  13.2000000    1.6016409809e-03    2.2769305608e-05
  13.2500000    1.6186400056e-03    2.3098169492e-05
  13.3000000    1.6399522596e-03    2.3441950018e-05
  13.3500000    1.6654260889e-03    2.3801181503e-05
  13.4000000    1.6949186269e-03    2.4176612692e-05
  13.4500000    1.7282876963e-03    2.4569194745e-05
  13.5000000    1.7653826121e-03    2.4979892590e-05
  13.5500000    1.8060355761e-03    2.5409716345e-05
  13.6000000    1.8500522559e-03    2.5859657718e-05
  13.6500000    1.8972002444e-03    2.6330072316e-05
  13.7000000    1.9471988512e-03    2.6821943836e-05
  13.7500000    1.9997078473e-03    2.7336116902e-05
  13.8000000    2.0543163404e-03    2.7873027346e-05
  13.8500000    2.1105326188e-03    2.8432500398e-05
  13.9000000    2.1677752553e-03    2.9013684125e-05
  13.9500000    2.2253672553e-03    2.9614911584e-05
  14.0000000    2.2825346246e-03    3.0233460768e-05
  14.0500000    2.3384104074e-03    3.0865466820e-05
  14.1000000    2.3920445939e-03    3.1506031602e-05
  14.1500000    2.4424232224e-03    3.2149135359e-05
  14.2000000    2.4884957694e-03    3.2787673826e-05
  14.2500000    2.5292111741e-03    3.3414301777e-05
  14.3000000    2.5635617301e-03    3.4018567383e-05
  14.3500000    2.5906306486e-03    3.4590732916e-05
  14.4000000    2.6096415582e-03    3.5127856674e-05
  14.4500000    2.6200054421e-03    3.5617652121e-05
  14.5000000    2.6213583296e-03    3.6051496584e-05
  14.5500000    2.6135869217e-03    3.6425224220e-05
  14.6000000    2.5968393205e-03    3.6735211643e-05
  14.6500000    2.5715186016e-03    3.6979611837e-05
  14.7000000    2.5382592763e-03    3.7158926510e-05
  14.7500000    2.4978904479e-03    3.7275735680e-05
  14.8000000    2.4513875219e-03    3.7334289357e-05
  14.8500000    2.3998200638e-03    3.7340084232e-05
  14.9000000    2.3442988170e-03    3.7299601499e-05
  14.9500000    2.2859283047e-03    3.7219857924e-05
  15.0000000    2.2257635339e-03    3.7108101388e-05
  15.0500000    2.1647778821e-03    3.6971537561e-05
  15.1000000    2.1038404766e-03    3.6817056441e-05
  15.1500000    2.0437016710e-03    3.6651032954e-05
  15.2000000    1.9849869005e-03    3.6479284324e-05
  15.2500000    1.9281987470e-03    3.6306957498e-05
  15.3000000    1.8737228153e-03    3.6138423489e-05
  15.3500000    1.8218374914e-03    3.5977281501e-05
  15.4000000    1.7727264011e-03    3.5826368926e-05
  15.4500000    1.7264914070e-03    3.5687631573e-05
  15.5000000    1.6831667848e-03    3.5563207591e-05
  15.5500000    1.6427322237e-03    3.5452272952e-05
  15.6000000    1.6051254239e-03    3.5357154016e-05
  15.6500000    1.5702536103e-03    3.5278564892e-05
  15.7000000    1.5380035441e-03    3.5215532355e-05
  15.7500000    1.5082505745e-03    3.5167850562e-05
  15.8000000    1.4808664025e-03    3.5135104898e-05
  15.8500000    1.4557250548e-03    3.5116644248e-05
  15.9000000    1.4327078432e-03    3.5111656138e-05
  15.9500000    1.4117074424e-03    3.5119286716e-05
  16.0000000    1.3926305282e-03    3.5138064296e-05
  16.0500000    1.3753987348e-03    3.5167416582e-05
  16.1000000    1.3599502169e-03    3.5207370412e-05
  16.1500000    1.3462393560e-03    3.5256642880e-05
  16.2000000    1.3342370997e-03    3.5314290774e-05
  16.2500000    1.3239302213e-03    3.5379735954e-05
  16.3000000    1.3153207154e-03    3.5452631371e-05
  16.3500000    1.3084246322e-03    3.5532750079e-05
  16.4000000    1.3032711351e-03    3.5619357180e-05
  16.4500000    1.2999017377e-03    3.5711730507e-05
  16.5000000    1.2983697153e-03    3.5810021028e-05
  16.5500000    1.2987400020e-03    3.5915014302e-05
  16.6000000    1.3010893898e-03    3.6027665357e-05
  16.6500000    1.3055069974e-03    3.6148755236e-05
  16.7000000    1.3120957744e-03    3.6278772227e-05
  16.7500000    1.3209735266e-03    3.6418005223e-05
  16.8000000    1.3322748444e-03    3.6566789741e-05
  16.8500000    1.3461533553e-03    3.6725722136e-05
  16.9000000    1.3627842235e-03    3.6895616125e-05
  16.9500000    1.3823675973e-03    3.7077663284e-05
  17.0000000    1.4051272793e-03    3.7270891658e-05
  17.0500000    1.4313148191e-03    3.7476620691e-05
  17.1000000    1.4612093192e-03    3.7695977644e-05
  17.1500000    1.4951152476e-03    3.7929926032e-05
  17.2000000    1.5333575735e-03    3.8179225002e-05
  17.2500000    1.5762738754e-03    3.8444348875e-05
  17.3000000    1.6242011747e-03    3.8725357808e-05
  17.3500000    1.6774561723e-03    3.9022547375e-05
  17.4000000    1.7363069008e-03    3.9334029226e-05
  17.4500000    1.8009353917e-03    3.9657810304e-05
  17.5000000    1.8713878041e-03    4.0000211740e-05
  17.5500000    1.9475123770e-03    4.0355721169e-05
  17.6000000    2.0288848042e-03    4.0721002741e-05
  17.6500000    2.1147240415e-03    4.1092391347e-05
  17.7000000    2.2038039746e-03    4.1465214753e-05
  17.7500000    2.2943744879e-03    4.1833917678e-05
  17.8000000    2.3841077014e-03    4.2191692504e-05
  17.8500000    2.4700949761e-03    4.2531360476e-05
  17.9000000    2.5489230141e-03    4.2844880273e-05
  17.9500000    2.6168498236e-03    4.3125225174e-05
  18.0000000    2.6700928429e-03    4.3366132521e-05
  18.0500000    2.7052094077e-03    4.3562661513e-05
  18.1000000    2.7195149303e-03    4.3712950348e-05
  18.1500000    2.7114643686e-03    4.3818611808e-05
  18.2000000    2.6809082948e-03    4.3884224073e-05
  18.2500000    2.6291508261e-03    4.3917839457e-05
  18.3000000    2.5587956133e-03    4.3926285617e-05
  18.3500000    2.4734193037e-03    4.3921264985e-05
  18.4000000    2.3771494354e-03    4.3910734619e-05
  18.4500000    2.2742388735e-03    4.3901166461e-05
  18.5000000    2.1687125647e-03    4.3898614968e-05
  18.5500000    2.0641278574e-03    4.3907110637e-05
  18.6000000    1.9634540630e-03    4.3929314283e-05
  18.6500000    1.8690543520e-03    4.3962723294e-05
  18.7000000    1.7827416844e-03    4.4012485334e-05
  18.7500000    1.7058768652e-03    4.4080777137e-05
  18.8000000    1.6394879337e-03    4.4165340330e-05
  18.8500000    1.5843931106e-03    4.4266281617e-05
  18.9000000    1.5413236749e-03    4.4385509534e-05
  18.9500000    1.5110454709e-03    4.4525308306e-05
  19.0000000    1.4944795598e-03    4.4687939498e-05
  19.0500000    1.4928366118e-03    4.4876814091e-05
  19.1000000    1.5077777011e-03    4.5097286580e-05
  19.1500000    1.5416261577e-03    4.5356910252e-05
  19.2000000    1.5976679905e-03    4.5666319945e-05
  19.2500000    1.6806069843e-03    4.6040153332e-05
  19.3000000    1.7972880273e-03    4.6499223804e-05
  19.3500000    1.9579152654e-03    4.7077637063e-05
  19.4000000    2.1781993451e-03    4.7827561102e-05
  19.4500000    2.4834173929e-03    4.8849167626e-05
  19.5000000    2.9166868014e-03    5.0334517319e-05
  19.5500000    3.5576379509e-03    5.2684232585e-05
  19.6000000    4.5707384207e-03    5.6838368266e-05
  19.6500000    6.3579016716e-03    6.5384602344e-05
  19.7000000    1.0225287650e-02    8.7518198715e-05
  19.7500000    2.4172307729e-02    1.8167816350e-04
  19.8000000    8.9997401741e-02    6.6030782986e-04
  19.8500000    1.6972284347e-02    1.3461230452e-04
  19.9000000    9.8551149781e-03    8.8628796890e-05
  19.9500000    7.2307932072e-03    7.3986171100e-05
  20.0000000    5.9161242934e-03    6.7794780382e-05
  20.0500000    5.1715771520e-03    6.4981392192e-05
  20.1000000    4.7382471667e-03    6.3901398101e-05
  20.1500000    4.5074263700e-03    6.3946773056e-05
  20.2000000    4.4330936640e-03    6.4940774022e-05
  20.2500000    4.5044498878e-03    6.6970936086e-05
  20.3000000    4.7408695750e-03    7.0414173829e-05
  20.3500000    5.2038806021e-03    7.6143543740e-05
  20.4000000    6.0416191096e-03    8.6163071961e-05
  20.4500000    7.6421581818e-03    1.0572609580e-04
  20.5000000    1.1350224022e-02    1.5317822743e-04
  20.5500000    2.6779575919e-02    3.5999071686e-04
  20.6000000    4.7291564981e-02    6.5719828957e-04
  20.6500000    1.1528642446e-02    1.7323561466e-04
  20.7000000    6.3151270555e-03    1.0656463411e-04
  20.7500000    4.2693312800e-03    8.2583093121e-05
  20.8000000    3.2072362677e-03    7.1324892395e-05
  20.8500000    2.5807350878e-03    6.5305309047e-05
  20.9000000    2.1894054706e-03    6.1839634975e-05
  20.9500000    1.9446034491e-03    5.9770276251e-05
  21.0000000    1.8035578787e-03    5.8538887855e-05
  21.0500000    1.7464833985e-03    5.7856864750e-05
  21.1000000    1.7682548443e-03    5.7575294368e-05
  21.1500000    1.8770364553e-03    5.7635899903e-05
  21.2000000    2.0991389607e-03    5.8069462948e-05
  21.2500000    2.4955211755e-03    5.9062432402e-05
  21.3000000    3.2128593671e-03    6.1233751845e-05
  21.3500000    4.6799059127e-03    6.6908337415e-05
  21.4000000    8.8368959850e-03    8.9584949584e-05
  21.4500000    7.1904073256e-02    5.8349699600e-04
  21.5000000    1.2359008049e-02    1.1821376031e-04
  21.5500000    5.9143755576e-03    7.7322084799e-05
  21.6000000    4.0135614465e-03    6.8548633061e-05
  21.6500000    3.1221448478e-03    6.5486044701e-05
  21.7000000    2.6173911980e-03    6.4227892038e-05
  21.7500000    2.3025894306e-03    6.3723878351e-05
  21.8000000    2.0965028577e-03    6.3601947260e-05
  21.8500000    1.9600550821e-03    6.3709243797e-05
  21.9000000    1.8727840643e-03    6.3982757975e-05
  21.9500000    1.8237687581e-03    6.4405295170e-05
  22.0000000    1.8077850760e-03    6.4991143575e-05
  22.0500000    1.8237601186e-03    6.5783958189e-05
  22.1000000    1.8745595528e-03    6.6868554027e-05
  22.1500000    1.9680111531e-03    6.8397040096e-05
  22.2000000    2.1198507667e-03    7.0653851508e-05
  22.2500000    2.3608869347e-03    7.4210366521e-05
  22.3000000    2.7556569901e-03    8.0314835684e-05
  22.3500000    3.4601484812e-03    9.2202653498e-05
  22.4000000    4.9627651113e-03    1.2059379362e-04
  22.4500000    9.9420867555e-03    2.2603361773e-04
  22.5000000    8.0737865409e-02    1.8388307982e-03
  22.5500000    7.4550578420e-03    1.8594006492e-04
  22.6000000    3.8662664886e-03    1.1186398402e-04
  22.6500000    2.6558149110e-03    8.9698453800e-05
  22.7000000    2.1035658041e-03    8.0466094962e-05
  22.7500000    1.8457005780e-03    7.6049841494e-05
  22.8000000    1.7696612634e-03    7.3859440848e-05
  22.8500000    1.8484930161e-03    7.2900122043e-05
  22.9000000    2.1133093020e-03    7.2826089852e-05
  22.9500000    2.6911146994e-03    7.3826700104e-05
  23.0000000    4.0206637535e-03    7.7658754887e-05
  23.0500000    8.5839526623e-03    9.9860231269e-05
  23.1000000    6.4387535680e-02    5.5798140436e-04
  23.1500000    7.1063727653e-03    9.6794541137e-05
  23.2000000    3.9217120609e-03    8.1699551221e-05
  23.2500000    2.8071563152e-03    7.8274057298e-05
  23.3000000    2.2539419349e-03    7.7190501403e-05
  23.3500000    1.9329745314e-03    7.6893370901e-05
  23.4000000    1.7309464670e-03    7.6944768100e-05
  23.4500000    1.5988449488e-03    7.7183231144e-05
  23.5000000    1.5124855633e-03    7.7543164058e-05
  23.5500000    1.4591034957e-03    7.8001614100e-05
  23.6000000    1.4320237856e-03    7.8560956282e-05
  23.6500000    1.4284064940e-03    7.9245456021e-05
  23.7000000    1.4484388008e-03    8.0103404746e-05
  23.7500000    1.4954881411e-03    8.1217842356e-05
  23.8000000    1.5773382733e-03    8.2735747793e-05
  23.8500000    1.7093862555e-03    8.4944499864e-05
  23.9000000    1.9225614974e-03    8.8442388379e-05
  23.9500000    2.2852980020e-03    9.4686962622e-05
  24.0000000    2.9792844134e-03    1.0800601612e-04
  24.0500000    4.6854733440e-03    1.4638810525e-04
  24.1000000    1.3930437554e-02    3.9228780657e-04
  24.1500000    1.1756277521e-02    3.4525114019e-04
  24.2000000    4.0324418320e-03    1.4234954186e-04
  24.2500000    2.4855328469e-03    1.0853512201e-04
  24.3000000    1.8884396699e-03    9.7466473822e-05
  24.3500000    1.6352069641e-03    9.2958898744e-05
  24.4000000    1.5723693681e-03    9.1025897376e-05
  24.4500000    1.6678405178e-03    9.0335553232e-05
  24.5000000    1.9672908712e-03    9.0410181226e-05
  24.5500000    2.6658316056e-03    9.1310425875e-05
  24.6000000    4.6220799701e-03    9.4982310984e-05
  24.6500000    2.0740507979e-02    1.6765289906e-04
  24.7000000    8.6182136674e-03    1.1060120235e-04
  24.7500000    3.7401556160e-03    9.6410846952e-05
  24.8000000    2.4944052690e-03    9.4913259059e-05
  24.8500000    1.9421329266e-03    9.4905064863e-05
  24.9000000    1.6402617180e-03    9.5308668693e-05
  24.9500000    1.4566687378e-03    9.5885657603e-05
  25.0000000    1.3385344199e-03    9.6557981375e-05
  25.0500000    1.2609727988e-03    9.7298445768e-05
  25.1000000    1.2110992124e-03    9.8100457762e-05
  25.1500000    1.1820190008e-03    9.8969509281e-05
  25.2000000    1.1702972596e-03    9.9920167343e-05
  25.2500000    1.1749068099e-03    1.0097754626e-04
  25.3000000    1.1969852686e-03    1.0218188600e-04
  25.3500000    1.2402754927e-03    1.0359789007e-04
  25.4000000    1.3125450107e-03    1.0534011075e-04
  25.4500000    1.4290486855e-03    1.0763617690e-04
  25.5000000    1.6213367662e-03    1.1100234164e-04
  25.5500000    1.9633389448e-03    1.1682956856e-04
  25.6000000    2.6720742549e-03    1.3000019320e-04
  25.6500000    4.7561094901e-03    1.7819639519e-04
  25.7000000    4.8282584823e-02    1.5158324886e-03
  25.7500000    5.4414504099e-03    2.0608126429e-04
  25.8000000    2.5990963468e-03    1.3868407712e-04
  25.8500000    1.7865582661e-03    1.2529457859e-04
  25.9000000    1.4514421265e-03    1.2143869114e-04
  25.9500000    1.3155411024e-03    1.2049430101e-04
  26.0000000    1.3013574681e-03    1.2072717285e-04
  26.0500000    1.4004961244e-03    1.2152759180e-04
  26.1000000    1.6644169878e-03    1.2264039957e-04
  26.1500000    2.2877717934e-03    1.2396414396e-04
  26.2000000    4.2165890921e-03    1.2564858174e-04
  26.2500000    4.9523757949e-02    1.8908687548e-04
  26.3000000    5.1579473721e-03    1.2951428448e-04
  26.3500000    2.5667410520e-03    1.3024953644e-04
  26.4000000    1.7902609039e-03    1.3167251355e-04
  26.4500000    1.4312203874e-03    1.3322106274e-04
  26.5000000    1.2318314584e-03    1.3482334776e-04
  26.5500000    1.1094054522e-03    1.3647218088e-04
  26.6000000    1.0295920741e-03    1.3816630892e-04
  26.6500000    9.7578677786e-04    1.3991078082e-04
  26.7000000    9.3915759596e-04    1.4171409543e-04
  26.7500000    9.1473470783e-04    1.4358770762e-04
  26.8000000    8.9968272003e-04    1.4554584093e-04
  26.8500000    8.9248592161e-04    1.4760454138e-04
  26.9000000    8.9257442476e-04    1.4978158508e-04
  26.9500000    9.0020973179e-04    1.5209727084e-04
  27.0000000    9.1658123725e-04    1.5457673922e-04
  27.0500000    9.4417165146e-04    1.5725384939e-04
  27.1000000    9.8759324272e-04    1.6017897496e-04
  27.1500000    1.0554377431e-03    1.6343808787e-04
  27.2000000    1.1646826515e-03    1.6720753077e-04
  27.2500000    1.3526667435e-03    1.7192316935e-04
  27.3000000    1.7174106015e-03    1.7897104550e-04
  27.3500000    2.6146711190e-03    1.9502176370e-04
  27.4000000    7.0364315317e-03    3.0520612584e-04
  27.4500000    8.1187686366e-03    3.4333382366e-04
  27.5000000    2.5991817695e-03    2.0688944663e-04
  27.5500000    1.6348257251e-03    1.9736973460e-04
  27.6000000    1.2751609515e-03    1.9791883092e-04
  27.6500000    1.1148432596e-03    2.0087884894e-04
  27.7000000    1.0491832429e-03    2.0477056039e-04
  27.7500000    1.0448811968e-03    2.0915712530e-04
  27.8000000    1.0982628880e-03    2.1388869505e-04
  27.8500000    1.2316940338e-03    2.1895444790e-04
  27.9000000    1.5201508016e-03    2.2455617594e-04
  27.9500000    2.2319579993e-03    2.3189977871e-04
  28.0000000    5.2157857744e-03    2.5667924945e-04
  28.0500000    1.1272373569e-02    3.4841214252e-04
  28.1000000    2.7532586459e-03    2.5300468728e-04
  28.1500000    1.6487724745e-03    2.5293582274e-04
  28.2000000    1.2398143715e-03    2.5690156043e-04
  28.2500000    1.0380184077e-03    2.6172572135e-04
  28.3000000    9.2319194878e-04    2.6684035471e-04
  28.3500000    8.5189345637e-04    2.7207794129e-04
  28.4000000    8.0492529034e-04    2.7736916692e-04
  28.4500000    7.7267064285e-04    2.8267540863e-04
  28.5000000    7.4987672454e-04    2.8797295371e-04
  28.5500000    7.3348850492e-04    2.9324521431e-04
  28.6000000    7.2164571101e-04    2.9848047843e-04
  28.6500000    7.1318017391e-04    3.0366991271e-04
  28.7000000    7.0734975997e-04    3.0880639799e-04
  28.7500000    7.0369165167e-04    3.1388425299e-04
  28.8000000    7.0194050331e-04    3.1889929840e-04
  28.8500000    7.0198694454e-04    3.2384859692e-04
  28.9000000    7.0386314833e-04    3.2873053542e-04
  28.9500000    7.0775180173e-04    3.3354548995e-04
  29.0000000    7.1402386068e-04    3.3829569561e-04
  29.0500000    7.2331663403e-04    3.4298555733e-04
  29.1000000    7.3668012928e-04    3.4762291317e-04
  29.1500000    7.5585749498e-04    3.5222105045e-04
  29.2000000    7.8384063851e-04    3.5680249565e-04
  29.2500000    8.2604355425e-04    3.6140864928e-04
  29.3000000    8.9301852763e-04    3.6612378471e-04
  29.3500000    1.0075840404e-03    3.7114672428e-04
  29.4000000    1.2273685271e-03    3.7707095087e-04
  29.4500000    1.7424608981e-03    3.8639341380e-04
  29.5000000    3.7075387141e-03    4.2353657466e-04
  29.5500000    1.4076394681e-02    7.8266207841e-04
  29.6000000    2.5120980257e-03    4.0459556275e-04
  29.6500000    1.4986776642e-03    3.9723106137e-04
  29.7000000    1.1584168646e-03    3.9880759072e-04
  29.7500000    1.0066660305e-03    4.0200541638e-04
  29.8000000    9.3290273096e-04    4.0575881245e-04
  29.8500000    8.9998853001e-04    4.0983000546e-04
  29.9000000    8.9381645400e-04    4.1419778536e-04
  29.9500000    9.1032765762e-04    4.1895543760e-04
  30.0000000    9.5222953681e-04    4.2433608932e-04
  30.0500000    1.0304077556e-03    4.3085783333e-04
  30.1000000    1.1717857680e-03    4.3979878939e-04
  30.1500000    1.4468222085e-03    4.5502695085e-04
  30.2000000    2.0939854069e-03    4.9318198880e-04
  30.2500000    4.6744253899e-03    7.0594732328e-04
  30.3000000    1.1928191762e-02    1.5055343927e-03
  30.3500000    2.5944016621e-03    5.4032840683e-04
  30.4000000    1.5187154513e-03    4.8001795349e-04
  30.4500000    1.1324441437e-03    4.6796746610e-04
  30.5000000    9.4708583950e-04    4.6597422323e-04
  30.5500000    8.4469467921e-04    4.6732572569e-04
  30.6000000    7.8305860315e-04    4.7012857162e-04
  30.6500000    7.4371088643e-04    4.7368928356e-04
  30.7000000    7.1751108282e-04    4.7770892664e-04
  30.7500000    6.9953101732e-04    4.8204227864e-04
  30.8000000    6.8693752772e-04    4.8661248868e-04
  30.8500000    6.7801679115e-04    4.9137628247e-04
  30.9000000    6.7168770378e-04    4.9630802176e-04
  30.9500000    6.6724430962e-04    5.0139169993e-04
  31.0000000    6.6421198502e-04    5.0661671172e-04
  31.0500000    6.6226377659e-04    5.1197596426e-04
  31.1000000    6.6117003092e-04    5.1746424587e-04
  31.1500000    6.6076713955e-04    5.2307736719e-04
  31.2000000    6.6093748272e-04    5.2881188590e-04
  31.2500000    6.6159652634e-04    5.3466492627e-04
  31.3000000    6.6268426288e-04    5.4063391692e-04
  31.3500000    6.6415945530e-04    5.4671623204e-04
  31.4000000    6.6599601379e-04    5.5290909667e-04
  31.4500000    6.6818104288e-04    5.5920989514e-04
  31.5000000    6.7071362463e-04    5.6561597581e-04
  31.5500000    6.7360460069e-04    5.7212478880e-04
  31.6000000    6.7687734329e-04    5.7873380248e-04
  31.6500000    6.8057067923e-04    5.8544084739e-04
  31.7000000    6.8474181195e-04    5.9224407997e-04
  31.7500000    6.8947204978e-04    5.9914205435e-04
  31.8000000    6.9487556667e-04    6.0613379478e-04
  31.8500000    7.0111311565e-04    6.1321909506e-04
  31.9000000    7.0841365235e-04    6.2039895466e-04
  31.9500000    7.1710921649e-04    6.2767616142e-04
  32.0000000    7.2769288724e-04    6.3505652744e-04
  32.0500000    7.4091891753e-04    6.4255028800e-04
  32.1000000    7.5798423853e-04    6.5017514861e-04
  32.1500000    7.8087341685e-04    6.5796205686e-04
  32.2000000    8.1305589089e-04    6.6596724300e-04
  32.2500000    8.6100978765e-04    6.7430062051e-04
  32.3000000    9.3789630448e-04    6.8319236861e-04
  32.3500000    1.0736971824e-03    6.9322315014e-04
  32.4000000    1.3496892159e-03    7.0623550831e-04
  32.4500000    2.0684862770e-03    7.3126391665e-04
  32.5000000    5.9050419324e-03    9.0696941941e-04
  32.5500000    6.3440192764e-03    8.9689900783e-04
  32.6000000    2.2576345691e-03    7.4209088080e-04
  32.6500000    1.5193775673e-03    7.3785488048e-04
  32.7000000    1.2409892049e-03    7.4318446806e-04
  32.7500000    1.1094699603e-03    7.5061985491e-04
  32.8000000    1.0416855430e-03    7.5886911554e-04
  32.8500000    1.0071216034e-03    7.6761364044e-04
  32.9000000    9.9256720131e-04    7.7679190467e-04
  32.9500000    9.9184530960e-04    7.8644605988e-04
  33.0000000    1.0021476710e-03    7.9668705243e-04
  33.0500000    1.0225848007e-03    8.0769809374e-04
  33.1000000    1.0536374501e-03    8.1976144783e-04
  33.1500000    1.0970800588e-03    8.3331343360e-04
  33.2000000    1.1562745179e-03    8.4904823131e-04
  33.2500000    1.2369448050e-03    8.6811934530e-04
  33.3000000    1.3488110174e-03    8.9255610371e-04
  33.3500000    1.5091145215e-03    9.2619944783e-04
  33.4000000    1.7509448705e-03    9.7705193718e-04
  33.4500000    2.1460235310e-03    1.0641261076e-03
  33.5000000    2.8829437562e-03    1.2422465444e-03
  33.5500000    4.6662331850e-03    1.7324191266e-03
  33.6000000    1.4281020960e-02    4.7448954679e-03
  33.6500000    1.2073571502e-02    4.0209934086e-03
  33.7000000    4.1707483730e-03    1.5866792141e-03
  33.7500000    2.5284724278e-03    1.1673717656e-03
  33.8000000    1.8358831993e-03    1.0268802265e-03
  33.8500000    1.4643846973e-03    9.6754842867e-04
  33.9000000    1.2391764952e-03    9.3957344486e-04
  33.9500000    1.0922256152e-03    9.2592399700e-04
  34.0000000    9.9152322254e-04    9.1960905813e-04
  34.0500000    9.2005161383e-04    9.1737003346e-04
  34.1000000    8.6796733461e-04    9.1753721996e-04
  34.1500000    8.2921999825e-04    9.1919002718e-04
  34.2000000    7.9991719830e-04    9.2178986469e-04
  34.2500000    7.7746412151e-04    9.2500638993e-04
  34.3000000    7.6008097557e-04    9.2862890618e-04
  34.3500000    7.4651795074e-04    9.3251845124e-04
  34.4000000    7.3587962198e-04    9.3658074604e-04
  34.4500000    7.2751306215e-04    9.4075030485e-04
  34.5000000    7.2093475120e-04    9.4498071705e-04
  34.5500000    7.1578190460e-04    9.4923859808e-04
  34.6000000    7.1177894429e-04    9.5349963148e-04
  34.6500000    7.0871415126e-04    9.5774590790e-04
  34.7000000    7.0642332182e-04    9.6196414184e-04
  34.7500000    7.0477808182e-04    9.6614445194e-04
  34.8000000    7.0367716651e-04    9.7027950058e-04
  34.8500000    7.0304017168e-04    9.7436388897e-04
  34.9000000    7.0280289262e-04    9.7839370136e-04
  34.9500000    7.0291375831e-04    9.8236621791e-04
  35.0000000    7.0333128322e-04    9.8627977801e-04
  35.0500000    7.0402189547e-04    9.9013345843e-04
  35.1000000    7.0495835395e-04    9.9392695059e-04
  35.1500000    7.0611871455e-04    9.9766045441e-04
  35.2000000    7.0748526221e-04    1.0013345605e-03
  35.2500000    7.0904344597e-04    1.0049501367e-03
  35.3000000    7.1078151933e-04    1.0085083612e-03
  35.3500000    7.1269030497e-04    1.0120107100e-03
  35.4000000    7.1476252623e-04    1.0154588546e-03
  35.4500000    7.1699259048e-04    1.0188548623e-03
  35.5000000    7.1937634184e-04    1.0222010672e-03
  35.5500000    7.2191081163e-04    1.0254998779e-03
  35.6000000    7.2459410367e-04    1.0287537708e-03
  35.6500000    7.2742522258e-04    1.0319653976e-03
  35.7000000    7.3040389523e-04    1.0351373812e-03
  35.7500000    7.3353064109e-04    1.0382723172e-03
  35.8000000    7.3680669320e-04    1.0413729465e-03
  35.8500000    7.4023385050e-04    1.0444422018e-03
  35.9000000    7.4381442257e-04    1.0474831528e-03
  35.9500000    7.4755123896e-04    1.0504989330e-03
  36.0000000    7.5144760307e-04    1.0534927739e-03
  36.0500000    7.5550714691e-04    1.0564680580e-03
  36.1000000    7.5973436816e-04    1.0594282823e-03
  36.1500000    7.6413429638e-04    1.0623767664e-03
  36.2000000    7.6871243889e-04    1.0653170807e-03
  36.2500000    7.7347534575e-04    1.0682525691e-03
  36.3000000    7.7842920704e-04    1.0711871023e-03
  36.3500000    7.8358153179e-04    1.0741246260e-03
  36.4000000    7.8894051242e-04    1.0770689106e-03
  36.4500000    7.9451525318e-04    1.0800239056e-03
  36.5000000    8.0031581288e-04    1.0829936709e-03
  36.5500000    8.0635335899e-04    1.0859823999e-03
  36.6000000    8.1264047813e-04    1.0889943712e-03
  36.6500000    8.1919130968e-04    1.0920340178e-03
  36.7000000    8.2602176320e-04    1.0951059920e-03
  36.7500000    8.3314992376e-04    1.0982152527e-03
  36.8000000    8.4059652636e-04    1.1013670052e-03
  36.8500000    8.4838538754e-04    1.1045668081e-03
  36.9000000    8.5654416034e-04    1.1078206720e-03
  36.9500000    8.6510529196e-04    1.1111350704e-03
  37.0000000    8.7410713258e-04    1.1145170944e-03
  37.0500000    8.8359546538e-04    1.1179746648e-03
  37.1000000    8.9362563043e-04    1.1215166643e-03
  37.1500000    9.0426507753e-04    1.1251532008e-03
  37.2000000    9.1559701946e-04    1.1288960289e-03
  37.2500000    9.2772599362e-04    1.1327592616e-03
  37.3000000    9.4078499412e-04    1.1367602109e-03
  37.3500000    9.5494513453e-04    1.1409201273e-03
  37.4000000    9.7043069853e-04    1.1452655750e-03
  37.4500000    9.8753988398e-04    1.1498306976e-03
  37.5000000    1.0066790804e-03    1.1546603902e-03
  37.5500000    1.0284120963e-03    1.1598161392e-03
  37.6000000    1.0535408634e-03    1.1653842679e-03
  37.6500000    1.0832377715e-03    1.1714905058e-03
  37.7000000    1.1192701987e-03    1.1783249780e-03
  37.7500000    1.1643985557e-03    1.1861883045e-03
  37.8000000    1.2231204592e-03    1.1955826618e-03
  37.8500000    1.3031480937e-03    1.2074049195e-03
  37.9000000    1.4185780667e-03    1.2233977315e-03
  37.9500000    1.5974333376e-03    1.2473414068e-03
  38.0000000    1.9024350099e-03    1.2887873874e-03
  38.0500000    2.5027579673e-03    1.3780519672e-03
  38.1000000    4.0447899956e-03    1.6570905613e-03
  38.1500000    1.3166844638e-02    3.8965448190e-03
  38.2000000    1.0182511233e-02    2.9973660225e-03
  38.2500000    3.9002317507e-03    1.5534238124e-03
  38.3000000    2.5909265165e-03    1.3495420317e-03
  38.3500000    2.0663670707e-03    1.2913100045e-03
  38.4000000    1.8049398140e-03    1.2706269878e-03
  38.4500000    1.6604518547e-03    1.2636549699e-03
  38.5000000    1.5766437379e-03    1.2628833902e-03
  38.5500000    1.5277227028e-03    1.2653822187e-03
  38.6000000    1.5004561255e-03    1.2698349237e-03
  38.6500000    1.4874943486e-03    1.2755896350e-03
  38.7000000    1.4845055937e-03    1.2823018233e-03
  38.7500000    1.4888177767e-03    1.2897826633e-03
  38.8000000    1.4987239732e-03    1.2979284212e-03
  38.8500000    1.5131051049e-03    1.3066849815e-03
  38.9000000    1.5312148990e-03    1.3160290570e-03
  38.9500000    1.5525526913e-03    1.3259579672e-03
  39.0000000    1.5767851799e-03    1.3364837212e-03
  39.0500000    1.6036969778e-03    1.3476295992e-03
  39.1000000    1.6331589523e-03    1.3594283214e-03
  39.1500000    1.6651070353e-03    1.3719209342e-03
  39.2000000    1.6995280824e-03    1.3851562545e-03
  39.2500000    1.7364508538e-03    1.3991908700e-03
  39.3000000    1.7759402423e-03    1.4140895447e-03
  39.3500000    1.8180938736e-03    1.4299259455e-03
  39.4000000    1.8630404829e-03    1.4467836005e-03
  39.4500000    1.9109398170e-03    1.4647571094e-03
  39.5000000    1.9619831866e-03    1.4839534599e-03
  39.5500000    2.0163947045e-03    1.5044935571e-03
  39.6000000    2.0744340805e-03    1.5265142772e-03
  39.6500000    2.1364006074e-03    1.5501710119e-03
  39.7000000    2.2026379998e-03    1.5756406385e-03
  39.7500000    2.2735407328e-03    1.6031250991e-03
  39.8000000    2.3495616908e-03    1.6328556869e-03
  39.8500000    2.4312217850e-03    1.6650983102e-03
  39.9000000    2.5191217406e-03    1.7001598874e-03
  39.9500000    2.6139563732e-03    1.7383960926e-03
  40.0000000    2.7165327613e-03    1.7802210467e-03
  40.0500000    2.8277931969e-03    1.8261194437e-03
  40.1000000    2.9488440230e-03    1.8766618020e-03
  40.1500000    3.0809921812e-03    1.9325237808e-03
  40.2000000    3.2257916600e-03    1.9945107641e-03
  40.2500000    3.3851041491e-03    2.0635898009e-03
  40.3000000    3.5611790217e-03    2.1409315985e-03
  40.3500000    3.7567596085e-03    2.2279662651e-03
  40.4000000    3.9752256904e-03    2.3264580772e-03
  40.4500000    4.2207881419e-03    2.4386075656e-03
  40.5000000    4.4987594489e-03    2.5671933029e-03
  40.5500000    4.8159374449e-03    2.7157729375e-03
  40.6000000    5.1811643126e-03    2.8889756586e-03
  40.6500000    5.6061610576e-03    3.0929385133e-03
  40.7000000    6.1068012449e-03    3.3359726427e-03
  40.7500000    6.7051225777e-03    3.6296155508e-03
  40.8000000    7.4326424609e-03    3.9903648575e-03
  40.8500000    8.3360726549e-03    4.4426664186e-03
  40.9000000    9.4877242974e-03    5.0243552099e-03
  40.9500000    1.1005825509e-02    5.7972791926e-03
  41.0000000    1.3097851518e-02    6.8699559294e-03
  41.0500000    1.6164332405e-02    8.4518524586e-03
  41.1000000    2.1091477300e-02    1.1006395816e-02
  41.1500000    3.0307703246e-02    1.5803424565e-02
  41.2000000    5.3723983737e-02    2.8025368496e-02
  41.2500000    2.3506050155e-01    1.2282403777e-01
  41.3000000    1.0003751735e-01    5.2419451968e-02
  41.3500000    4.1241417857e-02    2.1698583607e-02
  41.4000000    2.6013732974e-02    1.3758874703e-02
  41.4500000    1.9019272682e-02    1.0124186082e-02
  41.5000000    1.5002530256e-02    8.0464533046e-03
  41.5500000    1.2396306376e-02    6.7061711317e-03
  41.6000000    1.0569059789e-02    5.7730784712e-03
  41.6500000    9.2173242423e-03    5.0884626501e-03
  41.7000000    8.1771593228e-03    4.5665696499e-03
  41.7500000    7.3522298662e-03    4.1569979968e-03
  41.8000000    6.6822136087e-03    3.8281798478e-03
  41.8500000    6.1274102934e-03    3.5593333798e-03
  41.9000000    5.6606233090e-03    3.3362178047e-03
  41.9500000    5.2625960824e-03    3.1487470764e-03
  42.0000000    4.9193132794e-03    2.9895786381e-03
  42.0500000    4.6203304473e-03    2.8532398056e-03
  42.1000000    4.3577054622e-03    2.7355687789e-03
  42.1500000    4.1252913340e-03    2.6333447078e-03
  42.2000000    3.9182566275e-03    2.5440366544e-03
  42.2500000    3.7327512180e-03    2.4656287469e-03
  42.3000000    3.5656682139e-03    2.3964955056e-03
  42.3500000    3.4144739857e-03    2.3353126801e-03
  42.4000000    3.2770820330e-03    2.2809910958e-03
  42.4500000    3.1517581282e-03    2.2326269269e-03
  42.5000000    3.0370490183e-03    2.1894642463e-03
  42.5500000    2.9317283642e-03    2.1508664934e-03
  42.6000000    2.8347545718e-03    2.1162942744e-03
  42.6500000    2.7452370030e-03    2.0852876511e-03
  42.7000000    2.6624107561e-03    2.0574527566e-03
  42.7500000    2.5856086105e-03    2.0324474884e-03
  42.8000000    2.5142535991e-03    2.0099770667e-03
  42.8500000    2.4478412203e-03    1.9897847290e-03
  42.9000000    2.3859295304e-03    1.9716464775e-03
  42.9500000    2.3281273735e-03    1.9553650067e-03
  43.0000000    2.2740921531e-03    1.9407681640e-03
  43.0500000    2.2235225930e-03    1.9277049439e-03
  43.1000000    2.1761473434e-03    1.9160400928e-03
  43.1500000    2.1317242369e-03    1.9056535692e-03
  43.2000000    2.0900367995e-03    1.8964385055e-03
  43.2500000    2.0508904144e-03    1.8882993833e-03
  43.3000000    2.0141087580e-03    1.8811501908e-03
  43.3500000    1.9795331848e-03    1.8749138606e-03
  43.4000000    1.9470207067e-03    1.8695212695e-03
  43.4500000    1.9164414306e-03    1.8649100177e-03
  43.5000000    1.8876775106e-03    1.8610238136e-03
  43.5500000    1.8606215282e-03    1.8578115746e-03
  43.6000000    1.8351753324e-03    1.8552269865e-03
  43.6500000    1.8112485688e-03    1.8532278458e-03
  43.7000000    1.7887581668e-03    1.8517756465e-03
  43.7500000    1.7676279588e-03    1.8508354109e-03
  43.8000000    1.7477879456e-03    1.8503753632e-03
  43.8500000    1.7291735065e-03    1.8503665534e-03
  43.9000000    1.7117248464e-03    1.8507826223e-03
  43.9500000    1.6953864558e-03    1.8515996297e-03
  44.0000000    1.6801066148e-03    1.8527957981e-03
  44.0500000    1.6658371309e-03    1.8543514143e-03
  44.1000000    1.6525330502e-03    1.8562487209e-03
  44.1500000    1.6401524815e-03    1.8584717996e-03
  44.2000000    1.6286563451e-03    1.8610064690e-03
  44.2500000    1.6180081156e-03    1.8638402232e-03
  44.3000000    1.6081736262e-03    1.8669621722e-03
  44.3500000    1.5991207795e-03    1.8703629456e-03
  44.4000000    1.5908194245e-03    1.8740346647e-03
  44.4500000    1.5832414353e-03    1.8779709875e-03
  44.5000000    1.5763606568e-03    1.8821670819e-03
  44.5500000    1.5701529228e-03    1.8866196409e-03
  44.6000000    1.5645960405e-03    1.8913269002e-03
  44.6500000    1.5596696277e-03    1.8962885693e-03
  44.7000000    1.5553551739e-03    1.9015058520e-03
  44.7500000    1.5516361194e-03    1.9069814503e-03
  44.8000000    1.5484979767e-03    1.9127195923e-03
  44.8500000    1.5459283810e-03    1.9187260248e-03
  44.9000000    1.5439171288e-03    1.9250079920e-03
  44.9500000    1.5424563151e-03    1.9315742449e-03
  45.0000000    1.5415404578e-03    1.9384350109e-03
  45.0500000    1.5411666536e-03    1.9456019830e-03
  45.1000000    1.5413347202e-03    1.9530883042e-03
  45.1500000    1.5420472949e-03    1.9609085223e-03
  45.2000000    1.5433099696e-03    1.9690785397e-03
  45.2500000    1.5451314286e-03    1.9776155592e-03
  45.3000000    1.5475235653e-03    1.9865380162e-03
  45.3500000    1.5505015762e-03    1.9958655155e-03
  45.4000000    1.5540839949e-03    2.0056187465e-03
  45.4500000    1.5582927528e-03    2.0158193925e-03
  45.5000000    1.5631532623e-03    2.0264900604e-03
  45.5500000    1.5686944469e-03    2.0376542148e-03
  45.6000000    1.5749487077e-03    2.0493361148e-03
  45.6500000    1.5819519161e-03    2.0615607892e-03
  45.7000000    1.5897434123e-03    2.0743540294e-03
  45.7500000    1.5983659381e-03    2.0877423862e-03
  45.8000000    1.6078655378e-03    2.1017532205e-03
  45.8500000    1.6182914724e-03    2.1164148213e-03
  45.9000000    1.6296961098e-03    2.1317565625e-03
  45.9500000    1.6421348657e-03    2.1478091551e-03
  46.0000000    1.6556662434e-03    2.1646050135e-03
  46.0500000    1.6703518965e-03    2.1821787138e-03
  46.1000000    1.6862567184e-03    2.2005675814e-03
  46.1500000    1.7034490868e-03    2.2198124407e-03
  46.2000000    1.7220013102e-03    2.2399585383e-03
  46.2500000    1.7419902404e-03    2.2610566695e-03
  46.3000000    1.7634980866e-03    2.2831645517e-03
  46.3500000    1.7866134932e-03    2.3063484842e-03
  46.4000000    1.8114329815e-03    2.3306853343e-03
  46.4500000    1.8380628262e-03    2.3562649014e-03
  46.5000000    1.8666214506e-03    2.3831927559e-03
  46.5500000    1.8972423830e-03    2.4115936541e-03
  46.6000000    1.9300778476e-03    2.4416156034e-03
  46.6500000    1.9653032947e-03    2.4734347848e-03
  46.7000000    2.0031230730e-03    2.5072615468e-03
  46.7500000    2.0437773174e-03    2.5433476369e-03
  46.8000000    2.0875504352e-03    2.5819950919e-03
  46.8500000    2.1347816788e-03    2.6235672907e-03
  46.9000000    2.1858783218e-03    2.6685027174e-03
  46.9500000    2.2413322675e-03    2.7173323334e-03
  47.0000000    2.3017411879e-03    2.7707017663e-03
  47.0500000    2.3678356722e-03    2.8293999819e-03
  47.1000000    2.4405144897e-03    2.8943967961e-03
  47.1500000    2.5208910939e-03    2.9668925934e-03
  47.2000000    2.6103559950e-03    3.0483852839e-03
  47.2500000    2.7106616175e-03    3.1407618223e-03
  47.3000000    2.8240399973e-03    3.2464255820e-03
  47.3500000    2.9533690048e-03    3.3684767564e-03
  47.4000000    3.1024124192e-03    3.5109734087e-03
  47.4500000    3.2761762754e-03    3.6793192302e-03
  47.5000000    3.4814512880e-03    3.8808541135e-03
  47.5500000    3.7276669646e-03    4.1257839107e-03
  47.6000000    4.0282893920e-03    4.4287012431e-03
  47.6500000    4.4032110226e-03    4.8111842736e-03
  47.7000000    4.8830646124e-03    5.3064850704e-03
  47.7500000    5.5175506014e-03    5.9685747255e-03
  47.8000000    6.3929286068e-03    6.8911346368e-03
  47.8500000    7.6730774420e-03    8.2521254631e-03
  47.9000000    9.7119230841e-03    1.0435804855e-02
  47.9500000    1.3441001030e-02    1.4453319515e-02
  48.0000000    2.2359406469e-02    2.4102177442e-02
  48.0500000    7.1104691909e-02    7.6969123007e-02
  48.1000000    5.8272467526e-02    6.3464646788e-02
  48.1500000    2.0407629654e-02    2.2396326347e-02
  48.2000000    1.2354746094e-02    1.3682702940e-02
  48.2500000    8.8789772912e-03    9.9345990273e-03
  48.3000000    6.9611818725e-03    7.8749338443e-03
  48.3500000    5.7598834268e-03    6.5901373584e-03
  48.4000000    4.9476166073e-03    5.7245870531e-03
  48.4500000    4.3702887325e-03    5.1109255139e-03
  48.5000000    3.9457253595e-03    4.6599533829e-03
  48.5500000    3.6259979832e-03    4.3197346269e-03
  48.6000000    3.3811960383e-03    4.0579676628e-03
  48.6500000    3.1916406086e-03    3.8535140273e-03
  48.7000000    3.0438279955e-03    3.6919740171e-03
  48.7500000    2.9281736340e-03    3.5632176176e-03
  48.8000000    2.8376881915e-03    3.4599300198e-03
  48.8500000    2.7671646844e-03    3.3767153390e-03
  48.9000000    2.7126594005e-03    3.3095228669e-03
  48.9500000    2.6711488088e-03    3.2552676363e-03
  49.0000000    2.6402957128e-03    3.2115722919e-03
  49.0500000    2.6182853324e-03    3.1765870240e-03
  49.1000000    2.6037073303e-03    3.1488610994e-03
  49.1500000    2.5954686602e-03    3.1272492893e-03
  49.2000000    2.5927274713e-03    3.1108423749e-03
  49.2500000    2.5948416379e-03    3.0989145771e-03
  49.3000000    2.6013275640e-03    3.0908830946e-03
  49.3500000    2.6118262365e-03    3.0862764668e-03
  49.4000000    2.6260744427e-03    3.0847094952e-03
  49.4500000    2.6438798255e-03    3.0858631534e-03
  49.5000000    2.6650989976e-03    3.0894683874e-03
  49.5500000    2.6896182517e-03    3.0952930386e-03
  49.6000000    2.7173365763e-03    3.1031313602e-03
  49.6500000    2.7481508692e-03    3.1127957492e-03
  49.7000000    2.7819434503e-03    3.1241104221e-03
  49.7500000    2.8185720879e-03    3.1369068246e-03
  49.8000000    2.8578626874e-03    3.1510206057e-03
  49.8500000    2.8996046545e-03    3.1662900074e-03
  49.9000000    2.9435488826e-03    3.1825555258e-03
  49.9500000    2.9894083256e-03    3.1996606914e-03
  50.0000000    3.0368610721e-03    3.2174538005e-03
  50.0500000    3.0855556690e-03    3.2357904195e-03
  50.1000000    3.1351182913e-03    3.2545364754e-03
  50.1500000    3.1851613543e-03    3.2735717364e-03
  50.2000000    3.2352932567e-03    3.2927934763e-03
  50.2500000    3.2851289775e-03    3.3121201189e-03
  50.3000000    3.3343011692e-03    3.3314946574e-03
  50.3500000    3.3824713274e-03    3.3508876542e-03
  50.4000000    3.4293406865e-03    3.3702996352e-03
  50.4500000    3.4746606226e-03    3.3897627034e-03
  50.5000000    3.5182423541e-03    3.4093412114e-03
  50.5500000    3.5599656309e-03    3.4291313641e-03
  50.6000000    3.5997860270e-03    3.4492596523e-03
  50.6500000    3.6377405229e-03    3.4698800633e-03
  50.7000000    3.6739511645e-03    3.4911700527e-03
  50.7500000    3.7086265662e-03    3.5133253204e-03
  50.8000000    3.7420609000e-03    3.5365534984e-03
  50.8500000    3.7746299796e-03    3.5610669299e-03
  50.9000000    3.8067841875e-03    3.5870747850e-03
  50.9500000    3.8390381941e-03    3.6147748160e-03
  51.0000000    3.8719575297e-03    3.6443450970e-03
  51.0500000    3.9061421226e-03    3.6759361315e-03
  51.1000000    3.9422070962e-03    3.7096637212e-03
  51.1500000    3.9807614636e-03    3.7456029739e-03
  51.2000000    4.0223857274e-03    3.7837837720e-03
  51.2500000    4.0676095958e-03    3.8241879441e-03
  51.3000000    4.1168910548e-03    3.8667482719e-03
  51.3500000    4.1705980378e-03    3.9113494770e-03
  51.4000000    4.2289939283e-03    3.9578309666e-03
  51.4500000    4.2922280219e-03    4.0059913068e-03
  51.5000000    4.3603317556e-03    4.0555941414e-03
  51.5500000    4.4332208410e-03    4.1063752118e-03
  51.6000000    4.5107030326e-03    4.1580501437e-03
  51.6500000    4.5924910789e-03    4.2103227033e-03
  51.7000000    4.6782196673e-03    4.2628930800e-03
  51.7500000    4.7674654210e-03    4.3154659074e-03
  51.8000000    4.8597686831e-03    4.3677577185e-03
  51.8500000    4.9546555632e-03    4.4195035878e-03
  51.9000000    5.0516590145e-03    4.4704627547e-03
  51.9500000    5.1503379971e-03    4.5204231261e-03
  52.0000000    5.2502938815e-03    4.5692045244e-03
  52.0500000    5.3511834720e-03    4.6166606204e-03
  52.1000000    5.4527279806e-03    4.6626795874e-03
  52.1500000    5.5547175061e-03    4.7071835318e-03
  52.2000000    5.6570112872e-03    4.7501270097e-03
  52.2500000    5.7595335376e-03    4.7914941488e-03
  52.3000000    5.8622652922e-03    4.8312949318e-03
  52.3500000    5.9652328951e-03    4.8695618283e-03
  52.4000000    6.0684935003e-03    4.9063458490e-03
  52.4500000    6.1721187311e-03    4.9417097144e-03
  52.5000000    6.2761771241e-03    4.9757284096e-03
  52.5500000    6.3807170979e-03    5.0084822973e-03
  52.6000000    6.4857510231e-03    5.0400546594e-03
  52.6500000    6.5912419521e-03    5.0705307466e-03
  52.7000000    6.6970939722e-03    5.0999967262e-03
  52.7500000    6.8031466897e-03    5.1285401518e-03
  52.8000000    6.9091744384e-03    5.1562516610e-03
  52.8500000    7.0148905827e-03    5.1832277732e-03
  52.9000000    7.1199569018e-03    5.2095745918e-03
  52.9500000    7.2239975409e-03    5.2354123177e-03
  53.0000000    7.3266168232e-03    5.2608800494e-03
  53.0500000    7.4273677381e-03    5.2861492832e-03
  53.1000000    7.5259623624e-03    5.3113998920e-03
  53.1500000    7.6220446288e-03    5.3368518773e-03
  53.2000000    7.7153619533e-03    5.3627634649e-03
  53.2500000    7.8057614151e-03    5.3894287081e-03
  53.3000000    7.8932012828e-03    5.4171744284e-03
  53.3500000    7.9777674127e-03    5.4463568131e-03
  53.4000000    8.0596924614e-03    5.4773562742e-03
  53.4500000    8.1393666831e-03    5.5105707124e-03
  53.5000000    8.2173360478e-03    5.5464035514e-03
  53.5500000    8.2942976916e-03    5.5852482536e-03
  53.6000000    8.3710886519e-03    5.6274768889e-03
  53.6500000    8.4486704266e-03    5.6734266392e-03
  53.7000000    8.5281007099e-03    5.7233822544e-03
  53.7500000    8.6105028107e-03    5.7775604451e-03
  53.8000000    8.6970388345e-03    5.8360991865e-03
  53.8500000    8.7888751502e-03    5.8990491073e-03
  53.9000000    8.8871367068e-03    5.9663658112e-03
  53.9500000    8.9928611014e-03    6.0379058526e-03
  54.0000000    9.1069593010e-03    6.1134274784e-03
  54.0500000    9.2301804599e-03    6.1925949757e-03
  54.1000000    9.3630785484e-03    6.2749860962e-03
  54.1500000    9.5059837487e-03    6.3601025461e-03
  54.2000000    9.6589835200e-03    6.4473832180e-03
  54.2500000    9.8219157250e-03    6.5362195943e-03
  54.3000000    9.9943726567e-03    6.6259724350e-03
  54.3500000    1.0175714217e-02    6.7159889447e-03
  54.4000000    1.0365089695e-02    6.8056199038e-03
  54.4500000    1.0561467221e-02    6.8942362167e-03
  54.5000000    1.0763669474e-02    6.9812442918e-03
  54.5500000    1.0970414484e-02    7.0660999542e-03
  54.6000000    1.1180359576e-02    7.1483206734e-03
  54.6500000    1.1392145500e-02    7.2274956979e-03
  54.7000000    1.1604438263e-02    7.3032937663e-03
  54.7500000    1.1815967474e-02    7.3754684523e-03
  54.8000000    1.2025560625e-02    7.4438614559e-03
  54.8500000    1.2232172534e-02    7.5084040513e-03
  54.9000000    1.2434908825e-02    7.5691167215e-03
  54.9500000    1.2633042515e-02    7.6261070278e-03
  55.0000000    1.2826023293e-02    7.6795658605e-03
  55.0500000    1.3013479530e-02    7.7297622980e-03
  55.1000000    1.3195213590e-02    7.7770373081e-03
  55.1500000    1.3371191487e-02    7.8217964944e-03
  55.2000000    1.3541528359e-02    7.8645021088e-03
  55.2500000    1.3706471444e-02    7.9056645313e-03
  55.3000000    1.3866382277e-02    7.9458333453e-03
  55.3500000    1.4021719866e-02    7.9855880965e-03
  55.4000000    1.4173026690e-02    8.0255287585e-03
  55.4500000    1.4320919227e-02    8.0662658626e-03
  55.5000000    1.4466084116e-02    8.1084102084e-03
  55.5500000    1.4609280211e-02    8.1525620418e-03
  55.6000000    1.4751345866e-02    8.1992996184e-03
  55.6500000    1.4893210080e-02    8.2491671517e-03
  55.7000000    1.5035905412e-02    8.3026622205e-03
  55.7500000    1.5180579930e-02    8.3602228058e-03
  55.8000000    1.5328504916e-02    8.4222142721e-03
  55.8500000    1.5481074833e-02    8.4889166949e-03
  55.9000000    1.5639796303e-02    8.5605129930e-03
  55.9500000    1.5806263443e-02    8.6370784038e-03
  56.0000000    1.5982117917e-02    8.7185719150e-03
  56.0500000    1.6168993341e-02    8.8048302642e-03
  56.1000000    1.6368445453e-02    8.8955650508e-03
  56.1500000    1.6581871453e-02    8.9903634324e-03
  56.2000000    1.6810423637e-02    9.0886927552e-03
  56.2500000    1.7054923623e-02    9.1899092525e-03
  56.3000000    1.7315784202e-02    9.2932707906e-03
  56.3500000    1.7592945766e-02    9.3979535121e-03
  56.4000000    1.7885833407e-02    9.5030720106e-03
  56.4500000    1.8193339278e-02    9.6077025460e-03
  56.5000000    1.8513832624e-02    9.7109087342e-03
  56.5500000    1.8845197466e-02    9.8117690372e-03
  56.6000000    1.9184895910e-02    9.9094053260e-03
  56.6500000    1.9530053520e-02    1.0003011744e-02
  56.7000000    1.9877561806e-02    1.0091883094e-02
  56.7500000    2.0224192262e-02    1.0175441955e-02
  56.8000000    2.0566716339e-02    1.0253263721e-02
  56.8500000    2.0902026114e-02    1.0325098707e-02
  56.9000000    2.1227251189e-02    1.0390890448e-02
  56.9500000    2.1539867984e-02    1.0450789301e-02
  57.0000000    2.1837798236e-02    1.0505160421e-02
  57.0500000    2.2119494104e-02    1.0554585266e-02
  57.1000000    2.2384007786e-02    1.0599855793e-02
  57.1500000    2.2631043807e-02    1.0641960610e-02
  57.2000000    2.2860992179e-02    1.0682062623e-02
  57.2500000    2.3074940629e-02    1.0721467955e-02
  57.3000000    2.3274664087e-02    1.0761586406e-02
  57.3500000    2.3462589703e-02    1.0803884265e-02
  57.4000000    2.3641735960e-02    1.0849830902e-02
  57.4500000    2.3815624864e-02    1.0900841284e-02
  57.5000000    2.3988167271e-02    1.0958217253e-02
  57.5500000    2.4163522789e-02    1.1023090834e-02
  57.6000000    2.4345937512e-02    1.1096373143e-02
  57.6500000    2.4539565267e-02    1.1178712387e-02
  57.7000000    2.4748280597e-02    1.1270464081e-02
  57.7500000    2.4975493760e-02    1.1371675748e-02
  57.8000000    2.5223979482e-02    1.1482087321e-02
  57.8500000    2.5495732060e-02    1.1601147273e-02
  57.9000000    2.5791858344e-02    1.1728043273e-02
  57.9500000    2.6112517545e-02    1.1861745128e-02
  58.0000000    2.6456913608e-02    1.2001056964e-02
  58.0500000    2.6823341645e-02    1.2144675182e-02
  58.1000000    2.7209285645e-02    1.2291248553e-02
  58.1500000    2.7611560847e-02    1.2439437043e-02
  58.2000000    2.8026491080e-02    1.2587966314e-02
  58.2500000    2.8450109844e-02    1.2735675374e-02
  58.3000000    2.8878373543e-02    1.2881555468e-02
  58.3500000    2.9307375571e-02    1.3024778857e-02
  58.4000000    2.9733550868e-02    1.3164716665e-02
  58.4500000    3.0153861743e-02    1.3300945479e-02
  58.5000000    3.0565957100e-02    1.3433242949e-02
  58.5500000    3.0968298301e-02    1.3561573032e-02
  58.6000000    3.1360245890e-02    1.3686061918e-02
  58.6500000    3.1742102384e-02    1.3806965990e-02
  58.7000000    3.2115107274e-02    1.3924633577e-02
  58.7500000    3.2481381712e-02    1.4039462627e-02
  58.8000000    3.2843822299e-02    1.4151856587e-02
  58.8500000    3.3205945593e-02    1.4262180918e-02
  58.9000000    3.3571687948e-02    1.4370722763e-02
  58.9500000    3.3945168709e-02    1.4477656242e-02
  59.0000000    3.4330428477e-02    1.4583015612e-02
  59.0500000    3.4731157516e-02    1.4686678095e-02
  59.1000000    3.5150431974e-02    1.4788357704e-02
  59.1500000    3.5590476665e-02    1.4887610763e-02
  59.2000000    3.6052472412e-02    1.4983853119e-02
  59.2500000    3.6536423211e-02    1.5076388434e-02
  59.3000000    3.7041094059e-02    1.5164446274e-02
  59.3500000    3.7564024570e-02    1.5247228270e-02
  59.4000000    3.8101617284e-02    1.5323960146e-02
  59.4100000    3.8210507422e-02    1.5338517339e-02
  59.4200000    3.8319762609e-02    1.5352799293e-02
  59.4300000    3.8429340904e-02    1.5366801234e-02
  59.4400000    3.8539199283e-02    1.5380518641e-02
  59.4500000    3.8649293723e-02    1.5393947264e-02
  59.4600000    3.8759579281e-02    1.5407083145e-02
  59.4700000    3.8870010186e-02    1.5419922630e-02
  59.4800000    3.8980539926e-02    1.5432462391e-02
  59.4900000    3.9091121332e-02    1.5444699440e-02
  59.5000000    3.9201706677e-02    1.5456631147e-02
  59.5100000    3.9312247760e-02    1.5468255254e-02
  59.5200000    3.9422696003e-02    1.5479569893e-02
  59.5300000    3.9533002542e-02    1.5490573599e-02
  59.5400000    3.9643118323e-02    1.5501265327e-02
  59.5500000    3.9752994192e-02    1.5511644467e-02
  59.5600000    3.9862580990e-02    1.5521710854e-02
  59.5700000    3.9971829650e-02    1.5531464785e-02
  59.5800000    4.0080691284e-02    1.5540907030e-02
  59.5900000    4.0189117283e-02    1.5550038846e-02
  59.6000000    4.0297059404e-02    1.5558861986e-02
  59.6100000    4.0404469862e-02    1.5567378710e-02
  59.6200000    4.0511301424e-02    1.5575591801e-02
  59.6300000    4.0617507493e-02    1.5583504566e-02
  59.6400000    4.0723042200e-02    1.5591120849e-02
  59.6500000    4.0827860491e-02    1.5598445041e-02
  59.6600000    4.0931918207e-02    1.5605482085e-02
  59.6700000    4.1035172175e-02    1.5612237481e-02
  59.6800000    4.1137580283e-02    1.5618717295e-02
  59.6900000    4.1239101566e-02    1.5624928161e-02
  59.7000000    4.1339696276e-02    1.5630877287e-02
  59.7100000    4.1439325968e-02    1.5636572457e-02
  59.7200000    4.1537953564e-02    1.5642022032e-02
  59.7300000    4.1635543432e-02    1.5647234956e-02
  59.7400000    4.1732061451e-02    1.5652220747e-02
  59.7500000    4.1827475076e-02    1.5656989507e-02
  59.7600000    4.1921753410e-02    1.5661551912e-02
  59.7700000    4.2014867257e-02    1.5665919211e-02
  59.7800000    4.2106789187e-02    1.5670103227e-02
  59.7900000    4.2197493589e-02    1.5674116344e-02
  59.8000000    4.2286956725e-02    1.5677971508e-02
  59.8100000    4.2375156786e-02    1.5681682215e-02
  59.8200000    4.2462073932e-02    1.5685262505e-02
  59.8300000    4.2547690343e-02    1.5688726954e-02
  59.8400000    4.2631990259e-02    1.5692090658e-02
  59.8500000    4.2714960020e-02    1.5695369228e-02
  59.8600000    4.2796588103e-02    1.5698578773e-02
  59.8700000    4.2876865154e-02    1.5701735886e-02
  59.8800000    4.2955784016e-02    1.5704857632e-02
  59.8900000    4.3033339762e-02    1.5707961527e-02
  59.9000000    4.3109529714e-02    1.5711065525e-02
  59.9100000    4.3184353464e-02    1.5714187997e-02
  59.9200000    4.3257812896e-02    1.5717347711e-02
  59.9300000    4.3329912192e-02    1.5720563811e-02
  59.9400000    4.3400657852e-02    1.5723855797e-02
  59.9500000    4.3470058696e-02    1.5727243499e-02
  59.9600000    4.3538125870e-02    1.5730747053e-02
  59.9700000    4.3604872846e-02    1.5734386880e-02
  59.9800000    4.3670315424e-02    1.5738183653e-02
  59.9900000    4.3734471721e-02    1.5742158273e-02
  60.0000000    4.3797362165e-02    1.5746331842e-02
  60.0100000    4.3859009482e-02    1.5750725630e-02
  60.0200000    4.3919438679e-02    1.5755361048e-02
  60.0300000    4.3978677030e-02    1.5760259613e-02
  60.0400000    4.4036754046e-02    1.5765442922e-02
  60.0500000    4.4093701453e-02    1.5770932611e-02
  60.0600000    4.4149553165e-02    1.5776750330e-02
  60.0700000    4.4204345246e-02    1.5782917703e-02
  60.0800000    4.4258115877e-02    1.5789456294e-02
  60.0900000    4.4310905316e-02    1.5796387576e-02
  60.1000000    4.4362755854e-02    1.5803732890e-02
  60.1100000    4.4413711769e-02    1.5811513410e-02
  60.1200000    4.4463819276e-02    1.5819750110e-02
  60.1300000    4.4513126476e-02    1.5828463724e-02
  60.1400000    4.4561683294e-02    1.5837674709e-02
  60.1500000    4.4609541425e-02    1.5847403210e-02
  60.1600000    4.4656754267e-02    1.5857669025e-02
  60.1700000    4.4703376858e-02    1.5868491561e-02
  60.1800000    4.4749465802e-02    1.5879889808e-02
  60.1900000    4.4795079199e-02    1.5891882293e-02
  60.2000000    4.4840276569e-02    1.5904487051e-02
  60.2100000    4.4885118774e-02    1.5917721586e-02
  60.2200000    4.4929667934e-02    1.5931602839e-02
  60.2300000    4.4973987344e-02    1.5946147154e-02
  60.2400000    4.5018141386e-02    1.5961370242e-02
  60.2500000    4.5062195439e-02    1.5977287152e-02
  60.2600000    4.5106215786e-02    1.5993912238e-02
  60.2700000    4.5150269522e-02    1.6011259131e-02
  60.2800000    4.5194424452e-02    1.6029340707e-02
  60.2900000    4.5238748994e-02    1.6048169063e-02
  60.3000000    4.5283312079e-02    1.6067755487e-02
  60.3100000    4.5328183042e-02    1.6088110436e-02
  60.3200000    4.5373431526e-02    1.6109243512e-02
  60.3300000    4.5419127366e-02    1.6131163439e-02
  60.3400000    4.5465340485e-02    1.6153878044e-02
  60.3500000    4.5512140787e-02    1.6177394240e-02
  60.3600000    4.5559598043e-02    1.6201718005e-02
  60.3700000    4.5607781781e-02    1.6226854372e-02
  60.3800000    4.5656761174e-02    1.6252807412e-02
  60.3900000    4.5706604932e-02    1.6279580227e-02
  60.4000000    4.5757381183e-02    1.6307174937e-02
