  40.0100000    1.9388147457e-04    2.4073101577e-06   -5.8436535769e-04    1.1441902964e-07   -1.2610497652e-03    8.4786927224e-08   -4.0620282254e-04   -2.0711632939e-08
  40.0200000    2.1019545937e-04    2.7122033348e-06   -5.8386912718e-04    1.2198057652e-07   -1.2632887529e-03    7.3914300233e-08   -4.0586714532e-04   -1.9795509630e-08
  40.0300000    2.2643039966e-04    2.9627736632e-06   -5.8331775567e-04    1.2748895255e-07   -1.2655518697e-03    6.2650477003e-08   -4.0554262488e-04   -1.8783213021e-08
  40.0400000    2.4260540215e-04    3.1530740774e-06   -5.8274028367e-04    1.3089000554e-07   -1.2678400451e-03    5.1069056837e-08   -4.0523052418e-04   -1.7683802423e-08
  40.0500000    2.5874306818e-04    3.2788026502e-06   -5.8216675017e-04    1.3216222667e-07   -1.2701540698e-03    3.9245082570e-08   -4.0493205051e-04   -1.6506981035e-08
  40.0600000    2.7486907045e-04    3.3373949156e-06   -5.8162696340e-04    1.3131954562e-07   -1.2724945755e-03    2.7254552820e-08   -4.0464834712e-04   -1.5263029830e-08
  40.0700000    2.9101161528e-04    3.3280562890e-06   -5.8115009146e-04    1.2841054540e-07   -1.2748620273e-03    1.5173930698e-08   -4.0438048502e-04   -1.3962738496e-08
  40.0800000    3.0720081413e-04    3.2517346517e-06   -5.8076426663e-04    1.2351703204e-07   -1.2772567164e-03    3.0796567126e-09   -4.0412945513e-04   -1.2617323674e-08
  40.0900000    3.2894092235e-04   -1.5992141811e-07   -5.8049621663e-04    1.1675214210e-07   -1.2796787536e-03   -8.9523460816e-09   -4.0389616084e-04   -1.1238353992e-08
  40.1000000    3.4493840056e-04   -1.7498547873e-07   -5.8037092811e-04    1.0825787106e-07   -1.2821280639e-03   -2.0847145497e-08   -4.0368141088e-04   -9.8376629481e-09
  40.1100000    3.6105337968e-04   -1.8561228574e-07   -5.8041134521e-04    9.8202173568e-08   -1.2846043819e-03   -3.2531279310e-08   -4.0348591273e-04   -8.4272621058e-09
  40.1200000    3.7732108844e-04   -1.9196822906e-07   -5.8063810618e-04    8.6775691174e-08   -1.2871072492e-03   -4.3933206479e-08   -4.0331026649e-04   -7.0192505069e-09
  40.1300000    3.9377447712e-04   -1.9431238085e-07   -5.8106931942e-04    7.4188132431e-08   -1.2896360116e-03   -5.4983751617e-08   -4.0315495934e-04   -5.6257204029e-09
  40.1400000    4.1044360044e-04   -1.9298676628e-07   -5.8172038047e-04    6.0664434101e-08   -1.2921898182e-03   -6.5616535927e-08   -4.0302036047e-04   -4.2586730566e-09
  40.1500000    4.2735505319e-04   -1.8840491520e-07   -5.8260383060e-04    4.6440757407e-08   -1.2947676220e-03   -7.5768367625e-08   -4.0290671678e-04   -2.9299120406e-09
  40.1600000    4.4453147136e-04   -1.8103900719e-07   -5.8372925712e-04    3.1760385240e-08   -1.2973681807e-03   -8.5379635842e-08   -4.0281414912e-04   -1.6509608914e-09
  40.1700000    4.6222471319e-04   -2.1884009348e-07   -5.7552293508e-04    8.2889234832e-08   -1.2999896409e-03   -9.4394658385e-08   -4.0274264925e-04   -4.3295961347e-10
  40.1800000    4.7983860542e-04   -2.0932490972e-07   -5.7681605881e-04    7.4704668967e-08   -1.3026308535e-03   -1.0276203641e-07   -4.0269207751e-04    7.1341758100e-10
  40.1900000    4.9770236522e-04   -1.9824381771e-07   -5.7836958724e-04    6.6233671069e-08   -1.3052900058e-03   -1.1043489248e-07   -4.0266216120e-04    1.7780603469e-09
  40.2000000    5.1582240092e-04   -1.8611857300e-07   -5.8018540351e-04    5.7671037008e-08   -1.3079651018e-03   -1.1737117097e-07   -4.0265249374e-04    2.7515023521e-09
  40.2100000    5.3420034035e-04   -1.7345791050e-07   -5.8226394675e-04    4.9200509015e-08   -1.3106539750e-03   -1.2353386272e-07   -4.0266253455e-04    3.6250053578e-09
  40.2200000    5.5283286215e-04   -1.6074551550e-07   -5.8460198592e-04    4.0997128427e-08   -1.3133542975e-03   -1.2889120872e-07   -4.0269160976e-04    4.3906394800e-09
  40.2300000    5.7171174966e-04   -1.4842757488e-07   -5.8719276904e-04    3.3224500148e-08   -1.3160635890e-03   -1.3341686430e-07   -4.0273891364e-04    5.0413566275e-09
  40.2400000    5.9082403183e-04   -1.3690153759e-07   -5.9002615330e-04    2.6032417355e-08   -1.3187792281e-03   -1.3709001782e-07   -4.0280351089e-04    5.5710630893e-09
  40.2500000    6.1015221263e-04   -1.2650634033e-07   -5.9308878068e-04    1.9554744298e-08   -1.3214984639e-03   -1.3989548796e-07   -4.0288433960e-04    5.9746711367e-09
  40.2600000    6.2967458110e-04   -1.1751431634e-07   -5.9636429401e-04    1.3907655445e-08   -1.3242184285e-03   -1.4182377747e-07   -4.0298021513e-04    6.2481588293e-09
  40.2700000    6.4936559900e-04   -1.1012495188e-07   -5.9983359151e-04    9.1882122487e-09   -1.3269361507e-03   -1.4287108327e-07   -4.0308983459e-04    6.3886224368e-09
  40.2800000    6.6919635858e-04   -1.0446066154e-07   -6.0347511533e-04    5.4732998058e-09   -1.3296485708e-03   -1.4303928214e-07   -4.0321178223e-04    6.3943105078e-09
  40.2900000    6.8913510269e-04   -1.0056461601e-07   -6.0726517141e-04    2.8189102072e-09   -1.3323525548e-03   -1.4233586878e-07   -4.0334453543e-04    6.2646557693e-09
  40.3000000    7.0914779853e-04   -9.8400703946e-08   -6.1117827717e-04    1.2598199465e-09   -1.3350449112e-03   -1.4077386730e-07   -4.0348647145e-04    6.0002984771e-09
  40.3100000    7.2919875407e-04   -9.7855603590e-08   -6.1518752891e-04    8.0956511200e-10   -1.3377224068e-03   -1.3837169382e-07   -4.0363587487e-04    5.6030985991e-09
  40.3200000    7.4925126566e-04   -9.8742859046e-08   -6.1926498690e-04    1.4607865090e-09   -1.3403817836e-03   -1.3515300775e-07   -4.0379094566e-04    5.0761461563e-09
  40.3300000    7.6926828799e-04   -1.0080895673e-07   -6.2338207272e-04    3.1858464006e-09   -1.3430197760e-03   -1.3114650379e-07   -4.0394980780e-04    4.4237452052e-09
  40.3400000    7.8921311326e-04   -1.0374112465e-07   -6.2750997353e-04    5.9377926147e-09   -1.3456331286e-03   -1.2638569533e-07   -4.0411051860e-04    3.6514077576e-09
  40.3500000    8.0905004743e-04   -1.0717680441e-07   -6.3162004755e-04    9.6514949033e-09   -1.3482186138e-03   -1.2090865305e-07   -4.0427107840e-04    2.7658237615e-09
  40.3600000    8.2874507091e-04   -1.1071441647e-07   -6.3568422537e-04    1.4245087852e-08   -1.3507730494e-03   -1.1475772288e-07   -4.0442944084e-04    1.7748279454e-09
  40.3700000    8.4826647353e-04   -1.1392526369e-07   -6.3967540205e-04    1.9621560881e-08   -1.3532933166e-03   -1.0797922140e-07   -4.0458352354e-04    6.8735216226e-10
  40.3800000    8.6758545096e-04   -1.1636624988e-07   -6.4356781255e-04    2.5670543900e-08   -1.3557763778e-03   -1.0062309774e-07   -4.0473121912e-04   -4.8661761403e-10
  40.3900000    8.8667665118e-04   -1.1759310780e-07   -6.4733738781e-04    3.2270180336e-08   -1.3582192937e-03   -9.2742582434e-08   -4.0487040658e-04   -1.7361176055e-09
  40.4000000    9.0551866236e-04   -1.1717382137e-07   -6.5096208499e-04    3.9289135809e-08   -1.3606192411e-03   -8.4393817506e-08   -4.0499896290e-04   -3.0492724246e-09
  40.4100000    9.2409443224e-04   -1.1470190614e-07   -6.5442218730e-04    4.6588651079e-08   -1.3629735286e-03   -7.5635464945e-08   -4.0511477490e-04   -4.4133792094e-09
  40.4200000    9.4239161171e-04   -1.0980922165e-07   -6.5770056915e-04    5.4024621383e-08   -1.3652796140e-03   -6.6528307893e-08   -4.0521575113e-04   -5.8149890120e-09
  40.4300000    9.6040281433e-04   -1.0217806927e-07   -6.6078292228e-04    6.1449709345e-08   -1.3675351187e-03   -5.7134841483e-08   -4.0529983396e-04   -7.2400123227e-09
  40.4400000    9.7812578795e-04   -9.1552149789e-08   -6.6365793913e-04    6.8715413434e-08   -1.3697378434e-03   -4.7518842093e-08   -4.0536501160e-04   -8.6738140139e-09
  40.4500000    9.9556349558e-04   -7.7746242010e-08   -6.6631745134e-04    7.5674099760e-08   -1.3718857815e-03   -3.7744950464e-08   -4.0540933003e-04   -1.0101333576e-08
  40.4600000    1.0127240992e-03   -6.0654250404e-08   -6.6875652072e-04    8.2180993604e-08   -1.3739771326e-03   -2.7878243929e-08   -4.0543090491e-04   -1.1507189214e-08
  40.4700000    1.0296208505e-03   -4.0255474809e-08   -6.7097348092e-04    8.8096069047e-08   -1.3760103143e-03   -1.7983802701e-08   -4.0542793318e-04   -1.2875808431e-08
  40.4800000    1.0462718889e-03   -1.6618897521e-08   -6.7296992922e-04    9.3285855192e-08   -1.3779839731e-03   -8.1262929449e-09   -4.0539870452e-04   -1.4191546520e-08
  40.4900000    1.0626999476e-03    1.0094619811e-08   -6.7475066771e-04    9.7625156767e-08   -1.3798969944e-03    1.6304578838e-09   -4.0534161235e-04   -1.5438811624e-08
  40.5000000    1.0789319743e-03    3.9632355056e-08   -6.7632359482e-04    1.0099864624e-07   -1.3817485111e-03    1.1223871643e-08   -4.0525516456e-04   -1.6602204367e-08
  40.5100000    1.0949986703e-03    7.1651911290e-08   -6.7769954889e-04    1.0330232785e-07   -1.3835379107e-03    2.0593010138e-08   -4.0513799371e-04   -1.7666635602e-08
  40.5200000    1.1109339566e-03    1.0572564187e-07   -6.7889210562e-04    1.0444494550e-07   -1.3852648414e-03    2.9678971743e-08   -4.0498886674e-04   -1.8617468533e-08
  40.5300000    1.1267743773e-03    1.4134721862e-07   -6.7991733258e-04    1.0434915353e-07   -1.3869292163e-03    3.8425252860e-08   -4.0480669408e-04   -1.9440639668e-08
  40.5400000    1.1425584478e-03    1.7794020438e-07   -6.8079350465e-04    1.0295264253e-07   -1.3885312167e-03    4.6778104045e-08   -4.0459053817e-04   -2.0122793416e-08
  40.5500000    1.1583259608e-03    2.1486850354e-07   -6.8154078448e-04    1.0020911403e-07   -1.3900712938e-03    5.4686855459e-08   -4.0433962124e-04   -2.0651406710e-08
  40.5600000    1.1741172623e-03    2.5144847215e-07   -6.8218087296e-04    9.6089081720e-08   -1.3915501683e-03    6.2104229248e-08   -4.0405333236e-04   -2.1014907804e-08
  40.5700000    1.1899725097e-03    2.8696247756e-07   -6.8273663557e-04    9.0580584542e-08   -1.3929688293e-03    6.8986621748e-08   -4.0373123372e-04   -2.1202792285e-08
  40.5800000    1.2059309255e-03    3.2067355285e-07   -6.8323171171e-04    8.3689702032e-08   -1.3943285311e-03    7.5294364102e-08   -4.0337306606e-04   -2.1205739007e-08
  40.5900000    1.2220300601e-03    3.5184098667e-07   -6.8369011139e-04    7.5440919238e-08   -1.3956307886e-03    8.0991949115e-08   -4.0297875318e-04   -2.1015708407e-08
  40.6000000    1.2383050759e-03    3.7973634426e-07   -6.8413580781e-04    6.5877363507e-08   -1.3968773716e-03    8.6048231006e-08   -4.0254840559e-04   -2.0626045761e-08
  40.6100000    1.2547880689e-03    4.0365973179e-07   -6.8459233262e-04    5.5060831007e-08   -1.3980702965e-03    9.0436607402e-08   -4.0208232318e-04   -2.0031558182e-08
  40.6200000    1.2715074380e-03    4.2295583580e-07   -6.8508237650e-04    4.3071661358e-08   -1.3992118179e-03    9.4135147236e-08   -4.0158099693e-04   -1.9228597792e-08
  40.6300000    1.2884873166e-03    4.3702949858e-07   -6.8562741029e-04    3.0008371631e-08   -1.4003044174e-03    9.7126712844e-08   -4.0104510960e-04   -1.8215129872e-08
  40.6400000    1.3057470755e-03    4.4536039114e-07   -6.8624732754e-04    1.5987141444e-08   -1.4013507924e-03    9.9399028730e-08   -4.0047553540e-04   -1.6990791649e-08
  40.6500000    1.3233009067e-03    4.4751650693e-07   -6.8696011591e-04    1.1410568393e-09   -1.4023538420e-03    1.0094473360e-07   -3.9987333868e-04   -1.5556925825e-08
  40.6600000    1.3411574985e-03    4.4316612253e-07   -6.8778156403e-04   -1.4380867283e-08   -1.4033166530e-03    1.0176138468e-07   -3.9923977147e-04   -1.3916629316e-08
  40.6700000    1.3593198081e-03    4.3208802659e-07   -6.8872500874e-04   -3.0414920469e-08   -1.4042424839e-03    1.0185144868e-07   -3.9857627014e-04   -1.2074757091e-08
  40.6800000    1.3777849360e-03    4.1417968813e-07   -6.8980112772e-04   -4.6784098012e-08   -1.4051347475e-03    1.0122224310e-07   -3.9788445085e-04   -1.0037936834e-08
  40.6900000    1.3965441084e-03    3.8946319873e-07   -6.9101778117e-04   -6.3299852746e-08   -1.4059969938e-03    9.9885861452e-08   -3.9716610413e-04   -7.8145595066e-09
  40.7000000    1.4155827681e-03    3.5808877414e-07   -6.9237990601e-04   -7.9763955572e-08   -1.4068328901e-03    9.7859053122e-08   -3.9642318833e-04   -5.4147566188e-09
  40.7100000    1.4348807726e-03    3.2033576299e-07   -6.9388946439e-04   -9.5970731020e-08   -1.4076462017e-03    9.5163085361e-08   -3.9565782217e-04   -2.8503693553e-09
  40.7200000    1.4544126996e-03    2.7661102505e-07   -6.9554544826e-04   -1.1170940346e-07   -1.4084407710e-03    9.1823570413e-08   -3.9487227627e-04   -1.3489523087e-10
  40.7300000    1.4741482519e-03    2.2744479614e-07   -6.9734393934e-04   -1.2676674631e-07   -1.4092204963e-03    8.7870265318e-08   -3.9406896377e-04    2.7165737739e-09
  40.7400000    1.4940527599e-03    1.7348388183e-07   -6.9927822413e-04   -1.4092987668e-07   -1.4099893102e-03    8.3336852764e-08   -3.9325043005e-04    5.6874228803e-09
  40.7500000    1.5140877718e-03    1.1548244211e-07   -7.0133896230e-04   -1.5398923551e-07   -1.4107511570e-03    7.8260691013e-08   -3.9241934165e-04    8.7596098390e-09
  40.7600000    1.5342117206e-03    5.4290412892e-08   -7.0351440473e-04   -1.6574169618e-07   -1.4115099705e-03    7.2682538694e-08   -3.9157847431e-04    1.1913765228e-08
  40.7700000    1.5543806584e-03   -9.1601941384e-09   -7.0579065811e-04   -1.7599374984e-07   -1.4122696512e-03    6.6646266320e-08   -3.9073070034e-04    1.5129309202e-08
  40.7800000    1.5745490450e-03   -7.3870919754e-08   -7.0815199057e-04   -1.8456480263e-07   -1.4130340435e-03    6.0198549499e-08   -3.8987897521e-04    1.8384566765e-08
  40.7900000    1.5946705775e-03   -1.3879408469e-07   -7.1058117331e-04   -1.9129039972e-07   -1.4138069135e-03    5.3388535643e-08   -3.8902632365e-04    2.1656922740e-08
  40.8000000    1.6146990442e-03   -2.0285130638e-07   -7.1305985118e-04   -1.9602542326e-07   -1.4145919259e-03    4.6267510322e-08   -3.8817582509e-04    2.4922959496e-08
  40.8100000    1.6345891893e-03   -2.6495301668e-07   -7.1556893500e-04   -1.9864720754e-07   -1.4153926226e-03    3.8888541032e-08   -3.8733059860e-04    2.8158612026e-08
  40.8200000    1.6542975715e-03   -3.2401854173e-07   -7.1808900849e-04   -1.9905842408e-07   -1.4162124010e-03    3.1306113181e-08   -3.8649378754e-04    3.1339335619e-08
  40.8300000    1.6737834009e-03   -3.7899642443e-07   -7.2060074467e-04   -1.9718974801e-07   -1.4170544929e-03    2.3575762627e-08   -3.8566854373e-04    3.4440283033e-08
  40.8400000    1.6930093391e-03   -4.2888452256e-07   -7.2308531750e-04   -1.9300223466e-07   -1.4179219444e-03    1.5753699742e-08   -3.8485801148e-04    3.7436470427e-08
  40.8500000    1.7119422456e-03   -4.7274955459e-07   -7.2552480371e-04   -1.8648930238e-07   -1.4188175968e-03    7.8964344897e-09   -3.8406531140e-04    4.0302975234e-08
  40.8600000    1.7305538562e-03   -5.0974565275e-07   -7.2790256804e-04   -1.7767829226e-07   -1.4197440680e-03    6.0396781081e-11   -3.8329352412e-04    4.3015107650e-08
  40.8700000    1.7488213801e-03   -5.3913160364e-07   -7.3020362213e-04   -1.6663153352e-07   -1.4207037355e-03   -7.6984339133e-09   -3.8254567406e-04    4.5548616701e-08
  40.8800000    1.7667280033e-03   -5.6028637939e-07   -7.3241495305e-04   -1.5344688038e-07   -1.4216987204e-03   -1.5324906477e-08   -3.8182471323e-04    4.7879864601e-08
  40.8900000    1.7842632862e-03   -5.7272265270e-07   -7.3452580857e-04   -1.3825766472e-07   -1.4227308724e-03   -2.2765049563e-08   -3.8113350530e-04    4.9986019987e-08
  40.9000000    1.8014234491e-03   -5.7609804741e-07   -7.3652793723e-04   -1.2123204412e-07   -1.4238017572e-03   -2.9966433744e-08   -3.8047480979e-04    5.1845247681e-08
  40.9100000    1.8182115363e-03   -5.7022378487e-07   -7.3841577734e-04   -1.0257167442e-07   -1.4249126440e-03   -3.6878508713e-08   -3.7985126681e-04    5.3436895611e-08
  40.9200000    1.8346374543e-03   -5.5507066941e-07   -7.4018659025e-04   -8.2509778665e-08   -1.4260644959e-03   -4.3452931887e-08   -3.7926538208e-04    5.4741664519e-08
  40.9300000    1.8507178808e-03   -5.3077210285e-07   -7.4184053428e-04   -6.1308527739e-08   -1.4272579612e-03   -4.9643884693e-08   -3.7871951262e-04    5.5741788767e-08
  40.9400000    1.8664760452e-03   -4.9762414829e-07   -7.4338067764e-04   -3.9255801735e-08   -1.4284933665e-03   -5.5408352432e-08   -3.7821585288e-04    5.6421188641e-08
  40.9500000    1.8819413821e-03   -4.5608258075e-07   -7.4481294958e-04   -1.6661338800e-08   -1.4297707122e-03   -6.0706420398e-08   -3.7775642177e-04    5.6765646330e-08
  40.9600000    1.8971490615e-03   -4.0675698002e-07   -7.4614602860e-04    6.1476572576e-09   -1.4310896688e-03   -6.5501506704e-08   -3.7734305036e-04    5.6762937082e-08
  40.9700000    1.9121394016e-03   -3.5040183662e-07   -7.4739117079e-04    2.8831445149e-08   -1.4324495757e-03   -6.9760607389e-08   -3.7697737039e-04    5.6402961975e-08
  40.9800000    1.9269571767e-03   -2.8790490336e-07   -7.4856198199e-04    5.1043119492e-08   -1.4338494423e-03   -7.3454495180e-08   -3.7666080383e-04    5.5677877372e-08
  40.9900000    1.9416508272e-03   -2.2027296411e-07   -7.4967413475e-04    7.2434348641e-08   -1.4352879498e-03   -7.6557901828e-08   -3.7639455334e-04    5.4582197756e-08
  41.0000000    1.9562715874e-03   -1.4861523066e-07   -7.5074503759e-04    9.2661285868e-08   -1.4367634560e-03   -7.9049676270e-08   -3.7617959381e-04    5.3112889739e-08
  41.0100000    1.9708725441e-03   -7.4124686767e-08   -7.5179346118e-04    1.1139074196e-07   -1.4382740018e-03   -8.0912907111e-08   -3.7601666504e-04    5.1269447608e-08
  41.0200000    1.9855076444e-03    1.9423224013e-09   -7.5283912964e-04    1.2830637459e-07   -1.4398173188e-03   -8.2135030757e-08   -3.7590626554e-04    4.9053948879e-08
  41.0300000    2.0002306683e-03    7.8287883430e-08   -7.5390228507e-04    1.4311470078e-07   -1.4413908399e-03   -8.2707886273e-08   -3.7584864763e-04    4.6471103769e-08
  41.0400000    2.0150941859e-03    1.5359526405e-07   -7.5500323124e-04    1.5555102575e-07   -1.4429917107e-03   -8.2627784427e-08   -3.7584381367e-04    4.3528275536e-08
  41.0500000    2.0301485167e-03    2.2655226423e-07   -7.5616186784e-04    1.6538498040e-07   -1.4446168032e-03   -8.1895492248e-08   -3.7589151370e-04    4.0235488686e-08
  41.0600000    2.0454407120e-03    2.9587472075e-07   -7.5739722508e-04    1.7242562622e-07   -1.4462627314e-03   -8.0516236351e-08   -3.7599124431e-04    3.6605409837e-08
  41.0700000    2.0610135814e-03    3.6032966042e-07   -7.5872700594e-04    1.7652598440e-07   -1.4479258676e-03   -7.8499650456e-08   -3.7614224894e-04    3.2653319970e-08
  41.0800000    2.0769047784e-03    4.1875783710e-07   -7.6016714644e-04    1.7758686630e-07   -1.4496023612e-03   -7.5859706734e-08   -3.7634351941e-04    2.8397061169e-08
  41.0900000    2.0931459651e-03    4.7009502651e-07   -7.6173140404e-04    1.7555994566e-07   -1.4512881584e-03   -7.2614613627e-08   -3.7659379888e-04    2.3856966538e-08
  41.1000000    2.1097620727e-03    5.1339184902e-07   -7.6343098165e-04    1.7044998466e-07   -1.4529790236e-03   -6.8786687800e-08   -3.7689158619e-04    1.9055765621e-08
  41.1100000    2.1267706733e-03    5.4783168097e-07   -7.6527419649e-04    1.6231604740e-07   -1.4546705612e-03   -6.4402198598e-08   -3.7723514146e-04    1.4018485702e-08
  41.1200000    2.1441814778e-03    5.7274630701e-07   -7.6726619994e-04    1.5127174120e-07   -1.4563582399e-03   -5.9491196766e-08   -3.7762249308e-04    8.7723085924e-09
  41.1300000    2.1619959719e-03    5.8762896944e-07   -7.6940875590e-04    1.3748441499e-07   -1.4580374165e-03   -5.4087301171e-08   -3.7805144600e-04    3.3464415132e-09
  41.1400000    2.1802071966e-03    5.9214466430e-07   -7.7170008350e-04    1.2117327478e-07   -1.4597033614e-03   -4.8227480309e-08   -3.7851959122e-04   -2.2280533148e-09
  41.1500000    2.1987996818e-03    5.8613740376e-07   -7.7413476702e-04    1.0260646024e-07   -1.4613512849e-03   -4.1951801034e-08   -3.7902431660e-04   -7.9184361766e-09
  41.1600000    2.2177495384e-03    5.6963430895e-07   -7.7670373760e-04    8.2097105599e-08   -1.4629763633e-03   -3.5303168656e-08   -3.7956281879e-04   -1.3690476738e-08
  41.1700000    2.2370247087e-03    5.4284646718e-07   -7.7939432734e-04    5.9998392281e-08   -1.4645737663e-03   -2.8327033924e-08   -3.8013211631e-04   -1.9508671034e-08
  41.1800000    2.2565853739e-03    5.0616645583e-07   -7.8219039627e-04    3.6697692586e-08   -1.4661386838e-03   -2.1071102957e-08   -3.8072906371e-04   -2.5336447921e-08
  41.1900000    2.2763845135e-03    4.6016263779e-07   -7.8507253162e-04    1.2609920037e-08   -1.4676663534e-03   -1.3585013322e-08   -3.8135036666e-04   -3.1136408361e-08
  41.2000000    2.2963686094e-03    4.0557026842e-07   -7.8801831552e-04   -1.1829841944e-08   -1.4691520878e-03   -5.9200186275e-09   -3.8199259804e-04   -3.6870564712e-08
  41.2100000    2.3164784863e-03    3.4327958813e-07   -7.9100265857e-04   -3.6174251280e-08   -1.4705913018e-03    1.8713597239e-09   -3.8265221483e-04   -4.2500588128e-08
  41.2200000    2.3366502750e-03    2.7432106499e-07   -7.9399819338e-04   -5.9972084330e-08   -1.4719795384e-03    9.7356650598e-09   -3.8332557577e-04   -4.7988062391e-08
  41.2300000    2.3568164813e-03    1.9984808397e-07   -7.9697572081e-04   -8.2776836029e-08   -1.4733124960e-03    1.7618860689e-08   -3.8400895964e-04   -5.3294742486e-08
  41.2400000    2.3769071429e-03    1.2111736226e-07   -7.9990470292e-04   -1.0415545923e-07   -1.4745860527e-03    2.5466685708e-08   -3.8469858419e-04   -5.8382827078e-08
  41.2500000    2.3968510578e-03    3.9467426210e-08   -8.0275379317e-04   -1.2369696174e-07   -1.4757962916e-03    3.3225002194e-08   -3.8539062546e-04   -6.3215209467e-08
  41.2600000    2.4165770617e-03   -4.3704454659e-08   -8.0549139498e-04   -1.4102078211e-07   -1.4769395244e-03    4.0840154737e-08   -3.8608123748e-04   -6.7755751125e-08
  41.2700000    2.4360153314e-03   -1.2696643055e-07   -8.0808623617e-04   -1.5578472453e-07   -1.4780123135e-03    4.8259315639e-08   -3.8676657225e-04   -7.1969538130e-08
  41.2800000    2.4550986910e-03   -2.0887700537e-07   -8.1050795356e-04   -1.6769224491e-07   -1.4790114932e-03    5.5430837219e-08   -3.8744279986e-04   -7.5823141183e-08
  41.2900000    2.4737638971e-03   -2.8801016780e-07   -8.1272767344e-04   -1.7649898139e-07   -1.4799341901e-03    6.2304577592e-08   -3.8810612858e-04   -7.9284865185e-08
  41.3000000    2.4919528808e-03   -3.6298034906e-07   -8.1471857571e-04   -1.8201834602e-07   -1.4807778408e-03    6.8832242296e-08   -3.8875282500e-04   -8.2324988666e-08
  41.3100000    2.5096139212e-03   -4.3246677840e-07   -8.1645643426e-04   -1.8412604399e-07   -1.4815402085e-03    7.4967683881e-08   -3.8937923384e-04   -8.4916005144e-08
  41.3200000    2.5267027276e-03   -4.9523669941e-07   -8.1792012158e-04   -1.8276345072e-07   -1.4822193983e-03    8.0667222332e-08   -3.8998179754e-04   -8.7032836216e-08
  41.3300000    2.5431834107e-03   -5.5016715542e-07   -8.1909206801e-04   -1.7793962853e-07   -1.4828138700e-03    8.5889917033e-08   -3.9055707540e-04   -8.8653042703e-08
  41.3400000    2.5590293212e-03   -5.9626486016e-07   -8.1995866635e-04   -1.6973209908e-07   -1.4833224491e-03    9.0597844632e-08   -3.9110176221e-04   -8.9757015107e-08
  41.3500000    2.5742237394e-03   -6.3268382607e-07   -8.2051061374e-04   -1.5828613243e-07   -1.4837443361e-03    9.4756347029e-08   -3.9161270621e-04   -9.0328153913e-08
  41.3600000    2.5887604007e-03   -6.5874047282e-07   -8.2074318395e-04   -1.4381272747e-07   -1.4840791133e-03    9.8334262704e-08   -3.9208692634e-04   -9.0353024866e-08
  41.3700000    2.6026438431e-03   -6.7392586284e-07   -8.2065642339e-04   -1.2658515941e-07   -1.4843267499e-03    1.0130413286e-07   -3.9252162860e-04   -8.9821499226e-08
  41.3800000    2.6158895688e-03   -6.7791494556e-07   -8.2025526703e-04   -1.0693421499e-07   -1.4844876047e-03    1.0364238592e-07   -3.9291422155e-04   -8.8726869296e-08
  41.3900000    2.6285240108e-03   -6.7057253864e-07   -8.1954957050e-04   -8.5242165363e-08   -1.4845624261e-03    1.0532950301e-07   -3.9326233063e-04   -8.7065950718e-08
  41.4000000    2.6405843033e-03   -6.5195607142e-07   -8.1855405843e-04   -6.1935605986e-08   -1.4845523514e-03    1.0635014489e-07   -3.9356381149e-04   -8.4839149768e-08
  41.4100000    2.6521178594e-03   -6.2231489912e-07   -8.1728818613e-04   -3.7477277878e-08   -1.4844589018e-03    1.0669327038e-07   -3.9381676202e-04   -8.2050518512e-08
  41.4200000    2.6631817543e-03   -5.8208631398e-07   -8.1577591797e-04   -1.2357008664e-08   -1.4842839770e-03    1.0635220907e-07   -3.9401953313e-04   -7.8707771870e-08
  41.4300000    2.6738419216e-03   -5.3188825869e-07   -8.1404542507e-04    1.2918003565e-08   -1.4840298466e-03    1.0532472550e-07   -3.9417073815e-04   -7.4822305512e-08
  41.4400000    2.6841721800e-03   -4.7250890115e-07   -8.1212870641e-04    3.7833416028e-08   -1.4836991395e-03    1.0361303355e-07   -3.9426926084e-04   -7.0409161199e-08
  41.4500000    2.6942530978e-03   -4.0489327365e-07   -8.1006113945e-04    6.1878237706e-08   -1.4832948316e-03    1.0122380449e-07   -3.9431426187e-04   -6.5486975446e-08
  41.4600000    2.7041707171e-03   -3.3012720178e-07   -8.0788096772e-04    8.4555384967e-08   -1.4828202312e-03    9.8168132593e-08   -3.9430518385e-04   -6.0077914390e-08
  41.4700000    2.7140151542e-03   -2.4941880682e-07   -8.0562873367e-04    1.0539208345e-07   -1.4822789618e-03    9.4461484246e-08   -3.9424175476e-04   -5.4207573895e-08
  41.4800000    2.7238791008e-03   -1.6407789944e-07   -8.0334666602e-04    1.2394990569e-07   -1.4816749447e-03    9.0123603340e-08   -3.9412398980e-04   -4.7904852377e-08
  41.4900000    2.7338562518e-03   -7.5493683595e-08   -8.0107803206e-04    1.3983416537e-07   -1.4810123776e-03    8.5178405834e-08   -3.9395219160e-04   -4.1201812355e-08
  41.5000000    2.7440396838e-03    1.4888905741e-08   -7.9886646583e-04    1.5270259436e-07   -1.4802957134e-03    7.9653839569e-08   -3.9372694892e-04   -3.4133497598e-08
  41.5100000    2.7545202123e-03    1.0559375012e-07   -7.9675528353e-04    1.6227290297e-07   -1.4795296366e-03    7.3581717652e-08   -3.9344913362e-04   -2.6737755938e-08
  41.5200000    2.7653847587e-03    1.9513858739e-07   -7.9478679843e-04    1.6832928757e-07   -1.4787190381e-03    6.6997535651e-08   -3.9311989606e-04   -1.9055017476e-08
  41.5300000    2.7767147536e-03    2.8206007245e-07   -7.9300164659e-04    1.7072752624e-07   -1.4778689893e-03    5.9940254265e-08   -3.9274065898e-04   -1.1128063306e-08
  41.5400000    2.7885846062e-03    3.6493850261e-07   -7.9143813519e-04    1.6939867452e-07   -1.4769847145e-03    5.2452062072e-08   -3.9231310970e-04   -3.0017771971e-09
  41.5500000    2.8010602676e-03    4.4242162793e-07   -7.9013162506e-04    1.6435117145e-07   -1.4760715624e-03    4.4578130645e-08   -3.9183919091e-04    5.2771282130e-09
  41.5600000    2.8141979148e-03    5.1324729309e-07   -7.8911395759e-04    1.5567142487e-07   -1.4751349776e-03    3.6366325087e-08   -3.9132108994e-04    1.3660394784e-08
  41.5700000    2.8280427799e-03    5.7626442453e-07   -7.8841293643e-04    1.4352267057e-07   -1.4741804699e-03    2.7866924445e-08   -3.9076122661e-04    2.2098506525e-08
  41.5800000    2.8426281487e-03    6.3045207030e-07   -7.8805187315e-04    1.2814225483e-07   -1.4732135842e-03    1.9132307066e-08   -3.9016223974e-04    3.0541011964e-08
  41.5900000    2.8579745475e-03    6.7493609262e-07   -7.8804920447e-04    1.0983734341e-07   -1.4722398702e-03    1.0216627680e-08   -3.8952697240e-04    3.8936836821e-08
  41.6000000    2.8740891350e-03    7.0900335049e-07   -7.8841818831e-04    8.8979020739e-08   -1.4712648510e-03    1.1754820278e-09   -3.8885845593e-04    4.7234602014e-08
  41.6100000    2.8909653166e-03    7.3211302865e-07   -7.8916668286e-04    6.5995111233e-08   -1.4702939927e-03   -7.9344283639e-09   -3.8815989289e-04    5.5382973414e-08
  41.6200000    2.9085825873e-03    7.4390503173e-07   -7.9029701404e-04    4.1361620219e-08   -1.4693326733e-03   -1.7055663129e-08   -3.8743463903e-04    6.3330976371e-08
  41.6300000    2.9269066124e-03    7.4420522724e-07   -7.9180593289e-04    1.5593205948e-08   -1.4683861532e-03   -2.6130395710e-08   -3.8668618425e-04    7.1028349086e-08
  41.6400000    2.9458895447e-03    7.3302758991e-07   -7.9368466387e-04   -1.0767387969e-08   -1.4674595449e-03   -3.5100769118e-08   -3.8591813291e-04    7.8425860321e-08
  41.6500000    2.9654705802e-03    7.1057308730e-07   -7.9591904332e-04   -3.7160476715e-08   -1.4665577844e-03   -4.3909268915e-08   -3.8513418335e-04    8.5475653184e-08
  41.6600000    2.9855767445e-03    6.7722547137e-07   -7.9848974580e-04   -6.3021111319e-08   -1.4656856031e-03   -5.2499081514e-08   -3.8433810694e-04    9.2131557729e-08
  41.6700000    3.0061238995e-03    6.3354402123e-07   -8.0137259436e-04   -8.7790908344e-08   -1.4648475010e-03   -6.0814456822e-08   -3.8353372660e-04    9.8349420379e-08
  41.6800000    3.0270179567e-03    5.8025340180e-07   -8.0453894962e-04   -1.1092987632e-07   -1.4640477207e-03   -6.8801061106e-08   -3.8272489515e-04    1.0408739650e-07
  41.6900000    3.0481562789e-03    5.1823079768e-07   -8.0795617125e-04   -1.3192797571e-07   -1.4632902235e-03   -7.6406320039e-08   -3.8191547335e-04    1.0930625167e-07
  41.7000000    3.0694292497e-03    4.4849061991e-07   -8.1158814092e-04   -1.5031607118e-07   -1.4625786664e-03   -8.3579766111e-08   -3.8110930796e-04    1.1396963352e-07
  41.7100000    3.0907219854e-03    3.7216702961e-07   -8.1539584279e-04   -1.6567617957e-07   -1.4619163808e-03   -9.0273358307e-08   -3.8031020995e-04    1.1804433992e-07
  41.7200000    3.1119161637e-03    2.9049465579e-07   -8.1933798909e-04   -1.7765067320e-07   -1.4613063537e-03   -9.6441788723e-08   -3.7952193280e-04    1.2150055820e-07
  41.7300000    3.1328919364e-03    2.0478775337e-07   -8.2337167989e-04   -1.8595030783e-07   -1.4607512100e-03   -1.0204279262e-07   -3.7874815126e-04    1.2431208112e-07
  41.7400000    3.1535298968e-03    1.1641825551e-07   -8.2745308624e-04   -1.9036084872e-07   -1.4602531971e-03   -1.0703742122e-07   -3.7799244057e-04    1.2645651799e-07
  41.7500000    3.1737130682e-03    2.6793057031e-08   -8.3153814494e-04   -1.9074819952e-07   -1.4598141720e-03   -1.1139028953e-07   -3.7725825627e-04    1.2791546454e-07
  41.7600000    3.1933288798e-03   -6.2669049966e-08   -8.3558325333e-04   -1.8706182446e-07   -1.4594355898e-03   -1.1506984035e-07   -3.7654891477e-04    1.2867465466e-07
  41.7700000    3.2122710966e-03   -1.5056044408e-07   -8.3954595225e-04   -1.7933650918e-07   -1.4591184953e-03   -1.1804853367e-07   -3.7586757478e-04    1.2872408165e-07
  41.7800000    3.2304416702e-03   -2.3550729069e-07   -8.4338558576e-04   -1.6769225711e-07   -1.4588635166e-03   -1.2030305961e-07   -3.7521721969e-04    1.2805810023e-07
  41.7900000    3.2477524776e-03   -3.1619140744e-07   -8.4706392639e-04   -1.5233244907e-07   -1.4586708608e-03   -1.2181449052e-07   -3.7460064111e-04    1.2667549592e-07
  41.8000000    3.2641269172e-03   -3.9137096729e-07   -8.5054575539e-04   -1.3354021916e-07   -1.4585403124e-03   -1.2256842973e-07   -3.7402042345e-04    1.2457952226e-07
  41.8100000    3.2795013336e-03   -4.5989973006e-07   -8.5379938905e-04   -1.1167309968e-07   -1.4584712344e-03   -1.2255512358e-07   -3.7347892996e-04    1.2177790946e-07
  41.8200000    3.2938262449e-03   -5.2074451193e-07   -8.5679714151e-04   -8.7156130871e-08   -1.4584625711e-03   -1.2176954179e-07   -3.7297828999e-04    1.1828285301e-07
  41.8300000    3.3070673499e-03   -5.7300063266e-07   -8.5951571722e-04   -6.0473453759e-08   -1.4585128538e-03   -1.2021144159e-07   -3.7252038787e-04    1.1411096199e-07
  41.8400000    3.3192062952e-03   -6.1590507531e-07   -8.6193652656e-04   -3.2158665778e-08   -1.4586202089e-03   -1.1788538622e-07   -3.7210685309e-04    1.0928317374e-07
  41.8500000    3.3302411885e-03   -6.4884722153e-07   -8.6404591883e-04   -2.7840088213e-09   -1.4587823679e-03   -1.1480074780e-07   -3.7173905235e-04    1.0382465830e-07
  41.8600000    3.3401868442e-03   -6.7137698619e-07   -8.6583532975e-04    2.7051280264e-08   -1.4589966804e-03   -1.1097167316e-07   -3.7141808295e-04    9.7764679291e-08
  41.8700000    3.3490747573e-03   -6.8321030463e-07   -8.6730134167e-04    5.6733239566e-08   -1.4592601283e-03   -1.0641702472e-07   -3.7114476812e-04    9.1136419781e-08
  41.8800000    3.3569528016e-03   -6.8423186637e-07   -8.6844565541e-04    8.5645835363e-08   -1.4595693434e-03   -1.0116028499e-07   -3.7091965390e-04    8.3976805385e-08
  41.8900000    3.3638846551e-03   -6.7449511426e-07   -8.6927497464e-04    1.1318370199e-07   -1.4599206255e-03   -9.5229438427e-08   -3.7074300785e-04    7.6326282987e-08
  41.9000000    3.3699489601e-03   -6.5421957588e-07   -8.6980080485e-04    1.3876479025e-07   -1.4603099640e-03   -8.8656826380e-08   -3.7061481940e-04    6.8228575711e-08
  41.9100000    3.3752382298e-03   -6.2378559446e-07   -8.7003917120e-04    1.6184255138e-07   -1.4607330598e-03   -8.1478964943e-08   -3.7053480207e-04    5.9730424977e-08
  41.9200000    3.3798575173e-03   -5.8372662456e-07   -8.7001025998e-04    1.8191743633e-07   -1.4611853503e-03   -7.3736346675e-08   -3.7050239729e-04    5.0881299405e-08
  41.9300000    3.3839228667e-03   -5.3471918312e-07   -8.6973799018e-04    1.9854749238e-07   -1.4616620344e-03   -6.5473213563e-08   -3.7051678005e-04    4.1733098505e-08
  41.9400000    3.3875595719e-03   -4.7757074581e-07   -8.6924952286e-04    2.1135781577e-07   -1.4621581002e-03   -5.6737297323e-08   -3.7057686609e-04    3.2339820851e-08
  41.9500000    3.3909002685e-03   -4.1320577043e-07   -8.6857471684e-04    2.2004861124e-07   -1.4626683533e-03   -4.7579559027e-08   -3.7068132083e-04    2.2757231984e-08
  41.9600000    3.3940828912e-03   -3.4265008899e-07   -8.6774553995e-04    2.2440181789e-07   -1.4631874459e-03   -3.8053880421e-08   -3.7082856976e-04    1.3042511320e-08
  41.9700000    3.3972485287e-03   -2.6701402001e-07   -8.6679544658e-04    2.2428598896e-07   -1.4637099072e-03   -2.8216745518e-08   -3.7101681042e-04    3.2538920479e-09
  41.9800000    3.4005392123e-03   -1.8747441390e-07   -8.6575873154e-04    2.1965943155e-07   -1.4642301746e-03   -1.8126928039e-08   -3.7124402574e-04   -6.5497056864e-09
  41.9900000    3.4040956736e-03   -1.0525599331e-07   -8.6466987128e-04    2.1057151920e-07   -1.4647426244e-03   -7.8451175290e-09   -3.7150799873e-04   -1.6309061899e-08
  42.0000000    3.4080551079e-03   -2.1612233065e-08   -8.6356286429e-04    1.9716211099e-07   -1.4652416045e-03    2.5664287498e-09   -3.7180632842e-04   -2.5965023808e-08
  42.0100000    3.4125489810e-03    6.2193833252e-08   -8.6247058172e-04    1.7965913869e-07   -1.4657214654e-03    1.3044261156e-08   -3.7213644689e-04   -3.5458899302e-08
  42.0200000    3.4177009151e-03    1.4490864526e-07   -8.6142413964e-04    1.5837434913e-07   -1.4661765925e-03    2.3524122681e-08   -3.7249563741e-04   -4.4732819832e-08
  42.0300000    3.4236246902e-03    2.2530666238e-07   -8.6045230322e-04    1.3369732697e-07   -1.4666014373e-03    3.3941337908e-08   -3.7288105337e-04   -5.3730130213e-08
  42.0400000    3.4304223950e-03    3.0220816029e-07   -8.5958093294e-04    1.0608788556e-07   -1.4669905487e-03    4.4231211065e-08   -3.7328973804e-04   -6.2395750675e-08
  42.0500000    3.4381827554e-03    3.7449601264e-07   -8.5883248285e-04    7.6067058207e-08   -1.4673386035e-03    5.4329413797e-08   -3.7371864504e-04   -7.0676535285e-08
  42.0600000    3.4469796739e-03    4.4113126157e-07   -8.5822555891e-04    4.4206745727e-08   -1.4676404356e-03    6.4172392490e-08   -3.7416465917e-04   -7.8521620256e-08
  42.0700000    3.4568709978e-03    5.0116719150e-07   -8.5777454556e-04    1.1118370194e-08   -1.4678910650e-03    7.3697758516e-08   -3.7462461774e-04   -8.5882755980e-08
  42.0800000    3.4678975444e-03    5.5376181561e-07   -8.5748930697e-04   -2.2559331060e-08   -1.4680857253e-03    8.2844668598e-08   -3.7509533210e-04   -9.2714626449e-08
  42.0900000    3.4800823966e-03    5.9818855451e-07   -8.5737496836e-04   -5.6173110554e-08   -1.4682198894e-03    9.1554221898e-08   -3.7557360921e-04   -9.8975141772e-08
  42.1000000    3.4934304794e-03    6.3384504701e-07   -8.5743178140e-04   -8.9068242058e-08   -1.4682892948e-03    9.9769812628e-08   -3.7605627317e-04   -1.0462572443e-07
  42.1100000    3.5079284277e-03    6.6025995041e-07   -8.5765507637e-04   -1.2060169806e-07   -1.4682899658e-03    1.0743750554e-07   -3.7654018661e-04   -1.0963155575e-07
  42.1200000    3.5235447471e-03    6.7709775078e-07   -8.5803530255e-04   -1.5015504227e-07   -1.4682182355e-03    1.1450637015e-07   -3.7702227160e-04   -1.1396181167e-07
  42.1300000    3.5402302652e-03    6.8416148329e-07   -8.5855815671e-04   -1.7714685878e-07   -1.4680707646e-03    1.2092881290e-07   -3.7749953022e-04   -1.1758987011e-07
  42.1400000    3.5579188670e-03    6.8139345328e-07   -8.5920479855e-04   -2.0104439842e-07   -1.4678445591e-03    1.2666088527e-07   -3.7796906437e-04   -1.2049348103e-07
  42.1500000    3.5765284989e-03    6.6887395565e-07   -8.5995214927e-04   -2.2137429562e-07   -1.4675369852e-03    1.3166257207e-07   -3.7842809492e-04   -1.2265491831e-07
  42.1600000    3.5959624307e-03    6.4681803520e-07   -8.6077326963e-04   -2.3773207064e-07   -1.4671457826e-03    1.3589805461e-07   -3.7887397988e-04   -1.2406110496e-07
  42.1700000    3.6161107512e-03    6.1557049310e-07   -8.6163781155e-04   -2.4979022436e-07   -1.4666690751e-03    1.3933595813e-07   -3.7930423163e-04   -1.2470369533e-07
  42.1800000    3.6368520730e-03    5.7559911510e-07   -8.6251253715e-04   -2.5730482360e-07   -1.4661053791e-03    1.4194956240e-07   -3.7971653295e-04   -1.2457913303e-07
  42.1900000    3.6580554194e-03    5.2748639179e-07   -8.6336189665e-04   -2.6012033848e-07   -1.4654536092e-03    1.4371698826e-07   -3.8010875186e-04   -1.2368868324e-07
  42.2000000    3.6795822607e-03    4.7191981270e-07   -8.6414865660e-04   -2.5817280311e-07   -1.4647130826e-03    1.4462136587e-07   -3.8047895508e-04   -1.2203841766e-07
  42.2100000    3.7012886635e-03    4.0968095092e-07   -8.6483456855e-04   -2.5149101781e-07   -1.4638835195e-03    1.4465094953e-07   -3.8082542004e-04   -1.1963918995e-07
  42.2200000    3.7230275262e-03    3.4163347870e-07   -8.6538106750e-04   -2.4019600738e-07   -1.4629650425e-03    1.4379923249e-07   -3.8114664544e-04   -1.1650655116e-07
  42.2300000    3.7446508558e-03    2.6871036647e-07   -8.6574998921e-04   -2.2449856502e-07   -1.4619581722e-03    1.4206500353e-07   -3.8144136010e-04   -1.1266066852e-07
  42.2400000    3.7660120531e-03    1.9190039455e-07   -8.6590429505e-04   -2.0469501952e-07   -1.4608638218e-03    1.3945238467e-07   -3.8170853028e-04   -1.0812617852e-07
  42.2500000    3.7869681665e-03    1.1223427950e-07   -8.6580879226e-04   -1.8116138075e-07   -1.4596832883e-03    1.3597083445e-07   -3.8194736518e-04   -1.0293203872e-07
  42.2600000    3.8073820769e-03    3.0770497948e-08   -8.6543083830e-04   -1.5434577296e-07   -1.4584182420e-03    1.3163512363e-07   -3.8215732077e-04   -9.7111332284e-08
  42.2700000    3.8271245784e-03   -5.1418907639e-08   -8.6474101711e-04   -1.2475960235e-07   -1.4570707134e-03    1.2646525986e-07   -3.8233810186e-04   -9.0701057358e-08
  42.2800000    3.8460763237e-03   -1.3326240236e-07   -8.6371377613e-04   -9.2967384121e-08   -1.4556430783e-03    1.2048640739e-07   -3.8248966228e-04   -8.3741880091e-08
  42.2900000    3.8641295996e-03   -2.1370268189e-07   -8.6232801313e-04   -5.9575617475e-08   -1.4541380405e-03    1.1372875149e-07   -3.8261220339e-04   -7.6277881500e-08
  42.3000000    3.8811899074e-03   -2.9170994319e-07   -8.6056760197e-04   -2.5220793766e-08   -1.4525586132e-03    1.0622734312e-07   -3.8270617074e-04   -6.8356259224e-08
  42.3100000    3.8971773202e-03   -3.6629448660e-07   -8.5842184869e-04    9.4430738168e-09   -1.4509080978e-03    9.8021913884e-08   -3.8277224902e-04   -6.0027017281e-08
  42.3200000    3.9120275990e-03   -4.3651855266e-07   -8.5588586856e-04    4.3757290572e-08   -1.4491900617e-03    8.9156658113e-08   -3.8281135523e-04   -5.1342653422e-08
  42.3300000    3.9256930500e-03   -5.0150721535e-07   -8.5296087671e-04    7.7071317017e-08   -1.4474083142e-03    7.9679978698e-08   -3.8282463025e-04   -4.2357800602e-08
  42.3400000    3.9381431093e-03   -5.6045828009e-07   -8.4965438595e-04    1.0875542472e-07   -1.4455668813e-03    6.9644227242e-08   -3.8281342874e-04   -3.3128894722e-08
  42.3500000    3.9493646491e-03   -6.1265104759e-07   -8.4598030667e-04    1.3821288136e-07   -1.4436699790e-03    5.9105394529e-08   -3.8277930752e-04   -2.3713778899e-08
  42.3600000    3.9593620023e-03   -6.5745392944e-07   -8.4195894509e-04    1.6489143857e-07   -1.4417219861e-03    4.8122805762e-08   -3.8272401251e-04   -1.4171344325e-08
  42.3700000    3.9681567062e-03   -6.9433075089e-07   -8.3761689771e-04    1.8829388475e-07   -1.4397274154e-03    3.6758755618e-08   -3.8264946423e-04   -4.5611503177e-09
  42.3800000    3.9757869718e-03   -7.2284583900e-07   -8.3298684144e-04    2.0798750237e-07   -1.4376908849e-03    2.5078163337e-08   -3.8255774214e-04    5.0569678411e-09
  42.3900000    3.9823068937e-03   -7.4266777356e-07   -8.2810721995e-04    2.2361217949e-07   -1.4356170881e-03    1.3148190578e-08   -3.8245106771e-04    1.4623287083e-08
  42.4000000    3.9877854111e-03   -7.5357184146e-07   -8.2302182848e-04    2.3488709345e-07   -1.4335107644e-03    1.0378370477e-09   -3.8233178658e-04    2.4078570435e-08
  42.4100000    3.9923050429e-03   -7.5544118729e-07   -8.1777930165e-04    2.4161578388e-07   -1.4313766690e-03   -1.1182453803e-08   -3.8220234968e-04    3.3364467355e-08
  42.4200000    3.9959604178e-03   -7.4826667394e-07   -8.1243250954e-04    2.4368957743e-07   -1.4292195431e-03   -2.3441227529e-08   -3.8206529368e-04    4.2423860806e-08
  42.4300000    3.9988566285e-03   -7.3214551661e-07   -8.0703786912e-04    2.4108927331e-07   -1.4270440842e-03   -3.5666433445e-08   -3.8192322077e-04    5.1201263900e-08
  42.4400000    4.0011074297e-03   -7.0727878033e-07   -8.0165457943e-04    2.3388508701e-07   -1.4248549173e-03   -4.7785858674e-08   -3.8177877795e-04    5.9643146984e-08
  42.4500000    4.0028333276e-03   -6.7396767818e-07   -7.9634379023e-04    2.2223483037e-07   -1.4226565660e-03   -5.9727566553e-08   -3.8163463598e-04    6.7698285492e-08
  42.4600000    4.0041595826e-03   -6.3260889158e-07   -7.9116771530e-04    2.0638045504e-07   -1.4204534254e-03   -7.1420324052e-08   -3.8149346817e-04    7.5318091710e-08
  42.4700000    4.0052141614e-03   -5.8368890643e-07   -7.8618870211e-04    1.8664292381e-07   -1.4182497351e-03   -8.2794035575e-08   -3.8135792912e-04    8.2456904279e-08
  42.4800000    4.0061256715e-03   -5.2777745103e-07   -7.8146827098e-04    1.6341564765e-07   -1.4160495537e-03   -9.3780170733e-08   -3.8123063358e-04    8.9072282837e-08
  42.4900000    4.0070213161e-03   -4.6552019919e-07   -7.7706613739e-04    1.3715649030e-07   -1.4138567350e-03   -1.0431217764e-07   -3.8111413557e-04    9.5125261024e-08
  42.5000000    4.0080249034e-03   -3.9763073030e-07   -7.7303923168e-04    1.0837865480e-07   -1.4116749049e-03   -1.1432589304e-07   -3.8101090804e-04    1.0058059769e-07
  42.5100000    4.0092549353e-03   -3.2488195620e-07   -7.6944073094e-04    7.7640526294e-08   -1.4095074407e-03   -1.2375993594e-07   -3.8092332291e-04    1.0540697560e-07
  42.5200000    4.0108228129e-03   -2.4809707002e-07   -7.6631911772e-04    4.5534701333e-08   -1.4073574516e-03   -1.3255608835e-07   -3.8085363205e-04    1.0957718485e-07
  42.5300000    4.0128311843e-03   -1.6814009320e-07   -7.6371728035e-04    1.2676469169e-08   -1.4052277613e-03   -1.4065964920e-07   -3.8080394900e-04    1.1306829609e-07
  42.5400000    4.0153724599e-03   -8.5906210464e-08   -7.6167166959e-04   -2.0308109150e-08   -1.4031208926e-03   -1.4801977903e-07   -3.8077623172e-04    1.1586177409e-07
  42.5500000    4.0185275176e-03   -2.3118807666e-09   -7.6021152576e-04   -5.2794183347e-08   -1.4010390538e-03   -1.5458981686e-07   -3.8077226652e-04    1.1794358006e-07
  42.5600000    4.0223646158e-03    8.1715072293e-08   -7.5935818955e-04   -8.4170050708e-08   -1.3989841276e-03   -1.6032757421e-07   -3.8079365316e-04    1.1930424881e-07
  42.5700000    4.0269385295e-03    1.6524534105e-07   -7.5912450873e-04   -1.1384870597e-07   -1.3969576618e-03   -1.6519560376e-07   -3.8084179146e-04    1.1993890864e-07
  42.5800000    4.0322899182e-03    2.4735789347e-07   -7.5951435282e-04   -1.4127886359e-07   -1.3949608628e-03   -1.6916143209e-07   -3.8091786920e-04    1.1984730268e-07
  42.5900000    4.0384449340e-03    3.2714949422e-07   -7.6052224533e-04   -1.6595521101e-07   -1.3929945906e-03   -1.7219777505e-07   -3.8102285178e-04    1.1903376176e-07
  42.6000000    4.0454150717e-03    4.0374397978e-07   -7.6213312244e-04   -1.8742769068e-07   -1.3910593571e-03   -1.7428271857e-07   -3.8115747336e-04    1.1750714864e-07
  42.6100000    4.0531972571e-03    4.7630103941e-07   -7.6432222519e-04   -2.0530968904e-07   -1.3891553256e-03   -1.7539985563e-07   -3.8132222984e-04    1.1528077021e-07
  42.6200000    4.0617741703e-03    5.4402464206e-07   -7.6705513027e-04   -2.1928491936e-07   -1.3872823136e-03   -1.7553841143e-07   -3.8151737356e-04    1.1237227366e-07
  42.6300000    4.0711147901e-03    6.0617089135e-07   -7.7028792308e-04   -2.2911298315e-07   -1.3854397973e-03   -1.7469331083e-07   -3.8174290984e-04    1.0880350371e-07
  42.6400000    4.0811751515e-03    6.6205530601e-07   -7.7396751409e-04   -2.3463335966e-07   -1.3836269185e-03   -1.7286523598e-07   -3.8199859534e-04    1.0460032913e-07
  42.6500000    4.0918992948e-03    7.1105945757e-07   -7.7803209815e-04   -2.3576796024e-07   -1.3818424936e-03   -1.7006062717e-07   -3.8228393842e-04    9.9792449018e-08
  42.6600000    4.1032203886e-03    7.5263692138e-07   -7.8241175389e-04   -2.3252199420e-07   -1.3800850249e-03   -1.6629166907e-07   -3.8259820119e-04    9.4413185243e-08
  42.6700000    4.1150620040e-03    7.8631850893e-07   -7.8702917828e-04   -2.2498333478e-07   -1.3783527137e-03   -1.6157621926e-07   -3.8294040358e-04    8.8499226277e-08
  42.6800000    4.1273395151e-03    8.1171674414e-07   -7.9180054935e-04   -2.1332031501e-07   -1.3766434754e-03   -1.5593772604e-07   -3.8330932925e-04    8.2090380539e-08
  42.6900000    4.1399616005e-03    8.2852952914e-07   -7.9663650818e-04   -1.9777802643e-07   -1.3749549567e-03   -1.4940509122e-07   -3.8370353321e-04    7.5229284421e-08
  42.7000000    4.1528318181e-03    8.3654301753e-07   -8.0144324901e-04   -1.7867319192e-07   -1.3732845541e-03   -1.4201251790e-07   -3.8412135134e-04    6.7961109747e-08
  42.7100000    4.1658502261e-03    8.3563364142e-07   -8.0612370450e-04   -1.5638776788e-07   -1.3716294340e-03   -1.3379931495e-07   -3.8456091154e-04    6.0333259314e-08
  42.7200000    4.1789150207e-03    8.2576935111e-07   -8.1057881199e-04   -1.3136134319e-07   -1.3699865545e-03   -1.2480967032e-07   -3.8502014650e-04    5.2395027925e-08
  42.7300000    4.1919241652e-03    8.0700996910e-07   -8.1470884428e-04   -1.0408256759e-07   -1.3683526886e-03   -1.1509239983e-07   -3.8549680807e-04    4.4197269820e-08
  42.7400000    4.2047769826e-03    7.7950673245e-07   -8.1841478750e-04   -7.5079684092e-08   -1.3667244477e-03   -1.0470066929e-07   -3.8598848306e-04    3.5792070067e-08
  42.7500000    4.2173756860e-03    7.4350101465e-07   -8.2159974748e-04   -4.4910451873e-08   -1.3650983071e-03   -9.3691672940e-08   -3.8649261028e-04    2.7232377918e-08
  42.7600000    4.2296268224e-03    6.9932222770e-07   -8.2417036493e-04   -1.4151559783e-08   -1.3634706317e-03   -8.2126314434e-08   -3.8700649899e-04    1.8571667054e-08
  42.7700000    4.2414426115e-03    6.4738493217e-07   -8.2603821951e-04    1.6612203192e-08   -1.3618377022e-03   -7.0068842442e-08   -3.8752734821e-04    9.8635821052e-09
  42.7800000    4.2527421579e-03    5.8818517195e-07   -8.2712120222e-04    4.6798850076e-08   -1.3601957420e-03   -5.7586480206e-08   -3.8805226714e-04    1.1615801535e-09
  42.7900000    4.2634525216e-03    5.2229608901e-07   -8.2734483545e-04    7.5839937872e-08   -1.3585409444e-03   -4.4749022613e-08   -3.8857829632e-04   -7.4814061802e-09
  42.8000000    4.2735096322e-03    4.5036280984e-07   -8.2664352031e-04    1.0319099276e-07   -1.3568694996e-03   -3.1628435478e-08   -3.8910242944e-04   -1.6013312954e-08
  42.8100000    4.2828590373e-03    3.7309663939e-07   -8.2496169162e-04    1.2834142304e-07   -1.3551776218e-03   -1.8298422588e-08   -3.8962163564e-04   -2.4383273004e-08
  42.8200000    4.2914564776e-03    2.9126865376e-07   -8.2225486163e-04    1.5082368795e-07   -1.3534615757e-03   -4.8339965236e-09   -3.9013288210e-04   -3.2541942839e-08
  42.8300000    4.2992682851e-03    2.0570270561e-07   -8.1849053468e-04    1.7022167040e-07   -1.3517177027e-03    8.6889592751e-09   -3.9063315690e-04   -4.0441806093e-08
  42.8400000    4.3062716032e-03    1.1726786022e-07   -8.1364897639e-04    1.8617796778e-07   -1.3499424466e-03    2.2194153995e-08   -3.9111949176e-04   -4.8037460103e-08
  42.8500000    4.3124544323e-03    2.6870379742e-08   -8.0772382280e-04    1.9840010373e-07   -1.3481323779e-03    3.5605321643e-08   -3.9158898462e-04   -5.5285900314e-08
  42.8600000    4.3178155041e-03   -6.4554764220e-08   -8.0072251611e-04    2.0666551621e-07   -1.3462842180e-03    4.8846682490e-08   -3.9203882194e-04   -6.2146773862e-08
  42.8700000    4.3223639936e-03   -1.5605269898e-07   -7.9266655800e-04    2.1082519449e-07   -1.3443948611e-03    6.1843383426e-08   -3.9246630042e-04   -6.8582613090e-08
  42.8800000    4.3261190805e-03   -2.4665782643e-07   -7.8359157128e-04    2.1080599855e-07   -1.3424613957e-03    7.4521945447e-08   -3.9286884807e-04   -7.4559054328e-08
  42.8900000    4.3291093711e-03   -3.3540314427e-07   -7.7354716487e-04    2.0661156493e-07   -1.3404811242e-03    8.6810695049e-08   -3.9324404447e-04   -8.0045029326e-08
  42.9000000    4.3313721963e-03   -4.2132982689e-07   -7.6259659896e-04    1.9832183225e-07   -1.3384515811e-03    9.8640180972e-08   -3.9358963994e-04   -8.5012928984e-08
  42.9100000    4.3329528014e-03   -5.0349688439e-07   -7.5081625084e-04    1.8609118549e-07   -1.3363705492e-03    1.0994358824e-07   -3.9390357370e-04   -8.9438751919e-08
  42.9200000    4.3339034453e-03   -5.8099075809e-07   -7.3829488387e-04    1.7014528830e-07   -1.3342360743e-03    1.2065713062e-07   -3.9418399066e-04   -9.3302220781e-08
  42.9300000    4.3342824285e-03   -6.5293493354e-07   -7.2513272585e-04    1.5077668104e-07   -1.3320464779e-03    1.3072041858e-07   -3.9442925681e-04   -9.6586872296e-08
  42.9400000    4.3341530664e-03   -7.1849933021e-07   -7.1144036564e-04    1.2833919416e-07   -1.3298003677e-03    1.4007681790e-07   -3.9463797309e-04   -9.9280123206e-08
  42.9500000    4.3335826295e-03   -7.7690952227e-07   -6.9733747917e-04    1.0324130999e-07   -1.3274966463e-03    1.4867377579e-07   -3.9480898759e-04   -1.0137330111e-07
  42.9600000    4.3326412662e-03   -8.2745554760e-07   -6.8295139938e-04    7.5938636605e-08   -1.3251345176e-03    1.5646313151e-07   -3.9494140601e-04   -1.0286166752e-07
  42.9700000    4.3314009297e-03   -8.6950035773e-07   -6.6841554674e-04    4.6925553833e-08   -1.3227134910e-03    1.6340138931e-07   -3.9503460028e-04   -1.0374439322e-07
  42.9800000    4.3299343204e-03   -9.0248769098e-07   -6.5386773997e-04    1.6726297865e-08   -1.3202333836e-03    1.6944996298e-07   -3.9508821524e-04   -1.0402452025e-07
  42.9900000    4.3283138663e-03   -9.2594942327e-07   -6.3944840815e-04   -1.4114455382e-08   -1.3176943201e-03    1.7457541128e-07   -3.9510217337e-04   -1.0370889146e-07
  43.0000000    4.3266107508e-03   -9.3951211168e-07   -6.2529872744e-04   -4.5041273254e-08   -1.3150967305e-03    1.7874961800e-07   -3.9507667748e-04   -1.0280806681e-07
  43.0100000    4.3248940041e-03   -9.4290282494e-07   -6.1155870743e-04   -7.5497793880e-08   -1.3124413454e-03    1.8194994166e-07   -3.9501221133e-04   -1.0133619623e-07
  43.0200000    4.3232296660e-03   -9.3595406455e-07   -5.9836525320e-04   -1.0493643288e-07   -1.3097291897e-03    1.8415935182e-07   -3.9490953818e-04   -9.9310890819e-08
  43.0300000    4.3216800315e-03   -9.1860772141e-07   -5.8585023001e-04   -1.3282792112e-07   -1.3069615736e-03    1.8536650779e-07   -3.9476969727e-04   -9.6753056933e-08
  43.0400000    4.3203029847e-03   -8.9091798678e-07   -5.7413855843e-04   -1.5867043222e-07   -1.3041400820e-03    1.8556582523e-07   -3.9459399815e-04   -9.3686712357e-08
  43.0500000    4.3191514275e-03   -8.5305317521e-07   -5.6334636722e-04   -1.8199816423e-07   -1.3012665617e-03    1.8475748420e-07   -3.9438401311e-04   -9.0138801550e-08
  43.0600000    4.3182728042e-03   -8.0529634876e-07   -5.5357923153e-04   -2.0238916915e-07   -1.2983431070e-03    1.8294742423e-07   -3.9414156745e-04   -8.6138958299e-08
  43.0700000    4.3177087243e-03   -7.4804472698e-07   -5.4493052347e-04   -2.1947249158e-07   -1.2953720431e-03    1.8014729246e-07   -3.9386872793e-04   -8.1719293910e-08
  43.0800000    4.3174946815e-03   -6.8180780558e-07   -5.3747990036e-04   -2.3293424182e-07   -1.2923559084e-03    1.7637436448e-07   -3.9356778923e-04   -7.6914134185e-08
  43.0900000    4.3176598672e-03   -6.0720418717e-07   -5.3129195360e-04   -2.4252270123e-07   -1.2892974347e-03    1.7165142136e-07   -3.9324125873e-04   -7.1759778094e-08
  43.1000000    4.3182270749e-03   -5.2495707950e-07   -5.2641504281e-04   -2.4805232164e-07   -1.2861995270e-03    1.6600660988e-07   -3.9289183953e-04   -6.6294216571e-08
  43.1100000    4.3192126882e-03   -4.3588848406e-07   -5.2288033384e-04   -2.4940652340e-07   -1.2830652403e-03    1.5947325656e-07   -3.9252241191e-04   -6.0556867416e-08
  43.1200000    4.3206267481e-03   -3.4091208502e-07   -5.2070105856e-04   -2.4653931059e-07   -1.2798977577e-03    1.5208966195e-07   -3.9213601333e-04   -5.4588291859e-08
  43.1300000    4.3224730902e-03   -2.4102484209e-07   -5.1987201078e-04   -2.3947567739e-07   -1.2767003652e-03    1.4389885566e-07   -3.9173581718e-04   -4.8429905230e-08
  43.1400000    4.3247495454e-03   -1.3729739550e-07   -5.2036928962e-04   -2.2831079840e-07   -1.2734764276e-03    1.3494833386e-07   -3.9132511024e-04   -4.2123699327e-08
  43.1500000    4.3274481936e-03   -3.0863289200e-08   -5.2215029946e-04   -2.1320798572e-07   -1.2702293630e-03    1.2528976802e-07   -3.9090726922e-04   -3.5711946583e-08
  43.1600000    4.3305556637e-03    7.7092877435e-08   -5.2515401020e-04   -1.9439557502e-07   -1.2669626165e-03    1.1497868467e-07   -3.9048573645e-04   -2.9236925012e-08
  43.1700000    4.3340534699e-03    1.8534822522e-07   -5.2930147866e-04   -1.7216266672e-07   -1.2636796349e-03    1.0407413013e-07   -3.9006399483e-04   -2.2740632120e-08
  43.1800000    4.3379183760e-03    2.9265525807e-07   -5.3449662967e-04   -1.4685397150e-07   -1.2603838402e-03    9.2638312497e-08   -3.8964554237e-04   -1.6264517239e-08
  43.1900000    4.3421227807e-03    3.9775619026e-07   -5.4062728916e-04   -1.1886361500e-07   -1.2570786038e-03    8.0736221321e-08   -3.8923386634e-04   -9.8492062241e-09
  43.2000000    4.3466351159e-03    4.9939782506e-07   -5.4756645873e-04   -8.8628294622e-08   -1.2537672211e-03    6.8435251978e-08   -3.8883241734e-04   -3.5342554532e-09
  43.2100000    4.3514202514e-03    5.9634681379e-07   -5.5517381847e-04   -5.6619741290e-08   -1.2504528862e-03    5.5804787289e-08   -3.8844458344e-04    2.6420945059e-09
  43.2200000    4.3564399009e-03    6.8740508689e-07   -5.6329744000e-04   -2.3336587924e-08   -1.2471386679e-03    4.2915787588e-08   -3.8807366451e-04    8.6431552899e-09
  43.2300000    4.3616530245e-03    7.7142524697e-07   -5.7177568950e-04    1.0704016796e-08   -1.2438274858e-03    2.9840385319e-08   -3.8772284709e-04    1.4434009597e-08
  43.2400000    4.3670162240e-03    8.4732582133e-07   -5.8043929684e-04    4.4975133951e-08   -1.2405220881e-03    1.6651443439e-08   -3.8739517980e-04    1.9981705610e-08
  43.2500000    4.3724841281e-03    9.1410599225e-07   -5.8911356410e-04    7.8948805616e-08   -1.2372250303e-03    3.4221312349e-09   -3.8709354963e-04    2.5255448225e-08
  43.2600000    4.3780097667e-03    9.7085973203e-07   -5.9762068430e-04    1.1210476119e-07   -1.2339386550e-03   -9.7744923712e-09   -3.8682065919e-04    3.0226763776e-08
  43.2700000    4.3835449330e-03    1.0167891145e-06   -6.0578213945e-04    1.4393889305e-07   -1.2306650738e-03   -2.2865914220e-08   -3.8657900515e-04    3.4869651355e-08
  43.2800000    4.3890405346e-03    1.0512165156e-06   -6.1342114498e-04    1.7397143440e-07   -1.2274061501e-03   -3.5780577640e-08   -3.8637085800e-04    3.9160712503e-08
  43.2900000    4.3944469326e-03    1.0735955572e-06   -6.2036510692e-04    2.0175459452e-07   -1.2241634839e-03   -4.8448297348e-08   -3.8619824334e-04    4.3079249976e-08
  43.3000000    4.3997142739e-03    1.0835205783e-06   -6.2644805776e-04    2.2687962986e-07   -1.2209383986e-03   -6.0800657385e-08   -3.8606292474e-04    4.6607380655e-08
  43.3100000    4.4047928153e-03    1.0807345286e-06   -6.3151303472e-04    2.4898317517e-07   -1.2177319299e-03   -7.2771399539e-08   -3.8596638849e-04    4.9730074532e-08
  43.3200000    4.4096332435e-03    1.0651350388e-06   -6.3541436727e-04    2.6775272889e-07   -1.2145448156e-03   -8.4296788812e-08   -3.8590983020e-04    5.2435225065e-08
  43.3300000    4.4141869949e-03    1.0367785310e-06   -6.3801983991e-04    2.8293130789e-07   -1.2113774891e-03   -9.5315977745e-08   -3.8589414336e-04    5.4713662977e-08
  43.3400000    4.4184065753e-03    9.9588235132e-07   -6.3921269805e-04    2.9432103720e-07   -1.2082300737e-03   -1.0577133232e-07   -3.8591991018e-04    5.6559168201e-08
  43.3500000    4.4222458841e-03    9.4282473027e-07   -6.3889346594e-04    3.0178579220e-07   -1.2051023798e-03   -1.1560875103e-07   -3.8598739448e-04    5.7968451171e-08
  43.3600000    4.4256605438e-03    8.7814254920e-07   -6.3698154718e-04    3.0525274544e-07   -1.2019939041e-03   -1.2477795773e-07   -3.8609653695e-04    5.8941122835e-08
  43.3700000    4.4286082366e-03    8.0252694407e-07   -6.3341658454e-04    3.0471286891e-07   -1.1989038308e-03   -1.3323275990e-07   -3.8624695272e-04    5.9479630523e-08
  43.3800000    4.4310490497e-03    7.1681665137e-07   -6.2815955562e-04    3.0022033019e-07   -1.1958310354e-03   -1.4093129701e-07   -3.8643793129e-04    5.9589198784e-08
  43.3900000    4.4329458288e-03    6.2198921767e-07   -6.2119358590e-04    2.9189087881e-07   -1.1927740903e-03   -1.4783625041e-07   -3.8666843884e-04    5.9277738718e-08
  43.4000000    4.4342645392e-03    5.1915013201e-07   -6.1252446329e-04    2.7989923013e-07   -1.1897312730e-03   -1.5391502285e-07   -3.8693712298e-04    5.8555724931e-08
  43.4100000    4.4349746323e-03    4.0951993911e-07   -6.0218084270e-04    2.6447542836e-07   -1.1867005758e-03   -1.5913990304e-07   -3.8724231982e-04    5.7436090116e-08
  43.4200000    4.4350494165e-03    2.9441957174e-07   -5.9021413520e-04    2.4590044655e-07   -1.1836797182e-03   -1.6348818226e-07   -3.8758206345e-04    5.5934083296e-08
  43.4300000    4.4344664258e-03    1.7525398779e-07   -5.7669807843e-04    2.2450086833e-07   -1.1806661606e-03   -1.6694225304e-07   -3.8795409765e-04    5.4067115611e-08
  43.4400000    4.4332077852e-03    5.3494364381e-08   -5.6172799119e-04    2.0064294292e-07   -1.1776571205e-03   -1.6948966970e-07   -3.8835588993e-04    5.1854605754e-08
  43.4500000    4.4312605645e-03   -6.9340938549e-08   -5.4541971868e-04    1.7472603661e-07   -1.1746495900e-03   -1.7112318341e-07   -3.8878464765e-04    4.9317797370e-08
  43.4600000    4.4286171151e-03   -1.9170633426e-07   -5.2790827989e-04    1.4717557645e-07   -1.1716403550e-03   -1.7184074095e-07   -3.8923733624e-04    4.6479581407e-08
  43.4700000    4.4252753832e-03   -3.1204971516e-07   -5.0934623318e-04    1.1843570794e-07   -1.1686260164e-03   -1.7164546047e-07   -3.8971069936e-04    4.3364314373e-08
  43.4800000    4.4212391910e-03   -4.2883348071e-07   -4.8990177956e-04    8.8961647819e-08   -1.1656030119e-03   -1.7054556100e-07   -3.9020128086e-04    3.9997615863e-08
  43.4900000    4.4165184788e-03   -5.4055571637e-07   -4.6975662851e-04    5.9212016764e-08   -1.1625676398e-03   -1.6855428540e-07   -3.9070544848e-04    3.6406163516e-08
  43.5000000    4.4111294991e-03   -6.4577106677e-07   -4.4910365385e-04    2.9641179570e-08   -1.1595160833e-03   -1.6568977207e-07   -3.9121941898e-04    3.2617503078e-08
  43.5100000    4.4050949547e-03   -7.4311110747e-07   -4.2814437043e-04    6.9176607248e-10   -1.1564444360e-03   -1.6197491483e-07   -3.9173928477e-04    2.8659835144e-08
  43.5200000    4.3984440740e-03   -8.3130383432e-07   -4.0708626573e-04   -2.7212540388e-08   -1.1533487283e-03   -1.5743718630e-07   -3.9226104154e-04    2.4561810674e-08
  43.5300000    4.3912126142e-03   -9.0919198186e-07   -3.8614002326e-04   -5.3673759340e-08   -1.1502249537e-03   -1.5210843805e-07   -3.9278061708e-04    2.0352332372e-08
  43.5400000    4.3834427876e-03   -9.7574987842e-07   -3.6551667637e-04   -7.8325904049e-08   -1.1470690966e-03   -1.4602467813e-07   -3.9329390074e-04    1.6060352316e-08
  43.5500000    4.3751831041e-03   -1.0300985520e-06   -3.4542473210e-04   -1.0084056611e-07   -1.1438771590e-03   -1.3922583436e-07   -3.9379677360e-04    1.1714679973e-08
  43.5600000    4.3664881257e-03   -1.0715188839e-06   -3.2606730582e-04   -1.2093188238e-07   -1.1406451886e-03   -1.3175547278e-07   -3.9428513897e-04    7.3437877540e-09
  43.5700000    4.3574181296e-03   -1.0994625125e-06   -3.0763930760e-04   -1.3836064632e-07   -1.1373693054e-03   -1.2366052072e-07   -3.9475495311e-04    2.9756244125e-09
  43.5800000    4.3480386777e-03   -1.1135603709e-06   -2.9032472099e-04   -1.5293760516e-07   -1.1340457289e-03   -1.1499096619e-07   -3.9520225586e-04   -1.3625496126e-09
  43.5900000    4.3384200934e-03   -1.1136286338e-06   -2.7429401382e-04   -1.6452583707e-07   -1.1306708045e-03   -1.0579953610e-07   -3.9562320106e-04   -5.6443335274e-09
  43.6000000    4.3286368461e-03   -1.0996720450e-06   -2.5970171885e-04   -1.7304223799e-07   -1.1272410292e-03   -9.6141367993e-08   -3.9601408648e-04   -9.8443439500e-09
  43.6100000    4.3187668471e-03   -1.0718844733e-06   -2.4668422051e-04   -1.7845804683e-07   -1.1237530759e-03   -8.6073666613e-08   -3.9637138313e-04   -1.3938355076e-08
  43.6200000    4.3088906631e-03   -1.0306467064e-06   -2.3535778226e-04   -1.8079842311e-07   -1.1202038180e-03   -7.5655353233e-08   -3.9669176350e-04   -1.7903433433e-08
  43.6300000    4.2990906522e-03   -9.7652150835e-07   -2.2581684379e-04   -1.8014115399e-07   -1.1165903512e-03   -6.4946715952e-08   -3.9697212893e-04   -2.1718060817e-08
  43.6400000    4.2894500342e-03   -9.1024595002e-07   -2.1813261281e-04   -1.7661440463e-07   -1.1129100150e-03   -5.4009034102e-08   -3.9720963549e-04   -2.5362237265e-08
  43.6500000    4.2800519037e-03   -8.3272118819e-07   -2.1235197578e-04   -1.7039370462e-07   -1.1091604123e-03   -4.2904228844e-08   -3.9740171842e-04   -2.8817573957e-08
  43.6600000    4.2709781989e-03   -7.4499975589e-07   -2.0849674500e-04   -1.6169812249e-07   -1.1053394273e-03   -3.1694492727e-08   -3.9754611497e-04   -3.2067378481e-08
  43.6700000    4.2623086409e-03   -6.4827063585e-07   -2.0656325503e-04   -1.5078574266e-07   -1.1014452420e-03   -2.0441931182e-08   -3.9764088523e-04   -3.5096716480e-08
  43.6800000    4.2541196566e-03   -5.4384225667e-07   -2.0652231676e-04   -1.3794854753e-07   -1.0974763503e-03   -9.2082029256e-09   -3.9768443105e-04   -3.7892462264e-08
  43.6900000    4.2464833023e-03   -4.3312375592e-07   -2.0831953171e-04   -1.2350677923e-07   -1.0934315708e-03    1.9458261814e-09   -3.9767551277e-04   -4.0443336577e-08
  43.7000000    4.2394662057e-03   -3.1760469390e-07   -2.1187596450e-04   -1.0780287042e-07   -1.0893100565e-03    1.2960422703e-08   -3.9761326366e-04   -4.2739937212e-08
  43.7100000    4.2331285415e-03   -1.9883365778e-07   -2.1708916532e-04   -9.1195107503e-08   -1.0851113033e-03    2.3777323740e-08   -3.9749720186e-04   -4.4774730133e-08
  43.7200000    4.2275230590e-03   -7.8395964625e-08   -2.2383453010e-04   -7.4051086445e-08   -1.0808351563e-03    3.4340050995e-08   -3.9732723991e-04   -4.6542064091e-08
  43.7300000    4.2226941794e-03    4.2109109459e-08   -2.3196698017e-04   -5.6741094156e-08   -1.0764818128e-03    4.4594213371e-08   -3.9710369156e-04   -4.8038133939e-08
  43.7400000    4.2186771787e-03    1.6109124343e-07   -2.4132293915e-04   -3.9631544516e-08   -1.0720518242e-03    5.4487796553e-08   -3.9682727594e-04   -4.9260971034e-08
  43.7500000    4.2154974722e-03    2.7699177273e-07   -2.5172257973e-04   -2.3078550361e-08   -1.0675460951e-03    6.3971438295e-08   -3.9649911899e-04   -5.0210381748e-08
  43.7600000    4.2131700160e-03    3.8830583449e-07   -2.6297230714e-04   -7.4218046422e-09   -1.0629658800e-03    7.2998674139e-08   -3.9612075213e-04   -5.0887901514e-08
  43.7700000    4.2116988377e-03    4.9360355055e-07   -2.7486744650e-04    7.0212405885e-09   -1.0583127778e-03    8.1526172247e-08   -3.9569410808e-04   -5.1296732441e-08
  43.7800000    4.2110767084e-03    5.9155006586e-07   -2.8719509520e-04    1.9960664089e-08   -1.0535887244e-03    8.9513943619e-08   -3.9522151397e-04   -5.1441659710e-08
  43.7900000    4.2112849659e-03    6.8092391843e-07   -2.9973709952e-04    3.1138834602e-08   -1.0487959825e-03    9.6925533305e-08   -3.9470568164e-04   -5.1328978492e-08
  43.8000000    4.2122934941e-03    7.6063366714e-07   -3.1227311162e-04    4.0334605708e-08   -1.0439371296e-03    1.0372817802e-07   -3.9414969525e-04   -5.0966386173e-08
  43.8100000    4.2140608664e-03    8.2973237434e-07   -3.2458368318e-04    4.7366713364e-08   -1.0390150438e-03    1.0989296202e-07   -3.9355699617e-04   -5.0362904758e-08
  43.8200000    4.2165346530e-03    8.8742985921e-07   -3.3645335012e-04    5.2096545259e-08   -1.0340328879e-03    1.1539491926e-07   -3.9293136541e-04   -4.9528753568e-08
  43.8300000    4.2196518926e-03    9.3310240984e-07   -3.4767366380e-04    5.4430033785e-08   -1.0289940912e-03    1.2021312972e-07   -3.9227690342e-04   -4.8475251920e-08
  43.8400000    4.2233397244e-03    9.6629991514e-07   -3.5804612434e-04    5.4318867797e-08   -1.0239023297e-03    1.2433079551e-07   -3.9159800764e-04   -4.7214699676e-08
  43.8500000    4.2275161749e-03    9.8675032779e-07   -3.6738497036e-04    5.1760805146e-08   -1.0187615048e-03    1.2773527130e-07   -3.9089934776e-04   -4.5760261772e-08
  43.8600000    4.2320910902e-03    9.9436133474e-07   -3.7551978636e-04    4.6799231972e-08   -1.0135757200e-03    1.3041809159e-07   -3.9018583887e-04   -4.4125838989e-08
  43.8700000    4.2369672021e-03    9.8921931507e-07   -3.8229788996e-04    3.9521936407e-08   -1.0083492573e-03    1.3237495625e-07   -3.8946261280e-04   -4.2325961855e-08
  43.8800000    4.2420413153e-03    9.7158560023e-07   -3.8758646006e-04    3.0059125421e-08   -1.0030865509e-03    1.3360570086e-07   -3.8873498753e-04   -4.0375659026e-08
  43.8900000    4.2472055977e-03    9.4189011791e-07   -3.9127437841e-04    1.8580770130e-08   -9.9779216118e-04    1.3411424423e-07   -3.8800843520e-04   -3.8290330733e-08
  43.9000000    4.2523489562e-03    9.0072255736e-07   -3.9327375233e-04    5.2933002968e-09   -9.9247074686e-04    1.3390850292e-07   -3.8728854872e-04   -3.6085640742e-08
  43.9100000    4.2573584796e-03    8.4882124831e-07   -3.9352109750e-04   -9.5643085874e-09   -9.8712703721e-04    1.3300029499e-07   -3.8658100717e-04   -3.3777403287e-08
  43.9200000    4.2621209240e-03    7.8705993280e-07   -3.9197816569e-04   -2.5724869618e-08   -9.8176580324e-04    1.3140521710e-07   -3.8589154038e-04   -3.1381454602e-08
  43.9300000    4.2665242217e-03    7.1643270662e-07   -3.8863240320e-04   -4.2897834120e-08   -9.7639182876e-04    1.2914249685e-07   -3.8522589276e-04   -2.8913557032e-08
  43.9400000    4.2704589882e-03    6.3803734298e-07   -3.8349703279e-04   -6.0774356782e-08   -9.7100988128e-04    1.2623483599e-07   -3.8458978663e-04   -2.6389288930e-08
  43.9500000    4.2738200048e-03    5.5305735987e-07   -3.7661075875e-04   -7.9032676970e-08   -9.6562468295e-04    1.2270822635e-07   -3.8398888544e-04   -2.3823950996e-08
  43.9600000    4.2765076540e-03    4.6274305997e-07   -3.6803709910e-04   -9.7343583900e-08   -9.6024088176e-04    1.1859174763e-07   -3.8342875692e-04   -2.1232470685e-08
  43.9700000    4.2784292844e-03    3.6839197647e-07   -3.5786335598e-04   -1.1537595233e-07   -9.5486302315e-04    1.1391736147e-07   -3.8291483652e-04   -1.8629320125e-08
  43.9800000    4.2795004840e-03    2.7132891178e-07   -3.4619923970e-04   -1.3280219090e-07   -9.4949552224e-04    1.0871968521e-07   -3.8245239137e-04   -1.6028433179e-08
  43.9900000    4.2796462408e-03    1.7288602896e-07   -3.3317516749e-04   -1.4930358536e-07   -9.4414263692e-04    1.0303574692e-07   -3.8204648498e-04   -1.3443139384e-08
  44.0000000    4.2788019739e-03    7.4383209690e-08   -3.1894026305e-04   -1.6457536235e-07   -9.3880844178e-04    9.6904736424e-08   -3.8170194291e-04   -1.0886103814e-08
  44.0100000    4.2769144166e-03   -2.2890931621e-08   -3.0366008713e-04   -1.7833147110e-07   -9.3349680335e-04    9.0367751921e-08   -3.8142331973e-04   -8.3692609998e-09
  44.0200000    4.2739423386e-03   -1.1769711235e-07   -2.8751413376e-04   -1.9030895960e-07   -9.2821135657e-04    8.3467530034e-08   -3.8121486727e-04   -5.9037826678e-09
  44.0300000    4.2698570962e-03   -2.0886227629e-07   -2.7069313050e-04   -2.0027193420e-07   -9.2295548269e-04    7.6248169528e-08   -3.8108050474e-04   -3.5000266030e-09
  44.0400000    4.2646430006e-03   -2.9529499660e-07   -2.5339618492e-04   -2.0801494328e-07   -9.1773228890e-04    6.8754866855e-08   -3.8102379052e-04   -1.1675170870e-09
  44.0500000    4.2582974995e-03   -3.7599928390e-07   -2.3582781951e-04   -2.1336589636e-07   -9.1254458960e-04    6.1033627841e-08   -3.8104789615e-04    1.0850840031e-09
  44.0600000    4.2508311701e-03   -4.5008648368e-07   -2.1819493878e-04   -2.1618833403e-07   -9.0739488965e-04    5.3130991475e-08   -3.8115558249e-04    3.2499830219e-09
  44.0700000    4.2422675223e-03   -5.1678520921e-07   -2.0070378220e-04   -2.1638309707e-07   -9.0228536952e-04    4.5093759265e-08   -3.8134917832e-04    5.3202813654e-09
  44.0800000    4.2326426188e-03   -5.7544915919e-07   -1.8355689745e-04   -2.1388939749e-07   -8.9721787262e-04    3.6968710457e-08   -3.8163056154e-04    7.2899488661e-09
  44.0900000    4.2220045161e-03   -6.2556275096e-07   -1.6695018752e-04   -2.0868528272e-07   -8.9219389475e-04    2.8802337261e-08   -3.8200114300e-04    9.1538251453e-09
  44.1000000    4.2104125386e-03   -6.6674453645e-07   -1.5107007441e-04   -2.0078745729e-07   -8.8721457582e-04    2.0640585037e-08   -3.8246185327e-04    1.0907615253e-08
  44.1100000    4.1979363969e-03   -6.9874839353e-07   -1.3609082376e-04   -1.9025054176e-07   -8.8228069396e-04    1.2528580062e-08   -3.8301313223e-04    1.2547853816e-08
  44.1200000    4.1846551664e-03   -7.2146256292e-07   -1.2217206638e-04   -1.7716576193e-07   -8.7739266186e-04    4.5104033554e-09   -3.8365492177e-04    1.4071883257e-08
  44.1300000    4.1706561432e-03   -7.3490659431e-07   -1.0945655673e-04   -1.6165913469e-07   -8.7255052561e-04   -3.3711628424e-09   -3.8438666150e-04    1.5477828705e-08
  44.1400000    4.1560335964e-03   -7.3922632163e-07   -9.8068199851e-05   -1.4388919968e-07   -8.6775396589e-04   -1.1074860459e-08   -3.8520728766e-04    1.6764547917e-08
  44.1500000    4.1408874391e-03   -7.3468699929e-07   -8.8110376431e-05   -1.2404426323e-07   -8.6300230161e-04   -1.8561164436e-08   -3.8611523512e-04    1.7931599383e-08
  44.1600000    4.1253218384e-03   -7.2166477222e-07   -7.9664589579e-05   -1.0233937991e-07   -8.5829449584e-04   -2.5792481449e-08   -3.8710844256e-04    1.8979199107e-08
  44.1700000    4.1094437886e-03   -7.0063670527e-07   -7.2789452154e-05   -7.9012987848e-08   -8.5362916426e-04   -3.2733338740e-08   -3.8818436083e-04    1.9908167851e-08
  44.1800000    4.0933616705e-03   -6.7216958288e-07   -6.7520028037e-05   -5.4323283706e-08   -8.4900458576e-04   -3.9350557667e-08   -3.8933996438e-04    2.0719886958e-08
  44.1900000    4.0771838197e-03   -6.3690766574e-07   -6.3867535453e-05   -2.8544506399e-08   -8.4441871535e-04   -4.5613398965e-08   -3.9057176575e-04    2.1416238662e-08
  44.2000000    4.0610171268e-03   -5.9555973410e-07   -6.1819415447e-05   -1.9630664350e-09   -8.3986919930e-04   -5.1493702080e-08   -3.9187583302e-04    2.1999561253e-08
  44.2100000    4.0449656913e-03   -5.4888558574e-07   -6.1339761972e-05    2.5126366885e-08   -8.3535339225e-04   -5.6966008177e-08   -3.9324781020e-04    2.2472595660e-08
  44.2200000    4.0291295499e-03   -4.9768227514e-07   -6.2370096040e-05    5.2424705725e-08   -8.3086837639e-04   -6.2007653930e-08   -3.9468294034e-04    2.2838431650e-08
  44.2300000    4.0136034967e-03   -4.4277038029e-07   -6.4830487268e-05    7.9632230201e-08   -8.2641098243e-04   -6.6598861903e-08   -3.9617609127e-04    2.3100452664e-08
  44.2400000    3.9984760140e-03   -3.8498045151e-07   -6.8620991905e-05    1.0645225182e-07   -8.2197781238e-04   -7.0722796318e-08   -3.9772178384e-04    2.3262289147e-08
  44.2500000    3.9838283272e-03   -3.2513996844e-07   -7.3623376204e-05    1.3259458295e-07   -8.1756526384e-04   -7.4365615403e-08   -3.9931422252e-04    2.3327765126e-08
  44.2600000    3.9697335952e-03   -2.6406090191e-07   -7.9703110957e-05    1.5777876426e-07   -8.1316955582e-04   -7.7516498109e-08   -4.0094732808e-04    2.3300859774e-08
  44.2700000    3.9562562467e-03   -2.0252822271e-07   -8.6711596671e-05    1.8173705295e-07   -8.0878675577e-04   -8.0167644280e-08   -4.0261477224e-04    2.3185650867e-08
  44.2800000    3.9434514688e-03   -1.4128939066e-07   -9.4488583587e-05    2.0421714647e-07   -8.0441280776e-04   -8.2314274909e-08   -4.0431001405e-04    2.2986283651e-08
  44.2900000    3.9313648500e-03   -8.1044990366e-08   -1.0286474797e-04    2.2498455696e-07   -8.0004356162e-04   -8.3954598027e-08   -4.0602633781e-04    2.2706924959e-08
  44.3000000    3.9200321803e-03   -2.2440762107e-08   -1.1166438331e-04    2.4382467746e-07   -7.9567480281e-04   -8.5089769313e-08   -4.0775689222e-04    2.2351731153e-08
  44.3100000    3.9094794045e-03    3.3939089450e-08   -1.2070816458e-04    2.6054457222e-07   -7.9130228283e-04   -8.5723823629e-08   -4.0949473067e-04    2.1924820002e-08
  44.3200000    3.8997227238e-03    8.7577090394e-08   -1.2981594197e-04    2.7497436707e-07   -7.8692175012e-04   -8.5863604199e-08   -4.1123285220e-04    2.1430240522e-08
  44.3300000    3.8907688392e-03    1.3802622612e-07   -1.3880952039e-04    2.8696837348e-07   -7.8252898101e-04   -8.5518660500e-08   -4.1296424316e-04    2.0871948534e-08
  44.3400000    3.8826153252e-03    1.8491222820e-07   -1.4751538162e-04    2.9640587964e-07   -7.7811981077e-04   -8.4701149783e-08   -4.1468191903e-04    2.0253791493e-08
  44.3500000    3.8752511215e-03    2.2793438467e-07   -1.5576730796e-04    3.0319167927e-07   -7.7369016437e-04   -8.3425708866e-08   -4.1637896637e-04    1.9579490105e-08
  44.3600000    3.8686571302e-03    2.6686500044e-07   -1.6340886758e-04    3.0725628517e-07   -7.6923608694e-04   -8.1709321100e-08   -4.1804858445e-04    1.8852627878e-08
  44.3700000    3.8628069004e-03    3.0154753271e-07   -1.7029572456e-04    3.0855595304e-07   -7.6475377349e-04   -7.9571172948e-08   -4.1968412653e-04    1.8076643797e-08
  44.3800000    3.8576673846e-03    3.3189353469e-07   -1.7629773967e-04    3.0707240592e-07   -7.6023959799e-04   -7.7032492200e-08   -4.2127914028e-04    1.7254836635e-08
  44.3900000    3.8531997493e-03    3.5787852427e-07   -1.8130083137e-04    3.0281245521e-07   -7.5569014139e-04   -7.4116383602e-08   -4.2282740724e-04    1.6390356335e-08
  44.4000000    3.8493602203e-03    3.7953692014e-07   -1.8520856869e-04    2.9580734470e-07   -7.5110221848e-04   -7.0847653420e-08   -4.2432298111e-04    1.5486212933e-08
  44.4100000    3.8461009464e-03    3.9695617640e-07   -1.8794348257e-04    2.8611204583e-07   -7.4647290351e-04   -6.7252629730e-08   -4.2576022449e-04    1.4545283712e-08
  44.4200000    3.8433708614e-03    4.1027032311e-07   -1.8944806887e-04    2.7380437939e-07   -7.4179955417e-04   -6.3358969598e-08   -4.2713384394e-04    1.3570321385e-08
  44.4300000    3.8411165293e-03    4.1965305107e-07   -1.8968547307e-04    2.5898401207e-07   -7.3707983407e-04   -5.9195470596e-08   -4.2843892312e-04    1.2563973472e-08
  44.4400000    3.8392829548e-03    4.2531048951e-07   -1.8863985210e-04    2.4177144577e-07   -7.3231173330e-04   -5.4791874141e-08   -4.2967095382e-04    1.1528790474e-08
  44.4500000    3.8378143459e-03    4.2747390642e-07   -1.8631641022e-04    2.2230687669e-07   -7.2749358709e-04   -5.0178662508e-08   -4.3082586466e-04    1.0467245833e-08
  44.4600000    3.8366548149e-03    4.2639244675e-07   -1.8274111286e-04    2.0074906032e-07   -7.2262409237e-04   -4.5386862503e-08   -4.3190004720e-04    9.3817623017e-09
  44.4700000    3.8357490073e-03    4.2232609705e-07   -1.7796008513e-04    1.7727404370e-07   -7.1770232219e-04   -4.0447849457e-08   -4.3289037954e-04    8.2747172456e-09
  44.4800000    3.8350426484e-03    4.1553900228e-07   -1.7203870913e-04    1.5207397401e-07   -7.1272773780e-04   -3.5393145176e-08   -4.3379424696e-04    7.1484790944e-09
  44.4900000    3.8344830030e-03    4.0629325945e-07   -1.6506043777e-04    1.2535576958e-07   -7.0770019840e-04   -3.0254223590e-08   -4.3460955969e-04    6.0054165933e-09
  44.5000000    3.8340192434e-03    3.9484334642e-07   -1.5712534604e-04    9.7339838313e-08   -7.0261996840e-04   -2.5062318918e-08   -4.3533476754e-04    4.8479278533e-09
  44.5100000    3.8336027228e-03    3.8143124484e-07   -1.4834844524e-04    6.8258662615e-08   -6.9748772218e-04   -1.9848242813e-08   -4.3596887150e-04    3.6784575408e-09
  44.5200000    3.8331871572e-03    3.6628237379e-07   -1.3885778910e-04    3.8355417949e-08   -6.9230454625e-04   -1.4642201994e-08   -4.3651143196e-04    2.4995175955e-09
  44.5300000    3.8327287174e-03    3.4960234387e-07   -1.2879240312e-04    7.8824905297e-09   -6.8707193887e-04   -9.4736237524e-09   -4.3696257373e-04    1.3137017207e-09
  44.5400000    3.8321860362e-03    3.3157458519e-07   -1.1830007082e-04   -2.2900085394e-08   -6.8179180702e-04   -4.3709954920e-09   -4.3732298774e-04    1.2371260577e-10
  44.5500000    3.8315201404e-03    3.1235884149e-07   -1.0753501251e-04   -5.3726239042e-08   -6.7646646083e-04    6.3829267055e-10   -4.3759392933e-04   -1.0676308090e-09
  44.5600000    3.8306943149e-03    2.9209064049e-07   -9.6655492925e-05   -8.4325591271e-08   -6.7109860530e-04    5.5280981342e-09   -4.3777721328e-04   -2.2573826639e-09
  44.5700000    3.8296739113e-03    2.7088157731e-07   -8.5821394862e-05   -1.1442526427e-07   -6.6569132957e-04    1.0273656715e-08   -4.3787520549e-04   -3.4424535755e-09
  44.5800000    3.8284261129e-03    2.4882039384e-07   -7.5191795710e-05   -1.4375183367e-07   -6.6024809363e-04    1.4851710052e-08   -4.3789081145e-04   -4.6196077238e-09
  44.5900000    3.8269196697e-03    2.2597487186e-07   -6.4922583091e-05   -1.7203335636e-07   -6.5477271260e-04    1.9240611890e-08   -4.3782746142e-04   -5.7854525879e-09
  44.6000000    3.8251246169e-03    2.0239437388e-07   -5.5164145069e-05   -1.9900152764e-07   -6.4926933861e-04    2.3420436276e-08   -4.3768909258e-04   -6.9364467605e-09
  44.6100000    3.8230119921e-03    1.7811293545e-07   -4.6059167677e-05   -2.2439394510e-07   -6.4374244040e-04    2.7373057423e-08   -4.3748012816e-04   -8.0688908389e-09
  44.6200000    3.8205535641e-03    1.5315290523e-07   -3.7740571142e-05   -2.4795654019e-07   -6.3819678080e-04    3.1082230486e-08   -4.3720545364e-04   -9.1789438331e-09
  44.6300000    3.8177215881e-03    1.2752887901e-07   -3.0329613610e-05   -2.6944599229e-07   -6.3263739208e-04    3.4533646748e-08   -4.3687039028e-04   -1.0262621543e-08
  44.6400000    3.8144886000e-03    1.0125192606e-07   -2.3934187515e-05   -2.8863230071e-07   -6.2706954943e-04    3.7714982423e-08   -4.3648066593e-04   -1.1315822282e-08
  44.6500000    3.8108272605e-03    7.4333930622e-08   -1.8647330951e-05   -3.0530140373e-07   -6.2149874270e-04    4.0615932150e-08   -4.3604238361e-04   -1.2334319727e-08
  44.6600000    3.8067102610e-03    4.6791917325e-08   -1.4545972516e-05   -3.1925779617e-07   -6.1593064640e-04    4.3228222313e-08   -4.3556198766e-04   -1.3313808534e-08
  44.6700000    3.8021102983e-03    1.8652266692e-08   -1.1689924457e-05   -3.3032716609e-07   -6.1037108838e-04    4.5545626363e-08   -4.3504622799e-04   -1.4249907148e-08
  44.6800000    3.7970001252e-03   -1.0045321918e-08   -1.0121134836e-05   -3.3835898297e-07   -6.0482601721e-04    4.7563946445e-08   -4.3450212244e-04   -1.5138190961e-08
  44.6900000    3.7913526807e-03   -3.9244180648e-08   -9.8632055581e-06   -3.4322897875e-07   -5.9930146839e-04    4.9281000446e-08   -4.3393691754e-04   -1.5974219217e-08
  44.7000000    3.7851413031e-03   -6.8867531258e-08   -1.0921178888e-05   -3.4484154576e-07   -5.9380352978e-04    5.0696582143e-08   -4.3335804794e-04   -1.6753561917e-08
  44.7100000    3.7783400236e-03   -9.8815834263e-08   -1.3281591701e-05   -3.4313191101e-07   -5.8833830629e-04    5.1812411552e-08   -4.3277309463e-04   -1.7471838388e-08
  44.7200000    3.7709239385e-03   -1.2896477122e-07   -1.6912792204e-05   -3.3806810202e-07   -5.8291188411e-04    5.2632084137e-08   -4.3218974233e-04   -1.8124742739e-08
  44.7300000    3.7628696546e-03   -1.5916392231e-07   -2.1765510475e-05   -3.2965263253e-07   -5.7753029462e-04    5.3160994379e-08   -4.3161573625e-04   -1.8708086556e-08
  44.7400000    3.7541557999e-03   -1.8923615828e-07   -2.7773670915e-05   -3.1792389264e-07   -5.7219947834e-04    5.3406254470e-08   -4.3105883833e-04   -1.9217842512e-08
  44.7500000    3.7447635892e-03   -2.1897775615e-07   -3.4855431144e-05   -3.0295708770e-07   -5.6692524895e-04    5.3376594616e-08   -4.3052678355e-04   -1.9650164711e-08
  44.7600000    3.7346774328e-03   -2.4815932968e-07   -4.2914429525e-05   -2.8486485054e-07   -5.6171325775e-04    5.3082279203e-08   -4.3002723619e-04   -2.0001444695e-08
  44.7700000    3.7238855743e-03   -2.7652746823e-07   -5.1841220622e-05   -2.6379733831e-07   -5.5656895869e-04    5.2534981786e-08   -4.2956774651e-04   -2.0268341017e-08
  44.7800000    3.7123807421e-03   -3.0380721626e-07   -6.1514875843e-05   -2.3994186035e-07   -5.5149757422e-04    5.1747669028e-08   -4.2915570809e-04   -2.0447819977e-08
  44.7900000    3.7001607982e-03   -3.2970520313e-07   -7.1804724801e-05   -2.1352196197e-07   -5.4650406220e-04    5.0734477515e-08   -4.2879831603e-04   -2.0537192311e-08
  44.8000000    3.6872293660e-03   -3.5391342140e-07   -8.2572211527e-05   -1.8479600191e-07   -5.4159308400e-04    4.9510585138e-08   -4.2850252617e-04   -2.0534149988e-08
  44.8100000    3.6735964208e-03   -3.7611364594e-07   -9.3672838656e-05   -1.5405515865e-07   -5.3676897406e-04    4.8092068591e-08   -4.2827501580e-04   -2.0436800037e-08
  44.8200000    3.6592788234e-03   -3.9598232674e-07   -1.0495817234e-04   -1.2162089376e-07   -5.3203571113e-04    4.6495767208e-08   -4.2812214580e-04   -2.0243700856e-08
  44.8300000    3.6443007805e-03   -4.1319595311e-07   -1.1627788001e-04   -8.7841858244e-08   -5.2739689126e-04    4.4739135614e-08   -4.2804992466e-04   -1.9953883177e-08
  44.8400000    3.6286942140e-03   -4.2743674251e-07   -1.2748177406e-04   -5.3090296180e-08   -5.2285570288e-04    4.2840101613e-08   -4.2806397441e-04   -1.9566891418e-08
  44.8500000    3.6124990251e-03   -4.3839854188e-07   -1.3842183421e-04   -1.7757933740e-08   -5.1841490398e-04    4.0816922187e-08   -4.2816949880e-04   -1.9082788802e-08
  44.8600000    3.5957632375e-03   -4.4579287625e-07   -1.4895418303e-04    1.7748573544e-08   -5.1407680170e-04    3.8688028594e-08   -4.2837125375e-04   -1.8502195849e-08
  44.8700000    3.5785430089e-03   -4.4935497906e-07   -1.5894098978e-04    5.3012575847e-08   -5.0984323440e-04    3.6471883164e-08   -4.2867352043e-04   -1.7826291729e-08
  44.8800000    3.5609025005e-03   -4.4884974411e-07   -1.6825227945e-04    8.7612745012e-08   -5.0571555621e-04    3.4186843880e-08   -4.2908008085e-04   -1.7056840787e-08
  44.8900000    3.5429135974e-03   -4.4407744703e-07   -1.7676762529e-04    1.2112863938e-07   -5.0169462456e-04    3.1851015623e-08   -4.2959419646e-04   -1.6196185675e-08
  44.9000000    3.5246554749e-03   -4.3487912286e-07   -1.8437770562e-04    1.5314642145e-07   -4.9778079030e-04    2.9482113382e-08   -4.3021858945e-04   -1.5247261308e-08
  44.9100000    3.5062140109e-03   -4.2114152421e-07   -1.9098570716e-04    1.8326476308e-07   -4.9397389097e-04    2.7097332336e-08   -4.3095542724e-04   -1.4213583552e-08
  44.9200000    3.4876810437e-03   -4.0280153085e-07   -1.9650855998e-04    2.1110067435e-07   -4.9027324691e-04    2.4713227444e-08   -4.3180630993e-04   -1.3099255825e-08
  44.9300000    3.4691534819e-03   -3.7984996381e-07   -2.0087799115e-04    2.3629529277e-07   -4.8667766052e-04    2.2345590997e-08   -4.3277226104e-04   -1.1908939269e-08
  44.9400000    3.4507322742e-03   -3.5233462410e-07   -2.0404138665e-04    2.5851948545e-07   -4.8318541854e-04    2.0009337267e-08   -4.3385372135e-04   -1.0647857886e-08
  44.9500000    3.4325212497e-03   -3.2036264405e-07   -2.0596245365e-04    2.7747917834e-07   -4.7979429753e-04    1.7718403936e-08   -4.3505054604e-04   -9.3217576660e-09
  44.9600000    3.4146258434e-03   -2.8410190096e-07   -2.0662167765e-04    2.9292026429e-07   -4.7650157238e-04    1.5485663778e-08   -4.3636200499e-04   -7.9368882711e-09
  44.9700000    3.3971517238e-03   -2.4378161144e-07   -2.0601657150e-04    3.0463308570e-07   -4.7330402797e-04    1.3322822588e-08   -4.3778678645e-04   -6.4999733053e-09
  44.9800000    3.3802033423e-03   -1.9969197289e-07   -2.0416171563e-04    3.1245630779e-07   -4.7019797386e-04    1.1240367442e-08   -4.3932300371e-04   -5.0181712649e-09
  44.9900000    3.3638824260e-03   -1.5218291614e-07   -2.0108859106e-04    3.1628017933e-07   -4.6717926205e-04    9.2474885040e-09   -4.4096820511e-04   -3.4990356697e-09
  45.0000000    3.3482864388e-03   -1.0166183745e-07   -1.9684520931e-04    3.1604903302e-07   -4.6424330753e-04    7.3520341872e-09   -4.4271938703e-04   -1.9504698016e-09
  45.0100000    3.3335070342e-03   -4.8590453244e-08   -1.9149554500e-04    3.1176303080e-07   -4.6138511184e-04    5.5604625656e-09   -4.4457300992e-04   -3.8067834883e-10
  45.0200000    3.3196285279e-03    6.5192605890e-09   -1.8511877928e-04    3.0347907487e-07   -4.5859928924e-04    3.8778245822e-09   -4.4652501721e-04    1.2018793682e-09
  45.0300000    3.3067264164e-03    6.3110014550e-08   -1.7780836396e-04    2.9131078884e-07   -4.5588009555e-04    2.3077346783e-09   -4.4857085706e-04    2.7885577863e-09
  45.0400000    3.2948659693e-03    1.2058497623e-07   -1.6967091784e-04    2.7542767319e-07   -4.5322145935e-04    8.5237654686e-10   -4.5070550668e-04    4.3705642495e-09
  45.0500000    3.2841009204e-03    1.7831427602e-07   -1.6082496859e-04    2.5605328003e-07   -4.5061701565e-04   -4.8749924596e-10   -4.5292349933e-04    5.9390380381e-09
  45.0600000    3.2744722858e-03    2.3564221459e-07   -1.5139955472e-04    2.3346256763e-07   -4.4806014147e-04   -1.7125469786e-09   -4.5521895347e-04    7.4851009911e-09
  45.0700000    3.2660073314e-03    2.9189507210e-07   -1.4153270333e-04    2.0797829123e-07   -4.4554399350e-04   -2.8247992461e-09   -4.5758560427e-04    8.9999233372e-09
  45.0800000    3.2587187122e-03    3.4638936692e-07   -1.3136980082e-04    1.7996663715e-07   -4.4306154740e-04   -3.8276272990e-09   -4.6001683708e-04    1.0474790375e-08
  45.0900000    3.2526038058e-03    3.9844058298e-07   -1.2106187442e-04    1.4983202646e-07   -4.4060563867e-04   -4.7256802470e-09   -4.6250572262e-04    1.1901163294e-08
  45.1000000    3.2476442544e-03    4.4737214490e-07   -1.1076380320e-04    1.1801123051e-07   -4.3816900472e-04   -5.5248266924e-09   -4.6504505398e-04    1.3270754347e-08
  45.1100000    3.2438057318e-03    4.9252451949e-07   -1.0063247785e-04    8.4966877659e-08   -4.3574432805e-04   -6.2320764654e-09   -4.6762738483e-04    1.4575568939e-08
  45.1200000    3.2410379448e-03    5.3326443616e-07   -9.0824929245e-05    5.1180409160e-08   -4.3332428013e-04   -6.8554931774e-09   -4.7024506895e-04    1.5807997596e-08
  45.1300000    3.2392748768e-03    5.6899395927e-07   -8.1496445831e-05    1.7144657227e-08   -4.3090156589e-04   -7.4041066215e-09   -4.7289030067e-04    1.6960843475e-08
  45.1400000    3.2384352755e-03    5.9915940035e-07   -7.2798700144e-05   -1.6643871608e-08   -4.2846896838e-04   -7.8878060802e-09   -4.7555515610e-04    1.8027408648e-08
  45.1500000    3.2384233850e-03    6.2325982472e-07   -6.4877904809e-05   -4.9692906745e-08   -4.2601939354e-04   -8.3172308544e-09   -4.7823163485e-04    1.9001538889e-08
  45.1600000    3.2391299162e-03    6.4085518995e-07   -5.7873018221e-05   -8.1522300291e-08   -4.2354591458e-04   -8.7036536581e-09   -4.8091170200e-04    1.9877673041e-08
  45.1700000    3.2404332456e-03    6.5157381025e-07   -5.1914019700e-05   -1.1167184697e-07   -4.2104181587e-04   -9.0588581199e-09   -4.8358733025e-04    2.0650889620e-08
  45.1800000    3.2422008308e-03    6.5511918383e-07   -4.7120273727e-05   -1.3970881713e-07   -4.1850063597e-04   -9.3950108195e-09   -4.8625054178e-04    2.1316959716e-08
  45.1900000    3.2442908235e-03    6.5127596532e-07   -4.3599001646e-05   -1.6523515741e-07   -4.1591620962e-04   -9.7245274265e-09   -4.8889344974e-04    2.1872378973e-08
  45.2000000    3.2465538601e-03    6.3991504253e-07   -4.1443879245e-05   -1.8789411674e-07   -4.1328270826e-04   -1.0059943220e-08   -4.9150829919e-04    2.2314400030e-08
  45.2100000    3.2488350051e-03    6.2099761579e-07   -4.0733776777e-05   -2.0737629670e-07   -4.1059467904e-04   -1.0413767391e-08   -4.9408750713e-04    2.2641069039e-08
  45.2200000    3.2509758195e-03    5.9457814752e-07   -4.1531657479e-05   -2.2342490521e-07   -4.0784708189e-04   -1.0798354480e-08   -4.9662370150e-04    2.2851239911e-08
  45.2300000    3.2528165259e-03    5.6080619771e-07   -4.3883649020e-05   -2.3584017797e-07   -4.0503532443e-04   -1.1225764810e-08   -4.9910975896e-04    2.2944595100e-08
  45.2400000    3.2541982353e-03    5.1992700708e-07   -4.7818300765e-05   -2.4448285246e-07   -4.0215529452e-04   -1.1707621890e-08   -5.0153884112e-04    2.2921656968e-08
  45.2500000    3.2549652052e-03    4.7228084300e-07   -5.3346038357e-05   -2.4927662928e-07   -3.9920339022e-04   -1.2254988747e-08   -5.0390442932e-04    2.2783789545e-08
  45.2600000    3.2549670908e-03    4.1830104518e-07   -6.0458824860e-05   -2.5020957582e-07   -3.9617654691e-04   -1.2878228635e-08   -5.0620035733e-04    2.2533194248e-08
  45.2700000    3.2540611571e-03    3.5851077266e-07   -6.9130036047e-05   -2.4733439720e-07   -3.9307226144e-04   -1.3586885365e-08   -5.0842084232e-04    2.2172906334e-08
