  40.0100000    3.2244806726e-06    7.3650918987e-06   -2.5662325590e-06    1.3247925036e-07   -1.8213034406e-06   -7.0027290329e-07   -1.4819375543e-06    2.8368412084e-07
  40.0200000    3.2702762023e-06    7.3746910923e-06   -2.2630578017e-06    3.7638366573e-07   -1.8603681059e-06   -5.7646288519e-07   -1.4573036536e-06    2.5965115195e-07
  40.0300000    3.2606657137e-06    7.3389243810e-06   -1.9420459150e-06    6.1219326255e-07   -1.8898079129e-06   -4.4938633153e-07   -1.4230440839e-06    2.3478818048e-07
  40.0400000    3.1951240875e-06    7.2548069855e-06   -1.6093904982e-06    8.3590284516e-07   -1.9093975903e-06   -3.1983700706e-07   -1.3793998880e-06    2.0925422226e-07
  40.0500000    3.0740669671e-06    7.1206793805e-06   -1.2714387815e-06    1.0436986386e-06   -1.9189658093e-06   -1.8862535231e-07   -1.3266730313e-06    1.8320814371e-07
  40.0600000    2.8989519216e-06    6.9362941257e-06   -9.3457396314e-07    1.2320235212e-06   -1.9183966660e-06   -5.6572903918e-08   -1.2652244502e-06    1.5680767660e-07
  40.0700000    2.6723524704e-06    6.7028481778e-06   -6.0510890690e-07    1.3976270055e-06   -1.9076306538e-06    7.5492846682e-08   -1.1954717359e-06    1.3020843797e-07
  40.0800000    2.3980003942e-06    6.4229608622e-06   -2.8918192625e-07    1.5376102658e-06   -1.8866652900e-06    2.0674365128e-07   -1.1178864328e-06    1.0356300412e-07
  40.0900000    1.3827166577e-06    6.7523308188e-06    7.3435059099e-09    1.6494651000e-06   -1.8555554521e-06    3.3635573691e-07   -1.0329909812e-06    7.7020025697e-08
  40.1000000    1.1771194535e-06    6.3496915347e-06    2.7897329386e-07    1.7311064908e-06   -1.8144133495e-06    4.6351500626e-07   -9.4135534964e-07    5.0723399797e-08
  40.1100000    9.5589396235e-07    5.9160693969e-06    5.2066994384e-07    1.7808984492e-06   -1.7634081693e-06    5.8742220440e-07   -8.4359335480e-07    2.4811473988e-08
  40.1200000    7.2341242901e-07    5.4575645241e-06    7.2793113387e-07    1.7976728792e-06   -1.7027653886e-06    7.0729798935e-07   -7.4035867827e-07   -5.8367842913e-10
  40.1300000    4.8430565891e-07    4.9808206879e-06    8.9685828313e-07    1.7807413283e-06   -1.6327657266e-06    8.2238790231e-07   -6.3234063160e-07   -2.5336914926e-08
  40.1400000    2.4339825853e-07    4.4929206483e-06    1.0242141174e-06    1.7298995850e-06   -1.5537438073e-06    9.3196717975e-07   -5.2025969507e-07   -4.9330627806e-08
  40.1500000    5.6388598848e-09    4.0012732740e-06    1.1074683446e-06    1.6454252226e-06   -1.4660864681e-06    1.0353454124e-06   -4.0486284273e-07   -7.2455274305e-08
  40.1600000   -2.2397436156e-07    3.5134936364e-06    1.1448308490e-06    1.5280682556e-06   -1.3702307596e-06    1.1318709660e-06   -2.8691869302e-07   -9.4609848357e-08
  40.1700000   -1.1694458361e-07    3.0267608077e-06    6.6706505485e-07    1.5040799417e-06   -1.2666542549e-06    1.2209159519e-06   -1.6721250198e-07   -1.1570225059e-07
  40.1800000   -3.5719105166e-07    2.5680563599e-06    5.9540338507e-07    1.3182481368e-06   -1.1558959367e-06    1.3019392214e-06   -4.6541079327e-08   -1.3564962784e-07
  40.1900000   -5.7605511862e-07    2.1362500598e-06    4.8206734773e-07    1.1037804942e-06   -1.0385285270e-06    1.3744298484e-06    7.4292425363e-08   -1.5437860120e-07
  40.2000000   -7.6856416504e-07    1.7385440027e-06    3.2835545222e-07    8.6335477812e-07   -9.1516419513e-07    1.4379308698e-06    1.9448373879e-07   -1.7182545288e-07
  40.2100000   -9.3003926112e-07    1.3817157956e-06    1.3624804687e-07    5.9984996508e-07   -7.8645101421e-07    1.4920422264e-06    3.1323271281e-07   -1.8793621193e-07
  40.2200000   -1.0562042951e-06    1.0720016224e-06   -9.1681304396e-08    3.1643261101e-07   -6.5306935670e-07    1.5364233787e-06    4.2974856010e-07   -2.0266669439e-07
  40.2300000   -1.1432653068e-06    8.1498749509e-07   -3.5231298403e-07    1.6504014844e-08   -5.1572808629e-07    1.5707956008e-06    5.4325501553e-07   -2.1598245632e-07
  40.2400000   -1.1879846530e-06    6.1550985935e-07   -6.4203797626e-07   -2.9635180716e-07   -3.7516056284e-07    1.5949438561e-06    6.5299542474e-07   -2.2785867988e-07
  40.2500000   -1.1877469019e-06    4.7756798930e-07   -9.5682134980e-07   -6.1842205347e-07   -2.3212048244e-07    1.6087182557e-06    7.5823770571e-07   -2.3828000829e-07
  40.2600000   -1.1406157382e-06    4.0424930765e-07   -1.2922716973e-06   -9.4592000605e-07   -8.7377616569e-08    1.6120351464e-06    8.5827915642e-07   -2.4724030280e-07
  40.2700000   -1.0453804251e-06    3.9766895112e-07   -1.6437150588e-06   -1.2750398631e-06    5.8286611450e-08    1.6048777405e-06    9.5245106931e-07   -2.5474234287e-07
  40.2800000   -9.0159080535e-07    4.5892472508e-07   -2.0062723229e-06   -1.6020107796e-06    2.0408358969e-07    1.5872963396e-06    1.0401231579e-06   -2.6079748543e-07
  40.2900000   -7.0957967764e-07    5.8806821173e-07   -2.3749382470e-06   -1.9231494511e-06    3.4922204510e-07    1.5594081195e-06    1.1207076941e-06   -2.6542524994e-07
  40.3000000   -4.7047199011e-07    7.8409255798e-07   -2.7446616454e-06   -2.2349100844e-06    4.9291262064e-07    1.5213965052e-06    1.1936634267e-06   -2.6865288798e-07
  40.3100000   -1.8618044901e-07    1.0449370678e-06   -3.1104248713e-06   -2.5339313273e-06    6.3437242120e-07    1.4735100919e-06    1.2584991521e-06   -2.7051487068e-07
  40.3200000    1.4061274626e-07    1.3675091681e-06   -3.4673213885e-06   -2.8170795224e-06    7.7282956445e-07    1.4160611685e-06    1.3147770005e-06   -2.7105238564e-07
  40.3300000    5.0648822529e-07    1.7477226225e-06   -3.8106303859e-06   -3.0814874991e-06    9.0752765478e-07    1.3494238331e-06    1.3621153564e-06   -2.7031275507e-07
  40.3400000    9.0733521802e-07    2.1805520651e-06   -4.1358871546e-06   -3.3245887036e-06    1.0377301890e-06    1.2740316888e-06    1.4001914301e-06   -2.6834886796e-07
  40.3500000    1.3384100559e-06    2.6601026052e-06   -4.4389483993e-06   -3.5441459422e-06    1.1627248444e-06    1.1903751715e-06    1.4287434423e-06   -2.6521856683e-07
  40.3600000    1.7944069724e-06    3.1796939087e-06   -4.7160513094e-06   -3.7382746966e-06    1.2818276507e-06    1.0989984829e-06    1.4475724214e-06   -2.6098402522e-07
  40.3700000    2.2695398657e-06    3.7319569016e-06   -4.9638658818e-06   -3.9054606117e-06    1.3943869753e-06    1.0004962119e-06    1.4565435700e-06   -2.5571112021e-07
  40.3800000    2.7576333560e-06    4.3089418400e-06   -5.1795395473e-06   -4.0445711659e-06    1.4997873424e-06    8.9550958150e-07    1.4555872517e-06   -2.4946877938e-07
  40.3900000    3.2522222516e-06    4.9022362281e-06   -5.3607335909e-06   -4.1548614533e-06    1.5974530476e-06    7.8472242513e-07    1.4446995182e-06   -2.4232836680e-07
  40.4000000    3.7466572007e-06    5.5030904762e-06   -5.5056511166e-06   -4.2359741658e-06    1.6868515217e-06    6.6885684522e-07    1.4239422321e-06   -2.3436303627e-07
  40.4100000    4.2342148037e-06    6.1025494264e-06   -5.6130562202e-06   -4.2879339455e-06    1.7674964696e-06    5.4866865094e-07    1.3934427455e-06   -2.2564711243e-07
  40.4200000    4.7082102786e-06    6.6915877099e-06   -5.6822840793e-06   -4.3111363262e-06    1.8389507135e-06    4.2494253603e-07    1.3533931527e-06   -2.1625548899e-07
  40.4300000    5.1621103914e-06    7.2612469613e-06   -5.7132422626e-06   -4.3063316984e-06    1.9008287737e-06    2.9848709245e-07    1.3040491299e-06   -2.0626304890e-07
  40.4400000    5.5896447301e-06    7.8027724501e-06   -5.7064032935e-06   -4.2746045787e-06    1.9527991050e-06    1.7012963058e-07    1.2457283444e-06   -1.9574408627e-07
  40.4500000    5.9849130210e-06    8.3077472281e-06   -5.6627884482e-06   -4.2173487670e-06    1.9945860705e-06    4.0710888792e-08    1.1788084378e-06   -1.8477179713e-07
  40.4600000    6.3424873815e-06    8.7682223611e-06   -5.5839438154e-06   -4.1362387465e-06    2.0259715224e-06   -8.8920378894e-08    1.1037246696e-06   -1.7341776055e-07
  40.4700000    6.6575056343e-06    9.1768396637e-06   -5.4719086921e-06   -4.0331981715e-06    2.0467960962e-06   -2.1791284704e-07    1.0209671080e-06   -1.6175149008e-07
  40.4800000    6.9257557284e-06    9.5269465976e-06   -5.3291770405e-06   -3.9103657451e-06    2.0569601171e-06   -3.4541812711e-07    9.3107751894e-07   -1.4983999793e-07
  40.4900000    7.1437489540e-06    9.8127011255e-06   -5.1586527837e-06   -3.7700592783e-06    2.0564241655e-06   -4.7059623831e-07    8.3464586441e-07   -1.3774742155e-07
  40.5000000    7.3087803053e-06    1.0029164857e-05   -4.9635995764e-06   -3.6147385083e-06    2.0452092916e-06   -5.9262105959e-07    7.3230650891e-07   -1.2553467213e-07
  40.5100000    7.4189750547e-06    1.0172382894e-05   -4.7475860690e-06   -3.4469672976e-06    2.0233968466e-06   -7.1068569317e-07    6.2473411946e-07   -1.1325915101e-07
  40.5200000    7.4733206362e-06    1.0239449780e-05   -4.5144274955e-06   -3.2693758113e-06    1.9911279778e-06   -8.2400771972e-07    5.1263927748e-07   -1.0097449559e-07
  40.5300000    7.4716830906e-06    1.0228560032e-05   -4.2681244871e-06   -3.0846233381e-06    1.9486027488e-06   -9.3183430824e-07    3.9676387675e-07   -8.8730385589e-08
  40.5400000    7.4148076476e-06    1.0139042898e-05   -4.0128001030e-06   -2.8953622019e-06    1.8960789205e-06   -1.0334471472e-06    2.7787629190e-07   -7.6572390624e-08
  40.5500000    7.3043035764e-06    9.9713805201e-06   -3.7526360540e-06   -2.7042033795e-06    1.8338703714e-06   -1.1281671611e-06    1.5676635534e-07   -6.4541853967e-08
  40.5600000    7.1426135686e-06    9.7272096154e-06   -3.4918089653e-06   -2.5136842086e-06    1.7623451974e-06   -1.2153589918e-06    3.4240197586e-08   -5.2675861224e-08
  40.5700000    6.9329679712e-06    9.4093063012e-06   -3.2344276609e-06   -2.3262387144e-06    1.6819234917e-06   -1.2944351929e-06   -8.8885033600e-08   -4.1007218225e-08
  40.5800000    6.6793249649e-06    9.0215544051e-06   -2.9844725617e-06   -2.1441707806e-06    1.5930747998e-06   -1.3648601565e-06   -2.1178653044e-07   -2.9564480693e-08
  40.5900000    6.3862979119e-06    8.5688980947e-06   -2.7457376055e-06   -1.9696305272e-06    1.4963152716e-06   -1.4261536651e-06   -3.3364123806e-07   -1.8372056938e-08
  40.6000000    6.0590711287e-06    8.0572789534e-06   -2.5217757415e-06   -1.8045941224e-06    1.3922045791e-06   -1.4778941485e-06   -4.5363128487e-07   -7.4503154560e-09
  40.6100000    5.7033053837e-06    7.4935584882e-06   -2.3158489594e-06   -1.6508471053e-06    1.2813425311e-06   -1.5197215250e-06   -5.7094936848e-07    3.1842321177e-09
  40.6200000    5.3250355440e-06    6.8854273960e-06   -2.1308829103e-06   -1.5099714341e-06    1.1643654752e-06   -1.5513396816e-06   -6.8480410311e-07    1.3518755378e-08
  40.6300000    4.9305618494e-06    6.2413026800e-06   -1.9694268454e-06   -1.3833361726e-06    1.0419424766e-06   -1.5725185278e-06   -7.9442526383e-07    2.3543846353e-08
  40.6400000    4.5263372120e-06    5.5702141785e-06   -1.8336199913e-06   -1.2720917210e-06    9.1477131339e-07   -1.5830956401e-06   -8.9906889810e-07    3.3253259971e-08
  40.6500000    4.1188525180e-06    4.8816818737e-06   -1.7251640239e-06   -1.1771676400e-06    7.8357428987e-07   -1.5829774633e-06   -9.9802229216e-07    4.2643624227e-08
  40.6600000    3.7145220650e-06    4.1855856579e-06   -1.6453022174e-06   -1.0992737278e-06    6.4909394112e-07   -1.5721400757e-06   -1.0906087129e-06    5.1714117306e-08
  40.6700000    3.3195714060e-06    3.4920294311e-06   -1.5948054083e-06   -1.0389042495e-06    5.1208858700e-07   -1.5506295077e-06   -1.1761919520e-06    6.0466132987e-08
  40.6800000    2.9399301874e-06    2.8112015274e-06   -1.5739649333e-06   -9.9634496579e-07    3.7332782305e-07   -1.5185615972e-06   -1.2541806008e-06    6.8902928222e-08
  40.6900000    2.5811306363e-06    2.1532327438e-06   -1.5825925539e-06   -9.7168268946e-07    2.3358795137e-07   -1.4761214029e-06   -1.3240320310e-06    7.7029255804e-08
  40.7000000    2.2482149239e-06    1.5280544834e-06   -1.6200273003e-06   -9.6481705369e-07    9.3647378448e-08   -1.4235621728e-06   -1.3852560785e-06    8.4850998184e-08
  40.7100000    1.9456527800e-06    9.4525877876e-07   -1.6851489246e-06   -9.7547408806e-07   -4.5717996461e-08   -1.3612038537e-06   -1.4374183728e-06    9.2374788729e-08
  40.7200000    1.6772703069e-06    4.1396176179e-07   -1.7763980012e-06   -1.0032211934e-06   -1.8373933935e-07   -1.2894311745e-06   -1.4801433250e-06    9.9607641614e-08
  40.7300000    1.4461917876e-06   -5.7327269443e-08   -1.8918020450e-06   -1.0474832352e-06   -3.1965942057e-07   -1.2086913098e-06   -1.5131167258e-06    1.0655659056e-07
  40.7400000    1.2547948806e-06   -4.6082988255e-07   -2.0290073545e-06   -1.1075593074e-06   -4.5273703554e-07   -1.1194911227e-06   -1.5360879339e-06    1.1322832378e-07
  40.7500000    1.1046805661e-06   -7.8961338731e-07   -2.1853162114e-06   -1.1826397812e-06   -5.8225133786e-07   -1.0223940224e-06   -1.5488716749e-06    1.1962884940e-07
  40.7600000    9.9665800729e-07   -1.0376952441e-06   -2.3577287103e-06   -1.2718233535e-06   -7.0750602239e-07   -9.1801644896e-07   -1.5513493965e-06    1.2576317455e-07
  40.7700000    9.3074413912e-07   -1.2001356816e-06   -2.5429887416e-06   -1.3741336786e-06   -8.2783334530e-07   -8.0702399539e-07   -1.5434701947e-06    1.3163498816e-07
  40.7800000    9.0617811759e-07   -1.2731171796e-06   -2.7376333952e-06   -1.4885353778e-06   -9.4259796982e-07   -6.9012721570e-07   -1.5252512976e-06    1.3724640319e-07
  40.7900000    9.2145001874e-07   -1.2540096460e-06   -2.9380451958e-06   -1.6139491423e-06   -1.0512005806e-06   -5.6807711841e-07   -1.4967780923e-06    1.4259769446e-07
  40.8000000    9.7434304065e-07   -1.1414202384e-06   -3.1405063569e-06   -1.7492655902e-06   -1.1530812791e-06   -4.4166039963e-07   -1.4582037162e-06    1.4768709446e-07
  40.8100000    1.0619880589e-06   -9.3522738448e-07   -3.3412544365e-06   -1.8933578897e-06   -1.2477227204e-06   -3.1169442727e-07   -1.4097482031e-06    1.5251059860e-07
  40.8200000    1.1809295532e-06   -6.3659788353e-07   -3.5365383505e-06   -2.0450928916e-06   -1.3346529721e-06   -1.7902200299e-07   -1.3516971773e-06    1.5706183369e-07
  40.8300000    1.3272012712e-06   -2.4798714945e-07   -3.7226745019e-06   -2.2033406846e-06   -1.4134480997e-06   -4.4505970428e-08   -1.2844001137e-06    1.6133193765e-07
  40.8400000    1.4964098366e-06    2.2687781606e-07   -3.8961017466e-06   -2.3669825317e-06   -1.4837344236e-06    9.0976339035e-08   -1.2082681879e-06    1.6530949774e-07
  40.8500000    1.6838250885e-06    7.8303291257e-07   -4.0534346881e-06   -2.5349173325e-06   -1.5451904748e-06    2.2653876847e-07   -1.1237717038e-06    1.6898052834e-07
  40.8600000    1.8844746260e-06    1.4143280621e-06   -4.1915145361e-06   -2.7060665618e-06   -1.5975486160e-06    3.6129204520e-07   -1.0314371351e-06    1.7232848002e-07
  40.8700000    2.0932410342e-06    2.1134951769e-06   -4.3074567151e-06   -2.8793776625e-06   -1.6405963269e-06    4.9434956178e-07   -9.3184378690e-07    1.7533430397e-07
  40.8800000    2.3049598234e-06    2.8722319324e-06   -4.3986945367e-06   -3.0538261802e-06   -1.6741771411e-06    6.2483312482e-07   -8.2562010510e-07    1.7797654710e-07
  40.8900000    2.5145160240e-06    3.6813005877e-06   -4.4630187246e-06   -3.2284167435e-06   -1.6981912300e-06    7.5187867023e-07   -7.1343965725e-07    1.8023150464e-07
  40.9000000    2.7169376402e-06    4.5306407524e-06   -4.4986118043e-06   -3.4021831229e-06   -1.7125956437e-06    8.7464191549e-07   -5.9601680715e-07    1.8207339072e-07
  40.9100000    2.9074843623e-06    5.4094951172e-06   -4.5040769747e-06   -3.5741874365e-06   -1.7174041911e-06    9.9230388189e-07   -4.7410211241e-07    1.8347457299e-07
  40.9200000    3.0817299030e-06    6.3065465083e-06   -4.4784610097e-06   -3.7435189675e-06   -1.7126869716e-06    1.1040762622e-06   -3.4847748086e-07    1.8440582528e-07
  40.9300000    3.2356363381e-06    7.2100645664e-06   -4.4212708381e-06   -3.9092925349e-06   -1.6985695657e-06    1.2092066297e-06   -2.1995110309e-07    1.8483663351e-07
  40.9400000    3.3656191863e-06    8.1080604383e-06   -4.3324836463e-06   -4.0706468854e-06   -1.6752318817e-06    1.3069833967e-06   -8.9352211484e-08    1.8473552396e-07
  40.9500000    3.4686023227e-06    8.9884474578e-06   -4.2125501214e-06   -4.2267431808e-06   -1.6429066734e-06    1.3967405397e-06    4.2474318220e-08    1.8407041203e-07
  40.9600000    3.5420622537e-06    9.8392062921e-06   -4.0623907682e-06   -4.3767637489e-06   -1.6018777374e-06    1.4778620416e-06    1.7467346794e-07    1.8280901258e-07
  40.9700000    3.5840604788e-06    1.0648551657e-05   -3.8833851423e-06   -4.5199117356e-06   -1.5524778019e-06    1.5497860042e-06    3.0638565586e-07    1.8091923974e-07
  40.9800000    3.5932640031e-06    1.1405098693e-05   -3.6773545618e-06   -4.6554110170e-06   -1.4950861298e-06    1.6120084501e-06    4.3675236042e-07    1.7836963855e-07
  40.9900000    3.5689538042e-06    1.2098026839e-05   -3.4465379285e-06   -4.7825072969e-06   -1.4301258439e-06    1.6640867203e-06    5.6492175314e-07    1.7512983749e-07
  41.0000000    3.5110219759e-06    1.2717239312e-05   -3.1935612178e-06   -4.9004700490e-06   -1.3580609916e-06    1.7056425159e-06    6.9005427718e-07    1.7117101186e-07
  41.0100000    3.4199568799e-06    1.3253514842e-05   -2.9214007836e-06   -5.0085954931e-06   -1.2793933688e-06    1.7363645199e-06    8.1132817032e-07    1.6646634270e-07
  41.0200000    3.2968179301e-06    1.3698650474e-05   -2.6333413119e-06   -5.1062108294e-06   -1.1946591474e-06    1.7560105861e-06    9.2794487661e-07    1.6099149962e-07
  41.0300000    3.1432004318e-06    1.4045592769e-05   -2.3329285764e-06   -5.1926792841e-06   -1.1044252865e-06    1.7644094927e-06    1.0391343186e-06    1.5472509936e-07
  41.0400000    2.9611914047e-06    1.4288555414e-05   -2.0239178795e-06   -5.2674063362e-06   -1.0092857873e-06    1.7614622425e-06    1.1441599784e-06    1.4764917213e-07
  41.0500000    2.7533177729e-06    1.4423121336e-05   -1.7102185166e-06   -5.3298468205e-06   -9.0985780769e-07    1.7471428904e-06    1.2423237747e-06    1.3974962095e-07
  41.0600000    2.5224878806e-06    1.4446327420e-05   -1.3958356104e-06   -5.3795127112e-06   -8.0677764594e-07    1.7214989097e-06    1.3329707035e-06    1.3101664048e-07
  41.0700000    2.2719281183e-06    1.4356729679e-05   -1.0848097331e-06   -5.4159816611e-06   -7.0069663963e-07    1.6846510794e-06    1.4154931890e-06    1.2144514409e-07
  41.0800000    2.0051158350e-06    1.4154449462e-05   -7.8115511464e-07   -5.4389059629e-06   -5.9227700489e-07    1.6367928992e-06    1.4893351274e-06    1.1103514355e-07
  41.0900000    1.7257098872e-06    1.3841197141e-05   -4.8879777307e-07   -5.4480219978e-06   -4.8218761847e-07    1.5781895289e-06    1.5539956112e-06    9.9792107967e-08
  41.1000000    1.4374803089e-06    1.3420273849e-05   -2.1151405482e-07   -5.4431594134e-06   -3.7109981711e-07    1.5091762730e-06    1.6090322884e-06    8.7727295661e-08
  41.1100000    1.1442389120e-06    1.2896550434e-05    4.7129174720e-08   -5.4242499757e-06   -2.5968319030e-07    1.4301565927e-06    1.6540643500e-06    7.4858032449e-08
  41.1200000    8.4977097610e-07    1.2276422720e-05    2.8383180644e-07   -5.3913360224e-06   -1.4860142562e-07    1.3415996867e-06    1.6887750995e-06    6.1207947173e-08
  41.1300000    5.5777120666e-07    1.1567744703e-05    4.9561445585e-07   -5.3445780535e-06   -3.8508224890e-08    1.2440376372e-06    1.7129141277e-06    4.6807179776e-08
  41.1400000    2.7178332825e-07    1.0779738786e-05    6.7986805165e-07   -5.2842612888e-06    6.9956685168e-08    1.1380621337e-06    1.7262990238e-06    3.1692524336e-08
  41.1500000   -4.8549483321e-09    9.9228841161e-06    8.3439811613e-07   -5.2108008679e-06    1.7617142453e-07    1.0243208233e-06    1.7288166777e-06    1.5907514435e-08
  41.1600000   -2.6906119360e-07    9.0087842411e-06    9.5746328366e-07   -5.1247455829e-06    2.7953568030e-07    9.0351327209e-07    1.7204241020e-06   -4.9752611164e-10
  41.1700000   -5.1805033471e-07    8.0500158803e-06    1.0478070228e-06   -5.0267796404e-06    3.7947425744e-07    7.7638660117e-07    1.7011488076e-06   -1.7465506570e-08
  41.1800000   -7.4936971988e-07    7.0599600912e-06    1.1046822044e-06   -4.9177224938e-06    4.7544044518e-07    6.4373078308e-07    1.6710887110e-06   -3.4932644504e-08
  41.1900000   -9.6092641462e-07    6.0526186390e-06    1.1278677613e-06   -4.7985267799e-06    5.6691916121e-07    5.0637367842e-07    1.6304115712e-06   -5.2828604398e-08
  41.2000000   -1.1510071738e-06    5.0424172030e-06    1.1176771578e-06   -4.6702737460e-06    6.5342988807e-07    3.6517578802e-07    1.5793539864e-06   -7.1076696515e-08
  41.2100000   -1.3182905810e-06    4.0439988321e-06    1.0749584034e-06   -4.5341665709e-06    7.3452932758e-07    2.2102481245e-07    1.5182199185e-06   -8.9594123390e-08
  41.2200000   -1.4618517532e-06    3.0720099077e-06    1.0010854446e-06   -4.3915213140e-06    8.0981381740e-07    7.4829998017e-08    1.4473787826e-06   -1.0829231197e-07
  41.2300000   -1.5811597713e-06    2.1408824307e-06    8.9794091563e-07   -4.2437554708e-06    8.7892146674e-07   -7.2483647277e-08    1.3672631020e-06   -1.2707729044e-07
  41.2400000   -1.6760686340e-06    1.2646155023e-06    7.6789027902e-07   -4.0923745397e-06    9.4153398671e-07   -2.1998126555e-07    1.2783657419e-06   -1.4585011752e-07
  41.2500000   -1.7468021669e-06    4.5655913881e-07    6.1374782885e-07   -3.9389564382e-06    9.9737823780e-07   -3.6672413564e-07    1.1812367547e-06   -1.6450738046e-07
  41.2600000   -1.7939333520e-06   -2.7079567488e-07    4.3873479456e-07   -3.7851339358e-06    1.0462274627e-06   -5.1177568125e-07    1.0764798339e-06   -1.8294175339e-07
  41.2700000   -1.8183591129e-06   -9.0601755906e-07    2.4643023080e-07   -3.6325755884e-06    1.0879022025e-06   -6.5420749525e-07    9.6474842179e-07   -2.0104258253e-07
  41.2800000   -1.8212712514e-06   -1.4389225159e-06    4.0715464405e-08   -3.4829652422e-06    1.1222708998e-06   -7.9310531710e-07    8.4674147738e-07   -2.1869654179e-07
  41.2900000   -1.8041243083e-06   -1.8607457406e-06   -1.7428793774e-07   -3.3379800192e-06    1.1492501862e-06   -9.2757493144e-07    7.2319895412e-07   -2.3578832916e-07
  41.3000000   -1.7686012681e-06   -2.1642948717e-06   -3.9428427853e-07   -3.1992680847e-06    1.1688048360e-06   -1.0567479478e-06    5.9489699484e-07   -2.5220139631e-07
  41.3100000   -1.7165777940e-06   -2.3440804955e-06   -6.1487381202e-07   -3.0684256242e-06    1.1809474277e-06   -1.1797874278e-06    4.6264288393e-07   -2.6781872803e-07
  41.3200000   -1.6500859287e-06   -2.3964230543e-06   -8.3162565827e-07   -2.9469739670e-06    1.1857376682e-06   -1.2958933106e-06    3.2726981684e-07   -2.8252363054e-07
  41.3300000   -1.5712777858e-06   -2.3195329644e-06   -1.0401522397e-06   -2.8363370827e-06    1.1832814379e-06   -1.4043076326e-06    1.8963144282e-07   -2.9620056633e-07
  41.3400000   -1.4823898584e-06   -2.1135621671e-06   -1.2361838825e-06   -2.7378197223e-06    1.1737295103e-06   -1.5043194558e-06    5.0596338860e-08   -3.0873599495e-07
  41.3500000   -1.3857092011e-06   -1.7806268990e-06   -1.4156424413e-06   -2.6525867896e-06    1.1572760216e-06   -1.5952695343e-06   -8.8957675685e-08   -3.2001924147e-07
  41.3600000   -1.2835408190e-06   -1.3247989604e-06   -1.5747127010e-06   -2.5816440378e-06    1.1341566441e-06   -1.6765546334e-06   -2.2814925831e-07   -3.2994336058e-07
  41.3700000   -1.1781774052e-06   -7.5206636700e-07   -1.7099101015e-06   -2.5258209490e-06    1.1046465010e-06   -1.7476314988e-06   -3.6609928415e-07   -3.3840600058e-07
  41.3800000   -1.0718715397e-06   -7.0262947795e-08   -1.8181438272e-06   -2.4857556704e-06    1.0690578548e-06   -1.8080204695e-06   -5.0193659044e-07   -3.4531027247e-07
  41.3900000   -9.6681016690e-07    7.1103274084e-07   -1.8967737630e-06   -2.4618824578e-06    1.0277375630e-06   -1.8573086458e-06   -6.3480365799e-07   -3.5056560441e-07
  41.4000000   -8.6509251142e-07    1.5806269628e-06   -1.9436606264e-06   -2.4544219692e-06    9.8106431488e-07   -1.8951526832e-06   -7.6386222094e-07   -3.5408856910e-07
  41.4100000   -7.6871074487e-07    2.5258679139e-06   -1.9572078794e-06   -2.4633746129e-06    9.2944571178e-07   -1.9212810990e-06   -8.8829870566e-07   -3.5580368576e-07
  41.4200000   -6.7953220821e-07    3.5328296222e-06   -1.9363947755e-06   -2.4885169898e-06    8.7331515706e-07   -1.9354961469e-06   -1.0073295797e-06   -3.5564420962e-07
  41.4300000   -5.9928505992e-07    4.5865174367e-06   -1.8807997117e-06   -2.5294016222e-06    8.1312861947e-07   -1.9376752170e-06   -1.1202064208e-06   -3.5355285451e-07
  41.4400000   -5.2954617812e-07    5.6710938037e-06   -1.7906134698e-06   -2.5853601285e-06    7.4936126586e-07   -1.9277717496e-06   -1.2262208174e-06   -3.4948248864e-07
  41.4500000   -4.7173078939e-07    6.7701206337e-06   -1.6666416022e-06   -2.6555096200e-06    6.8250401186e-07   -1.9058156633e-06   -1.3247089767e-06   -3.4339676741e-07
  41.4600000   -4.2708431610e-07    7.8668141192e-06   -1.5102962186e-06   -2.7387625636e-06    6.1305999550e-07   -1.8719132987e-06   -1.4150560338e-06   -3.3527072268e-07
  41.4700000   -3.9667533807e-07    8.9443084785e-06   -1.3235767374e-06   -2.8338396423e-06    5.4154099915e-07   -1.8262468653e-06   -1.4967000541e-06   -3.2509127275e-07
  41.4800000   -3.8139015522e-07    9.9859239717e-06   -1.1090401020e-06   -2.9392859355e-06    4.6846386359e-07   -1.7690733973e-06   -1.5691356692e-06   -3.1285766912e-07
  41.4900000   -3.8192805785e-07    1.0975435084e-05   -8.6976048239e-07   -3.0534895985e-06    3.9434688748e-07   -1.7007232404e-06   -1.6319173446e-06   -2.9858187082e-07
  41.5000000   -3.9879764279e-07    1.1897334354e-05   -6.0927916789e-07   -3.1747030203e-06    3.1970627595e-07   -1.6215980561e-06   -1.6846622468e-06   -2.8228884457e-07
  41.5100000   -4.3231371463e-07    1.2737087023e-05   -3.3154554060e-07   -3.3010665074e-06    2.4505261880e-07   -1.5321683660e-06   -1.7270527000e-06   -2.6401677215e-07
  41.5200000   -4.8259463973e-07    1.3481372784e-05   -4.0849876892e-08   -3.4306335523e-06    1.7088746393e-07   -1.4329706554e-06   -1.7588382022e-06   -2.4381717603e-07
  41.5300000   -5.4956003668e-07    1.4118309942e-05    2.5825089221e-07   -3.5613976072e-06    9.7699969642e-08   -1.3246040554e-06   -1.7798370106e-06   -2.2175495899e-07
  41.5400000   -6.3292894279e-07    1.4637658246e-05    5.6101338556e-07   -3.6913200312e-06    2.5963707254e-08   -1.2077266021e-06   -1.7899372417e-06   -1.9790835111e-07
  41.5500000   -7.3221869238e-07    1.5030996795e-05    8.6259205704e-07   -3.8183583579e-06   -4.3866436830e-08   -1.0830511358e-06   -1.7890975358e-06   -1.7236875308e-07
  41.5600000   -8.4674375415e-07    1.5291873044e-05    1.1581266818e-06   -3.9404949593e-06   -1.1135715298e-07   -9.5134082540e-07   -1.7773472480e-06   -1.4524049991e-07
  41.5700000   -9.7561611375e-07    1.5415921529e-05    1.4428312581e-06   -4.0557653717e-06   -1.7609945273e-07   -8.1340438394e-07   -1.7547861490e-06   -1.1664052648e-07
  41.5800000   -1.1177464086e-06    1.5400948659e-05    1.7120826653e-06   -4.1622858872e-06   -2.3771119822e-07   -6.7009097157e-07   -1.7215836999e-06   -8.6697934059e-08
  41.5900000   -1.2718461651e-06    1.5246982391e-05    1.9615075030e-06   -4.2582800485e-06   -2.9583942311e-07   -5.2228484203e-07   -1.6779778053e-06   -5.5553447554e-08
  41.6000000   -1.4364318183e-06    1.4956285370e-05    2.1870655032e-06   -4.3421035312e-06   -3.5016242358e-07   -3.7089976748e-07   -1.6242731685e-06   -2.3358824198e-08
  41.6100000   -1.6098304786e-06    1.4533331301e-05    2.3851278913e-06   -4.4122671294e-06   -4.0039160793e-07   -2.1687324909e-07   -1.5608391826e-06    9.7238748157e-09
  41.6200000   -1.7901883298e-06    1.3984743981e-05    2.5525490902e-06   -4.4674574775e-06   -4.4627309709e-07   -6.1160586060e-08   -1.4881073792e-06    4.3523073879e-08
  41.6300000   -1.9754810268e-06    1.3319200728e-05    2.6867305093e-06   -4.5065552515e-06   -4.8758906473e-07    9.5271166281e-08   -1.4065684911e-06    7.7858558389e-08
  41.6400000   -2.1635272727e-06    1.2547300604e-05    2.7856749613e-06   -4.5286505478e-06   -5.2415879634e-07    2.5144934187e-07   -1.3167691070e-06    1.1254244764e-07
  41.6500000   -2.3520055993e-06    1.1681400027e-05    2.8480306297e-06   -4.5330551554e-06   -5.5583950030e-07    4.0640182870e-07   -1.2193079561e-06    1.4738020845e-07
  41.6600000   -2.5384739124e-06    1.0735417503e-05    2.8731236112e-06   -4.5193118051e-06   -5.8252681169e-07    5.5916324132e-07   -1.1148318726e-06    1.8217176278e-07
  41.6700000   -2.7203926598e-06    9.7246116254e-06    2.8609782355e-06   -4.4872000169e-06   -6.0415505492e-07    7.0878105092e-07   -1.0040314127e-06    2.1671266161e-07
  41.6800000   -2.8951514095e-06    8.6653351231e-06    2.8123243924e-06   -4.4367385103e-06   -6.2069717933e-07    8.5432164282e-07   -8.8763620044e-07    2.5079528347e-07
  41.6900000   -3.0600986197e-06    7.5747693999e-06    2.7285920857e-06   -4.3681846246e-06   -6.3216447732e-07    9.9487625055e-07   -7.6641003191e-07    2.8421012038e-07
  41.7000000   -3.2125745017e-06    6.4706439109e-06    2.6118926279e-06   -4.2820303287e-06   -6.3860597725e-07    1.1295667301e-06   -6.4114572694e-07    3.1674707403e-07
  41.7100000   -3.3499468386e-06    5.3709448081e-06    2.4649865404e-06   -4.1789950052e-06   -6.4010761258e-07    1.2575511478e-06   -5.1265982013e-07    3.4819679097e-07
  41.7200000   -3.4696490294e-06    4.2936181107e-06    2.2912389371e-06   -4.0600154034e-06   -6.3679111435e-07    1.3780291319e-06   -3.8178708827e-07    3.7835204114e-07
  41.7300000   -3.5692200156e-06    3.2562725250e-06    2.0945630213e-06   -3.9262326280e-06   -6.2881265778e-07    1.4902469772e-06   -2.4937497383e-07    4.0700908549e-07
  41.7400000   -3.6463456329e-06    2.2758864718e-06    1.8793522691e-06   -3.7789767780e-06   -6.1636128331e-07    1.5935024108e-06   -1.1627791668e-07    4.3396905994e-07
  41.7500000   -3.6989005716e-06    1.3685248213e-06    1.6504026992e-06   -3.6197491999e-06   -5.9965708724e-07    1.6871490838e-06    1.6648340196e-08    4.5903935645e-07
  41.7600000   -3.7249901249e-06    5.4906999453e-07    1.4128263335e-06   -3.4502028634e-06   -5.7894921157e-07    1.7706006671e-06    1.4855244019e-07    4.8203498721e-07
  41.7700000   -3.7229906756e-06   -1.6902784354e-07    1.1719575401e-06   -3.2721210330e-06   -5.5451362763e-07    1.8433345727e-06    2.7859308639e-07    5.0277993118e-07
  41.7800000   -3.6915887933e-06   -7.7397722586e-07    9.3325381621e-07   -3.0873947377e-06   -5.2665076464e-07    1.9048952785e-06    4.0594460450e-07    5.2110844128e-07
  41.7900000   -3.6298171265e-06   -1.2558443145e-06    7.0219286627e-07   -2.8979992235e-06   -4.9568297210e-07    1.9548972109e-06    5.2980241905e-07    5.3686631730e-07
  41.8000000   -3.5370866808e-06   -1.6067210277e-06    4.8416780486e-07   -2.7059698899e-06   -4.6195184805e-07    1.9930271857e-06    6.4938836181e-07    5.4991211888e-07
  41.8100000   -3.4132144532e-06   -1.8208594084e-06    2.8438238646e-07   -2.5133778301e-06   -4.2581544214e-07    2.0190463926e-06    7.6395579730e-07    5.6011832676e-07
  41.8200000   -3.2584456301e-06   -1.8947697985e-06    1.0774856223e-07   -2.3223055588e-06   -3.8764537117e-07    2.0327918803e-06    8.7279453410e-07    5.6737241594e-07
  41.8300000   -3.0734694532e-06   -1.8272810102e-06   -4.1211960986e-08   -2.1348233084e-06   -3.4782386679e-07    2.0341775974e-06    9.7523545192e-07    5.7157788120e-07
  41.8400000   -2.8594282508e-06   -1.6195616313e-06   -1.5846003356e-07   -1.9529659320e-06   -3.0674074667e-07    2.0231948885e-06    1.0706548814e-06    5.7265514628e-07
  41.8500000   -2.6179188120e-06   -1.2751017978e-06   -2.4052379600e-07   -1.7787101256e-06   -2.6479038011e-07    1.9999125444e-06    1.1584786468e-06    5.7054239514e-07
  41.8600000   -2.3509859366e-06   -7.9965593511e-07   -2.8457349180e-07   -1.6139540959e-06   -2.2236863292e-07    1.9644763238e-06    1.2381857518e-06    5.6519629487e-07
  41.8700000   -2.0611075009e-06   -2.0114723052e-07   -2.8848521048e-07   -1.4604979969e-06   -1.7986981786e-07    1.9171080079e-06    1.3093117321e-06    5.5659261356e-07
  41.8800000   -1.7511715253e-06    5.1046429062e-07   -2.5089212294e-07   -1.3200259992e-06   -1.3768369902e-07    1.8581039460e-06    1.3714515815e-06    5.4472671762e-07
  41.8900000   -1.4244442103e-06    1.3233479840e-06   -1.7122189668e-07   -1.1940901935e-06   -9.6192532059e-08    1.7878331389e-06    1.4242622953e-06    5.2961396085e-07
  41.9000000   -1.0845307490e-06    2.2240001608e-06   -4.9719629437e-08   -1.0840963491e-06   -5.5768196280e-08    1.7067348607e-06    1.4674649689e-06    5.1128993449e-07
  41.9100000   -7.3532777901e-07    3.1974697765e-06    1.1254445922e-07   -9.9129155687e-07   -1.6769422613e-08    1.6153158278e-06    1.5008464730e-06    4.8981059117e-07
  41.9200000   -3.8096906462e-07    4.2276079614e-06    3.1368356857e-07   -9.1675437495e-07    2.0460877708e-08    1.5141469339e-06    1.5242606578e-06    4.6525226233e-07
  41.9300000   -2.5764753687e-08    5.2973373049e-06    5.5101768990e-07   -8.6138625555e-07    5.5598131556e-08    1.4038595966e-06    1.5376291074e-06    4.3771149380e-07
  41.9400000    3.2586451055e-07    6.3889365623e-06    8.2111292150e-07   -8.2590533435e-07    8.8338472170e-08    1.2851416883e-06    1.5409414319e-06    4.0730479581e-07
  41.9500000    6.6945776293e-07    7.4843352206e-06    1.1198357613e-06   -8.1084214896e-07    1.1840094714e-07    1.1587331409e-06    1.5342551049e-06    3.7416822718e-07
  41.9600000    1.0005870036e-06    8.5654132335e-06    1.4424214022e-06   -8.1653720897e-07    1.4552954325e-07    1.0254212071e-06    1.5176947986e-06    3.3845684930e-07
  41.9700000    1.3149319658e-06    9.6143008364e-06    1.7835552560e-06   -8.4314029753e-07    1.6949500261e-07    8.8603541931e-07    1.4914513120e-06    3.0034405982e-07
  41.9800000    1.6083550738e-06    1.0613673245e-05    2.1374658247e-06   -8.9061149741e-07    1.9009643686e-07    7.4144229979e-07    1.4557800139e-06    2.6002077653e-07
  41.9900000    1.8769750094e-06    1.1547034969e-05    2.4980278067e-06   -9.5872374387e-07    2.0716272604e-07    5.9253982556e-07    1.4109988543e-06    2.1769451083e-07
  42.0000000    2.1172377835e-06    1.2398989384e-05    2.8588732490e-06   -1.0470667002e-06    2.2055368834e-07    4.4025169905e-07    1.3574859552e-06    1.7358830499e-07
  42.0100000    2.3259833414e-06    1.3155488714e-05    3.2135091721e-06   -1.1550521620e-06    2.3016100590e-07    2.8552147241e-07    1.2956767982e-06    1.2793955852e-07
  42.0200000    2.5005063901e-06    1.3804060253e-05    3.5554389922e-06   -1.2819203505e-06    2.3590891469e-07    1.2930654071e-07    1.2260609974e-06    8.0998735843e-08
  42.0300000    2.6386100973e-06    1.4334005135e-05    3.8782858638e-06   -1.4267473644e-06    2.3775465671e-07   -2.7427934557e-08    1.1491787580e-06    3.3027978605e-08
  42.0400000    2.7386515541e-06    1.4736566448e-05    4.1759152612e-06   -1.5884534537e-06    2.3568867087e-07   -1.8371515795e-07    1.0656169359e-06   -1.5700391124e-08
  42.0500000    2.7995777057e-06    1.5005063978e-05    4.4425548590e-06   -1.7658122322e-06    2.2973455596e-07   -3.3859281718e-07    9.7600482339e-07   -6.4905451543e-08
  42.0600000    2.8209508150e-06    1.5134993607e-05    4.6729090755e-06   -1.9574604201e-06    2.1994876646e-07   -4.9110917676e-07    8.8100963749e-07   -1.1429934038e-07
  42.0700000    2.8029632802e-06    1.5124089243e-05    4.8622661217e-06   -2.1619082622e-06    2.0642008790e-07   -6.4032908165e-07    7.8133176970e-07   -1.6358898631e-07
  42.0800000    2.7464399307e-06    1.4972347599e-05    5.0065954144e-06   -2.3775505222e-06    1.8926885875e-07   -7.8533985411e-07    6.7769978762e-07   -2.1247789924e-07
  42.0900000    2.6528289896e-06    1.4682014693e-05    5.1026333489e-06   -2.6026779051e-06    1.6864596854e-07   -9.2525704062e-07    5.7086529472e-07   -2.6066801282e-07
  42.1000000    2.5241810343e-06    1.4257535111e-05    5.1479556703e-06   -2.8354889316e-06    1.4473164648e-07   -1.0592299472e-06    4.6159760592e-07   -3.0786155724e-07
  42.1100000    2.3631160440e-06    1.3705464974e-05    5.1410349006e-06   -3.0741021129e-06    1.1773400246e-07   -1.1864469764e-06    3.5067832766e-07   -3.5376296375e-07
  42.1200000    2.1727792816e-06    1.3034350316e-05    5.0812813417e-06   -3.3165686883e-06    8.7887413599e-08   -1.3061406780e-06    2.3889587380e-07   -3.9808077540e-07
  42.1300000    1.9567862929e-06    1.2254573301e-05    4.9690672349e-06   -3.5608854867e-06    5.5450684419e-08   -1.4175925349e-06    1.2703992880e-07   -4.4052956625e-07
  42.1400000    1.7191590703e-06    1.1378169542e-05    4.8057325886e-06   -3.8050083703e-06    2.0705050912e-08   -1.5201373936e-06    1.5895927572e-08   -4.8083184002e-07
  42.1500000    1.4642529794e-06    1.0418619271e-05    4.5935729094e-06   -4.0468660068e-06   -1.6047967325e-08   -1.6131675707e-06   -9.3760433689e-08   -5.1871991157e-07
  42.1600000    1.1966768921e-06    9.3906163485e-06    4.3358085055e-06   -4.2843739916e-06   -5.4488891733e-08   -1.6961365724e-06   -2.0116858990e-07   -5.5393773401e-07
  42.1700000    9.2120785924e-07    8.3098196106e-06    4.0365361144e-06   -4.5154493648e-06   -9.4282685075e-08   -1.7685624088e-06   -3.0558839420e-07   -5.8624270528e-07
  42.1800000    6.4270201908e-07    7.1925905186e-06    3.7006631604e-06   -4.7380255185e-06   -1.3508130559e-07   -1.8300304908e-06   -4.0630524917e-07   -6.1540737159e-07
  42.1900000    3.6600304696e-07    6.0557218244e-06    3.3338259094e-06   -4.9500674772e-06   -1.7652633181e-07   -1.8801961006e-06   -5.0263505109e-07   -6.4122109236e-07
  42.2000000    9.5851280287e-08    4.9161624141e-06    2.9422927428e-06   -5.1495875822e-06   -2.1825164874e-07   -1.9187863858e-06   -5.9392889147e-07   -6.6349159381e-07
  42.2100000   -1.6320635906e-07    3.7907420324e-06    2.5328542967e-06   -5.3346613948e-06   -2.5988620144e-07   -1.9456019054e-06   -6.7957752496e-07   -6.8204643497e-07
  42.2200000   -4.0690277832e-07    2.6959016146e-06    2.1127023532e-06   -5.5034439588e-06   -3.0105677226e-07   -1.9605176896e-06   -7.5901553066e-07   -6.9673435412e-07
  42.2300000   -6.3133125099e-07    1.6474330033e-06    1.6892996757e-06   -5.6541861959e-06   -3.4139077113e-07   -1.9634838286e-06   -8.3172517541e-07   -7.0742650206e-07
  42.2400000   -8.3301985079e-07    6.6023243124e-07    1.2702431161e-06   -5.7852514581e-06   -3.8051901101e-07   -1.9545255702e-06   -8.9723991232e-07   -7.1401754637e-07
  42.2500000   -1.0089959426e-06   -2.5192742934e-07    8.6312252124e-07   -5.8951320501e-06   -4.1807846486e-07   -1.9337429370e-06   -9.5514752750e-07   -7.1642662937e-07
  42.2600000   -1.1568414770e-06   -1.0766042980e-06    4.7537806335e-07   -5.9824655588e-06   -4.5371496903e-07   -1.9013098656e-06   -1.0050928952e-06   -7.1459818298e-07
  42.2700000   -1.2747367862e-06   -1.8028682088e-06    1.1415865727e-07   -6.0460508496e-06   -4.8708585673e-07   -1.8574728771e-06   -1.0467803028e-06   -7.0850259462e-07
  42.2800000   -1.3614921979e-06   -2.4214559320e-06   -2.1381589442e-07   -6.0848637788e-06   -5.1786251261e-07   -1.8025492707e-06   -1.0799753934e-06   -6.9813669653e-07
  42.2900000   -1.4165666550e-06   -2.9248957008e-06   -5.0238618841e-07   -6.0980717936e-06   -5.4573281977e-07   -1.7369248816e-06   -1.1045066277e-06   -6.8352410279e-07
  42.3000000   -1.4400731409e-06   -3.3076000092e-06   -7.4607566107e-07   -6.0850478895e-06   -5.7040349227e-07   -1.6610514034e-06   -1.1202663278e-06   -6.6471537767e-07
  42.3100000   -1.4327700494e-06   -3.5659266056e-06   -9.4020151757e-07   -6.0453833769e-06   -5.9160225660e-07   -1.5754432819e-06   -1.1272112426e-06   -6.4178801144e-07
  42.3200000   -1.3960396990e-06   -3.6982059503e-06   -1.0809721110e-06   -5.9788991552e-06   -6.0907990015e-07   -1.4806742312e-06   -1.1253626896e-06   -6.1484625244e-07
  42.3300000   -1.3318535456e-06   -3.7047357787e-06   -1.1655687485e-06   -5.8856553505e-06   -6.2261213664e-07   -1.3773733682e-06   -1.1148061900e-06   -5.8402072515e-07
  42.3400000   -1.2427250612e-06   -3.5877430822e-06   -1.1922101982e-06   -5.7659590424e-06   -6.3200131615e-07   -1.2662210054e-06   -1.0956906842e-06   -5.4946790204e-07
  42.3500000   -1.1316514739e-06   -3.3513150144e-06   -1.1601984657e-06   -5.6203697869e-06   -6.3707791572e-07   -1.1479441316e-06   -1.0682272927e-06   -5.1136939541e-07
  42.3600000   -1.0020454879e-06   -3.0013001960e-06   -1.0699448757e-06   -5.4497027663e-06   -6.3770186030e-07   -1.0233115958e-06   -1.0326876143e-06   -4.6993106108e-07
  42.3700000   -8.5765772782e-07   -2.5451823620e-06   -9.2297562335e-07   -5.2550292780e-06   -6.3376360790e-07   -8.9312905127e-07   -9.8940162074e-07   -4.2538194573e-07
  42.3800000   -7.0249324318e-07   -1.9919299591e-06   -7.2191658465e-07   -5.0376744495e-06   -6.2518504783e-07   -7.5823365896e-07   -9.3875511691e-07   -3.7797308003e-07
  42.3900000   -5.4072214271e-07   -1.3518234516e-06   -4.7045763661e-07   -4.7992119169e-06   -6.1192015051e-07   -6.1948863843e-07   -8.8118682211e-07   -3.2797610061e-07
  42.4000000   -3.7658728626e-07   -6.3626440919e-07   -1.7329657320e-07   -4.5414554273e-06   -5.9395540678e-07   -4.7777762961e-07   -8.1718506873e-07   -2.7568173079e-07
  42.4100000   -2.1431046794e-07    1.4243031232e-07    1.6393629666e-07   -4.2664471881e-06   -5.7131004413e-07   -3.3399897377e-07   -7.4728413521e-07   -2.2139811016e-07
  42.4200000   -5.7999917846e-08    9.7124513079e-07    5.3477168168e-07   -3.9764430088e-06   -5.4403599749e-07   -1.8905990359e-07   -6.7206028410e-07   -1.6544901606e-07
  42.4300000    8.8440438990e-08    1.8366901452e-06    9.3201136398e-07   -3.6738942088e-06   -5.1221766711e-07   -4.3870709252e-08   -5.9212747290e-07   -1.0817192942e-07
  42.4400000    2.2139591416e-07    2.7250279202e-06    1.3478530482e-06   -3.3614263100e-06   -4.7597145093e-07    1.0066111433e-07   -5.0813282003e-07   -4.9916025867e-08
  42.4500000    3.3761928929e-07    3.6224997040e-06    1.7740274296e-06   -3.0418146932e-06   -4.3544503985e-07    2.4363665636e-07   -4.2075182310e-07    8.9599598519e-09
  42.4600000    4.3430113132e-07    4.5155471734e-06    2.2019455015e-06   -2.7179574129e-06   -3.9081651360e-07    3.8417131580e-07   -3.3068337688e-07    6.8089925949e-08
  42.4700000    5.0913005591e-07    5.3910257699e-06    2.6228530571e-06   -2.3928453338e-06   -3.4229322480e-07    5.2140041445e-07   -2.3864462830e-07    1.2710269491e-07
  42.4800000    5.6034163016e-07    6.2364063802e-06    3.0279898424e-06   -2.0695299460e-06   -2.9011046681e-07    6.5448465086e-07   -1.4536571414e-07    1.8562433819e-07
  42.4900000    5.8675470579e-07    7.0399615109e-06    3.4087502775e-06   -1.7510892137e-06   -2.3452995811e-07    7.8261537052e-07   -5.1584387101e-08    2.4328056435e-07
  42.5000000    5.8779470326e-07    7.7909342899e-06    3.7568428292e-06   -1.4405918338e-06   -1.7583816960e-07    9.0501962660e-07    4.1959402983e-08    2.9969910058e-07
  42.5100000    5.6350334860e-07    8.4796867781e-06    4.0644450198e-06   -1.1410603709e-06   -1.1434442951e-07    1.0209649698e-06    1.3452893667e-07    3.5451212558e-07
  42.5200000    5.1453423616e-07    9.0978258359e-06    4.3243512061e-06   -8.5543376865e-07   -5.0378926486e-08    1.1297639808e-06    2.2539613515e-07    4.0735866455e-07
  42.5300000    4.4213449458e-07    9.6383049303e-06    4.5301102626e-06   -5.8652979669e-07    1.5709461421e-08    1.2307784735e-06    3.1384690540e-07    4.5788698283e-07
  42.5400000    3.4811307114e-07    1.0095500673e-05    4.6761505851e-06   -3.3700797418e-07    8.3555455848e-08    1.3234233584e-06    3.9918638081e-07    5.0575693801e-07
  42.5500000    2.3479618717e-07    1.0465263388e-05    4.7578901479e-06   -1.0933353416e-07    1.5277978480e-07    1.4071701714e-06    4.8074404344e-07    5.5064226387e-07
  42.5600000    1.0497093864e-07    1.0744941427e-05    4.7718290423e-06    9.4256957262e-08    2.2299166014e-07    1.4815501945e-06    5.5787864596e-07    5.9223281487e-07
  42.5700000   -3.8181649469e-08    1.0933379644e-05    4.7156230291e-06    2.7178771650e-07    2.9379136845e-07    1.5461571788e-06    6.2998292876e-07    6.3023669750e-07
  42.5800000   -1.9116255836e-07    1.1030892352e-05    4.5881365394e-06    4.2157312104e-07    3.6477289503e-07    1.6006496643e-06    6.9648811781e-07    6.6438232678e-07
  42.5900000   -3.5023835533e-07    1.1039212353e-05    4.3894738715e-06    5.4224356190e-07    4.3552660635e-07    1.6447528594e-06    7.5686811199e-07    6.9442034361e-07
  42.6000000   -5.1153011405e-07    1.0961417195e-05    4.1209880363e-06    6.3276757708e-07    5.0564193424e-07    1.6782600664e-06    8.1064338989e-07    7.2012544393e-07
  42.6100000   -6.7110611784e-07    1.0801834814e-05    3.7852667416e-06    6.9246951021e-07    5.7471009828e-07    1.7010336871e-06    8.5738457592e-07    7.4129802011e-07
  42.6200000   -8.2507565885e-07    1.0565930894e-05    3.3860958150e-06    7.2104245429e-07    6.4232679149e-07    1.7130057454e-06    8.9671562971e-07    7.5776568243e-07
  42.6300000   -9.6968263350e-07    1.0260179740e-05    2.9284005212e-06    7.1855597268e-07    7.0809484882e-07    1.7141779781e-06    9.2831668869e-07    7.6938461398e-07
  42.6400000   -1.1013963824e-06    9.8919220396e-06    2.4181656901e-06    6.8545861602e-07    7.7162686155e-07    1.7046214504e-06    9.5192647857e-07    7.7604073622e-07
  42.6500000   -1.2169975429e-06    9.4692124768e-06    1.8623361008e-06    6.2257460025e-07    8.3254772416e-07    1.6844757355e-06    9.6734429597e-07    7.7765070584e-07
  42.6600000   -1.3136573510e-06    9.0006598626e-06    1.2686987554e-06    5.3109494989e-07    8.9049711554e-07    1.6539476541e-06    9.7443160117e-07    7.7416270957e-07
  42.6700000   -1.3890082570e-06    8.4952630330e-06    6.4574916970e-07    4.1256293891e-07    9.4513186080e-07    1.6133095719e-06    9.7311309805e-07    7.6555707361e-07
  42.6800000   -1.4412046139e-06    7.9622454295e-06    2.5440556780e-09    2.6885388294e-07    9.9612819958e-07    1.5628972786e-06    9.6337741241e-07    7.5184665302e-07
  42.6900000   -1.4689715697e-06    7.4108916452e-06   -6.5145694588e-07    1.0214959900e-07    1.0431839138e-06    1.5031074727e-06    9.4527727015e-07    7.3307701913e-07
  42.7000000   -1.4716412384e-06    6.8503885839e-06   -1.3065576577e-06   -8.5092308312e-08    1.0860203224e-06    1.4343948621e-06    9.1892925885e-07    7.0932644445e-07
  42.7100000   -1.4491752208e-06    6.2896741423e-06   -1.9529968059e-06   -2.9017379927e-07    1.1243841172e-06    1.3572688816e-06    8.8451306873e-07    6.8070565680e-07
  42.7200000   -1.4021730610e-06    5.7372957896e-06   -2.5811213887e-06   -5.1019602695e-07    1.1580490338e-06    1.2722900930e-06    8.4227031662e-07    6.4735739805e-07
  42.7300000   -1.3318659876e-06    5.2012812407e-06   -3.1815588017e-06   -7.4210258839e-07    1.1868173473e-06    1.1800662568e-06    7.9250290578e-07    6.0945576324e-07
  42.7400000   -1.2400962405e-06    4.6890234880e-06   -3.7453845293e-06   -9.8272565982e-07    1.2105211947e-06    1.0812481174e-06    7.3557095401e-07    5.6720531956e-07
  42.7500000   -1.1292821294e-06    4.2071820281e-06   -4.2642822920e-06   -1.2288344600e-06    1.2290236713e-06    9.7652493363e-07    6.7189028478e-07    5.2084003400e-07
  42.7600000   -1.0023697705e-06    3.7616005763e-06   -4.7306936802e-06   -1.4771850798e-06    1.2422197687e-06    8.6661977174e-07    6.0192951459e-07    4.7062200761e-07
  42.7700000   -8.6277222718e-07    3.3572432811e-06   -5.1379545133e-06   -1.7245710039e-06    1.2500370743e-06    7.5228461109e-07    5.2620676842e-07    4.1684000095e-07
  42.7800000   -7.1429726414e-07    2.9981498201e-06   -5.4804152221e-06   -1.9678733829e-06    1.2524362824e-06    6.3429528583e-07    4.4528599271e-07    3.5980776256e-07
  42.7900000   -5.6106540394e-07    2.6874089108e-06   -5.7535432143e-06   -2.2041100872e-06    1.2494114804e-06    5.1344628306e-07    3.5977297345e-07    2.9986223367e-07
  42.8000000   -4.0741988058e-07    2.4271507752e-06   -5.9540050994e-06   -2.4304827806e-06    1.2409902367e-06    3.9054547654e-07    2.7031100923e-07    2.3736152913e-07
  42.8100000   -2.5783006380e-07    2.2185582072e-06   -6.0797272949e-06   -2.6444211249e-06    1.2272334582e-06    2.6640875926e-07    1.7757630613e-07    1.7268280002e-07
  42.8200000   -1.1679103428e-07    2.0618944926e-06   -6.1299337802e-06   -2.8436232745e-06    1.2082350451e-06    1.4185469518e-07    8.2273150611e-08    1.0621995229e-07
  42.8300000    1.1279081630e-08    1.9565477501e-06   -6.1051603988e-06   -3.0260918389e-06    1.1841213380e-06    1.7699150040e-08   -1.4871173674e-08    3.8381228309e-08
  42.8400000    1.2214144339e-07    1.9010898343e-06   -6.0072452206e-06   -3.1901646465e-06    1.1550503511e-06   -1.0525000455e-07   -1.1311162761e-07   -3.0413302006e-08
  42.8500000    2.1183670297e-07    1.8933484904e-06   -5.8392950210e-06   -3.3345396151e-06    1.1212108343e-06   -2.2619813281e-07   -2.1169079289e-07   -9.9734368130e-08
  42.8600000    2.7678053219e-07    1.9304904834e-06   -5.6056287664e-06   -3.4582933934e-06    1.0828211018e-06   -3.4436893183e-07   -3.0984438117e-07   -1.6914618564e-07
  42.8700000    3.1385264859e-07    2.0091137590e-06   -5.3116989059e-06   -3.5608931514e-06    1.0401277057e-06   -4.5900940488e-07   -4.0680678009e-07   -2.3820921164e-07
  42.8800000    3.2047706622e-07    2.1253465910e-06   -4.9639918270e-06   -3.6422012955e-06    9.9340392752e-07   -5.6939463529e-07   -5.0181664664e-07   -3.0648293813e-07
  42.8900000    2.9469221631e-07    2.2749509804e-06   -4.5699095098e-06   -3.7024728502e-06    9.4294809961e-07   -6.7483235685e-07   -5.9412248316e-07   -3.7352871580e-07
  42.9000000    2.3520880875e-07    2.4534290266e-06   -4.1376342688e-06   -3.7423456228e-06    8.8908177957e-07   -7.7466728977e-07   -6.8298815893e-07   -4.3891257988e-07
  42.9100000    1.4145442351e-07    2.6561286482e-06   -3.6759793082e-06   -3.7628232428e-06    8.3214777134e-07   -8.6828518503e-07   -7.6769833939e-07   -5.0220806573e-07
  42.9200000    1.3603825289e-08    2.8783472545e-06   -3.1942277148e-06   -3.7652510571e-06    7.7250803711e-07   -9.5511660664e-07   -8.4756379218e-07   -5.6299899142e-07
  42.9300000   -1.4740607200e-07    3.1154313809e-06   -2.7019630667e-06   -3.7512856705e-06    7.1054146477e-07   -1.0346403761e-06   -9.2192651481e-07   -6.2088219341e-07
  42.9400000   -3.3987714858e-07    3.3628700116e-06   -2.2088945079e-06   -3.7228582855e-06    6.4664156173e-07   -1.1063866891e-06   -9.9016466847e-07   -6.7547019097e-07
  42.9500000   -5.6136667152e-07    3.6163798959e-06   -1.7246796329e-06   -3.6821328846e-06    5.8121404300e-07   -1.1699398623e-06   -1.0516972577e-06   -7.2639376285e-07
  42.9600000   -8.0871978218e-07    3.8719813693e-06   -1.2587485778e-06   -3.6314594962e-06    5.1467436421e-07   -1.2249407379e-06   -1.1059885524e-06   -7.7330443207e-07
  42.9700000   -1.0781172298e-06    4.1260633612e-06   -8.2013256409e-07   -3.5733237602e-06    4.4744517302e-07   -1.2710886562e-06   -1.1525521881e-06   -8.1587680983e-07
  42.9800000   -1.3651375117e-06    4.3754368086e-06   -4.1729987960e-07   -3.5102938377e-06    3.7995375270e-07   -1.3081430777e-06   -1.1909549386e-06   -8.5381082765e-07
  42.9900000   -1.6648325167e-06    4.6173751097e-06   -5.8002624916e-08   -3.4449654243e-06    3.1262941209e-07   -1.3359247640e-06   -1.2208201263e-06   -8.8683379542e-07
  43.0000000   -1.9718152741e-06    4.8496419394e-06    2.5086304295e-07   -3.3799060168e-06    2.4590089699e-07   -1.3543165680e-06   -1.2418306292e-06   -9.1470230161e-07
  43.0100000   -2.2803579051e-06    5.0705057750e-06    5.0338064835e-07   -3.3175997139e-06    1.8019377860e-07   -1.3632638054e-06   -1.2537314981e-06   -9.3720394375e-07
  43.0200000   -2.5844983093e-06    5.2787414001e-06    6.9471867373e-07   -3.2603934206e-06    1.1592789156e-07   -1.3627742065e-06   -1.2563321216e-06   -9.5415883435e-07
  43.0300000   -2.8781533408e-06    5.4736189903e-06    8.2121544714e-07   -3.2104456702e-06    5.3514796322e-08   -1.3529174616e-06   -1.2495079486e-06   -9.6542094775e-07
  43.0400000   -3.1552363363e-06    5.6548812286e-06    8.8044232431e-07   -3.1696792975e-06   -6.6447005546e-09   -1.3338243635e-06   -1.2332017674e-06   -9.7087922472e-07
  43.0500000   -3.4097768745e-06    5.8227093786e-06    8.7124365556e-07   -3.1397386767e-06   -6.4162949230e-08   -1.3056855512e-06   -1.2074244805e-06   -9.7045844928e-07
  43.0600000   -3.6360401179e-06    5.9776798784e-06    7.9375296107e-07   -3.1219526641e-06   -1.1866778363e-07   -1.2687498570e-06   -1.1722554314e-06   -9.6411991910e-07
  43.0700000   -3.8286436458e-06    6.1207122994e-06    6.4938509595e-07   -3.1173041396e-06   -1.6980474251e-07   -1.2233222965e-06   -1.1278422218e-06   -9.5186187441e-07
  43.0800000   -3.9826695098e-06    6.2530105188e-06    4.4080468351e-07   -3.1264064941e-06   -2.1723918986e-07   -1.1697616806e-06   -1.0744000665e-06   -9.3371967111e-07
  43.0900000   -4.0937690219e-06    6.3759986768e-06    1.7187113599e-07   -3.1494879299e-06   -2.6065830954e-07   -1.1084779032e-06   -1.0122106625e-06   -9.0976574629e-07
  43.1000000   -4.1582584344e-06    6.4912536516e-06   -1.5243837736e-07   -3.1863843123e-06   -2.9977294118e-07   -1.0399289120e-06   -9.4162056971e-07   -8.8010931238e-07
  43.1100000   -4.1732034128e-06    6.6004357413e-06   -5.2612659236e-07   -3.2365400928e-06   -3.3431932031e-07   -9.6461736846e-07   -8.6303915244e-07   -8.4489582094e-07
  43.1200000   -4.1364906670e-06    6.7052194411e-06   -9.4229249787e-07   -3.2990179864e-06   -3.6406061326e-07   -8.8308703391e-07   -7.7693605414e-07   -8.0430619775e-07
  43.1300000   -4.0468850999e-06    6.8072260432e-06   -1.3932643865e-06   -3.3725168518e-06   -3.8878831143e-07   -7.9591892523e-07   -6.8383822853e-07   -7.5855583037e-07
  43.1400000   -3.9040713647e-06    6.9079597097e-06   -1.8707466968e-06   -3.4553979244e-06   -4.0832346047e-07   -7.0372722257e-07   -5.8432658512e-07   -7.0789333584e-07
  43.1500000   -3.7086788372e-06    7.0087485202e-06   -2.3659779273e-06   -3.5457188897e-06   -4.2251768561e-07   -6.0715501323e-07   -4.7903220687e-07   -6.5259910883e-07
  43.1600000   -3.4622893333e-06    7.1106920763e-06   -2.8698967640e-06   -3.6412749436e-06   -4.3125406961e-07   -5.0686985055e-07   -3.6863222794e-07   -5.9298364467e-07
  43.1700000   -3.1674273394e-06    7.2146168200e-06   -3.3733130261e-06   -3.7396461719e-06   -4.3444780158e-07   -4.0355918835e-07   -2.5384534886e-07   -5.2938568504e-07
  43.1800000   -2.8275327100e-06    7.3210401515e-06   -3.8670803556e-06   -3.8382508657e-06   -4.3204667031e-07   -2.9792571836e-07   -1.3542706130e-07   -4.6217013560e-07
  43.1900000   -2.4469163059e-06    7.4301440634e-06   -4.3422670989e-06   -3.9344025522e-06   -4.2403134411e-07   -1.9068263411e-07   -1.4164575608e-08   -3.9172585137e-07
  43.2000000   -2.0306989255e-06    7.5417589156e-06   -4.7903223448e-06   -4.0253707378e-06   -4.1041545376e-07   -8.2548843316e-08    1.0912848264e-07   -3.1846321987e-07
  43.2100000   -1.5847349902e-06    7.6553579446e-06   -5.2032337505e-06   -4.1084435208e-06   -3.9124549732e-07    2.5755792242e-08    2.3361759133e-07   -2.4281162304e-07
  43.2200000   -1.1155219393e-06    7.7700622183e-06   -5.5736745409e-06   -4.1809908054e-06   -3.6660054106e-07    1.3351522169e-07    3.5845301320e-07   -1.6521675566e-07
  43.2300000   -6.3009686442e-07    7.8846562338e-06   -5.8951363245e-06   -4.2405269801e-06   -3.3659172676e-07    2.4002190258e-07    4.8277560441e-07   -8.6137826347e-08
  43.2400000   -1.3592238558e-07    7.9976133606e-06   -6.1620456019e-06   -4.2847715997e-06   -3.0136161019e-07    3.4458140345e-07    6.0572274025e-07   -6.0446746860e-09
  43.2500000    3.5923634768e-07    8.1071308661e-06   -6.3698623924e-06   -4.3117060906e-06   -2.6108329020e-07    4.4651690496e-07    7.2643425085e-07    7.4585199009e-08
  43.2600000    8.4744134518e-07    8.2111734520e-06   -6.5151570935e-06   -4.3196270672e-06   -2.1595938863e-07    5.4517353355e-07    8.4405839648e-07    1.5526965934e-07
  43.2700000    1.3207157585e-06    8.3075241776e-06   -6.5956664507e-06   -4.3071928819e-06   -1.6622084182e-07    6.3992253079e-07    9.5775780078e-07    2.3552499396e-07
  43.2800000    1.7711798506e-06    8.3938416446e-06   -6.6103264677e-06   -4.2734632389e-06   -1.1212553191e-07    7.3016523118e-07    1.0667153077e-06    3.1486899666e-07
  43.2900000    2.1911864939e-06    8.4677220730e-06   -6.5592820181e-06   -4.2179312443e-06   -5.3956785996e-08    8.1533678994e-07    1.1701397203e-06    3.9282404560e-07
  43.3000000    2.5734536713e-06    8.5267646399e-06   -6.4438727560e-06   -4.1405465083e-06    7.9783149004e-09    8.9490968125e-07    1.2672714005e-06    4.6892014429e-07
  43.3100000    2.9111916318e-06    8.5686385825e-06   -6.2665959497e-06   -4.0417284909e-06    7.3350700906e-08    9.6839692207e-07    1.3573876593e-06    5.4269794586e-07
  43.3200000    3.1982224445e-06    8.5911503616e-06   -6.0310471960e-06   -3.9223704500e-06    1.4181126195e-07    1.0353549872e-06    1.4398079183e-06    6.1371169235e-07
  43.3300000    3.4290895340e-06    8.5923092785e-06   -5.7418397803e-06   -3.7838328453e-06    2.1299285425e-07    1.0953864519e-06    1.5138986022e-06    6.8153207658e-07
  43.3400000    3.5991555766e-06    8.5703900197e-06   -5.4045046840e-06   -3.6279270688e-06    2.8651244722e-07    1.1481422718e-06    1.5790777438e-06    7.4574899850e-07
  43.3500000    3.7046866360e-06    8.5239904332e-06   -5.0253736574e-06   -3.4568881868e-06    3.6197334055e-07    1.1933237562e-06    1.6348192314e-06    8.0597420850e-07
  43.3600000    3.7429211271e-06    8.4520831146e-06   -4.6114464753e-06   -3.2733386684e-06    4.3896745657e-07    1.2306841830e-06    1.6806566973e-06    8.6184380719e-07
  43.3700000    3.7121222210e-06    8.3540597342e-06   -4.1702463935e-06   -3.0802431033e-06    5.1707769110e-07    1.2600300613e-06    1.7161870158e-06    9.1302057735e-07
  43.3800000    3.6116128743e-06    8.2297664589e-06   -3.7096660383e-06   -2.8808546497e-06    5.9588031526e-07    1.2812220202e-06    1.7410733889e-06    9.5919616251e-07
  43.3900000    3.4417926021e-06    8.0795299366e-06   -3.2378070819e-06   -2.6786539578e-06    6.7494741244e-07    1.2941753619e-06    1.7550479752e-06    1.0000930577e-06
  43.4000000    3.2041358271e-06    7.9041729095e-06   -2.7628166671e-06   -2.4772819960e-06    7.5384933272e-07    1.2988602251e-06    1.7579140614e-06    1.0354663779e-06
  43.4100000    2.9011717007e-06    7.7050189151e-06   -2.2927238147e-06   -2.2804685139e-06    8.3215715126e-07    1.2953013940e-06    1.7495477690e-06    1.0651054442e-06
  43.4200000    2.5364458427e-06    7.4838857790e-06   -1.8352794408e-06   -2.0919567109e-06    9.0944512785e-07    1.2835777460e-06    1.7298992582e-06    1.0888351229e-06
  43.4300000    2.1144643313e-06    7.2430680046e-06   -1.3978028561e-06   -1.9154265235e-06    9.8529312170e-07    1.2638213523e-06    1.6989934342e-06    1.1065169429e-06
  43.4400000    1.6406212896e-06    6.9853079008e-06   -9.8703792300e-07   -1.7544174902e-06    1.0592889966e-06    1.2362162225e-06    1.6569301516e-06    1.1180499794e-06
  43.4500000    1.1211111560e-06    6.7137562688e-06   -6.0902163464e-07   -1.6122531835e-06    1.1310309661e-06    1.2009967375e-06    1.6038838970e-06    1.1233714749e-06
  43.4600000    5.6282714493e-07    6.4319230186e-06   -2.6896795504e-07   -1.4919687785e-06    1.2001298571e-06    1.1584457300e-06    1.5401029903e-06    1.1224572309e-06
  43.4700000   -2.6752238240e-08    6.1436188634e-06    2.8831017779e-08   -1.3962432933e-06    1.2662113466e-06    1.1088922908e-06    1.4659082494e-06    1.1153217208e-06
  43.4800000   -6.3968665349e-07    5.8528890585e-06    2.8108463484e-07   -1.3273381099e-06    1.3289180661e-06    1.0527092658e-06    1.3816911854e-06    1.1020179669e-06
  43.4900000   -1.2677051658e-06    5.5639404867e-06    4.8556210084e-07   -1.2870432057e-06    1.3879116227e-06    9.9031050050e-07    1.2879116915e-06    1.0826371716e-06
  43.5000000   -1.9023429863e-06    5.2810635978e-06    6.4112892464e-07   -1.2766322672e-06    1.4428745147e-06    9.2214782006e-07    1.1850952805e-06    1.0573080676e-06
  43.5100000   -2.5350813140e-06    5.0085506483e-06    7.4776066804e-07   -1.2968280228e-06    1.4935119204e-06    8.4870778126e-07    1.0738298534e-06    1.0261960508e-06
  43.5200000   -3.1574876860e-06    4.7506119679e-06    8.0653355893e-07   -1.3477781941e-06    1.5395533611e-06    7.7050824643e-07    9.5476204664e-07    9.8950205924e-07
  43.5300000   -3.7613544455e-06    4.5112919687e-06    8.1959229336e-07   -1.4290437278e-06    1.5807542259e-06    6.8809474245e-07    8.2859317069e-07    9.4746121792e-07
  43.5400000   -4.3388329483e-06    4.2943866914e-06    7.9009566961e-07   -1.5395986978e-06    1.6168971444e-06    6.0203669561e-07    6.9607476029e-07    9.0034126843e-07
  43.5500000   -4.8825610830e-06    4.1033645128e-06    7.2214123826e-07   -1.6778427802e-06    1.6477932051e-06    5.1292350842e-07    5.5800377705e-07    8.4844076684e-07
  43.5600000   -5.3857818620e-06    3.9412917862e-06    6.2067048304e-07   -1.8416260114e-06    1.6732830236e-06    4.2136058006e-07    4.1521749857e-07    7.9208710443e-07
  43.5700000   -5.8424511049e-06    3.8107649419e-06    4.9135644244e-07   -2.0282855152e-06    1.6932376293e-06    3.2796520364e-07    2.6858810873e-07    7.3163431746e-07
  43.5800000   -6.2473322480e-06    3.7138506064e-06    3.4047606445e-07   -2.2346936981e-06    1.7075591857e-06    2.3336244551e-07    1.1901705945e-07    6.6746075215e-07
  43.5900000   -6.5960767318e-06    3.6520350124e-06    1.7477009088e-07   -2.4573168984e-06    1.7161815404e-06    1.3818101848e-07   -3.2570807409e-08    5.9996652666e-07
  43.6000000   -6.8852886414e-06    3.6261839269e-06    1.2930615965e-09   -2.6922836816e-06    1.7190705911e-06    4.3049116628e-08   -1.8523328955e-07    5.2957090606e-07
  43.6100000   -7.1125723835e-06    3.6365139311e-06   -1.7274322860e-07   -2.9354611642e-06    1.7162244783e-06   -5.1409649035e-08   -3.3801697674e-07    4.5670952076e-07
  43.6200000   -7.2765626980e-06    3.6825760084e-06   -3.4013016462e-07   -3.1825386539e-06    1.7076735864e-06   -1.4458030747e-07   -4.8996352673e-07    3.8183149587e-07
  43.6300000   -7.3769368696e-06    3.7632516129e-06   -4.9382234250e-07   -3.4291154307e-06    1.6934803827e-06   -2.3586046467e-07   -6.4011595928e-07    3.0539648450e-07
  43.6400000   -7.4144085854e-06    3.8767618299e-06   -6.2709470931e-07   -3.6707923172e-06    1.6737390475e-06   -3.2466412934e-07   -7.8752496150e-07    2.2787165407e-07
  43.6500000   -7.3907037678e-06    4.0206894705e-06   -7.3369341556e-07   -3.9032644473e-06    1.6485749608e-06   -4.1042540825e-07   -9.3125515170e-07    1.4972861456e-07
  43.6600000   -7.3085190803e-06    4.1920136677e-06   -8.0797709610e-07   -4.1224134568e-06    1.6181439828e-06   -4.9260203245e-07   -1.0703912806e-06    7.1440341435e-08
  43.6700000   -7.1714638898e-06    4.3871567795e-06   -8.4504559282e-07   -4.3243971345e-06    1.5826315876e-06   -5.7067869333e-07   -1.2040442865e-06   -6.5219176976e-09
  43.6800000   -6.9839869062e-06    4.6020427695e-06   -8.4085363742e-07   -4.5057344802e-06    1.5422518175e-06   -6.4417019594e-07   -1.3313571999e-06   -8.3691709081e-08
  43.6900000   -6.7512888281e-06    4.8321659093e-06   -7.9230699608e-07   -4.6633841968e-06    1.4972460780e-06   -7.1262436393e-07   -1.4515108392e-06   -1.5961040105e-07
  43.7000000   -6.4792226645e-06    5.0726687681e-06   -6.9733889309e-07   -4.7948150604e-06    1.4478817899e-06   -7.7562471145e-07   -1.5637292614e-06   -2.3383014669e-07
  43.7100000   -6.1741836561e-06    5.3184281255e-06   -5.5496520699e-07   -4.8980662706e-06    1.3944508690e-06   -8.3279286043e-07   -1.6672849444e-06   -3.0591676538e-07
  43.7200000   -5.8429909412e-06    5.5641471605e-06   -3.6531708374e-07   -4.9717966549e-06    1.3372681126e-06   -8.8379069744e-07   -1.7615036344e-06   -3.7545252497e-07
  43.7300000   -5.4927630370e-06    5.8044523607e-06   -1.2965030223e-07   -5.0153210361e-06    1.2766694007e-06   -9.2832222208e-07   -1.8457688554e-06   -4.4203880607e-07
  43.7400000   -5.1307895140e-06    6.0339932408e-06    1.4966913044e-07   -5.0286332080e-06    1.2130098231e-06   -9.6613513108e-07   -1.9195260514e-06   -5.0529862738e-07
  43.7500000   -4.7644012043e-06    6.2475431822e-06    4.6920273035e-07   -5.0124143137e-06    1.1466616769e-06   -9.9702209462e-07   -1.9822862839e-06   -5.6487900814e-07
  43.7600000   -4.4008413715e-06    6.4400993985e-06    8.2450020978e-07   -4.9680266565e-06    1.0780123625e-06   -1.0208217111e-06   -2.0336295443e-06   -6.2045317248e-07
  43.7700000   -4.0471400172e-06    6.6069801850e-06    1.2101824598e-06   -4.8974930051e-06    1.0074622026e-06   -1.0374191747e-06   -2.0732075670e-06   -6.7172255564e-07
  43.7800000   -3.7099937412e-06    6.7439176282e-06    1.6200438644e-06   -4.8034606175e-06    9.3542217222e-07   -1.0467466336e-06   -2.1007461996e-06   -7.1841862414e-07
  43.7900000   -3.3956530590e-06    6.8471440114e-06    2.0471735214e-06   -4.6891514353e-06    8.6231158025e-07   -1.0487832104e-06   -2.1160472564e-06   -7.6030447426e-07
  43.8000000   -3.1098196737e-06    6.9134701124e-06    2.4840923490e-06   -4.5582988645e-06    7.8855568891e-07   -1.0435547462e-06   -2.1189898940e-06   -7.9717621625e-07
  43.8100000   -2.8575547800e-06    6.9403540551e-06    2.9229034698e-06   -4.4150724287e-06    7.1458329438e-07   -1.0311332334e-06   -2.1095314430e-06   -8.2886412625e-07
  43.8200000   -2.6432003768e-06    6.9259592576e-06    3.3554529888e-06   -4.2639914677e-06    6.4082429866e-07   -1.0116359355e-06   -2.0877077502e-06   -8.5523355388e-07
  43.8300000   -2.4703146964e-06    6.8692004527e-06    3.7734978383e-06   -4.1098300667e-06    5.6770723756e-07   -9.8522425048e-07   -2.0536329801e-06   -8.7618559940e-07
  43.8400000   -2.3416229483e-06    6.7697764409e-06    4.1688775478e-06   -3.9575141629e-06    4.9565685015e-07   -9.5210226738e-07   -2.0074989006e-06   -8.9165753384e-07
  43.8500000   -2.2589839679e-06    6.6281892199e-06    4.5336866081e-06   -3.8120137213e-06    4.2509163523e-07   -9.1251507655e-07   -1.9495736595e-06   -9.0162298368e-07
  43.8600000   -2.2233732546e-06    6.4457488054e-06    4.8604435366e-06   -3.6782319971e-06    3.5642143642e-07   -8.6674681533e-07   -1.8802000422e-06   -9.0609183553e-07
  43.8700000   -2.2348823929e-06    6.2245636230e-06    5.1422533024e-06   -3.5608935274e-06    2.9004508381e-07   -8.1511849648e-07   -1.7997932457e-06   -9.0510992837e-07
  43.8800000   -2.2927347344e-06    5.9675163337e-06    5.3729600551e-06   -3.4644350013e-06    2.2634808159e-07   -7.5798558943e-07   -1.7088381650e-06   -8.9875848324e-07
  43.8900000   -2.3953168358e-06    5.6782255180e-06    5.5472872031e-06   -3.3928990330e-06    1.6570036072e-07   -6.9573542614e-07   -1.6078862316e-06   -8.8715329223e-07
  43.9000000   -2.5402247503e-06    5.3609935717e-06    5.6609613581e-06   -3.3498346625e-06    1.0845411413e-07   -6.2878440093e-07   -1.4975517852e-06   -8.7044367525e-07
  43.9100000   -2.7243241543e-06    5.0207417670e-06    5.7108179123e-06   -3.3382065443e-06    5.4941727782e-08   -5.5757503051e-07   -1.3785080651e-06   -8.4881120733e-07
  43.9200000   -2.9438229900e-06    4.6629334717e-06    5.6948856518e-06   -3.3603147727e-06    5.4738097010e-09   -4.8257285026e-07   -1.2514827819e-06   -8.2246825140e-07
  43.9300000   -3.1943550094e-06    4.2934865731e-06    5.6124488079e-06   -3.4177272180e-06   -3.9662669319e-08   -4.0426320579e-07   -1.1172533493e-06   -7.9165624568e-07
  43.9400000   -3.4710725604e-06    3.9186767317e-06    5.4640850054e-06   -3.5112261484e-06   -8.0206095264e-08   -3.2314793480e-07   -9.7664180121e-07   -7.5664383650e-07
  43.9500000   -3.7687465779e-06    3.5450327649e-06    5.2516781446e-06   -3.6407704768e-06   -1.1592181131e-07   -2.3974198130e-07   -8.3050938880e-07   -7.1772481861e-07
  43.9600000   -4.0818719525e-06    3.1792261067e-06    4.9784056531e-06   -3.8054746991e-06   -1.4660356592e-07   -1.5456995450e-07   -6.7975094818e-07   -6.7521590779e-07
  43.9700000   -4.4047759279e-06    2.8279561542e-06    4.6487001570e-06   -4.0036052900e-06   -1.7207480460e-07   -6.8162666490e-08   -5.2528905459e-07   -6.2945437675e-07
  43.9800000   -4.7317275409e-06    2.4978333230e-06    4.2681860622e-06   -4.2325949609e-06   -1.9218980324e-07    1.8946361078e-08   -3.6806797611e-07   -5.8079554609e-07
  43.9900000   -5.0570460468e-06    2.1952617800e-06    3.8435920918e-06   -4.4890748939e-06   -2.0683464681e-07    1.0622434419e-07   -2.0904753257e-07   -5.2961018635e-07
  44.0000000   -5.3752061554e-06    1.9263238581e-06    3.3826412391e-06   -4.7689244662e-06   -2.1592800542e-07    1.9314267082e-07   -4.9196820138e-08   -4.7628180359e-07
  44.0100000   -5.6809381050e-06    1.6966681848e-06    2.8939196194e-06   -5.0673376486e-06   -2.1942176109e-07    2.7918026367e-07    1.1051207891e-07   -4.2120388107e-07
  44.0200000   -5.9693207063e-06    1.5114032294e-06    2.3867275426e-06   -5.3789055771e-06   -2.1730142209e-07    3.6382684916e-07    2.6911040837e-07   -3.6477702881e-07
  44.0300000   -6.2358655784e-06    1.3749985191e-06    1.8709146976e-06   -5.6977131802e-06   -2.0958636944e-07    4.4658615423e-07    4.2563902241e-07   -3.0740614260e-07
  44.0400000   -6.4765912681e-06    1.2911946324e-06    1.3567025550e-06   -6.0174484948e-06   -1.9632991007e-07    5.2697895268e-07    5.7915456626e-07   -2.4949751635e-07
  44.0500000   -6.6880858159e-06    1.2629240336e-06    8.5449743885e-07   -6.3315225916e-06   -1.7761913574e-07    6.0454599046e-07    7.2873556567e-07   -1.9145598961e-07
  44.0600000   -6.8675568064e-06    1.2922441096e-06    3.7469839209e-07   -6.6331977462e-06   -1.5357459534e-07    6.7885074590e-07    8.7348833757e-07   -1.3368210065e-07
  44.0700000   -7.0128680574e-06    1.3802834607e-06   -7.2498560200e-08   -6.9157214502e-06   -1.2434976049e-07    7.4948201523e-07    1.0125527001e-06   -7.6569306194e-08
  44.0800000   -7.1225626329e-06    1.5272025759e-06   -4.7729405272e-07   -7.1724636855e-06   -9.0130333696e-08    8.1605630970e-07    1.1451074474e-06   -2.0501256339e-08
  44.0900000   -7.1958716766e-06    1.7321697516e-06   -8.3047343712e-07   -7.3970545192e-06   -5.1133329755e-08    8.7822005711e-07    1.2703755603e-06    3.4150818326e-08
  44.1000000   -7.2327092380e-06    1.9933528160e-06   -1.1235862143e-06   -7.5835193749e-06   -7.6060058892e-09    9.3565157934e-07    1.3876290738e-06    8.7030660429e-08
  44.1100000   -7.2336535458e-06    2.3079268896e-06   -1.3491130963e-06   -7.7264091992e-06    4.0175395003e-08    9.8806285777e-07    1.4961936419e-06    1.3779935656e-07
  44.1200000   -7.1999152367e-06    2.6720983416e-06   -1.5006180531e-06   -7.8209224702e-06    9.1907081605e-08    1.0352010392e-06    1.5954526947e-06    1.8613761995e-07
  44.1300000   -7.1332935113e-06    3.0811447015e-06   -1.5728812381e-06   -7.8630169916e-06    1.4725930630e-07    1.0768497311e-06    1.6848512242e-06    2.3174788015e-07
  44.1400000   -7.0361211162e-06    3.5294702749e-06   -1.5620111408e-06   -7.8495084425e-06    2.0587812962e-07    1.1128300298e-06    1.7638991175e-06    2.7435623240e-07
  44.1500000   -6.9111996322e-06    4.0106765520e-06   -1.4655327675e-06   -7.7781542498e-06    2.6738731579e-07    1.1430013152e-06    1.8321740776e-06    3.1371416993e-07
  44.1600000   -6.7617265040e-06    4.5176466866e-06   -1.2824511044e-06   -7.6477198307e-06    3.3139037487e-07    1.1672617588e-06    1.8893240406e-06    3.4960015176e-07
  44.1700000   -6.5912153830e-06    5.0426428681e-06   -1.0132875223e-06   -7.4580263971e-06    3.9747274845e-07    1.1855486220e-06    1.9350691477e-06    3.8182095279e-07
  44.1800000   -6.4034116622e-06    5.5774151992e-06   -6.6008869255e-07   -7.2099788466e-06    4.6520409842e-07    1.1978382671e-06    1.9692032028e-06    4.1021278750e-07
  44.1900000   -6.2022048901e-06    6.1133206082e-06   -2.2640755223e-07   -6.9055727229e-06    5.3414070116e-07    1.2041459305e-06    1.9915946456e-06    4.3464223878e-07
  44.2000000   -5.9915400325e-06    6.6414501222e-06    2.8274344379e-07   -6.5478800485e-06    6.0382795509e-07    1.2045252578e-06    2.0021870172e-06    4.5500693056e-07
  44.2100000   -5.7753293255e-06    7.1527626495e-06    8.6096580812e-07   -6.1410138199e-06    6.7380294842e-07    1.1990675708e-06    2.0009989056e-06    4.7123598722e-07
  44.2200000   -5.5573666556e-06    7.6382233684e-06    1.5005756506e-06   -5.6900713717e-06    7.4359711284e-07    1.1879009408e-06    1.9881234090e-06    4.8329026661e-07
  44.2300000   -5.3412461580e-06    8.0889446098e-06    2.1927277533e-06   -5.2010579866e-06    8.1273890944e-07    1.1711889961e-06    1.9637270863e-06    4.9116233880e-07
  44.2400000   -5.1302866972e-06    8.4963271417e-06    2.9275617659e-06   -4.6807914349e-06    8.8075657272e-07    1.1491295469e-06    1.9280484300e-06    4.9487623615e-07
  44.2500000   -4.9274637475e-06    8.8521998495e-06    3.6943672840e-06   -4.1367893123e-06    9.4718087738e-07    1.1219529885e-06    1.8813958540e-06    4.9448699018e-07
  44.2600000   -4.7353499550e-06    9.1489555479e-06    4.4817664855e-06   -3.5771411195e-06    1.0115479047e-06    1.0899205171e-06    1.8241452320e-06    4.9007993506e-07
  44.2700000   -4.5560656059e-06    9.3796809633e-06    5.2779098679e-06   -3.0103675058e-06    1.0734017980e-06    1.0533221785e-06    1.7567369774e-06    4.8176978531e-07
  44.2800000   -4.3912398298e-06    9.5382786882e-06    6.0706816727e-06   -2.4452691926e-06    1.1322975211e-06    1.0124747335e-06    1.6796727234e-06    4.6969950808e-07
  44.2900000   -4.2419833177e-06    9.6195793272e-06    6.8479117204e-06   -1.8907681601e-06    1.1878035529e-06    9.6771939359e-07    1.5935115936e-06    4.5403900218e-07
  44.3000000   -4.1088729826e-06    9.6194419251e-06    7.5975892233e-06   -1.3557446910e-06    1.2395045446e-06    9.1941941181e-07    1.4988661205e-06    4.3498356535e-07
  44.3100000   -3.9919487362e-06    9.5348409663e-06    8.3080750835e-06   -8.4887291575e-07    1.2870038901e-06    8.6795757707e-07    1.3963978156e-06    4.1275221322e-07
  44.3200000   -3.8907223622e-06    9.3639384463e-06    8.9683087682e-06   -3.7845833047e-07    1.3299262432e-06    8.1373357938e-07    1.2868124358e-06    3.8758579659e-07
  44.3300000   -3.8041982074e-06    9.1061397721e-06    9.5680057598e-06    4.7719764293e-08    1.3679199167e-06    7.5716132842e-07    1.1708549900e-06    3.5974500520e-07
  44.3400000   -3.7309051528e-06    8.7621322841e-06    1.0097842182e-05    4.2255752134e-07    1.4006591556e-06    6.9866619518e-07    1.0493045024e-06    3.2950820935e-07
  44.3500000   -3.6689390574e-06    8.3339055637e-06    1.0549623038e-05    7.3976469765e-07    1.4278463090e-06    6.3868219446e-07    9.2296856779e-07    2.9716919509e-07
  44.3600000   -3.6160148287e-06    7.8247529326e-06    1.0916431021e-05    9.9398883712e-07    1.4492138505e-06    5.7764918761e-07    7.9267778378e-07    2.6303479903e-07
  44.3700000   -3.5695268310e-06    7.2392536595e-06    1.1192753060e-05    1.1809228612e-06    1.4645262363e-06    5.1601002087e-07    6.5928002464e-07    2.2742245089e-07
  44.3800000   -3.5266163896e-06    6.5832359403e-06    1.1374582320e-05    1.2973939702e-06    1.4735816152e-06    4.5420771853e-07    5.2363467703e-07    1.9065767283e-07
  44.3900000   -3.4842449925e-06    5.8637205357e-06    1.1459493685e-05    1.3414318727e-06    1.4762133430e-06    3.9268267841e-07    3.8660679427e-07    1.5307149624e-07
  44.4000000   -3.4392714114e-06    5.0888459798e-06    1.1446691048e-05    1.3123148197e-06    1.4722913204e-06    3.3186993553e-07    2.4906128906e-07    1.1499789953e-07
  44.4100000   -3.3885311890e-06    4.2677757133e-06    1.1337026198e-05    1.2105924200e-06    1.4617231354e-06    2.7219645793e-07    1.1185716402e-07    7.6771201603e-08
  44.4200000   -3.3289173036e-06    3.4105882461e-06    1.1132988395e-05    1.0380845819e-06    1.4444549910e-06    2.1407855670e-07   -2.4158181355e-08    3.8723483364e-08
  44.4300000   -3.2574598342e-06    2.5281514125e-06    1.0838664418e-05    7.9785644542e-07    1.4204724307e-06    1.5791936074e-07   -1.5815452359e-07    1.1820447217e-09
  44.4400000   -3.1714028356e-06    1.6319825900e-06    1.0459670223e-05    4.9416959216e-07    1.3898008493e-06    1.0410640563e-07   -2.8932420194e-07   -3.5533104643e-08
  44.4500000   -3.0682772186e-06    7.3409638059e-07    1.0003055354e-05    1.3241031339e-07    1.3525057304e-06    5.3009378923e-08   -4.1688734047e-07   -7.1111653962e-08
  44.4600000   -2.9459679524e-06   -1.5315827356e-07    9.4771818837e-06   -2.8100393537e-07    1.3086927048e-06    4.9779494414e-09   -5.4009680502e-07   -1.0525534393e-07
  44.4700000   -2.8027742716e-06   -1.0172693395e-06    8.8915794870e-06   -7.3873798199e-07    1.2585073770e-06   -3.9660215164e-08   -6.5824290632e-07   -1.3768021079e-07
  44.4800000   -2.6374615846e-06   -1.8457390537e-06    8.2567797350e-06   -1.2326704299e-06    1.2021348861e-06   -8.0601305595e-08   -7.7065780641e-07   -1.6811867971e-07
  44.4900000   -2.4493039862e-06   -2.6262649885e-06    7.5841326368e-06   -1.7540407722e-06    1.1397992562e-06   -1.1756703522e-07   -8.7671958799e-07   -1.9632156027e-07
  44.5000000   -2.2381165547e-06   -3.3469222634e-06    6.8856084311e-06   -2.2936092693e-06    1.0717625122e-06   -1.5030613463e-07   -9.7585597038e-07   -2.2205987994e-07
  44.5100000   -2.0042766752e-06   -3.9963441939e-06    6.1735882321e-06   -2.8418265869e-06    9.9832355122e-07   -1.7859567595e-07   -1.0675476433e-06   -2.4512653282e-07
  44.5200000   -1.7487338576e-06   -4.5638989259e-06    5.4606473400e-06   -3.3890100756e-06    9.1981680410e-07   -2.0224218962e-07   -1.1513312235e-06   -2.6533778008e-07
  44.5300000   -1.4730078435e-06   -5.0398591240e-06    4.7593351350e-06   -3.9255231854e-06    8.3661066233e-07   -2.2108259351e-07   -1.2268017528e-06   -2.8253456277e-07
  44.5400000   -1.1791751017e-06   -5.4155625829e-06    4.0819553865e-06   -4.4419546808e-06    7.4910568872e-07   -2.3498493510e-07   -1.2936147952e-06   -2.9658359567e-07
  44.5500000   -8.6984373465e-07   -5.6835606458e-06    3.4403510221e-06   -4.9292941012e-06    6.5773263691e-07   -2.4384891708e-07   -1.3514880721e-06   -3.0737828969e-07
  44.5600000   -5.4811701691e-07   -5.8377524814e-06    2.8456971479e-06   -5.3791001742e-06    5.6295025283e-07   -2.4760623210e-07   -1.4002026603e-06   -3.1483944321e-07
  44.5700000   -2.1754651338e-07   -5.8735024726e-06    2.3083060563e-06   -5.7836588121e-06    4.6524290184e-07   -2.4622070702e-07   -1.4396037004e-06   -3.1891573043e-07
  44.5800000    1.1792449277e-07   -5.7877392179e-06    1.8374477486e-06   -6.1361276703e-06    3.6511800114e-07   -2.3968822645e-07   -1.4696006879e-06   -3.1958398011e-07
  44.5900000    4.5402633301e-07   -5.5790339567e-06    1.4411889867e-06   -6.4306643847e-06    2.6310331762e-07   -2.2803648283e-07   -1.4901672576e-06   -3.1684921675e-07
  44.6000000    7.8623596276e-07   -5.2476568591e-06    1.1262540003e-06   -6.6625359833e-06    1.5974407661e-07   -2.1132452373e-07   -1.5013405597e-06   -3.1074452002e-07
  44.6100000    1.1098561884e-06   -4.7956099317e-06    8.9790911120e-07   -6.8282073562e-06    5.5599971144e-08   -1.8964211181e-07   -1.5032201491e-06   -3.0133063028e-07
  44.6200000    1.4200995684e-06   -4.2266356353e-06    7.5987336842e-07   -6.9254069081e-06   -4.8757956798e-08   -1.6310892693e-07   -1.4959664705e-06   -2.8869537118e-07
  44.6300000    1.7121758924e-06   -3.5462002747e-06    7.1425667245e-07   -6.9531681971e-06   -1.5275056238e-07   -1.3187355355e-07   -1.4797989093e-06   -2.7295286476e-07
  44.6400000    1.9813813635e-06   -2.7614521335e-06    7.6152660005e-07   -6.9118465648e-06   -2.5579389830e-07   -9.6112357613e-08   -1.4549934354e-06   -2.5424252644e-07
  44.6500000    2.2231879300e-06   -1.8811542699e-06    9.0050434346e-07   -6.8031105851e-06   -3.5730259780e-07   -5.6028162184e-08   -1.4218798785e-06   -2.3272790838e-07
  44.6600000    2.4333311074e-06   -9.1559252069e-07    1.1283897493e-06   -6.6299081454e-06   -4.5669329613e-07   -1.1848798910e-08   -1.3808388441e-06   -2.0859531679e-07
  44.6700000    2.6078947047e-06    1.2354059487e-07    1.4408151097e-06   -6.3964080730e-06   -5.5338809361e-07    3.6174461863e-08   -1.3322982709e-06   -1.8205229780e-07
  44.6800000    2.7433909682e-06    1.2232846998e-06    1.8319264827e-06   -6.1079182646e-06   -6.4681802009e-07    8.7768627279e-08   -1.2767297092e-06   -1.5332594825e-07
  44.6900000    2.8368345220e-06    2.3695717319e-06    2.2944911579e-06   -5.7707818542e-06   -7.3642647239e-07    1.4264079709e-07   -1.2146443264e-06   -1.2266107716e-07
  44.7000000    2.8858089419e-06    3.5474054434e-06    2.8200291741e-06   -5.3922534573e-06   -8.2167265069e-07    2.0048007728e-07   -1.1465886376e-06   -9.0318258356e-08
  44.7100000    2.8885243164e-06    4.7410577053e-06    3.3989665919e-06   -4.9803578549e-06   -9.0203490463e-07    2.6095957611e-07   -1.0731400592e-06   -5.6571740472e-08
  44.7200000    2.8438650481e-06    5.9342795145e-06    4.0208075689e-06   -4.5437337824e-06   -9.7701404887e-07    3.2373848450e-07   -9.9490227507e-07   -2.1707286132e-08
  44.7300000    2.7514268597e-06    7.1105238418e-06    4.6743222795e-06   -4.0914659681e-06   -1.0461365321e-06    3.8846419235e-07   -9.1250046026e-07    1.3980084859e-08
  44.7400000    2.6115421779e-06    8.2531769241e-06    5.3477471053e-06   -3.6329084726e-06   -1.1089575401e-06    4.5477447412e-07   -8.2657638831e-07    5.0188418724e-08
  44.7500000    2.4252932012e-06    9.3457947560e-06    6.0289936833e-06   -3.1775029916e-06   -1.1650639301e-06    5.2229969103e-07   -7.3778351314e-07    8.6611187087e-08
  44.7600000    2.1945123788e-06    1.0372341435e-05    6.7058628689e-06   -2.7345954203e-06   -1.2140770417e-06    5.9066501143e-07   -6.4678198698e-07    1.2293968682e-07
  44.7700000    1.9217701775e-06    1.1317425852e-05    7.3662599358e-06   -2.3132544119e-06   -1.2556553118e-06    6.5949264823e-07   -5.5423369978e-07    1.5886542975e-07
  44.7800000    1.6103501613e-06    1.2166533110e-05    7.9984070676e-06   -1.9220953520e-06   -1.2894967131e-06    7.2840406796e-07   -4.6079737321e-07    1.9408255603e-07
  44.7900000    1.2642115510e-06    1.2906247142e-05    8.5910494671e-06   -1.5691132198e-06   -1.3153409769e-06    7.9702219254e-07   -3.6712373063e-07    2.2829019068e-07
  44.8000000    8.8793981013e-07    1.3524460852e-05    9.1336513706e-06   -1.2615275428e-06   -1.3329716035e-06    8.6497357192e-07   -2.7385078006e-07    2.6119477651e-07
  44.8100000    4.8668583148e-07    1.4010570603e-05    9.6165785721e-06   -1.0056425077e-06   -1.3422176369e-06    9.3189049109e-07   -1.8159927087e-07    2.9251232051e-07
  44.8200000    6.6094595795e-08    1.4355651602e-05    1.0031264319e-05   -8.0672489409e-07   -1.3429551789e-06    9.9741303510e-07   -9.0968322854e-08    3.2197060563e-07
  44.8300000   -3.6777556680e-07    1.4552611250e-05    1.0370355575e-05   -6.6890231323e-07   -1.3351086455e-06    1.0611910780e-06   -2.5312908132e-09    3.4931126277e-07
  44.8400000   -8.0854195017e-07    1.4596317907e-05    1.0627837283e-05   -5.9508351926e-07   -1.3186517624e-06    1.1228862003e-06    8.3168147736e-08    3.7429175760e-07
  44.8500000   -1.2495934330e-06    1.4483702440e-05    1.0799132449e-05   -5.8690256954e-07   -1.2936082558e-06    1.1821734990e-06    1.6561959997e-07    3.9668724343e-07
  44.8600000   -1.6841919224e-06    1.4213830628e-05    1.0881176444e-05   -6.4468774031e-07   -1.2600522694e-06    1.2387433290e-06    2.4434926852e-07    4.1629228454e-07
  44.8700000   -2.1055777159e-06    1.3787944981e-05    1.0872464305e-05   -7.6745593661e-07   -1.2181084928e-06    1.2923029061e-06    3.1892295402e-07    4.3292242016e-07
  44.8800000   -2.5070770390e-06    1.3209474727e-05    1.0773070408e-05   -9.5293252607e-07   -1.1679519587e-06    1.3425778237e-06    3.8894868898e-07    4.4641557525e-07
  44.8900000   -2.8822101439e-06    1.2484013221e-05    1.0584640211e-05   -1.1975963522e-06   -1.1098075761e-06    1.3893134321e-06    4.5407900936e-07    4.5663328460e-07
  44.9000000   -3.2247982035e-06    1.1619262763e-05    1.0310354461e-05   -1.4967489717e-06   -1.0439493361e-06    1.4322760882e-06    5.1401287332e-07    4.6346175205e-07
  44.9100000   -3.5290673021e-06    1.0624947160e-05    9.9548666026e-06   -1.8446067318e-06   -9.7069921767e-07    1.4712542960e-06    5.6849714519e-07    4.6681272414e-07
  44.9200000   -3.7897477848e-06    9.5126929169e-06    9.5242146802e-06   -2.2344139193e-06   -8.9042580793e-07    1.5060597005e-06    6.1732772450e-07    4.6662414697e-07
  44.9300000   -4.0021673348e-06    8.2958804031e-06    9.0257094449e-06   -2.6585747738e-06   -8.0354261867e-07    1.5365279123e-06    6.6035024525e-07    4.6286064583e-07
  44.9400000   -4.1623361709e-06    6.9894668664e-06    8.4678007295e-06   -3.1088017016e-06   -7.1050611266e-07    1.5625192591e-06    6.9746036881e-07    4.5551379805e-07
  44.9500000   -4.2670229698e-06    5.6097838098e-06    7.8599247022e-06   -3.5762769058e-06   -6.1181346243e-07    1.5839193268e-06    7.2860368298e-07    4.4460220224e-07
  44.9600000   -4.3138200295e-06    4.1743112765e-06    7.2123347257e-06   -4.0518241544e-06   -5.0800002773e-07    1.6006393961e-06    7.5377518993e-07    4.3017134111e-07
  44.9700000   -4.3011965698e-06    2.7014324379e-06    6.5359189154e-06   -4.5260874366e-06   -3.9963659237e-07    1.6126167285e-06    7.7301840288e-07    4.1229326665e-07
  44.9800000   -4.2285391053e-06    1.2101721481e-06    5.8420077321e-06   -4.9897129056e-06   -2.8732634444e-07    1.6198147026e-06    7.8642405994e-07    3.9106604701e-07
  44.9900000   -4.0961780883e-06   -2.8007677789e-07    5.1421750445e-06   -5.4335306547e-06   -1.7170162982e-07    1.6222228277e-06    7.9412846692e-07    3.6661305975e-07
  45.0000000   -3.9054002174e-06   -1.7498354286e-06    4.4480361976e-06   -5.8487327258e-06   -5.3420517030e-08    1.6198565960e-06    7.9631148101e-07    3.3908207852e-07
  45.0100000   -3.6584458178e-06   -3.1798244339e-06    3.7710466913e-06   -6.2270439164e-06    6.6836860895e-08    1.6127572124e-06    7.9319416719e-07    3.0864418084e-07
  45.0200000   -3.3584913412e-06   -4.5512488723e-06    3.1223049622e-06   -6.5608819916e-06    1.8837210072e-07    1.6009911994e-06    7.8503612870e-07    2.7549249605e-07
  45.0300000   -3.0096168710e-06   -5.8460781581e-06    2.5123626637e-06   -6.8435042800e-06    3.1047250925e-07    1.5846498712e-06    7.7213256854e-07    2.3984078880e-07
  45.0400000   -2.6167587934e-06   -7.0473161047e-06    1.9510457711e-06   -7.0691377074e-06    4.3241519266e-07    1.5638486680e-06    7.5481105463e-07    2.0192188633e-07
  45.0500000   -2.1856483653e-06   -8.1392571977e-06    1.4472895676e-06   -7.2330898526e-06    5.5347123568e-07    1.5387264094e-06    7.3342809054e-07    1.6198597578e-07
  45.0600000   -1.7227368693e-06   -9.1077246952e-06    1.0089901900e-06   -7.3318387058e-06    6.7290999729e-07    1.5094444059e-06    7.0836544281e-07    1.2029878505e-07
  45.0700000   -1.2351081762e-06   -9.9402866753e-06    6.4287526077e-07   -7.3630995998e-06    7.9000342471e-07    1.4761854914e-06    6.8002631133e-07    7.7139626591e-08
  45.0800000   -7.3037982344e-07   -1.0626446393e-05    3.5439571500e-07   -7.3258678760e-06    9.0403042086e-07    1.4391529287e-06    6.4883135892e-07    3.2799397355e-08
  45.0900000   -2.1659438507e-07   -1.1157803881e-05    1.4764043500e-07   -7.2204365531e-06    1.0142812032e-06    1.3985692640e-06    6.1521463356e-07   -1.2421566816e-08
  45.1000000    2.9789761508e-07   -1.1528185809e-05    2.5275103682e-08   -7.0483886077e-06    1.1200616484e-06    1.3546750570e-06    5.7961940978e-07   -5.8215627765e-08
  45.1100000    8.0456164394e-07   -1.1733741466e-05   -1.1494010729e-08   -6.8125641502e-06    1.2206975732e-06    1.3077275735e-06    5.4249400131e-07   -1.0427009568e-07
  45.1200000    1.2948080061e-06   -1.1773003206e-05    3.7069174151e-08   -6.5170030710e-06    1.3155389555e-06    1.2579993799e-06    5.0428756300e-07   -1.5026945662e-07
  45.1300000    1.7601236208e-06   -1.1646909936e-05    1.6924509563e-07   -6.1668643355e-06    1.4039640387e-06    1.2057768936e-06    4.6544592807e-07   -1.9589765818e-07
  45.1400000    2.1922047436e-06   -1.1358793321e-05    3.8189794132e-07   -5.7683235317e-06    1.4853833171e-06    1.1513588865e-06    4.2640751454e-07   -2.4084034127e-07
  45.1500000    2.5830885149e-06   -1.0914326597e-05    6.7053896938e-07   -5.3284507574e-06    1.5592433537e-06    1.0950549391e-06    3.8759934462e-07   -2.8478709801e-07
  45.1600000    2.9252813504e-06   -1.0321436791e-05    1.0294124506e-06   -4.8550711650e-06    1.6250304308e-06    1.0371838571e-06    3.4943315633e-07   -3.2743367105e-07
  45.1700000    3.2118820140e-06   -9.5901814543e-06    1.4516024574e-06   -4.3566110156e-06    1.6822740012e-06    9.7807205050e-07    3.1230174005e-07   -3.6848409673e-07
  45.1800000    3.4366973502e-06   -8.7325919255e-06    1.9291584812e-06   -3.8419322136e-06    1.7305498927e-06    9.1805191126e-07    2.7657543206e-07   -4.0765279760e-07
  45.1900000    3.5943488541e-06   -7.7624855199e-06    2.4532375358e-06   -3.3201586538e-06    1.7694832874e-06    8.5746016446e-07    2.4259884613e-07   -4.4466656919e-07
  45.2000000    3.6803679562e-06   -6.6952497276e-06    3.0142601066e-06   -2.8004977855e-06    1.7987514169e-06    7.9663621766e-07    2.1068786548e-07   -4.7926649242e-07
  45.2100000    3.6912787529e-06   -5.5476015585e-06    3.6020771297e-06   -2.2920608857e-06    1.8180859685e-06    7.3592050967e-07    1.8112690464e-07   -5.1120971422e-07
  45.2200000    3.6246664374e-06   -4.3373259770e-06    4.2061449867e-06   -1.8036856679e-06    1.8272752094e-06    6.7565287821e-07    1.5416647161e-07   -5.4027111998e-07
  45.2300000    3.4792301269e-06   -3.0829980251e-06    4.8157055322e-06   -1.3437646747e-06    1.8261657594e-06    6.1617094055e-07    1.3002105762e-07   -5.6624486027e-07
  45.2400000    3.2548190180e-06   -1.8036928236e-06    5.4199678697e-06   -9.2008290292e-07    1.8146640533e-06    5.5780846996e-07    1.0886737109e-07   -5.8894574891e-07
  45.2500000    2.9524512319e-06   -5.1868821520e-07    6.0082888960e-06   -5.3966778933e-07    1.7927374293e-06    5.0089384449e-07    9.0842915909e-08   -6.0821048397e-07
  45.2600000    2.5743144280e-06    7.5283489795e-07    6.5703495019e-06   -2.0865468324e-07    1.7604148874e-06    4.4574850264e-07    7.6044929115e-08   -6.2389871769e-07
  45.2700000    2.1237482279e-06    1.9920898446e-06    7.0963235059e-06    6.7829653758e-08    1.7177874603e-06    3.9268544437e-07    6.4529711611e-08   -6.3589395930e-07
