#       time         integral Re         integral Im         integral Re         integral Im         integral Re         integral Im         integral Re         integral Im
#       r =            20.000000           20.000000           28.000000           28.000000           36.000000           36.000000           44.000000           44.000000
   0.0100000    1.6484719179e-04    4.2194497755e-05    2.2189311367e-05    9.1915612960e-06    5.0744348532e-06    2.8613459492e-06    1.5347743937e-06    1.1057396493e-06
   0.0200000    1.6481924267e-04    4.2225193522e-05    2.2188774788e-05    9.1508831156e-06    5.0740499348e-06    2.8624839861e-06    1.5346912380e-06    1.1061233111e-06
   0.0300000    1.6479166223e-04    4.2263455840e-05    2.2188037469e-05    9.1055513782e-06    5.0736720130e-06    2.8636216611e-06    1.5346080043e-06    1.1065068573e-06
   0.0400000    1.6476428115e-04    4.2309131380e-05    2.2187009721e-05    9.0558374751e-06    5.0732957694e-06    2.8647589953e-06    1.5345246894e-06    1.1068902908e-06
   0.0500000    1.6473690278e-04    4.2362068595e-05    2.2185700427e-05    9.0020266653e-06    5.0729214059e-06    2.8658960109e-06    1.5344412895e-06    1.1072736134e-06
   0.0600000    1.6470931769e-04    4.2422117481e-05    2.2184121634e-05    8.9444176300e-06    5.0725488537e-06    2.8670327278e-06    1.5343578044e-06    1.1076568214e-06
   0.0700000    1.6468132041e-04    4.2489129021e-05    2.2182290376e-05    8.8833209282e-06    5.0721779277e-06    2.8681691640e-06    1.5342742315e-06    1.1080399159e-06
   0.0800000    1.6465272648e-04    4.2562953857e-05    2.2180228323e-05    8.8190574346e-06    5.0718083205e-06    2.8693053402e-06    1.5341905726e-06    1.1084229003e-06
   0.0900000    1.6462338870e-04    4.2643439953e-05    2.2177961456e-05    8.7519567812e-06    5.0714395996e-06    2.8704412716e-06    1.5341068229e-06    1.1088057738e-06
   0.1000000    1.6459321189e-04    4.2730429648e-05    2.2175519722e-05    8.6823557324e-06    5.0710711887e-06    2.8715769814e-06    1.5340229837e-06    1.1091885346e-06
   0.1100000    1.6456216483e-04    4.2823756110e-05    2.2172936645e-05    8.6105965886e-06    5.0707023834e-06    2.8727124848e-06    1.5339390549e-06    1.1095711872e-06
   0.1200000    1.6453028862e-04    4.2923239315e-05    2.2170248885e-05    8.5370255248e-06    5.0703323346e-06    2.8738477938e-06    1.5338550357e-06    1.1099537280e-06
   0.1300000    1.6449770098e-04    4.3028681836e-05    2.2167495855e-05    8.4619910266e-06    5.0699600588e-06    2.8749829262e-06    1.5337709232e-06    1.1103361578e-06
   0.1400000    1.6446459586e-04    4.3139864459e-05    2.2164719225e-05    8.3858422479e-06    5.0695844480e-06    2.8761178903e-06    1.5336867127e-06    1.1107184796e-06
   0.1500000    1.6443123841e-04    4.3256541915e-05    2.2161962445e-05    8.3089274210e-06    5.0692042478e-06    2.8772527018e-06    1.5336024087e-06    1.1111006935e-06
   0.1600000    1.6439795511e-04    4.3378438836e-05    2.2159270287e-05    8.2315923091e-06    5.0688180897e-06    2.8783873668e-06    1.5335180067e-06    1.1114827939e-06
   0.1700000    1.6436511971e-04    4.3505246131e-05    2.2156688325e-05    8.1541786201e-06    5.0684244898e-06    2.8795218944e-06    1.5334335100e-06    1.1118647901e-06
   0.1800000    1.6433313540e-04    4.3636617810e-05    2.2154262426e-05    8.0770226016e-06    5.0680218612e-06    2.8806562858e-06    1.5333489166e-06    1.1122466709e-06
   0.1900000    1.6430241411e-04    4.3772168605e-05    2.2152038251e-05    8.0004535158e-06    5.0676085211e-06    2.8817905500e-06    1.5332642261e-06    1.1126284447e-06
   0.2000000    1.6427335386e-04    4.3911472273e-05    2.2150060730e-05    7.9247922738e-06    5.0671827057e-06    2.8829246826e-06    1.5331794348e-06    1.1130101124e-06
   0.2100000    1.6424631538e-04    4.4054060861e-05    2.2148373569e-05    7.8503500990e-06    5.0667425959e-06    2.8840586887e-06    1.5330945476e-06    1.1133916698e-06
   0.2200000    1.6422159909e-04    4.4199424817e-05    2.2147018754e-05    7.7774272521e-06    5.0662863146e-06    2.8851925588e-06    1.5330095622e-06    1.1137731155e-06
   0.2300000    1.6419942379e-04    4.4347014207e-05    2.2146036024e-05    7.7063118302e-06    5.0658119729e-06    2.8863262909e-06    1.5329244738e-06    1.1141544564e-06
   0.2400000    1.6417990819e-04    4.4496240875e-05    2.2145462436e-05    7.6372786373e-06    5.0653176705e-06    2.8874598766e-06    1.5328392820e-06    1.1145356878e-06
   0.2500000    1.6416305623e-04    4.4646481659e-05    2.2145331894e-05    7.5705881386e-06    5.0648015114e-06    2.8885933050e-06    1.5327539899e-06    1.1149168120e-06
   0.2600000    1.6414874734e-04    4.4797082569e-05    2.2145674692e-05    7.5064854940e-06    5.0642616547e-06    2.8897265606e-06    1.5326685912e-06    1.1152978255e-06
   0.2700000    1.6413673197e-04    4.4947363879e-05    2.2146517151e-05    7.4451996915e-06    5.0636963092e-06    2.8908596353e-06    1.5325830940e-06    1.1156787335e-06
   0.2800000    1.6412663325e-04    4.5096626160e-05    2.2147881182e-05    7.3869427374e-06    5.0631037790e-06    2.8919925075e-06    1.5324974920e-06    1.1160595305e-06
   0.2900000    1.6411795462e-04    4.5244156982e-05    2.2149784003e-05    7.3319089825e-06    5.0624824779e-06    2.8931251565e-06    1.5324117867e-06    1.1164402205e-06
   0.3000000    1.6411009344e-04    4.5389238340e-05    2.2152237793e-05    7.2802745256e-06    5.0618309542e-06    2.8942575629e-06    1.5323259782e-06    1.1168207996e-06
   0.3100000    1.6410236012e-04    4.5531154549e-05    2.2155249424e-05    7.2321967014e-06    5.0611479247e-06    2.8953897018e-06    1.5322400614e-06    1.1172012692e-06
   0.3200000    1.6409400221e-04    4.5669200569e-05    2.2158820267e-05    7.1878136859e-06    5.0604322953e-06    2.8965215485e-06    1.5321540424e-06    1.1175816354e-06
   0.3300000    1.6408423220e-04    4.5802690544e-05    2.2162945991e-05    7.1472441966e-06    5.0596831844e-06    2.8976530734e-06    1.5320679163e-06    1.1179618904e-06
   0.3400000    1.6407225829e-04    4.5930966346e-05    2.2167616479e-05    7.1105872929e-06    5.0588999516e-06    2.8987842473e-06    1.5319816876e-06    1.1183420404e-06
   0.3500000    1.6405731656e-04    4.6053406140e-05    2.2172815702e-05    7.0779222662e-06    5.0580822173e-06    2.8999150428e-06    1.5318953522e-06    1.1187220795e-06
   0.3600000    1.6403870317e-04    4.6169432581e-05    2.2178521750e-05    7.0493086542e-06    5.0572298867e-06    2.9010454218e-06    1.5318089070e-06    1.1191020107e-06
   0.3700000    1.6401580524e-04    4.6278520681e-05    2.2184706847e-05    7.0247863130e-06    5.0563431739e-06    2.9021753494e-06    1.5317223565e-06    1.1194818326e-06
   0.3800000    1.6398812904e-04    4.6380205041e-05    2.2191337452e-05    7.0043756249e-06    5.0554226195e-06    2.9033047909e-06    1.5316356968e-06    1.1198615477e-06
   0.3900000    1.6395532406e-04    4.6474086367e-05    2.2198374428e-05    6.9880777786e-06    5.0544691006e-06    2.9044337121e-06    1.5315489331e-06    1.1202411541e-06
   0.4000000    1.6391720196e-04    4.6559837234e-05    2.2205773232e-05    6.9758751591e-06    5.0534838565e-06    2.9055620730e-06    1.5314620581e-06    1.1206206512e-06
   0.4100000    1.6387374936e-04    4.6637206791e-05    2.2213484218e-05    6.9677317716e-06    5.0524684977e-06    2.9066898372e-06    1.5313750748e-06    1.1210000388e-06
   0.4200000    1.6382513397e-04    4.6706024405e-05    2.2221452912e-05    6.9635938518e-06    5.0514250125e-06    2.9078169649e-06    1.5312879824e-06    1.1213793204e-06
   0.4300000    1.6377170341e-04    4.6766202229e-05    2.2229620445e-05    6.9633904508e-06    5.0503557756e-06    2.9089434173e-06    1.5312007842e-06    1.1217584900e-06
   0.4400000    1.6371397700e-04    4.6817736470e-05    2.2237923963e-05    6.9670341384e-06    5.0492635567e-06    2.9100691550e-06    1.5311134776e-06    1.1221375536e-06
   0.4500000    1.6365263045e-04    4.6860707531e-05    2.2246297101e-05    6.9744218071e-06    5.0481515155e-06    2.9111941370e-06    1.5310260570e-06    1.1225165084e-06
   0.4600000    1.6358847414e-04    4.6895278797e-05    2.2254670512e-05    6.9854355104e-06    5.0470231924e-06    2.9123183281e-06    1.5309385298e-06    1.1228953527e-06
   0.4700000    1.6352242587e-04    4.6921694194e-05    2.2262972455e-05    6.9999433345e-06    5.0458825210e-06    2.9134416900e-06    1.5308508937e-06    1.1232740883e-06
   0.4800000    1.6345547901e-04    4.6940274539e-05    2.2271129401e-05    7.0178004115e-06    5.0447338073e-06    2.9145641882e-06    1.5307631439e-06    1.1236527153e-06
   0.4900000    1.6338866749e-04    4.6951412722e-05    2.2279066640e-05    7.0388498639e-06    5.0435817060e-06    2.9156857861e-06    1.5306752812e-06    1.1240312364e-06
   0.5000000    1.6332302874e-04    4.6955567788e-05    2.2286708983e-05    7.0629239121e-06    5.0424312245e-06    2.9168064469e-06    1.5305873093e-06    1.1244096475e-06
   0.5100000    1.6325956655e-04    4.6953258000e-05    2.2293981463e-05    7.0898449241e-06    5.0412876923e-06    2.9179261445e-06    1.5304992268e-06    1.1247879459e-06
   0.5200000    1.6319921492e-04    4.6945053012e-05    2.2300809977e-05    7.1194265564e-06    5.0401567298e-06    2.9190448452e-06    1.5304110316e-06    1.1251661364e-06
   0.5300000    1.6314280448e-04    4.6931565349e-05    2.2307122065e-05    7.1514748706e-06    5.0390442302e-06    2.9201625257e-06    1.5303227278e-06    1.1255442190e-06
   0.5400000    1.6309103301e-04    4.6913441208e-05    2.2312847585e-05    7.1857895154e-06    5.0379563258e-06    2.9212791579e-06    1.5302343111e-06    1.1259221914e-06
   0.5500000    1.6304444092e-04    4.6891350827e-05    2.2317919441e-05    7.2221648785e-06    5.0368993509e-06    2.9223947228e-06    1.5301457833e-06    1.1263000540e-06
   0.5600000    1.6300339297e-04    4.6865978603e-05    2.2322274265e-05    7.2603912457e-06    5.0358798098e-06    2.9235092034e-06    1.5300571407e-06    1.1266778073e-06
   0.5700000    1.6296806663e-04    4.6838013069e-05    2.2325853109e-05    7.3002560018e-06    5.0349043343e-06    2.9246225823e-06    1.5299683868e-06    1.1270554516e-06
   0.5800000    1.6293844773e-04    4.6808136961e-05    2.2328602107e-05    7.3415447612e-06    5.0339796363e-06    2.9257348521e-06    1.5298795211e-06    1.1274329836e-06
   0.5900000    1.6291433331e-04    4.6777017544e-05    2.2330473043e-05    7.3840425137e-06    5.0331124660e-06    2.9268460065e-06    1.5297905401e-06    1.1278104092e-06
   0.6000000    1.6289534164e-04    4.6745297333e-05    2.2331423998e-05    7.4275347492e-06    5.0323095674e-06    2.9279560432e-06    1.5297014469e-06    1.1281877222e-06
   0.6100000    1.6288092886e-04    4.6713585474e-05    2.2331419804e-05    7.4718085446e-06    5.0315776282e-06    2.9290649672e-06    1.5296122398e-06    1.1285649245e-06
   0.6200000    1.6287041142e-04    4.6682449770e-05    2.2330432621e-05    7.5166536382e-06    5.0309232236e-06    2.9301727847e-06    1.5295229236e-06    1.1289420190e-06
   0.6300000    1.6286299346e-04    4.6652409740e-05    2.2328442238e-05    7.5618634205e-06    5.0303527764e-06    2.9312795097e-06    1.5294334916e-06    1.1293190047e-06
   0.6400000    1.6285779792e-04    4.6623930556e-05    2.2325436544e-05    7.6072359193e-06    5.0298724898e-06    2.9323851668e-06    1.5293439438e-06    1.1296958761e-06
   0.6500000    1.6285390005e-04    4.6597418192e-05    2.2321411727e-05    7.6525747435e-06    5.0294883096e-06    2.9334897755e-06    1.5292542836e-06    1.1300726372e-06
   0.6600000    1.6285036191e-04    4.6573215821e-05    2.2316372510e-05    7.6976899310e-06    5.0292058631e-06    2.9345933719e-06    1.5291645076e-06    1.1304492894e-06
   0.6700000    1.6284626660e-04    4.6551601319e-05    2.2310332308e-05    7.7423987727e-06    5.0290304144e-06    2.9356959898e-06    1.5290746156e-06    1.1308258328e-06
   0.6800000    1.6284075074e-04    4.6532786258e-05    2.2303313225e-05    7.7865265767e-06    5.0289668070e-06    2.9367976760e-06    1.5289846111e-06    1.1312022629e-06
   0.6900000    1.6283303388e-04    4.6516916098e-05    2.2295346075e-05    7.8299073509e-06    5.0290194198e-06    2.9378984835e-06    1.5288944935e-06    1.1315785800e-06
   0.7000000    1.6282244402e-04    4.6504071677e-05    2.2286470239e-05    7.8723844277e-06    5.0291921223e-06    2.9389984719e-06    1.5288042569e-06    1.1319547889e-06
   0.7100000    1.6280843793e-04    4.6494271934e-05    2.2276733450e-05    7.9138110409e-06    5.0294882200e-06    2.9400977035e-06    1.5287139089e-06    1.1323308827e-06
   0.7200000    1.6279061592e-04    4.6487477835e-05    2.2266191531e-05    7.9540507817e-06    5.0299104299e-06    2.9411962595e-06    1.5286234423e-06    1.1327068703e-06
   0.7300000    1.6276873042e-04    4.6483597297e-05    2.2254907992e-05    7.9929780337e-06    5.0304608171e-06    2.9422942147e-06    1.5285328604e-06    1.1330827428e-06
   0.7400000    1.6274268839e-04    4.6482491074e-05    2.2242953592e-05    8.0304783388e-06    5.0311407823e-06    2.9433916626e-06    1.5284421635e-06    1.1334585016e-06
   0.7500000    1.6271254737e-04    4.6483979418e-05    2.2230405769e-05    8.0664486401e-06    5.0319510198e-06    2.9444886977e-06    1.5283513502e-06    1.1338341527e-06
   0.7600000    1.6267850588e-04    4.6487849398e-05    2.2217348050e-05    8.1007974923e-06    5.0328914893e-06    2.9455854317e-06    1.5282604200e-06    1.1342096888e-06
   0.7700000    1.6264088855e-04    4.6493862641e-05    2.2203869357e-05    8.1334451989e-06    5.0339613970e-06    2.9466819762e-06    1.5281693725e-06    1.1345851121e-06
   0.7800000    1.6260012684e-04    4.6501763353e-05    2.2190063230e-05    8.1643238919e-06    5.0351591675e-06    2.9477784508e-06    1.5280782098e-06    1.1349604254e-06
   0.7900000    1.6255673631e-04    4.6511286479e-05    2.2176027020e-05    8.1933774828e-06    5.0364824515e-06    2.9488749922e-06    1.5279869275e-06    1.1353356274e-06
