  50.0100000    3.2933281439e-03    1.1627803231e-03    9.7474757753e-04   -8.0454068704e-04   -2.0200367521e-03   -4.3172485489e-04   -8.5069987951e-04    1.9689192500e-04
  50.0200000    3.2891196428e-03    1.1657045665e-03    9.8306884801e-04   -8.0299051798e-04   -2.0204304981e-03   -4.3321882727e-04   -8.5400643570e-04    1.9577437346e-04
  50.0300000    3.2851209272e-03    1.1687533269e-03    9.9133114779e-04   -8.0142842546e-04   -2.0207898120e-03   -4.3470980520e-04   -8.5727034467e-04    1.9466635126e-04
  50.0400000    3.2813141460e-03    1.1719286228e-03    9.9953263723e-04   -7.9985355502e-04   -2.0211137183e-03   -4.3619963364e-04   -8.6048393673e-04    1.9357122110e-04
  50.0500000    3.2776781508e-03    1.1752307307e-03    1.0076724341e-03   -7.9826513351e-04   -2.0214014733e-03   -4.3769011222e-04   -8.6364089073e-04    1.9249186828e-04
  50.0600000    3.2741890548e-03    1.1786581186e-03    1.0157506551e-03   -7.9666249525e-04   -2.0216525829e-03   -4.3918296305e-04   -8.6673616351e-04    1.9143072182e-04
  50.0700000    3.2708208399e-03    1.1822073986e-03    1.0237684352e-03   -7.9504510521e-04   -2.0218668169e-03   -4.4067980060e-04   -8.6976591726e-04    1.9038977648e-04
  50.0800000    3.2675459884e-03    1.1858733030e-03    1.0317279326e-03   -7.9341257807e-04   -2.0220442197e-03   -4.4218210401e-04   -8.7272744546e-04    1.8937061537e-04
  50.0900000    3.2648936977e-03    1.1911725239e-03    1.0385726437e-03   -7.9211672558e-04   -2.0221851170e-03   -4.4369119249e-04   -8.7561909797e-04    1.8837443312e-04
  50.1000000    3.2608121687e-03    1.1955889663e-03    1.0465186221e-03   -7.9044617661e-04   -2.0222901180e-03   -4.4520820402e-04   -8.7844020573e-04    1.8740205938e-04
  50.1100000    3.2564716949e-03    1.1999522186e-03    1.0544535948e-03   -7.8876013545e-04   -2.0223601131e-03   -4.4673407793e-04   -8.8119100575e-04    1.8645398248e-04
  50.1200000    3.2518681521e-03    1.2042496793e-03    1.0623801388e-03   -7.8705907475e-04   -2.0223962671e-03   -4.4826954151e-04   -8.8387256661e-04    1.8553037306e-04
  50.1300000    3.2470012722e-03    1.2084697223e-03    1.0703009133e-03   -7.8534362098e-04   -2.0224000078e-03   -4.4981510084e-04   -8.8648671497e-04    1.8463110774e-04
  50.1400000    3.2418746117e-03    1.2126017652e-03    1.0782186317e-03   -7.8361454435e-04   -2.0223730095e-03   -4.5137103594e-04   -8.8903596350e-04    1.8375579246e-04
  50.1500000    3.2364954498e-03    1.2166363289e-03    1.0861360337e-03   -7.8187274604e-04   -2.0223171723e-03   -4.5293740034e-04   -8.9152344047e-04    1.8290378552e-04
  50.1600000    3.2308746145e-03    1.2205650870e-03    1.0940558561e-03   -7.8011924332e-04   -2.0222345973e-03   -4.5451402491e-04   -8.9395282129e-04    1.8207422028e-04
  50.1700000    3.2250262391e-03    1.2243809061e-03    1.1019808029e-03   -7.7835515251e-04   -2.0221275572e-03   -4.5610052577e-04   -8.9632826231e-04    1.8126602721e-04
  50.1800000    3.2189674532e-03    1.2280778801e-03    1.1099135151e-03   -7.7658167012e-04   -2.0219984645e-03   -4.5769631617e-04   -8.9865433694e-04    1.8047795551e-04
  50.1900000    3.2127180151e-03    1.2316513595e-03    1.1178565412e-03   -7.7480005263e-04   -2.0218498349e-03   -4.5930062191e-04   -9.0093597451e-04    1.7970859395e-04
  50.2000000    3.2062998921e-03    1.2350979786e-03    1.1258123065e-03   -7.7301159488e-04   -2.0216842497e-03   -4.6091249999e-04   -9.0317840172e-04    1.7895639113e-04
  50.2100000    3.1997367981e-03    1.2384156800e-03    1.1337830845e-03   -7.7121760777e-04   -2.0215043157e-03   -4.6253086007e-04   -9.0538708703e-04    1.7821967485e-04
  50.2200000    3.1930536991e-03    1.2416037389e-03    1.1417709678e-03   -7.6941939546e-04   -2.0213126232e-03   -4.6415448821e-04   -9.0756768792e-04    1.7749667082e-04
  50.2300000    3.1862762974e-03    1.2446627846e-03    1.1497778414e-03   -7.6761823242e-04   -2.0211117045e-03   -4.6578207246e-04   -9.0972600124e-04    1.7678552041e-04
  50.2400000    3.1794305065e-03    1.2475948205e-03    1.1578053561e-03   -7.6581534078e-04   -2.0209039919e-03   -4.6741222968e-04   -9.1186791644e-04    1.7608429766e-04
  50.2500000    3.1725419296e-03    1.2504032391e-03    1.1658549052e-03   -7.6401186830e-04   -2.0206917765e-03   -4.6904353312e-04   -9.1399937197e-04    1.7539102533e-04
  50.2600000    3.1656353530e-03    1.2530928303e-03    1.1739276025e-03   -7.6220886740e-04   -2.0204771691e-03   -4.7067454014e-04   -9.1612631466e-04    1.7470369010e-04
  50.2700000    3.1587342682e-03    1.2556697799e-03    1.1820242632e-03   -7.6040727552e-04   -2.0202620631e-03   -4.7230381960e-04   -9.1825466208e-04    1.7402025686e-04
  50.2800000    3.1518604329e-03    1.2581416550e-03    1.1901453872e-03   -7.5860789717e-04   -2.0200481007e-03   -4.7392997831e-04   -9.2039026792e-04    1.7333868213e-04
  50.2900000    3.1450334819e-03    1.2605173719e-03    1.1982911463e-03   -7.5681138800e-04   -2.0198366425e-03   -4.7555168611e-04   -9.2253889024e-04    1.7265692656e-04
  50.3000000    3.1382705967e-03    1.2628071446e-03    1.2064613741e-03   -7.5501824115e-04   -2.0196287417e-03   -4.7716769914e-04   -9.2470616254e-04    1.7197296652e-04
  50.3100000    3.1315862421e-03    1.2650224087e-03    1.2146555603e-03   -7.5322877614e-04   -2.0194251232e-03   -4.7877688081e-04   -9.2689756764e-04    1.7128480485e-04
  50.3200000    3.1249919746e-03    1.2671757190e-03    1.2228728483e-03   -7.5144313041e-04   -2.0192261678e-03   -4.8037822022e-04   -9.2911841415e-04    1.7059048076e-04
  50.3300000    3.1184963266e-03    1.2692806187e-03    1.2311120372e-03   -7.4966125390e-04   -2.0190319020e-03   -4.8197084763e-04   -9.3137381561e-04    1.6988807883e-04
  50.3400000    3.1121047683e-03    1.2713514788e-03    1.2393715882e-03   -7.4788290639e-04   -2.0188419941e-03   -4.8355404685e-04   -9.3366867196e-04    1.6917573724e-04
  50.3500000    3.1058197464e-03    1.2734033078e-03    1.2476496346e-03   -7.4610765813e-04   -2.0186557559e-03   -4.8512726436e-04   -9.3600765349e-04    1.6845165514e-04
  50.3600000    3.0996407962e-03    1.2754515342e-03    1.2559439971e-03   -7.4433489341e-04   -2.0184721508e-03   -4.8669011503e-04   -9.3839518692e-04    1.6771409934e-04
  50.3700000    3.0935647234e-03    1.2775117619e-03    1.2642522025e-03   -7.4256381718e-04   -2.0182898081e-03   -4.8824238444e-04   -9.4083544370e-04    1.6696141010e-04
  50.3800000    3.0875858480e-03    1.2795995060e-03    1.2725715070e-03   -7.4079346461e-04   -2.0181070424e-03   -4.8978402792e-04   -9.4333233021e-04    1.6619200635e-04
  50.3900000    3.0816963024e-03    1.2817299105e-03    1.2808989234e-03   -7.3902271353e-04   -2.0179218795e-03   -4.9131516629e-04   -9.4588947995e-04    1.6540439012e-04
  50.4000000    3.0758863733e-03    1.2839174581e-03    1.2892312521e-03   -7.3725029937e-04   -2.0177320868e-03   -4.9283607858e-04   -9.4851024742e-04    1.6459715033e-04
  50.4100000    3.0701448779e-03    1.2861756756e-03    1.2975651155e-03   -7.3547483264e-04   -2.0175352089e-03   -4.9434719198e-04   -9.5119770374e-04    1.6376896596e-04
  50.4200000    3.0644595604e-03    1.2885168465e-03    1.3058969954e-03   -7.3369481836e-04   -2.0173286066e-03   -4.9584906912e-04   -9.5395463370e-04    1.6291860860e-04
  50.4300000    3.0588175002e-03    1.2909517364e-03    1.3142232737e-03   -7.3190867754e-04   -2.0171094996e-03   -4.9734239331e-04   -9.5678353437e-04    1.6204494441e-04
  50.4400000    3.0532055158e-03    1.2934893416e-03    1.3225402743e-03   -7.3011476991e-04   -2.0168750126e-03   -4.9882795178e-04   -9.5968661496e-04    1.6114693558e-04
  50.4500000    3.0476105567e-03    1.2961366676e-03    1.3308443076e-03   -7.2831141792e-04   -2.0166222218e-03   -5.0030661757e-04   -9.6266579790e-04    1.6022364126e-04
  50.4600000    3.0420200694e-03    1.2988985470e-03    1.3391317158e-03   -7.2649693144e-04   -2.0163482034e-03   -5.0177933027e-04   -9.6572272112e-04    1.5927421797e-04
  50.4700000    3.0364223284e-03    1.3017775014e-03    1.3473989189e-03   -7.2466963277e-04   -2.0160500826e-03   -5.0324707623e-04   -9.6885874129e-04    1.5829791959e-04
  50.4800000    3.0308067246e-03    1.3047736555e-03    1.3556424603e-03   -7.2282788163e-04   -2.0157250806e-03   -5.0471086844e-04   -9.7207493803e-04    1.5729409697e-04
  50.4900000    3.0251640016e-03    1.3078847047e-03    1.3638590523e-03   -7.2097009958e-04   -2.0153705617e-03   -5.0617172670e-04   -9.7537211903e-04    1.5626219707e-04
  50.5000000    3.0194864367e-03    1.3111059414e-03    1.3720456196e-03   -7.1909479370e-04   -2.0149840766e-03   -5.0763065829e-04   -9.7875082587e-04    1.5520176174e-04
  50.5100000    3.0137679610e-03    1.3144303391e-03    1.3801993416e-03   -7.1720057890e-04   -2.0145634033e-03   -5.0908863965e-04   -9.8221134060e-04    1.5411242628e-04
  50.5200000    3.0080042181e-03    1.3178486936e-03    1.3883176914e-03   -7.1528619861e-04   -2.0141065843e-03   -5.1054659932e-04   -9.8575369295e-04    1.5299391747e-04
  50.5300000    3.0021925604e-03    1.3213498199e-03    1.3963984718e-03   -7.1335054359e-04   -2.0136119582e-03   -5.1200540250e-04   -9.8937766813e-04    1.5184605154e-04
  50.5400000    2.9963319861e-03    1.3249207974e-03    1.4044398479e-03   -7.1139266833e-04   -2.0130781877e-03   -5.1346583744e-04   -9.9308281509e-04    1.5066873175e-04
  50.5500000    2.9904230198e-03    1.3285472601e-03    1.4124403752e-03   -7.0941180497e-04   -2.0125042806e-03   -5.1492860395e-04   -9.9686845527e-04    1.4946194577e-04
  50.5600000    2.9844675425e-03    1.3322137230e-03    1.4203990222e-03   -7.0740737446e-04   -2.0118896055e-03   -5.1639430405e-04   -1.0007336918e-03    1.4822576284e-04
  50.5700000    2.9784685788e-03    1.3359039352e-03    1.4283151895e-03   -7.0537899467e-04   -2.0112339011e-03   -5.1786343508e-04   -1.0046774188e-03    1.4696033078e-04
  50.5800000    2.9724300473e-03    1.3396012513e-03    1.4361887215e-03   -7.0332648547e-04   -2.0105372792e-03   -5.1933638516e-04   -1.0086983316e-03    1.4566587275e-04
  50.5900000    2.9663564871e-03    1.3432890107e-03    1.4440199136e-03   -7.0124987065e-04   -2.0098002209e-03   -5.2081343104e-04   -1.0127949362e-03    1.4434268401e-04
  50.6000000    2.9602527667e-03    1.3469509133e-03    1.4518095126e-03   -6.9914937651e-04   -2.0090235667e-03   -5.2229473844e-04   -1.0169655600e-03    1.4299112838e-04
  50.6100000    2.9541237888e-03    1.3505713826e-03    1.4595587120e-03   -6.9702542742e-04   -2.0082085005e-03   -5.2378036453e-04   -1.0212083621e-03    1.4161163477e-04
  50.6200000    2.9479741996e-03    1.3541359056e-03    1.4672691398e-03   -6.9487863819e-04   -2.0073565272e-03   -5.2527026271e-04   -1.0255213438e-03    1.4020469351e-04
  50.6300000    2.9418081143e-03    1.3576313403e-03    1.4749428415e-03   -6.9270980351e-04   -2.0064694456e-03   -5.2676428927e-04   -1.0299023594e-03    1.3877085266e-04
  50.6400000    2.9356288677e-03    1.3610461826e-03    1.4825822568e-03   -6.9051988460e-04   -2.0055493159e-03   -5.2826221186e-04   -1.0343491269e-03    1.3731071431e-04
  50.6500000    2.9294388002e-03    1.3643707865e-03    1.4901901902e-03   -6.8830999336e-04   -2.0045984227e-03   -5.2976371947e-04   -1.0388592387e-03    1.3582493076e-04
  50.6600000    2.9232390855e-03    1.3675975309e-03    1.4977697771e-03   -6.8608137416e-04   -2.0036192349e-03   -5.3126843368e-04   -1.0434301727e-03    1.3431420084e-04
  50.6700000    2.9170296077e-03    1.3707209305e-03    1.5053244447e-03   -6.8383538380e-04   -2.0026143622e-03   -5.3277592092e-04   -1.0480593025e-03    1.3277926606e-04
  50.6800000    2.9108088918e-03    1.3737376879e-03    1.5128578682e-03   -6.8157346979e-04   -2.0015865099e-03   -5.3428570528e-04   -1.0527439086e-03    1.3122090693e-04
  50.6900000    2.9045740917e-03    1.3766466876e-03    1.5203739238e-03   -6.7929714744e-04   -2.0005384320e-03   -5.3579728183e-04   -1.0574811888e-03    1.2963993923e-04
  50.7000000    2.8983210351e-03    1.3794489315e-03    1.5278766381e-03   -6.7700797615e-04   -1.9994728842e-03   -5.3731012997e-04   -1.0622682689e-03    1.2803721040e-04
  50.7100000    2.8920443262e-03    1.3821474219e-03    1.5353701352e-03   -6.7470753521e-04   -1.9983925770e-03   -5.3882372648e-04   -1.0671022127e-03    1.2641359588e-04
  50.7200000    2.8857375017e-03    1.3847469943e-03    1.5428585819e-03   -6.7239739971e-04   -1.9973001306e-03   -5.4033755818e-04   -1.0719800325e-03    1.2476999567e-04
  50.7300000    2.8793932361e-03    1.3872541071e-03    1.5503461321e-03   -6.7007911686e-04   -1.9961980312e-03   -5.4185113369e-04   -1.0768986988e-03    1.2310733088e-04
  50.7400000    2.8730035897e-03    1.3896765960e-03    1.5578368703e-03   -6.6775418299e-04   -1.9950885904e-03   -5.4336399431e-04   -1.0818551506e-03    1.2142654039e-04
  50.7500000    2.8665602897e-03    1.3920234011e-03    1.5653347570e-03   -6.6542402201e-04   -1.9939739083e-03   -5.4487572356e-04   -1.0868463042e-03    1.1972857764e-04
  50.7600000    2.8600550365e-03    1.3943042743e-03    1.5728435735e-03   -6.6308996527e-04   -1.9928558404e-03   -5.4638595540e-04   -1.0918690632e-03    1.1801440751e-04
  50.7700000    2.8534798235e-03    1.3965294793e-03    1.5803668704e-03   -6.6075323345e-04   -1.9917359694e-03   -5.4789438086e-04   -1.0969203269e-03    1.1628500335e-04
  50.7800000    2.8468272580e-03    1.3987094911e-03    1.5879079184e-03   -6.5841492064e-04   -1.9906155820e-03   -5.4940075300e-04   -1.1019969994e-03    1.1454134408e-04
  50.7900000    2.8400908742e-03    1.4008547046e-03    1.5954696620e-03   -6.5607598086e-04   -1.9894956519e-03   -5.5090489021e-04   -1.1070959976e-03    1.1278441152e-04
  50.8000000    2.8332654236e-03    1.4029751624e-03    1.6030546781e-03   -6.5373721739e-04   -1.9883768270e-03   -5.5240667765e-04   -1.1122142596e-03    1.1101518771e-04
  50.8100000    2.8263471337e-03    1.4050803083e-03    1.6106651392e-03   -6.5139927484e-04   -1.9872594243e-03   -5.5390606701e-04   -1.1173487519e-03    1.0923465254e-04
  50.8200000    2.8193339241e-03    1.4071787737e-03    1.6183027817e-03   -6.4906263424e-04   -1.9861434297e-03   -5.5540307457e-04   -1.1224964769e-03    1.0744378135e-04
  50.8300000    2.8122255714e-03    1.4092782031e-03    1.6259688796e-03   -6.4672761114e-04   -1.9850285038e-03   -5.5689777755e-04   -1.1276544800e-03    1.0564354279e-04
  50.8400000    2.8050238153e-03    1.4113851216e-03    1.6336642252e-03   -6.4439435674e-04   -1.9839139937e-03   -5.5839030903e-04   -1.1328198557e-03    1.0383489677e-04
  50.8500000    2.7977324011e-03    1.4135048486e-03    1.6413891152e-03   -6.4206286184e-04   -1.9827989497e-03   -5.5988085145e-04   -1.1379897539e-03    1.0201879256e-04
  50.8600000    2.7903570554e-03    1.4156414572e-03    1.6491433439e-03   -6.3973296385e-04   -1.9816821477e-03   -5.6136962891e-04   -1.1431613854e-03    1.0019616701e-04
  50.8700000    2.7829053938e-03    1.4177977792e-03    1.6569262030e-03   -6.3740435618e-04   -1.9805621154e-03   -5.6285689846e-04   -1.1483320275e-03    9.8367942935e-05
  50.8800000    2.7753867630e-03    1.4199754541e-03    1.6647364877e-03   -6.3507660031e-04   -1.9794371633e-03   -5.6434294063e-04   -1.1534990285e-03    9.6535027579e-05
  50.8900000    2.7678120208e-03    1.4221750169e-03    1.6725725097e-03   -6.3274913984e-04   -1.9783054182e-03   -5.6582804928e-04   -1.1586598123e-03    9.4698311256e-05
  50.9000000    2.7601932601e-03    1.4243960201e-03    1.6804321165e-03   -6.3042131654e-04   -1.9771648602e-03   -5.6731252123e-04   -1.1638118820e-03    9.2858666067e-05
  50.9100000    2.7525434854e-03    1.4266371850e-03    1.6883127168e-03   -6.2809238784e-04   -1.9760133614e-03   -5.6879664573e-04   -1.1689528242e-03    9.1016944773e-05
  50.9200000    2.7448762526e-03    1.4288965723e-03    1.6962113112e-03   -6.2576154548e-04   -1.9748487256e-03   -5.7028069402e-04   -1.1740803116e-03    8.9173979719e-05
  50.9300000    2.7372052822e-03    1.4311717667e-03    1.7041245292e-03   -6.2342793494e-04   -1.9736687292e-03   -5.7176490935e-04   -1.1791921056e-03    8.7330581926e-05
  50.9400000    2.7295440596e-03    1.4334600666e-03    1.7120486700e-03   -6.2109067526e-04   -1.9724711613e-03   -5.7324949752e-04   -1.1842860591e-03    8.5487540210e-05
  50.9500000    2.7219054356e-03    1.4357586705e-03    1.7199797480e-03   -6.1874887876e-04   -1.9712538628e-03   -5.7473461823e-04   -1.1893601184e-03    8.3645620444e-05
  50.9600000    2.7143012400e-03    1.4380648519e-03    1.7279135415e-03   -6.1640167031e-04   -1.9700147645e-03   -5.7622037746e-04   -1.1944123243e-03    8.1805564866e-05
  50.9700000    2.7067419215e-03    1.4403761178e-03    1.7358456453e-03   -6.1404820587e-04   -1.9687519220e-03   -5.7770682095e-04   -1.1994408138e-03    7.9968091469e-05
  50.9800000    2.6992362268e-03    1.4426903417e-03    1.7437715242e-03   -6.1168768963e-04   -1.9674635483e-03   -5.7919392901e-04   -1.2044438205e-03    7.8133893477e-05
  50.9900000    2.6917909282e-03    1.4450058678e-03    1.7516865690e-03   -6.0931938977e-04   -1.9661480425e-03   -5.8068161280e-04   -1.2094196754e-03    7.6303638849e-05
  51.0000000    2.6844106107e-03    1.4473215831e-03    1.7595861528e-03   -6.0694265226e-04   -1.9648040147e-03   -5.8216971205e-04   -1.2143668069e-03    7.4477969867e-05
  51.0100000    2.6770975253e-03    1.4496369535e-03    1.7674656875e-03   -6.0455691250e-04   -1.9634303066e-03   -5.8365799441e-04   -1.2192837405e-03    7.2657502772e-05
  51.0200000    2.6698515127e-03    1.4519520246e-03    1.7753206795e-03   -6.0216170464e-04   -1.9620260070e-03   -5.8514615636e-04   -1.2241690986e-03    7.0842827424e-05
  51.0300000    2.6626700020e-03    1.4542673883e-03    1.7831467839e-03   -5.9975666830e-04   -1.9605904630e-03   -5.8663382579e-04   -1.2290215992e-03    6.9034507030e-05
  51.0400000    2.6555480826e-03    1.4565841166e-03    1.7909398571e-03   -5.9734155268e-04   -1.9591232855e-03   -5.8812056608e-04   -1.2338400555e-03    6.7233077901e-05
  51.0500000    2.6484786472e-03    1.4589036671e-03    1.7986960057e-03   -5.9491621782e-04   -1.9576243503e-03   -5.8960588173e-04   -1.2386233741e-03    6.5439049233e-05
  51.0600000    2.6414526030e-03    1.4612277655e-03    1.8064116327e-03   -5.9248063324e-04   -1.9560937936e-03   -5.9108922537e-04   -1.2433705535e-03    6.3652902961e-05
  51.0700000    2.6344591407e-03    1.4635582710e-03    1.8140834800e-03   -5.9003487372e-04   -1.9545320029e-03   -5.9257000614e-04   -1.2480806826e-03    6.1875093578e-05
  51.0800000    2.6274860551e-03    1.4658970308e-03    1.8217086660e-03   -5.8757911260e-04   -1.9529396037e-03   -5.9404759908e-04   -1.2527529383e-03    6.0106048074e-05
  51.0900000    2.6205201049e-03    1.4682457314e-03    1.8292847183e-03   -5.8511361259e-04   -1.9513174408e-03   -5.9552135565e-04   -1.2573865836e-03    5.8346165826e-05
  51.1000000    2.6135474003e-03    1.4706057548e-03    1.8368096020e-03   -5.8263871431e-04   -1.9496665574e-03   -5.9699061499e-04   -1.2619809649e-03    5.6595818577e-05
  51.1100000    2.6065538056e-03    1.4729780444e-03    1.8442817419e-03   -5.8015482292e-04   -1.9479881693e-03   -5.9845471572e-04   -1.2665355099e-03    5.4855350419e-05
  51.1200000    2.5995253423e-03    1.4753629895e-03    1.8517000392e-03   -5.7766239302e-04   -1.9462836370e-03   -5.9991300824e-04   -1.2710497245e-03    5.3125077840e-05
  51.1300000    2.5924485817e-03    1.4777603326e-03    1.8590638826e-03   -5.7516191228e-04   -1.9445544352e-03   -6.0136486706e-04   -1.2755231904e-03    5.1405289796e-05
  51.1400000    2.5853110122e-03    1.4801691045e-03    1.8663731535e-03   -5.7265388398e-04   -1.9428021213e-03   -6.0280970315e-04   -1.2799555615e-03    4.9696247806e-05
  51.1500000    2.5781013715e-03    1.4825875906e-03    1.8736282257e-03   -5.7013880915e-04   -1.9410283018e-03   -6.0424697600e-04   -1.2843465618e-03    4.7998186139e-05
  51.1600000    2.5708099318e-03    1.4850133302e-03    1.8808299588e-03   -5.6761716838e-04   -1.9392345990e-03   -6.0567620504e-04   -1.2886959814e-03    4.6311312027e-05
  51.1700000    2.5634287305e-03    1.4874431497e-03    1.8879796869e-03   -5.6508940393e-04   -1.9374226183e-03   -6.0709698048e-04   -1.2930036737e-03    4.4635805907e-05
  51.1800000    2.5559517403e-03    1.4898732275e-03    1.8950792015e-03   -5.6255590253e-04   -1.9355939151e-03   -6.0850897311e-04   -1.2972695523e-03    4.2971821783e-05
  51.1900000    2.5483749734e-03    1.4922991901e-03    1.9021307296e-03   -5.6001697917e-04   -1.9337499649e-03   -6.0991194293e-04   -1.3014935874e-03    4.1319487567e-05
  51.2000000    2.5406965180e-03    1.4947162332e-03    1.9091369071e-03   -5.5747286232e-04   -1.9318921338e-03   -6.1130574657e-04   -1.3056758027e-03    3.9678905572e-05
  51.2100000    2.5329165090e-03    1.4971192648e-03    1.9161007483e-03   -5.5492368094e-04   -1.9300216531e-03   -6.1269034317e-04   -1.3098162721e-03    3.8050152997e-05
  51.2200000    2.5250370339e-03    1.4995030643e-03    1.9230256112e-03   -5.5236945364e-04   -1.9281395961e-03   -6.1406579864e-04   -1.3139151161e-03    3.6433282523e-05
  51.2300000    2.5170619795e-03    1.5018624491e-03    1.9299151597e-03   -5.4981008012e-04   -1.9262468581e-03   -6.1543228830e-04   -1.3179724989e-03    3.4828322972e-05
  51.2400000    2.5089968276e-03    1.5041924456e-03    1.9367733226e-03   -5.4724533529e-04   -1.9243441414e-03   -6.1679009766e-04   -1.3219886249e-03    3.3235280032e-05
  51.2500000    2.5008484061e-03    1.5064884529e-03    1.9436042510e-03   -5.4467486616e-04   -1.9224319434e-03   -6.1813962144e-04   -1.3259637354e-03    3.1654137053e-05
  51.2600000    2.4926246073e-03    1.5087463979e-03    1.9504122733e-03   -5.4209819165e-04   -1.9205105492e-03   -6.1948136067e-04   -1.3298981058e-03    3.0084855936e-05
  51.2700000    2.4843340843e-03    1.5109628700e-03    1.9572018488e-03   -5.3951470536e-04   -1.9185800287e-03   -6.2081591805e-04   -1.3337920423e-03    2.8527378061e-05
  51.2800000    2.4759859359e-03    1.5131352354e-03    1.9639775209e-03   -5.3692368131e-04   -1.9166402379e-03   -6.2214399147e-04   -1.3376458788e-03    2.6981625317e-05
  51.2900000    2.4675893931e-03    1.5152617223e-03    1.9707438700e-03   -5.3432428268e-04   -1.9146908248e-03   -6.2346636588e-04   -1.3414599742e-03    2.5447501165e-05
  51.3000000    2.4591535173e-03    1.5173414763e-03    1.9775054663e-03   -5.3171557326e-04   -1.9127312391e-03   -6.2478390350e-04   -1.3452347095e-03    2.3924891783e-05
  51.3100000    2.4506869227e-03    1.5193745829e-03    1.9842668237e-03   -5.2909653157e-04   -1.9107607461e-03   -6.2609753264e-04   -1.3489704853e-03    2.2413667271e-05
  51.3200000    2.4421975297e-03    1.5213620573e-03    1.9910323543e-03   -5.2646606745e-04   -1.9087784438e-03   -6.2740823516e-04   -1.3526677192e-03    2.0913682900e-05
  51.3300000    2.4336923605e-03    1.5233058015e-03    1.9978063251e-03   -5.2382304062e-04   -1.9067832839e-03   -6.2871703293e-04   -1.3563268432e-03    1.9424780380e-05
  51.3400000    2.4251773812e-03    1.5252085311e-03    2.0045928163e-03   -5.2116628118e-04   -1.9047740950e-03   -6.3002497321e-04   -1.3599483018e-03    1.7946789219e-05
  51.3500000    2.4166573951e-03    1.5270736750e-03    2.0113956815e-03   -5.1849461140e-04   -1.9027496084e-03   -6.3133311357e-04   -1.3635325497e-03    1.6479528058e-05
  51.3600000    2.4081359911e-03    1.5289052525e-03    2.0182185114e-03   -5.1580686863e-04   -1.9007084855e-03   -6.3264250624e-04   -1.3670800500e-03    1.5022806039e-05
  51.3700000    2.3996155447e-03    1.5307077327e-03    2.0250645998e-03   -5.1310192867e-04   -1.8986493468e-03   -6.3395418232e-04   -1.3705912723e-03    1.3576424197e-05
  51.3800000    2.3910972731e-03    1.5324858815e-03    2.0319369127e-03   -5.1037872943e-04   -1.8965708014e-03   -6.3526913607e-04   -1.3740666912e-03    1.2140176833e-05
  51.3900000    2.3825813369e-03    1.5342446034e-03    2.0388380610e-03   -5.0763629410e-04   -1.8944714762e-03   -6.3658830958e-04   -1.3775067849e-03    1.0713852893e-05
  51.4000000    2.3740669855e-03    1.5359887834e-03    2.0457702768e-03   -5.0487375365e-04   -1.8923500449e-03   -6.3791257798e-04   -1.3809120339e-03    9.2972372772e-06
  51.4100000    2.3655527376e-03    1.5377231342e-03    2.0527353928e-03   -5.0209036809e-04   -1.8902052562e-03   -6.3924273559e-04   -1.3842829197e-03    7.8901121900e-06
  51.4200000    2.3570365874e-03    1.5394520572e-03    2.0597348263e-03   -4.9928554599e-04   -1.8880359600e-03   -6.4057948311e-04   -1.3876199244e-03    6.4922583717e-06
  51.4300000    2.3485162293e-03    1.5411795182e-03    2.0667695663e-03   -4.9645886205e-04   -1.8858411313e-03   -6.4192341615e-04   -1.3909235292e-03    5.1034563181e-06
  51.4400000    2.3399892875e-03    1.5429089454e-03    2.0738401647e-03   -4.9361007212e-04   -1.8836198919e-03   -6.4327501535e-04   -1.3941942143e-03    3.7234874356e-06
  51.4500000    2.3314535440e-03    1.5446431509e-03    2.0809467320e-03   -4.9073912549e-04   -1.8813715287e-03   -6.4463463815e-04   -1.3974324583e-03    2.3521350815e-06
  51.4600000    2.3229071512e-03    1.5463842784e-03    2.0880889355e-03   -4.8784617416e-04   -1.8790955090e-03   -6.4600251253e-04   -1.4006387378e-03    9.8918557849e-07
  51.4700000    2.3143488232e-03    1.5481337779e-03    2.0952660032e-03   -4.8493157875e-04   -1.8767914917e-03   -6.4737873269e-04   -1.4038135270e-03   -3.6557092075e-07
  51.4800000    2.3057779948e-03    1.5498924070e-03    2.1024767297e-03   -4.8199591097e-04   -1.8744593350e-03   -6.4876325690e-04   -1.4069572978e-03   -1.7123396143e-06
  51.4900000    2.2971949426e-03    1.5516602582e-03    2.1097194871e-03   -4.7903995251e-04   -1.8720990996e-03   -6.5015590753e-04   -1.4100705197e-03   -3.0513203799e-06
  51.5000000    2.2886008622e-03    1.5534368081e-03    2.1169922392e-03   -4.7606469032e-04   -1.8697110482e-03   -6.5155637324e-04   -1.4131536598e-03   -4.3827071874e-06
  51.5100000    2.2799978986e-03    1.5552209883e-03    2.1242925586e-03   -4.7307130825e-04   -1.8672956413e-03   -6.5296421340e-04   -1.4162071831e-03   -5.7066876355e-06
  51.5200000    2.2713891271e-03    1.5570112707e-03    2.1316176484e-03   -4.7006117522e-04   -1.8648535275e-03   -6.5437886462e-04   -1.4192315523e-03   -7.0234425999e-06
  51.5300000    2.2627784864e-03    1.5588057649e-03    2.1389643659e-03   -4.6703582992e-04   -1.8623855323e-03   -6.5579964941e-04   -1.4222272284e-03   -8.3331460007e-06
  51.5400000    2.2541706655e-03    1.5606023234e-03    2.1463292505e-03   -4.6399696242e-04   -1.8598926412e-03   -6.5722578669e-04   -1.4251946707e-03   -9.6359646838e-06
  51.5500000    2.2455709483e-03    1.5623986472e-03    2.1537085534e-03   -4.6094639286e-04   -1.8573759811e-03   -6.5865640414e-04   -1.4281343373e-03   -1.0932058416e-05
  51.5600000    2.2369850230e-03    1.5641923903e-03    2.1610982713e-03   -4.5788604755e-04   -1.8548367984e-03   -6.6009055212e-04   -1.4310466851e-03   -1.2221580003e-05
  51.5700000    2.2284187626e-03    1.5659812566e-03    2.1684941815e-03   -4.5481793287e-04   -1.8522764341e-03   -6.6152721892e-04   -1.4339321702e-03   -1.3504675487e-05
  51.5800000    2.2198779853e-03    1.5677630863e-03    2.1758918797e-03   -4.5174410743e-04   -1.8496962985e-03   -6.6296534722e-04   -1.4367912478e-03   -1.4781484472e-05
  51.5900000    2.2113682051e-03    1.5695359292e-03    2.1832868199e-03   -4.4866665279e-04   -1.8470978429e-03   -6.6440385130e-04   -1.4396243731e-03   -1.6052140536e-05
  51.6000000    2.2028943805e-03    1.5712981005e-03    2.1906743561e-03   -4.4558764344e-04   -1.8444825316e-03   -6.6584163489e-04   -1.4424320005e-03   -1.7316771717e-05
  51.6100000    2.1944606727e-03    1.5730482211e-03    2.1980497849e-03   -4.4250911638e-04   -1.8418518135e-03   -6.6727760924e-04   -1.4452145844e-03   -1.8575501089e-05
  51.6200000    2.1860702227e-03    1.5747852379e-03    2.2054083900e-03   -4.3943304082e-04   -1.8392070936e-03   -6.6871071116e-04   -1.4479725789e-03   -1.9828447401e-05
  51.6300000    2.1777249544e-03    1.5765084286e-03    2.2127454870e-03   -4.3636128854e-04   -1.8365497060e-03   -6.7013992072e-04   -1.4507064377e-03   -2.1075725752e-05
  51.6400000    2.1694254142e-03    1.5782173880e-03    2.2200564685e-03   -4.3329560549e-04   -1.8338808878e-03   -6.7156427826e-04   -1.4534166141e-03   -2.2317448360e-05
  51.6500000    2.1611706514e-03    1.5799120016e-03    2.2273368498e-03   -4.3023758496e-04   -1.8312017555e-03   -6.7298290043e-04   -1.4561035607e-03   -2.3553725293e-05
  51.6600000    2.1529581447e-03    1.5815924067e-03    2.2345823134e-03   -4.2718864289e-04   -1.8285132835e-03   -6.7439499506e-04   -1.4587677293e-03   -2.4784665286e-05
  51.6700000    2.1447837797e-03    1.5832589445e-03    2.2417887535e-03   -4.2414999571e-04   -1.8258162857e-03   -6.7579987440e-04   -1.4614095703e-03   -2.6010376515e-05
  51.6800000    2.1366418758e-03    1.5849121074e-03    2.2489523186e-03   -4.2112264119e-04   -1.8231114003e-03   -6.7719696668e-04   -1.4640295324e-03   -2.7230967406e-05
  51.6900000    2.1285252661e-03    1.5865524838e-03    2.2560694529e-03   -4.1810734240e-04   -1.8203990781e-03   -6.7858582573e-04   -1.4666280622e-03   -2.8446547406e-05
  51.7000000    2.1204254240e-03    1.5881807052e-03    2.2631369351e-03   -4.1510461542e-04   -1.8176795746e-03   -6.7996613837e-04   -1.4692056035e-03   -2.9657227710e-05
  51.7100000    2.1123326363e-03    1.5897973968e-03    2.2701519148e-03   -4.1211472071e-04   -1.8149529465e-03   -6.8133772960e-04   -1.4717625970e-03   -3.0863121979e-05
  51.7200000    2.1042362155e-03    1.5914031364e-03    2.2771119455e-03   -4.0913765850e-04   -1.8122190512e-03   -6.8270056535e-04   -1.4742994794e-03   -3.2064347014e-05
  51.7300000    2.0961247451e-03    1.5929984223e-03    2.2840150143e-03   -4.0617316821e-04   -1.8094775521e-03   -6.8405475286e-04   -1.4768166827e-03   -3.3261023317e-05
  51.7400000    2.0879863512e-03    1.5945836523e-03    2.2908595674e-03   -4.0322073203e-04   -1.8067279255e-03   -6.8540053847e-04   -1.4793146340e-03   -3.4453275649e-05
  51.7500000    2.0798089916e-03    1.5961591145e-03    2.2976445313e-03   -4.0027958248e-04   -1.8039694740e-03   -6.8673830314e-04   -1.4817937544e-03   -3.5641233466e-05
  51.7600000    2.0715807534e-03    1.5977249901e-03    2.3043693284e-03   -3.9734871405e-04   -1.8012013408e-03   -6.8806855550e-04   -1.4842544584e-03   -3.6825031307e-05
  51.7700000    2.0632901512e-03    1.5992813668e-03    2.3110338885e-03   -3.9442689850e-04   -1.7984225295e-03   -6.8939192274e-04   -1.4866971536e-03   -3.8004809066e-05
  51.7800000    2.0549264172e-03    1.6008282618e-03    2.3176386536e-03   -3.9151270388e-04   -1.7956319252e-03   -6.9070913931e-04   -1.4891222396e-03   -3.9180712191e-05
  51.7900000    2.0464797746e-03    1.6023656531e-03    2.3241845777e-03   -3.8860451673e-04   -1.7928283187e-03   -6.9202103392e-04   -1.4915301080e-03   -4.0352891803e-05
  51.8000000    2.0379416870e-03    1.6038935150e-03    2.3306731196e-03   -3.8570056729e-04   -1.7900104330e-03   -6.9332851467e-04   -1.4939211413e-03   -4.1521504694e-05
  51.8100000    2.0293050781e-03    1.6054118560e-03    2.3371062306e-03   -3.8279895720e-04   -1.7871769502e-03   -6.9463255300e-04   -1.4962957131e-03   -4.2686713237e-05
  51.8200000    2.0205645155e-03    1.6069207555e-03    2.3434863350e-03   -3.7989768935e-04   -1.7843265401e-03   -6.9593416639e-04   -1.4986541875e-03   -4.3848685257e-05
  51.8300000    2.0117163544e-03    1.6084203972e-03    2.3498163047e-03   -3.7699469943e-04   -1.7814578890e-03   -6.9723440034e-04   -1.5009969186e-03   -4.5007593725e-05
  51.8400000    2.0027588385e-03    1.6099110947e-03    2.3560994273e-03   -3.7408788851e-04   -1.7785697276e-03   -6.9853430989e-04   -1.5033242509e-03   -4.6163616452e-05
  51.8500000    1.9936921557e-03    1.6113933082e-03    2.3623393690e-03   -3.7117515635e-04   -1.7756608590e-03   -6.9983494099e-04   -1.5056365186e-03   -4.7316935661e-05
  51.8600000    1.9845184491e-03    1.6128676497e-03    2.3685401303e-03   -3.6825443476e-04   -1.7727301840e-03   -7.0113731209e-04   -1.5079340464e-03   -4.8467737512e-05
  51.8700000    1.9752417827e-03    1.6143348750e-03    2.3747059981e-03   -3.6532372061e-04   -1.7697767256e-03   -7.0244239629e-04   -1.5102171490e-03   -4.9616211559e-05
  51.8800000    1.9658680637e-03    1.6157958626e-03    2.3808414910e-03   -3.6238110781e-04   -1.7667996506e-03   -7.0375110432e-04   -1.5124861319e-03   -5.0762550138e-05
  51.8900000    1.9564049248e-03    1.6172515788e-03    2.3869513022e-03   -3.5942481784e-04   -1.7637982877e-03   -7.0506426873e-04   -1.5147412912e-03   -5.1906947749e-05
  51.9000000    1.9468615692e-03    1.6187030308e-03    2.3930402369e-03   -3.5645322844e-04   -1.7607721434e-03   -7.0638262950e-04   -1.5169829148e-03   -5.3049600372e-05
  51.9100000    1.9372485821e-03    1.6201512086e-03    2.3991131479e-03   -3.5346489975e-04   -1.7577209133e-03   -7.0770682141e-04   -1.5192112826e-03   -5.4190704777e-05
  51.9200000    1.9275777139e-03    1.6215970189e-03    2.4051748683e-03   -3.5045859777e-04   -1.7546444900e-03   -7.0903736333e-04   -1.5214266671e-03   -5.5330457811e-05
  51.9300000    1.9178616401e-03    1.6230412139e-03    2.4112301434e-03   -3.4743331458e-04   -1.7515429665e-03   -7.1037464957e-04   -1.5236293345e-03   -5.6469055718e-05
  51.9400000    1.9081137031e-03    1.6244843182e-03    2.4172835617e-03   -3.4438828505e-04   -1.7484166365e-03   -7.1171894366e-04   -1.5258195452e-03   -5.7606693405e-05
  51.9500000    1.8983476405e-03    1.6259265584e-03    2.4233394864e-03   -3.4132299977e-04   -1.7452659889e-03   -7.1307037434e-04   -1.5279975551e-03   -5.8743563798e-05
  51.9600000    1.8885773074e-03    1.6273677985e-03    2.4294019894e-03   -3.3823721412e-04   -1.7420916999e-03   -7.1442893407e-04   -1.5301636161e-03   -5.9879857190e-05
  51.9700000    1.8788163953e-03    1.6288074860e-03    2.4354747862e-03   -3.3513095305e-04   -1.7388946198e-03   -7.1579447994e-04   -1.5323179777e-03   -6.1015760630e-05
  51.9800000    1.8690781561e-03    1.6302446117e-03    2.4415611759e-03   -3.3200451185e-04   -1.7356757569e-03   -7.1716673705e-04   -1.5344608874e-03   -6.2151457389e-05
  51.9900000    1.8593751337e-03    1.6316776869e-03    2.4476639849e-03   -3.2885845260e-04   -1.7324362580e-03   -7.1854530408e-04   -1.5365925922e-03   -6.3287126433e-05
  52.0000000    1.8497189093e-03    1.6331047400e-03    2.4537855164e-03   -3.2569359653e-04   -1.7291773854e-03   -7.1992966125e-04   -1.5387133396e-03   -6.4422942022e-05
  52.0100000    1.8401198659e-03    1.6345233346e-03    2.4599275060e-03   -3.2251101239e-04   -1.7259004921e-03   -7.2131918008e-04   -1.5408233782e-03   -6.5559073337e-05
  52.0200000    1.8305869740e-03    1.6359306103e-03    2.4660910850e-03   -3.1931200097e-04   -1.7226069938e-03   -7.2271313518e-04   -1.5429229591e-03   -6.6695684184e-05
  52.0300000    1.8211276055e-03    1.6373233457e-03    2.4722767519e-03   -3.1609807607e-04   -1.7192983410e-03   -7.2411071741e-04   -1.5450123368e-03   -6.7832932801e-05
  52.0400000    1.8117473768e-03    1.6386980415e-03    2.4784843514e-03   -3.1287094212e-04   -1.7159759885e-03   -7.2551104856e-04   -1.5470917697e-03   -6.8970971747e-05
  52.0500000    1.8024500258e-03    1.6400510237e-03    2.4847130645e-03   -3.0963246902e-04   -1.7126413657e-03   -7.2691319684e-04   -1.5491615214e-03   -7.0109947826e-05
  52.0600000    1.7932373253e-03    1.6413785615e-03    2.4909614062e-03   -3.0638466433e-04   -1.7092958467e-03   -7.2831619325e-04   -1.5512218608e-03   -7.1250002163e-05
  52.0700000    1.7841090341e-03    1.6426769970e-03    2.4972272352e-03   -3.0312964346e-04   -1.7059407211e-03   -7.2971904817e-04   -1.5532730632e-03   -7.2391270324e-05
  52.0800000    1.7750628888e-03    1.6439428822e-03    2.5035077721e-03   -2.9986959825e-04   -1.7025771668e-03   -7.3112076810e-04   -1.5553154105e-03   -7.3533882504e-05
  52.0900000    1.7660946361e-03    1.6451731163e-03    2.5097996282e-03   -2.9660676441e-04   -1.6992062237e-03   -7.3252037213e-04   -1.5573491917e-03   -7.4677963837e-05
  52.1000000    1.7571981053e-03    1.6463650810e-03    2.5160988447e-03   -2.9334338840e-04   -1.6958287717e-03   -7.3391690774e-04   -1.5593747029e-03   -7.5823634725e-05
  52.1100000    1.7483653225e-03    1.6475167637e-03    2.5224009403e-03   -2.9008169422e-04   -1.6924455096e-03   -7.3530946576e-04   -1.5613922477e-03   -7.6971011280e-05
  52.1200000    1.7395866622e-03    1.6486268669e-03    2.5287009692e-03   -2.8682385063e-04   -1.6890569388e-03   -7.3669719419e-04   -1.5634021370e-03   -7.8120205793e-05
  52.1300000    1.7308510364e-03    1.6496948973e-03    2.5349935861e-03   -2.8357193938e-04   -1.6856633504e-03   -7.3807931050e-04   -1.5654046890e-03   -7.9271327264e-05
  52.1400000    1.7221461168e-03    1.6507212286e-03    2.5412731198e-03   -2.8032792484e-04   -1.6822648161e-03   -7.3945511238e-04   -1.5674002287e-03   -8.0424481982e-05
  52.1500000    1.7134585859e-03    1.6517071372e-03    2.5475336524e-03   -2.7709362556e-04   -1.6788611837e-03   -7.4082398656e-04   -1.5693890877e-03   -8.1579774135e-05
  52.1600000    1.7047744130e-03    1.6526548054e-03    2.5537691054e-03   -2.7387068820e-04   -1.6754520763e-03   -7.4218541569e-04   -1.5713716037e-03   -8.2737306444e-05
  52.1700000    1.6960791489e-03    1.6535672928e-03    2.5599733280e-03   -2.7066056424e-04   -1.6720368967e-03   -7.4353898317e-04   -1.5733481196e-03   -8.3897180809e-05
  52.1800000    1.6873582328e-03    1.6544484735e-03    2.5661401904e-03   -2.6746448976e-04   -1.6686148355e-03   -7.4488437578e-04   -1.5753189832e-03   -8.5059498969e-05
  52.1900000    1.6785973049e-03    1.6553029424e-03    2.5722636773e-03   -2.6428346867e-04   -1.6651848836e-03   -7.4622138413e-04   -1.5772845462e-03   -8.6224363155e-05
  52.2000000    1.6697825179e-03    1.6561358909e-03    2.5783379821e-03   -2.6111825958e-04   -1.6617458487e-03   -7.4754990103e-04   -1.5792451629e-03   -8.7391876710e-05
  52.2100000    1.6609008392e-03    1.6569529570e-03    2.5843575993e-03   -2.5796936651e-04   -1.6582963755e-03   -7.4886991779e-04   -1.5812011901e-03   -8.8562144720e-05
  52.2200000    1.6519403362e-03    1.6577600536e-03    2.5903174141e-03   -2.5483703359e-04   -1.6548349688e-03   -7.5018151860e-04   -1.5831529854e-03   -8.9735274581e-05
  52.2300000    1.6428904386e-03    1.6585631807e-03    2.5962127882e-03   -2.5172124376e-04   -1.6513600201e-03   -7.5148487307e-04   -1.5851009063e-03   -9.0911376525e-05
  52.2400000    1.6337421698e-03    1.6593682288e-03    2.6020396386e-03   -2.4862172152e-04   -1.6478698363e-03   -7.5278022725e-04   -1.5870453094e-03   -9.2090564123e-05
  52.2500000    1.6244883413e-03    1.6601807785e-03    2.6077945101e-03   -2.4553793961e-04   -1.6443626700e-03   -7.5406789326e-04   -1.5889865490e-03   -9.3272954686e-05
  52.2600000    1.6151237048e-03    1.6610059061e-03    2.6134746390e-03   -2.4246912948e-04   -1.6408367516e-03   -7.5534823786e-04   -1.5909249762e-03   -9.4458669628e-05
  52.2700000    1.6056450581e-03    1.6618479990e-03    2.6190780067e-03   -2.3941429542e-04   -1.6372903214e-03   -7.5662167013e-04   -1.5928609379e-03   -9.5647834763e-05
  52.2800000    1.5960513005e-03    1.6627105912e-03    2.6246033829e-03   -2.3637223202e-04   -1.6337216625e-03   -7.5788862867e-04   -1.5947947756e-03   -9.6840580488e-05
  52.2900000    1.5863434365e-03    1.6635962225e-03    2.6300503570e-03   -2.3334154466e-04   -1.6301291327e-03   -7.5914956854e-04   -1.5967268245e-03   -9.8037041928e-05
  52.3000000    1.5765245275e-03    1.6645063278e-03    2.6354193572e-03   -2.3032067272e-04   -1.6265111952e-03   -7.6040494826e-04   -1.5986574126e-03   -9.9237358972e-05
  52.3100000    1.5665995910e-03    1.6654411619e-03    2.6407116567e-03   -2.2730791510e-04   -1.6228664481e-03   -7.6165521723e-04   -1.6005868602e-03   -1.0044167622e-04
  52.3200000    1.5565754526e-03    1.6663997609e-03    2.6459293663e-03   -2.2430145749e-04   -1.6191936505e-03   -7.6290080375e-04   -1.6025154784e-03   -1.0165014286e-04
  52.3300000    1.5464605510e-03    1.6673799441e-03    2.6510754138e-03   -2.2129940118e-04   -1.6154917470e-03   -7.6414210401e-04   -1.6044435692e-03   -1.0286291245e-04
  52.3400000    1.5362647039e-03    1.6683783558e-03    2.6561535108e-03   -2.1829979263e-04   -1.6117598886e-03   -7.6537947226e-04   -1.6063714242e-03   -1.0408014257e-04
  52.3500000    1.5259988410e-03    1.6693905460e-03    2.6611681056e-03   -2.1530065352e-04   -1.6079974488e-03   -7.6661321241e-04   -1.6082993249e-03   -1.0530199452e-04
  52.3600000    1.5156747091e-03    1.6704110881e-03    2.6661243245e-03   -2.1230001073e-04   -1.6042040375e-03   -7.6784357123e-04   -1.6102275417e-03   -1.0652863276e-04
  52.3700000    1.5053045616e-03    1.6714337295e-03    2.6710279013e-03   -2.0929592566e-04   -1.6003795092e-03   -7.6907073327e-04   -1.6121563338e-03   -1.0776022442e-04
  52.3800000    1.4949008375e-03    1.6724515698e-03    2.6758850959e-03   -2.0628652249e-04   -1.5965239672e-03   -7.7029481777e-04   -1.6140859493e-03   -1.0899693869e-04
  52.3900000    1.4844758408e-03    1.6734572620e-03    2.6807026041e-03   -2.0327001501e-04   -1.5926377636e-03   -7.7151587738e-04   -1.6160166247e-03   -1.1023894611e-04
  52.4000000    1.4740414305e-03    1.6744432275e-03    2.6854874592e-03   -2.0024473133e-04   -1.5887214937e-03   -7.7273389905e-04   -1.6179485854e-03   -1.1148641788e-04
  52.4100000    1.4636087276e-03    1.6754018807e-03    2.6902469265e-03   -1.9720913637e-04   -1.5847759869e-03   -7.7394880673e-04   -1.6198820455e-03   -1.1273952504e-04
  52.4200000    1.4531878496e-03    1.6763258523e-03    2.6949883936e-03   -1.9416185156e-04   -1.5808022929e-03   -7.7516046612e-04   -1.6218172080e-03   -1.1399843767e-04
  52.4300000    1.4427876797e-03    1.6772082070e-03    2.6997192571e-03   -1.9110167162e-04   -1.5768016632e-03   -7.7636869115e-04   -1.6237542655e-03   -1.1526332408e-04
  52.4400000    1.4324156764e-03    1.6780426457e-03    2.7044468085e-03   -1.8802757797e-04   -1.5727755293e-03   -7.7757325221e-04   -1.6256934002e-03   -1.1653434986e-04
  52.4500000    1.4220777296e-03    1.6788236869e-03    2.7091781196e-03   -1.8493874885e-04   -1.5687254776e-03   -7.7877388586e-04   -1.6276347844e-03   -1.1781167707e-04
  52.4600000    1.4117780669e-03    1.6795468213e-03    2.7139199317e-03   -1.8183456578e-04   -1.5646532205e-03   -7.7997030582e-04   -1.6295785811e-03   -1.1909546332e-04
  52.4700000    1.4015192122e-03    1.6802086342e-03    2.7186785479e-03   -1.7871461645e-04   -1.5605605655e-03   -7.8116221499e-04   -1.6315249445e-03   -1.2038586091e-04
  52.4800000    1.3913019973e-03    1.6808068925e-03    2.7234597324e-03   -1.7557869402e-04   -1.5564493825e-03   -7.8234931828e-04   -1.6334740207e-03   -1.2168301596e-04
  52.4900000    1.3811256246e-03    1.6813405939e-03    2.7282686171e-03   -1.7242679281e-04   -1.5523215689e-03   -7.8353133583e-04   -1.6354259481e-03   -1.2298706761e-04
  52.5000000    1.3709877802e-03    1.6818099771e-03    2.7331096181e-03   -1.6925910070e-04   -1.5481790147e-03   -7.8470801658e-04   -1.6373808578e-03   -1.2429814719e-04
  52.5100000    1.3608847907e-03    1.6822164933e-03    2.7379863628e-03   -1.6607598825e-04   -1.5440235668e-03   -7.8587915145e-04   -1.6393388749e-03   -1.2561637750e-04
  52.5200000    1.3508118191e-03    1.6825627414e-03    2.7429016300e-03   -1.6287799487e-04   -1.5398569945e-03   -7.8704458624e-04   -1.6413001182e-03   -1.2694187212e-04
  52.5300000    1.3407630934e-03    1.6828523692e-03    2.7478573026e-03   -1.5966581238e-04   -1.5356809554e-03   -7.8820423370e-04   -1.6432647015e-03   -1.2827473477e-04
  52.5400000    1.3307321580e-03    1.6830899453e-03    2.7528543351e-03   -1.5644026624e-04   -1.5314969630e-03   -7.8935808448e-04   -1.6452327333e-03   -1.2961505876e-04
  52.5500000    1.3207121413e-03    1.6832808063e-03    2.7578927364e-03   -1.5320229490e-04   -1.5273063575e-03   -7.9050621678e-04   -1.6472043182e-03   -1.3096292650e-04
  52.5600000    1.3106960287e-03    1.6834308861e-03    2.7629715677e-03   -1.4995292762e-04   -1.5231102787e-03   -7.9164880430e-04   -1.6491795564e-03   -1.3231840912e-04
  52.5700000    1.3006769321e-03    1.6835465322e-03    2.7680889561e-03   -1.4669326133e-04   -1.5189096422e-03   -7.9278612236e-04   -1.6511585446e-03   -1.3368156609e-04
  52.5800000    1.2906483472e-03    1.6836343174e-03    2.7732421234e-03   -1.4342443679e-04   -1.5147051199e-03   -7.9391855196e-04   -1.6531413760e-03   -1.3505244511e-04
  52.5900000    1.2806043891e-03    1.6837008518e-03    2.7784274312e-03   -1.4014761476e-04   -1.5104971249e-03   -7.9504658157e-04   -1.6551281405e-03   -1.3643108189e-04
  52.6000000    1.2705399983e-03    1.6837526025e-03    2.7836404390e-03   -1.3686395244e-04   -1.5062858002e-03   -7.9617080657e-04   -1.6571189249e-03   -1.3781750011e-04
  52.6100000    1.2604511110e-03    1.6837957270e-03    2.7888759772e-03   -1.3357458070e-04   -1.5020710127e-03   -7.9729192625e-04   -1.6591138127e-03   -1.3921171154e-04
  52.6200000    1.2503347873e-03    1.6838359246e-03    2.7941282322e-03   -1.3028058265e-04   -1.4978523526e-03   -7.9841073832e-04   -1.6611128842e-03   -1.4061371615e-04
  52.6300000    1.2401892936e-03    1.6838783104e-03    2.7993908423e-03   -1.2698297366e-04   -1.4936291372e-03   -7.9952813102e-04   -1.6631162161e-03   -1.4202350237e-04
  52.6400000    1.2300141364e-03    1.6839273163e-03    2.8046570039e-03   -1.2368268358e-04   -1.4894004197e-03   -8.0064507269e-04   -1.6651238814e-03   -1.4344104743e-04
  52.6500000    1.2198100476e-03    1.6839866188e-03    2.8099195852e-03   -1.2038054109e-04   -1.4851650041e-03   -8.0176259918e-04   -1.6671359490e-03   -1.4486631778e-04
  52.6600000    1.2095789210e-03    1.6840590978e-03    2.8151712460e-03   -1.1707726078e-04   -1.4809214635e-03   -8.0288179908e-04   -1.6691524835e-03   -1.4629926960e-04
  52.6700000    1.1993237039e-03    1.6841468224e-03    2.8204045615e-03   -1.1377343296e-04   -1.4766681638e-03   -8.0400379695e-04   -1.6711735441e-03   -1.4773984941e-04
  52.6800000    1.1890482479e-03    1.6842510667e-03    2.8256121483e-03   -1.1046951645e-04   -1.4724032917e-03   -8.0512973497e-04   -1.6731991847e-03   -1.4918799470e-04
  52.6900000    1.1787571245e-03    1.6843723497e-03    2.8307867895e-03   -1.0716583434e-04   -1.4681248859e-03   -8.0626075303e-04   -1.6752294529e-03   -1.5064363467e-04
  52.7000000    1.1684554122e-03    1.6845104982e-03    2.8359215581e-03   -1.0386257301e-04   -1.4638308725e-03   -8.0739796784e-04   -1.6772643894e-03   -1.5210669100e-04
  52.7100000    1.1581484646e-03    1.6846647285e-03    2.8410099360e-03   -1.0055978393e-04   -1.4595191020e-03   -8.0854245117e-04   -1.6793040271e-03   -1.5357707870e-04
  52.7200000    1.1478416672e-03    1.6848337417e-03    2.8460459256e-03   -9.7257388632e-05   -1.4551873898e-03   -8.0969520781e-04   -1.6813483910e-03   -1.5505470695e-04
  52.7300000    1.1375401917e-03    1.6850158288e-03    2.8510241538e-03   -9.3955186284e-05   -1.4508335570e-03   -8.1085715337e-04   -1.6833974965e-03   -1.5653948002e-04
  52.7400000    1.1272487592e-03    1.6852089798e-03    2.8559399655e-03   -9.0652863899e-05   -1.4464554732e-03   -8.1202909256e-04   -1.6854513495e-03   -1.5803129818e-04
  52.7500000    1.1169714184e-03    1.6854109931e-03    2.8607895046e-03   -8.7350008786e-05   -1.4420510983e-03   -8.1321169820e-04   -1.6875099450e-03   -1.5953005858e-04
  52.7600000    1.1067113505e-03    1.6856195791e-03    2.8655697817e-03   -8.4046122972e-05   -1.4376185245e-03   -8.1440549142e-04   -1.6895732669e-03   -1.6103565628e-04
  52.7700000    1.0964707046e-03    1.6858324550e-03    2.8702787280e-03   -8.0740639182e-05   -1.4331560166e-03   -8.1561082333e-04   -1.6916412870e-03   -1.6254798505e-04
  52.7800000    1.0862504740e-03    1.6860474269e-03    2.8749152320e-03   -7.7432938047e-05   -1.4286620503e-03   -8.1682785873e-04   -1.6937139641e-03   -1.6406693833e-04
  52.7900000    1.0760504147e-03    1.6862624561e-03    2.8794791610e-03   -7.4122366063e-05   -1.4241353475e-03   -8.1805656199e-04   -1.6957912442e-03   -1.6559241006e-04
  52.8000000    1.0658690119e-03    1.6864757081e-03    2.8839713652e-03   -7.0808253922e-05   -1.4195749087e-03   -8.1929668559e-04   -1.6978730590e-03   -1.6712429551e-04
  52.8100000    1.0557034946e-03    1.6866855825e-03    2.8883936647e-03   -6.7489934725e-05   -1.4149800407e-03   -8.2054776145e-04   -1.6999593263e-03   -1.6866249207e-04
  52.8200000    1.0455498994e-03    1.6868907243e-03    2.8927488201e-03   -6.4166761707e-05   -1.4103503801e-03   -8.2180909543e-04   -1.7020499491e-03   -1.7020689988e-04
  52.8300000    1.0354031798e-03    1.6870900161e-03    2.8970404858e-03   -6.0838124958e-05   -1.4056859113e-03   -8.2307976514e-04   -1.7041448154e-03   -1.7175742258e-04
  52.8400000    1.0252573599e-03    1.6872825542e-03    2.9012731488e-03   -5.7503466893e-05   -1.4009869790e-03   -8.2435862120e-04   -1.7062437985e-03   -1.7331396779e-04
  52.8500000    1.0151057239e-03    1.6874676087e-03    2.9054520516e-03   -5.4162295953e-05   -1.3962542947e-03   -8.2564429204e-04   -1.7083467564e-03   -1.7487644765e-04
  52.8600000    1.0049410385e-03    1.6876445724e-03    2.9095831021e-03   -5.0814198333e-05   -1.3914889373e-03   -8.2693519236e-04   -1.7104535320e-03   -1.7644477918e-04
  52.8700000    9.9475579707e-04    1.6878128999e-03    2.9136727720e-03   -4.7458847409e-05   -1.3866923465e-03   -8.2822953510e-04   -1.7125639536e-03   -1.7801888463e-04
  52.8800000    9.8454247949e-04    1.6879720417e-03    2.9177279842e-03   -4.4096010675e-05   -1.3818663109e-03   -8.2952534704e-04   -1.7146778348e-03   -1.7959869168e-04
  52.8900000    9.7429381711e-04    1.6881213762e-03    2.9217559923e-03   -4.0725553994e-05   -1.3770129483e-03   -8.3082048765e-04   -1.7167949753e-03   -1.8118413357e-04
  52.9000000    9.6400305397e-04    1.6882601436e-03    2.9257642540e-03   -3.7347443137e-05   -1.3721346809e-03   -8.3211267122e-04   -1.7189151611e-03   -1.8277514913e-04
  52.9100000    9.5366419493e-04    1.6883873854e-03    2.9297602999e-03   -3.3961742512e-05   -1.3672342039e-03   -8.3339949196e-04   -1.7210381655e-03   -1.8437168268e-04
  52.9200000    9.4327223194e-04    1.6885018921e-03    2.9337516010e-03   -3.0568611198e-05   -1.3623144485e-03   -8.3467845166e-04   -1.7231637495e-03   -1.8597368394e-04
  52.9300000    9.3282334050e-04    1.6886021622e-03    2.9377454367e-03   -2.7168296309e-05   -1.3573785398e-03   -8.3594698975e-04   -1.7252916631e-03   -1.8758110771e-04
  52.9400000    9.2231503915e-04    1.6886863751e-03    2.9417487650e-03   -2.3761123919e-05   -1.3524297500e-03   -8.3720251520e-04   -1.7274216459e-03   -1.8919391358e-04
  52.9500000    9.1174630656e-04    1.6887523788e-03    2.9457680988e-03   -2.0347487808e-05   -1.3474714478e-03   -8.3844243999e-04   -1.7295534284e-03   -1.9081206550e-04
  52.9600000    9.0111765180e-04    1.6887976938e-03    2.9498093885e-03   -1.6927836226e-05   -1.3425070442e-03   -8.3966421343e-04   -1.7316867330e-03   -1.9243553125e-04
  52.9700000    8.9043113542e-04    1.6888195336e-03    2.9538779147e-03   -1.3502657115e-05   -1.3375399364e-03   -8.4086535715e-04   -1.7338212751e-03   -1.9406428196e-04
  52.9800000    8.7969034026e-04    1.6888148403e-03    2.9579781917e-03   -1.0072462104e-05   -1.3325734500e-03   -8.4204350000e-04   -1.7359567648e-03   -1.9569829142e-04
  52.9900000    8.6890029313e-04    1.6887803358e-03    2.9621138845e-03   -6.6377696970e-06   -1.3276107803e-03   -8.4319641239e-04   -1.7380929073e-03   -1.9733753544e-04
  53.0000000    8.5806733956e-04    1.6887125857e-03    2.9662877396e-03   -3.1990881842e-06   -1.3226549343e-03   -8.4432203962e-04   -1.7402294052e-03   -1.9898199115e-04
  53.0100000    8.4719897604e-04    1.6886080732e-03    2.9705015324e-03    2.4310141378e-07   -1.3177086743e-03   -8.4541853352e-04   -1.7423659589e-03   -2.0063163624e-04
  53.0200000    8.3630364516e-04    1.6884632826e-03    2.9747560308e-03    3.6883618404e-06   -1.3127744633e-03   -8.4648428199e-04   -1.7445022684e-03   -2.0228644823e-04
  53.0300000    8.2539050035e-04    1.6882747865e-03    2.9790509768e-03    7.1363150086e-06   -1.3078544145e-03   -8.4751793589e-04   -1.7466380345e-03   -2.0394640368e-04
  53.0400000    8.1446914804e-04    1.6880393359e-03    2.9833850853e-03    1.0586656058e-05   -1.3029502439e-03   -8.4851843281e-04   -1.7487729595e-03   -2.0561147744e-04
  53.0500000    8.0354937564e-04    1.6877539480e-03    2.9877560616e-03    1.4039165541e-05   -1.2980632300e-03   -8.4948501721e-04   -1.7509067490e-03   -2.0728164193e-04
  53.0600000    7.9264087421e-04    1.6874159913e-03    2.9921606357e-03    1.7493719404e-05   -1.2931941776e-03   -8.5041725674e-04   -1.7530391123e-03   -2.0895686635e-04
  53.0700000    7.8175296462e-04    1.6870232613e-03    2.9965946151e-03    2.0950296469e-05   -1.2883433900e-03   -8.5131505411e-04   -1.7551697640e-03   -2.1063711609e-04
  53.0800000    7.7089433614e-04    1.6865740481e-03    3.0010529526e-03    2.4408983167e-05   -1.2835106480e-03   -8.5217865441e-04   -1.7572984241e-03   -2.1232235201e-04
  53.0900000    7.6007280546e-04    1.6860671900e-03    3.0055298299e-03    2.7869975319e-05   -1.2786951971e-03   -8.5300864762e-04   -1.7594248193e-03   -2.1401252993e-04
  53.1000000    7.4929510384e-04    1.6855021151e-03    3.0100187552e-03    3.1333576842e-05   -1.2738957434e-03   -8.5380596617e-04   -1.7615486832e-03   -2.1570760007e-04
  53.1100000    7.3856669863e-04    1.6848788653e-03    3.0145126722e-03    3.4800195372e-05   -1.2691104588e-03   -8.5457187732e-04   -1.7636697568e-03   -2.1740750663e-04
  53.1200000    7.2789165467e-04    1.6841981066e-03    3.0190040801e-03    3.8270334799e-05   -1.2643369941e-03   -8.5530797061e-04   -1.7657877891e-03   -2.1911218743e-04
  53.1300000    7.1727253931e-04    1.6834611217e-03    3.0234851613e-03    4.1744584852e-05   -1.2595725029e-03   -8.5601614020e-04   -1.7679025368e-03   -2.2082157364e-04
  53.1400000    7.0671037349e-04    1.6826697875e-03    3.0279479148e-03    4.5223607901e-05   -1.2548136730e-03   -8.5669856244e-04   -1.7700137644e-03   -2.2253558960e-04
  53.1500000    6.9620462978e-04    1.6818265384e-03    3.0323842940e-03    4.8708123269e-05   -1.2500567671e-03   -8.5735766879e-04   -1.7721212441e-03   -2.2425415272e-04
  53.1600000    6.8575327698e-04    1.6809343152e-03    3.0367863447e-03    5.2198889346e-05   -1.2452976725e-03   -8.5799611437e-04   -1.7742247556e-03   -2.2597717353e-04
  53.1700000    6.7535286874e-04    1.6799965037e-03    3.0411463428e-03    5.5696683954e-05   -1.2405319569e-03   -8.5861674267e-04   -1.7763240850e-03   -2.2770455574e-04
  53.1800000    6.6499867304e-04    1.6790168629e-03    3.0454569275e-03    5.9202283331e-05   -1.2357549326e-03   -8.5922254672e-04   -1.7784190250e-03   -2.2943619648e-04
  53.1900000    6.5468483760e-04    1.6779994475e-03    3.0497112289e-03    6.2716440354e-05   -1.2309617261e-03   -8.5981662729e-04   -1.7805093736e-03   -2.3117198658e-04
  53.2000000    6.4440458535e-04    1.6769485242e-03    3.0539029874e-03    6.6239862327e-05   -1.2261473525e-03   -8.6040214874e-04   -1.7825949332e-03   -2.3291181096e-04
  53.2100000    6.3415043330e-04    1.6758684880e-03    3.0580266623e-03    6.9773189192e-05   -1.2213067947e-03   -8.6098229303e-04   -1.7846755098e-03   -2.3465554914e-04
  53.2200000    6.2391442740e-04    1.6747637768e-03    3.0620775281e-03    7.3316972338e-05   -1.2164350841e-03   -8.6156021268e-04   -1.7867509119e-03   -2.3640307572e-04
  53.2300000    6.1368838549e-04    1.6736387909e-03    3.0660517569e-03    7.6871654942e-05   -1.2115273837e-03   -8.6213898329e-04   -1.7888209490e-03   -2.3815426106e-04
  53.2400000    6.0346414076e-04    1.6724978150e-03    3.0699464850e-03    8.0437554102e-05   -1.2065790705e-03   -8.6272155641e-04   -1.7908854311e-03   -2.3990897198e-04
  53.2500000    5.9323377759e-04    1.6713449489e-03    3.0737598627e-03    8.4014845441e-05   -1.2015858169e-03   -8.6331071339e-04   -1.7929441665e-03   -2.4166707243e-04
  53.2600000    5.8298985272e-04    1.6701840440e-03    3.0774910861e-03    8.7603550584e-05   -1.1965436689e-03   -8.6390902106e-04   -1.7949969612e-03   -2.4342842435e-04
  53.2700000    5.7272559465e-04    1.6690186505e-03    3.0811404109e-03    9.1203527883e-05   -1.1914491201e-03   -8.6451878991e-04   -1.7970436175e-03   -2.4519288843e-04
  53.2800000    5.6243507572e-04    1.6678519730e-03    3.0847091473e-03    9.4814466866e-05   -1.1862991804e-03   -8.6514203535e-04   -1.7990839326e-03   -2.4696032498e-04
  53.2900000    5.5211335155e-04    1.6666868358e-03    3.0881996365e-03    9.8435886542e-05   -1.1810914371e-03   -8.6578044299e-04   -1.8011176976e-03   -2.4873059475e-04
  53.3000000    5.4175656440e-04    1.6655256588e-03    3.0916152081e-03    1.0206713783e-04   -1.1758241084e-03   -8.6643533821e-04   -1.8031446962e-03   -2.5050355976e-04
  53.3100000    5.3136200782e-04    1.6643704415e-03    3.0949601216e-03    1.0570741016e-04   -1.1704960869e-03   -8.6710766082e-04   -1.8051647039e-03   -2.5227908416e-04
  53.3200000    5.2092815134e-04    1.6632227563e-03    3.0982394892e-03    1.0935574233e-04   -1.1651069731e-03   -8.6779794524e-04   -1.8071774872e-03   -2.5405703498e-04
  53.3300000    5.1045462552e-04    1.6620837481e-03    3.1014591853e-03    1.1301103740e-04   -1.1596570981e-03   -8.6850630654e-04   -1.8091828026e-03   -2.5583728291e-04
  53.3400000    4.9994216888e-04    1.6609541417e-03    3.1046257412e-03    1.1667208152e-04   -1.1541475335e-03   -8.6923243270e-04   -1.8111803961e-03   -2.5761970298e-04
  53.3500000    4.8939253947e-04    1.6598342531e-03    3.1077462285e-03    1.2033756634e-04   -1.1485800897e-03   -8.6997558342e-04   -1.8131700030e-03   -2.5940417525e-04
  53.3600000    4.7880839474e-04    1.6587240057e-03    3.1108281323e-03    1.2400611468e-04   -1.1429573015e-03   -8.7073459540e-04   -1.8151513476e-03   -2.6119058531e-04
  53.3700000    4.6819314521e-04    1.6576229483e-03    3.1138792173e-03    1.2767630889e-04   -1.1372824008e-03   -8.7150789437e-04   -1.8171241429e-03   -2.6297882483e-04
  53.3800000    4.5755078706e-04    1.6565302756e-03    3.1169073883e-03    1.3134672144e-04   -1.1315592771e-03   -8.7229351359e-04   -1.8190880913e-03   -2.6476879193e-04
  53.3900000    4.4688572050e-04    1.6554448491e-03    3.1199205486e-03    1.3501594700e-04   -1.1257924258e-03   -8.7308911879e-04   -1.8210428847e-03   -2.6656039154e-04
  53.4000000    4.3620256041e-04    1.6543652185e-03    3.1229264576e-03    1.3868263553e-04   -1.1199868848e-03   -8.7389203915e-04   -1.8229882050e-03   -2.6835353557e-04
  53.4100000    4.2550594638e-04    1.6532896420e-03    3.1259325911e-03    1.4234552541e-04   -1.1141481611e-03   -8.7469930406e-04   -1.8249237255e-03   -2.7014814304e-04
  53.4200000    4.1480035881e-04    1.6522161071e-03    3.1289460063e-03    1.4600347602e-04   -1.1082821473e-03   -8.7550768504e-04   -1.8268491112e-03   -2.7194414013e-04
  53.4300000    4.0408994769e-04    1.6511423498e-03    3.1319732140e-03    1.4965549901e-04   -1.1023950296e-03   -8.7631374241e-04   -1.8287640205e-03   -2.7374146007e-04
  53.4400000    3.9337838022e-04    1.6500658744e-03    3.1350200610e-03    1.5330078747e-04   -1.0964931899e-03   -8.7711387593e-04   -1.8306681065e-03   -2.7554004297e-04
  53.4500000    3.8266871220e-04    1.6489839725e-03    3.1380916229e-03    1.5693874216e-04   -1.0905831013e-03   -8.7790437863e-04   -1.8325610187e-03   -2.7733983553e-04
  53.4600000    3.7196328771e-04    1.6478937434e-03    3.1411921120e-03    1.6056899437e-04   -1.0846712207e-03   -8.7868149335e-04   -1.8344424043e-03   -2.7914079071e-04
  53.4700000    3.6126367033e-04    1.6467921155e-03    3.1443247991e-03    1.6419142451e-04   -1.0787638798e-03   -8.7944147067e-04   -1.8363119105e-03   -2.8094286721e-04
  53.4800000    3.5057060786e-04    1.6456758703e-03    3.1474919533e-03    1.6780617600e-04   -1.0728671754e-03   -8.8018062782e-04   -1.8381691865e-03   -2.8274602900e-04
  53.4900000    3.3988403142e-04    1.6445416680e-03    3.1506947981e-03    1.7141366397e-04   -1.0669868626e-03   -8.8089540734e-04   -1.8400138848e-03   -2.8455024469e-04
  53.5000000    3.2920308845e-04    1.6433860784e-03    3.1539334878e-03    1.7501457834e-04   -1.0611282514e-03   -8.8158243469e-04   -1.8418456642e-03   -2.8635548688e-04
  53.5100000    3.1852620787e-04    1.6422056139e-03    3.1572071014e-03    1.7860988105e-04   -1.0552961089e-03   -8.8223857395e-04   -1.8436641912e-03   -2.8816173141e-04
  53.5200000    3.0785119462e-04    1.6409967687e-03    3.1605136566e-03    1.8220079730e-04   -1.0494945704e-03   -8.8286098062e-04   -1.8454691422e-03   -2.8996895666e-04
  53.5300000    2.9717534938e-04    1.6397560611e-03    3.1638501424e-03    1.8578880074e-04   -1.0437270581e-03   -8.8344715069e-04   -1.8472602056e-03   -2.9177714272e-04
  53.5400000    2.8649560895e-04    1.6384800810e-03    3.1672125702e-03    1.8937559268e-04   -1.0379962127e-03   -8.8399496525e-04   -1.8490370837e-03   -2.9358627064e-04
  53.5500000    2.7580870127e-04    1.6371655412e-03    3.1705960424e-03    1.9296307569e-04   -1.0323038363e-03   -8.8450272979e-04   -1.8507994943e-03   -2.9539632160e-04
  53.5600000    2.6511130914e-04    1.6358093322e-03    3.1739948370e-03    1.9655332175e-04   -1.0266508492e-03   -8.8496920751e-04   -1.8525471723e-03   -2.9720727613e-04
  53.5700000    2.5440023618e-04    1.6344085795e-03    3.1774025068e-03    2.0014853562e-04   -1.0210372618e-03   -8.8539364622e-04   -1.8542798717e-03   -2.9901911333e-04
  53.5800000    2.4367256845e-04    1.6329607020e-03    3.1808119928e-03    2.0375101394e-04   -1.0154621618e-03   -8.8577579807e-04   -1.8559973660e-03   -3.0083181018e-04
  53.5900000    2.3292582526e-04    1.6314634702e-03    3.1842157463e-03    2.0736310081e-04   -1.0099237173e-03   -8.8611593202e-04   -1.8576994498e-03   -3.0264534080e-04
  53.6000000    2.2215809358e-04    1.6299150632e-03    3.1876058621e-03    2.1098714060e-04   -1.0044191964e-03   -8.8641483852e-04   -1.8593859396e-03   -3.0445967583e-04
  53.6100000    2.1136814031e-04    1.6283141214e-03    3.1909742163e-03    2.1462542894e-04   -9.9894500257e-04   -8.8667382641e-04   -1.8610566738e-03   -3.0627478188e-04
  53.6200000    2.0055549831e-04    1.6266597949e-03    3.1943126089e-03    2.1828016286e-04   -9.9349672638e-04   -8.8689471201e-04   -1.8627115135e-03   -3.0809062103e-04
  53.6300000    1.8972052246e-04    1.6249517838e-03    3.1976129069e-03    2.2195339098e-04   -9.8806921193e-04   -8.8707980028e-04   -1.8643503419e-03   -3.0990715039e-04
  53.6400000    1.7886441368e-04    1.6231903705e-03    3.2008671871e-03    2.2564696490e-04   -9.8265663764e-04   -8.8723185862e-04   -1.8659730642e-03   -3.1172432181e-04
  53.6500000    1.6798920946e-04    1.6213764417e-03    3.2040678743e-03    2.2936249266e-04   -9.7725261001e-04   -8.8735408329e-04   -1.8675796071e-03   -3.1354208163e-04
  53.6600000    1.5709774135e-04    1.6195114980e-03    3.2072078728e-03    2.3310129553e-04   -9.7185026887e-04   -8.8745005908e-04   -1.8691699174e-03   -3.1536037054e-04
  53.6700000    1.4619356069e-04    1.6175976509e-03    3.2102806903e-03    2.3686436882e-04   -9.6644240242e-04   -8.8752371281e-04   -1.8707439610e-03   -3.1717912357e-04
  53.6800000    1.3528083505e-04    1.6156376072e-03    3.2132805496e-03    2.4065234780e-04   -9.6102157008e-04   -8.8757926114e-04   -1.8723017213e-03   -3.1899827012e-04
  53.6900000    1.2436421943e-04    1.6136346378e-03    3.2162024877e-03    2.4446547959e-04   -9.5558023118e-04   -8.8762115364e-04   -1.8738431976e-03   -3.2081773414e-04
  53.7000000    1.1344870650e-04    1.6115925338e-03    3.2190424408e-03    2.4830360166e-04   -9.5011087702e-04   -8.8765401180e-04   -1.8753684028e-03   -3.2263743436e-04
  53.7100000    1.0253946176e-04    1.6095155485e-03    3.2217973117e-03    2.5216612759e-04   -9.4460616428e-04   -8.8768256483e-04   -1.8768773613e-03   -3.2445728470e-04
  53.7200000    9.1641649324e-05    1.6074083272e-03    3.2244650206e-03    2.5605204061e-04   -9.3905904703e-04   -8.8771158345e-04   -1.8783701067e-03   -3.2627719463e-04
  53.7300000    8.0760255102e-05    1.6052758250e-03    3.2270445369e-03    2.5995989533e-04   -9.3346290520e-04   -8.8774581223e-04   -1.8798466791e-03   -3.2809706975e-04
  53.7400000    6.9899913807e-05    1.6031232157e-03    3.2295358926e-03    2.6388782770e-04   -9.2781166702e-04   -8.8778990180e-04   -1.8813071228e-03   -3.2991681233e-04
  53.7500000    5.9064746218e-05    1.6009557926e-03    3.2319401760e-03    2.6783357340e-04   -9.2209992311e-04   -8.8784834187e-04   -1.8827514832e-03   -3.3173632202e-04
  53.7600000    4.8258212933e-05    1.5987788639e-03    3.2342595061e-03    2.7179449438e-04   -9.1632303001e-04   -8.8792539586e-04   -1.8841798041e-03   -3.3355549651e-04
  53.7700000    3.7482989999e-05    1.5965976461e-03    3.2364969894e-03    2.7576761342e-04   -9.1047720129e-04   -8.8802503838e-04   -1.8855921254e-03   -3.3537423231e-04
  53.7800000    2.6740871286e-05    1.5944171566e-03    3.2386566577e-03    2.7974965610e-04   -9.0455958414e-04   -8.8815089626e-04   -1.8869884800e-03   -3.3719242555e-04
  53.7900000    1.6032701449e-05    1.5922421093e-03    3.2407433904e-03    2.8373709966e-04   -8.9856832017e-04   -8.8830619407e-04   -1.8883688915e-03   -3.3900997277e-04
  53.8000000    5.3583419002e-06    1.5900768162e-03    3.2427628207e-03    2.8772622791e-04   -8.9250258887e-04   -8.8849370504e-04   -1.8897333719e-03   -3.4082677176e-04
  53.8100000   -5.2833284196e-06    1.5879250966e-03    3.2447212293e-03    2.9171319136e-04   -8.8636263283e-04   -8.8871570786e-04   -1.8910819189e-03   -3.4264272238e-04
  53.8200000   -1.5894377317e-05    1.5857901975e-03    3.2466254259e-03    2.9569407156e-04   -8.8014976405e-04   -8.8897395026e-04   -1.8924145144e-03   -3.4445772738e-04
  53.8300000   -2.6477749849e-05    1.5836747267e-03    3.2484826221e-03    2.9966494839e-04   -8.7386635095e-04   -8.8926961969e-04   -1.8937311224e-03   -3.4627169315e-04
  53.8400000   -3.7037167076e-05    1.5815806005e-03    3.2503002968e-03    3.0362196926e-04   -8.6751578619e-04   -8.8960332166e-04   -1.8950316878e-03   -3.4808453054e-04
  53.8500000   -4.7576996680e-05    1.5795090082e-03    3.2520860578e-03    3.0756141888e-04   -8.6110243551e-04   -8.8997506597e-04   -1.8963161350e-03   -3.4989615552e-04
  53.8600000   -5.8102099760e-05    1.5774603931e-03    3.2538475014e-03    3.1147978824e-04   -8.5463156847e-04   -8.9038426102e-04   -1.8975843669e-03   -3.5170648987e-04
  53.8700000   -6.8617659158e-05    1.5754344514e-03    3.2555920721e-03    3.1537384166e-04   -8.4810927210e-04   -8.9082971643e-04   -1.8988362650e-03   -3.5351546174e-04
  53.8800000   -7.9128995396e-05    1.5734301494e-03    3.2573269268e-03    3.1924068039e-04   -8.4154234893e-04   -8.9130965368e-04   -1.9000716885e-03   -3.5532300622e-04
  53.8900000   -8.9641376550e-05    1.5714457569e-03    3.2590588039e-03    3.2307780169e-04   -8.3493820086e-04   -8.9182172484e-04   -1.9012904750e-03   -3.5712906573e-04
  53.9000000   -1.0015982904e-04    1.5694788971e-03    3.2607939009e-03    3.2688315209e-04   -8.2830470130e-04   -8.9236303898e-04   -1.9024924408e-03   -3.5893359045e-04
  53.9100000   -1.1068895582e-04    1.5675266117e-03    3.2625377627e-03    3.3065517375e-04   -8.2165005732e-04   -8.9293019593e-04   -1.9036773820e-03   -3.6073653854e-04
  53.9200000   -1.2123276868e-04    1.5655854372e-03    3.2642951817e-03    3.3439284295e-04   -8.1498266467e-04   -8.9351932693e-04   -1.9048450755e-03   -3.6253787637e-04
  53.9300000   -1.3179454080e-04    1.5636514935e-03    3.2660701131e-03    3.3809569985e-04   -8.0831095793e-04   -8.9412614160e-04   -1.9059952810e-03   -3.6433757857e-04
  53.9400000   -1.4237668472e-04    1.5617205789e-03    3.2678656054e-03    3.4176386882e-04   -8.0164325871e-04   -8.9474598049e-04   -1.9071277424e-03   -3.6613562810e-04
  53.9500000   -1.5298066068e-04    1.5597882712e-03    3.2696837480e-03    3.4539806867e-04   -7.9498762462e-04   -8.9537387260e-04   -1.9082421902e-03   -3.6793201611e-04
  53.9600000   -1.6360691857e-04    1.5578500306e-03    3.2715256371e-03    3.4899961268e-04   -7.8835170174e-04   -8.9600459704e-04   -1.9093383438e-03   -3.6972674174e-04
  53.9700000   -1.7425487613e-04    1.5559013029e-03    3.2733913599e-03    3.5257039802e-04   -7.8174258336e-04   -8.9663274796e-04   -1.9104159142e-03   -3.7151981193e-04
  53.9800000   -1.8492293451e-04    1.5539376183e-03    3.2752799976e-03    3.5611288464e-04   -7.7516667768e-04   -8.9725280186e-04   -1.9114746066e-03   -3.7331124101e-04
  53.9900000   -1.9560853118e-04    1.5519546858e-03    3.2771896472e-03    3.5963006402e-04   -7.6862958691e-04   -8.9785918653e-04   -1.9125141236e-03   -3.7510105029e-04
  54.0000000   -2.0630822877e-04    1.5499484788e-03    3.2791174615e-03    3.6312541785e-04   -7.6213600011e-04   -8.9844635049e-04   -1.9135341678e-03   -3.7688926757e-04
  54.0100000   -2.1701783725e-04    1.5479153109e-03    3.2810597064e-03    3.6660286762e-04   -7.5568960185e-04   -8.9900883219e-04   -1.9145344450e-03   -3.7867592656e-04
  54.0200000   -2.2773256581e-04    1.5458518999e-03    3.2830118347e-03    3.7006671558e-04   -7.4929299842e-04   -8.9954132804e-04   -1.9155146672e-03   -3.8046106628e-04
  54.0300000   -2.3844719931e-04    1.5437554197e-03    3.2849685746e-03    3.7352157829e-04   -7.4294766320e-04   -9.0003875831e-04   -1.9164745552e-03   -3.8224473036e-04
  54.0400000   -2.4915629382e-04    1.5416235377e-03    3.2869240317e-03    3.7697231361e-04   -7.3665390214e-04   -9.0049633018e-04   -1.9174138422e-03   -3.8402696638e-04
  54.0500000   -2.5985438474e-04    1.5394544396e-03    3.2888718016e-03    3.8042394254e-04   -7.3041084023e-04   -9.0090959713e-04   -1.9183322756e-03   -3.8580782506e-04
  54.0600000   -2.7053620041e-04    1.5372468397e-03    3.2908050930e-03    3.8388156712e-04   -7.2421642935e-04   -9.0127451391e-04   -1.9192296201e-03   -3.8758735957e-04
  54.0700000   -2.8119687393e-04    1.5349999787e-03    3.2927168557e-03    3.8735028598e-04   -7.1806747736e-04   -9.0158748642e-04   -1.9201056595e-03   -3.8936562468e-04
  54.0800000   -2.9183214601e-04    1.5327136095e-03    3.2945999153e-03    3.9083510877e-04   -7.1195969808e-04   -9.0184541594e-04   -1.9209601992e-03   -3.9114267606e-04
  54.0900000   -3.0243855149e-04    1.5303879720e-03    3.2964471076e-03    3.9434087122e-04   -7.0588778144e-04   -9.0204573721e-04   -1.9217930676e-03   -3.9291856943e-04
  54.1000000   -3.1301358304e-04    1.5280237590e-03    3.2982514145e-03    3.9787215222e-04   -6.9984548238e-04   -9.0218644987e-04   -1.9226041175e-03   -3.9469335985e-04
  54.1100000   -3.2355582559e-04    1.5256220746e-03    3.3000060953e-03    4.0143319445e-04   -6.9382572713e-04   -9.0226614294e-04   -1.9233932272e-03   -3.9646710096e-04
  54.1200000   -3.3406505678e-04    1.5231843864e-03    3.3017048134e-03    4.0502783000e-04   -6.8782073496e-04   -9.0228401214e-04   -1.9241603012e-03   -3.9823984426e-04
  54.1300000   -3.4454230875e-04    1.5207124747e-03    3.3033417550e-03    4.0865941230e-04   -6.8182215314e-04   -9.0223986977e-04   -1.9249052706e-03   -4.0001163848e-04
  54.1400000   -3.5498988863e-04    1.5182083787e-03    3.3049117377e-03    4.1233075571e-04   -6.7582120279e-04   -9.0213414723e-04   -1.9256280931e-03   -4.0178252890e-04
  54.1500000   -3.6541135602e-04    1.5156743432e-03    3.3064103075e-03    4.1604408375e-04   -6.6980883282e-04   -9.0196788998e-04   -1.9263287525e-03   -4.0355255681e-04
  54.1600000   -3.7581145716e-04    1.5131127655e-03    3.3078338219e-03    4.1980098716e-04   -6.6377587936e-04   -9.0174274528e-04   -1.9270072578e-03   -4.0532175896e-04
  54.1700000   -3.8619601693e-04    1.5105261453e-03    3.3091795180e-03    4.2360239236e-04   -6.5771322751e-04   -9.0146094275e-04   -1.9276636428e-03   -4.0709016712e-04
  54.1800000   -3.9657179136e-04    1.5079170373e-03    3.3104455643e-03    4.2744854111e-04   -6.5161197273e-04   -9.0112526799e-04   -1.9282979640e-03   -4.0885780764e-04
  54.1900000   -4.0694628469e-04    1.5052880086e-03    3.3116310955e-03    4.3133898178e-04   -6.4546357861e-04   -9.0073902978e-04   -1.9289102992e-03   -4.1062470116e-04
  54.2000000   -4.1732753587e-04    1.5026416000e-03    3.3127362289e-03    4.3527257230e-04   -6.3926002838e-04   -9.0030602103e-04   -1.9295007456e-03   -4.1239086230e-04
  54.2100000   -4.2772388111e-04    1.4999802915e-03    3.3137620636e-03    4.3924749503e-04   -6.3299396713e-04   -8.9983047422e-04   -1.9300694177e-03   -4.1415629945e-04
  54.2200000   -4.3814369955e-04    1.4973064736e-03    3.3147106614e-03    4.4326128319e-04   -6.2665883236e-04   -8.9931701162e-04   -1.9306164447e-03   -4.1592101466e-04
  54.2300000   -4.4859514996e-04    1.4946224212e-03    3.3155850104e-03    4.4731085850e-04   -6.2024897022e-04   -8.9877059111e-04   -1.9311419683e-03   -4.1768500355e-04
  54.2400000   -4.5908590680e-04    1.4919302724e-03    3.3163889716e-03    4.5139257945e-04   -6.1375973550e-04   -8.9819644808e-04   -1.9316461399e-03   -4.1944825531e-04
  54.2500000   -4.6962290415e-04    1.4892320097e-03    3.3171272103e-03    4.5550229936e-04   -6.0718757344e-04   -8.9760003414e-04   -1.9321291180e-03   -4.2121075272e-04
  54.2600000   -4.8021209585e-04    1.4865294437e-03    3.3178051132e-03    4.5963543333e-04   -6.0053008182e-04   -8.9698695342e-04   -1.9325910657e-03   -4.2297247233e-04
  54.2700000   -4.9085823992e-04    1.4838241985e-03    3.3184286917e-03    4.6378703276e-04   -5.9378605242e-04   -8.9636289703e-04   -1.9330321476e-03   -4.2473338455e-04
  54.2800000   -5.0156471458e-04    1.4811176981e-03    3.3190044760e-03    4.6795186654e-04   -5.8695549085e-04   -8.9573357664e-04   -1.9334525277e-03   -4.2649345397e-04
  54.2900000   -5.1233337215e-04    1.4784111532e-03    3.3195393988e-03    4.7212450708e-04   -5.8003961464e-04   -8.9510465774e-04   -1.9338523666e-03   -4.2825263952e-04
  54.3000000   -5.2316443625e-04    1.4757055483e-03    3.3200406732e-03    4.7629942010e-04   -5.7304082956e-04   -8.9448169349e-04   -1.9342318193e-03   -4.3001089489e-04
  54.3100000   -5.3405644612e-04    1.4730016286e-03    3.3205156651e-03    4.8047105636e-04   -5.6596268473e-04   -8.9387005981e-04   -1.9345910332e-03   -4.3176816881e-04
  54.3200000   -5.4500625049e-04    1.4702998864e-03    3.3209717645e-03    4.8463394395e-04   -5.5880980740e-04   -8.9327489257e-04   -1.9349301458e-03   -4.3352440548e-04
  54.3300000   -5.5600905185e-04    1.4676005488e-03    3.3214162559e-03    4.8878277942e-04   -5.5158781862e-04   -8.9270102746e-04   -1.9352492835e-03   -4.3527954498e-04
  54.3400000   -5.6705850020e-04    1.4649035644e-03    3.3218561920e-03    4.9291251628e-04   -5.4430323153e-04   -8.9215294330e-04   -1.9355485598e-03   -4.3703352369e-04
  54.3500000   -5.7814683416e-04    1.4622085925e-03    3.3222982716e-03    4.9701844930e-04   -5.3696333414e-04   -8.9163470952e-04   -1.9358280745e-03   -4.3878627479e-04
  54.3600000   -5.8926506499e-04    1.4595149937e-03    3.3227487245e-03    5.0109629318e-04   -5.2957605891e-04   -8.9114993829e-04   -1.9360879124e-03   -4.4053772872e-04
  54.3700000   -6.0040319840e-04    1.4568218238e-03    3.3232132054e-03    5.0514225433e-04   -5.2214984153e-04   -8.9070174195e-04   -1.9363281434e-03   -4.4228781364e-04
  54.3800000   -6.1155048740e-04    1.4541278312e-03    3.3236966983e-03    5.0915309430e-04   -5.1469347162e-04   -8.9029269623e-04   -1.9365488217e-03   -4.4403645596e-04
  54.3900000   -6.2269570823e-04    1.4514314605e-03    3.3242034336e-03    5.1312618419e-04   -5.0721593818e-04   -8.8992480977e-04   -1.9367499863e-03   -4.4578358080e-04
  54.4000000   -6.3382745105e-04    1.4487308606e-03    3.3247368186e-03    5.1705954867e-04   -4.9972627266e-04   -8.8959950021e-04   -1.9369316610e-03   -4.4752911248e-04
  54.4100000   -6.4493441627e-04    1.4460239015e-03    3.3252993833e-03    5.2095189925e-04   -4.9223339253e-04   -8.8931757732e-04   -1.9370938553e-03   -4.4927297499e-04
  54.4200000   -6.5600570707e-04    1.4433081976e-03    3.3258927412e-03    5.2480265598e-04   -4.8474594837e-04   -8.8907923322e-04   -1.9372365652e-03   -4.5101509251e-04
  54.4300000   -6.6703110933e-04    1.4405811401e-03    3.3265175673e-03    5.2861195749e-04   -4.7727217720e-04   -8.8888404012e-04   -1.9373597743e-03   -4.5275538978e-04
  54.4400000   -6.7800135001e-04    1.4378399378e-03    3.3271735920e-03    5.3238065898e-04   -4.6981976467e-04   -8.8873095541e-04   -1.9374634549e-03   -4.5449379256e-04
  54.4500000   -6.8890832600e-04    1.4350816661e-03    3.3278596115e-03    5.3611031841e-04   -4.6239571887e-04   -8.8861833423e-04   -1.9375475701e-03   -4.5623022806e-04
  54.4600000   -6.9974529682e-04    1.4323033250e-03    3.3285735150e-03    5.3980317103e-04   -4.5500625761e-04   -8.8854394942e-04   -1.9376120746e-03   -4.5796462533e-04
  54.4700000   -7.1050703504e-04    1.4295019034e-03    3.3293123269e-03    5.4346209284e-04   -4.4765671159e-04   -8.8850501867e-04   -1.9376569170e-03   -4.5969691559e-04
  54.4800000   -7.2118993060e-04    1.4266744509e-03    3.3300722638e-03    5.4709055348e-04   -4.4035144470e-04   -8.8849823862e-04   -1.9376820412e-03   -4.6142703258e-04
  54.4900000   -7.3179204604e-04    1.4238181540e-03    3.3308488050e-03    5.5069255947e-04   -4.3309379313e-04   -8.8851982555e-04   -1.9376873885e-03   -4.6315491291e-04
  54.5000000   -7.4231312199e-04    1.4209304147e-03    3.3316367756e-03    5.5427258885e-04   -4.2588602407e-04   -8.8856556218e-04   -1.9376728990e-03   -4.6488049627e-04
  54.5100000   -7.5275453346e-04    1.4180089317e-03    3.3324304392e-03    5.5783551816e-04   -4.1872931449e-04   -8.8863085025e-04   -1.9376385137e-03   -4.6660372574e-04
  54.5200000   -7.6311919943e-04    1.4150517792e-03    3.3332236010e-03    5.6138654312e-04   -4.1162375044e-04   -8.8871076800e-04   -1.9375841757e-03   -4.6832454797e-04
  54.5300000   -7.7341144986e-04    1.4120574824e-03    3.3340097164e-03    5.6493109446e-04   -4.0456834643e-04   -8.8880013226e-04   -1.9375098323e-03   -4.7004291341e-04
  54.5400000   -7.8363685529e-04    1.4090250878e-03    3.3347820054e-03    5.6847475005e-04   -3.9756108440e-04   -8.8889356400e-04   -1.9374154356e-03   -4.7175877643e-04
  54.5500000   -7.9380202594e-04    1.4059542234e-03    3.3355335699e-03    5.7202314509e-04   -3.9059897126e-04   -8.8898555698e-04   -1.9373009442e-03   -4.7347209548e-04
  54.5600000   -8.0391438768e-04    1.4028451501e-03    3.3362575119e-03    5.7558188169e-04   -3.8367811382e-04   -8.8907054835e-04   -1.9371663242e-03   -4.7518283319e-04
  54.5700000   -8.1398194336e-04    1.3996987984e-03    3.3369470504e-03    5.7915643929e-04   -3.7679380936e-04   -8.8914299043e-04   -1.9370115496e-03   -4.7689095642e-04
  54.5800000   -8.2401302782e-04    1.3965167907e-03    3.3375956354e-03    5.8275208758e-04   -3.6994064991e-04   -8.8919742288e-04   -1.9368366032e-03   -4.7859643633e-04
  54.5900000   -8.3401606561e-04    1.3933014478e-03    3.3381970565e-03    5.8637380314e-04   -3.6311263829e-04   -8.8922854413e-04   -1.9366414768e-03   -4.8029924836e-04
  54.6000000   -8.4399933943e-04    1.3900557768e-03    3.3387455450e-03    5.9002619127e-04   -3.5630331331e-04   -8.8923128125e-04   -1.9364261713e-03   -4.8199937227e-04
  54.6100000   -8.5397077734e-04    1.3867834413e-03    3.3392358672e-03    5.9371341411e-04   -3.4950588179e-04   -8.8920085735e-04   -1.9361906965e-03   -4.8369679204e-04
  54.6200000   -8.6393776548e-04    1.3834887132e-03    3.3396634080e-03    5.9743912638e-04   -3.4271335478e-04   -8.8913285556e-04   -1.9359350708e-03   -4.8539149585e-04
  54.6300000   -8.7390699203e-04    1.3801764058e-03    3.3400242422e-03    6.0120641951e-04   -3.3591868531e-04   -8.8902327866e-04   -1.9356593207e-03   -4.8708347600e-04
  54.6400000   -8.8388432697e-04    1.3768517904e-03    3.3403151945e-03    6.0501777517e-04   -3.2911490499e-04   -8.8886860363e-04   -1.9353634798e-03   -4.8877272876e-04
  54.6500000   -8.9387474017e-04    1.3735204970e-03    3.3405338858e-03    6.0887502879e-04   -3.2229525699e-04   -8.8866583022e-04   -1.9350475883e-03   -4.9045925427e-04
  54.6600000   -9.0388225970e-04    1.3701884014e-03    3.3406787649e-03    6.1277934358e-04   -3.1545332284e-04   -8.8841252292e-04   -1.9347116915e-03   -4.9214305637e-04
  54.6700000   -9.1390996936e-04    1.3668615002e-03    3.3407491271e-03    6.1673119540e-04   -3.0858314066e-04   -8.8810684560e-04   -1.9343558390e-03   -4.9382414246e-04
  54.6800000   -9.2396004415e-04    1.3635457792e-03    3.3407451173e-03    6.2073036866e-04   -3.0167931291e-04   -8.8774758831e-04   -1.9339800831e-03   -4.9550252327e-04
  54.6900000   -9.3403381980e-04    1.3602470741e-03    3.3406677192e-03    6.2477596309e-04   -2.9473710155e-04   -8.8733418586e-04   -1.9335844778e-03   -4.9717821270e-04
  54.7000000   -9.4413189205e-04    1.3569709317e-03    3.3405187311e-03    6.2886641134e-04   -2.8775250906e-04   -8.8686672766e-04   -1.9331690773e-03   -4.9885122756e-04
  54.7100000   -9.5425423947e-04    1.3537224716e-03    3.3403007269e-03    6.3299950690e-04   -2.8072234416e-04   -8.8634595880e-04   -1.9327339349e-03   -5.0052158737e-04
  54.7200000   -9.6440036339e-04    1.3505062536e-03    3.3400170065e-03    6.3717244173e-04   -2.7364427088e-04   -8.8577327212e-04   -1.9322791016e-03   -5.0218931412e-04
  54.7300000   -9.7456943756e-04    1.3473261542e-03    3.3396715327e-03    6.4138185317e-04   -2.6651684074e-04   -8.8515069130e-04   -1.9318046249e-03   -5.0385443200e-04
  54.7400000   -9.8476045992e-04    1.3441852553e-03    3.3392688593e-03    6.4562387886e-04   -2.5933950740e-04   -8.8448084528e-04   -1.9313105479e-03   -5.0551696717e-04
  54.7500000   -9.9497239908e-04    1.3410857491e-03    3.3388140488e-03    6.4989421917e-04   -2.5211262396e-04   -8.8376693401e-04   -1.9307969084e-03   -5.0717694747e-04
  54.7600000   -1.0052043284e-03    1.3380288606e-03    3.3383125842e-03    6.5418820564e-04   -2.4483742323e-04   -8.8301268619e-04   -1.9302637380e-03   -5.0883440217e-04
  54.7700000   -1.0154555412e-03    1.3350147914e-03    3.3377702727e-03    6.5850087461e-04   -2.3751598173e-04   -8.8222230939e-04   -1.9297110619e-03   -5.1048936172e-04
  54.7800000   -1.0257256413e-03    1.3320426856e-03    3.3371931468e-03    6.6282704452e-04   -2.3015116830e-04   -8.8140043321e-04   -1.9291388982e-03   -5.1214185746e-04
  54.7900000   -1.0360146052e-03    1.3291106201e-03    3.3365873617e-03    6.6716139588e-04   -2.2274657873e-04   -8.8055204625e-04   -1.9285472580e-03   -5.1379192136e-04
  54.8000000   -1.0463228121e-03    1.3262156186e-03    3.3359590922e-03    6.7149855238e-04   -2.1530645791e-04   -8.7968242775e-04   -1.9279361455e-03   -5.1543958579e-04
  54.8100000   -1.0566510413e-03    1.3233536906e-03    3.3353144296e-03    6.7583316198e-04   -2.0783561117e-04   -8.7879707484e-04   -1.9273055581e-03   -5.1708488323e-04
  54.8200000   -1.0670004352e-03    1.3205198939e-03    3.3346592817e-03    6.8015997663e-04   -2.0033930690e-04   -8.7790162634e-04   -1.9266554874e-03   -5.1872784610e-04
  54.8300000   -1.0773724321e-03    1.3177084200e-03    3.3339992759e-03    6.8447392943e-04   -1.9282317243e-04   -8.7700178432e-04   -1.9259859196e-03   -5.2036850643e-04
  54.8400000   -1.0877686692e-03    1.3149126991e-03    3.3333396686e-03    6.8877020798e-04   -1.8529308531e-04   -8.7610323443e-04   -1.9252968367e-03   -5.2200689575e-04
  54.8500000   -1.0981908613e-03    1.3121255247e-03    3.3326852602e-03    6.9304432282e-04   -1.7775506226e-04   -8.7521156622e-04   -1.9245882174e-03   -5.2364304481e-04
  54.8600000   -1.1086406615e-03    1.3093391925e-03    3.3320403189e-03    6.9729217007e-04   -1.7021514796e-04   -8.7433219455e-04   -1.9238600387e-03   -5.2527698343e-04
  54.8700000   -1.1191195082e-03    1.3065456516e-03    3.3314085132e-03    7.0151008712e-04   -1.6267930595e-04   -8.7347028330e-04   -1.9231122773e-03   -5.2690874036e-04
  54.8800000   -1.1296284675e-03    1.3037366650e-03    3.3307928549e-03    7.0569490086e-04   -1.5515331358e-04   -8.7263067249e-04   -1.9223449108e-03   -5.2853834308e-04
  54.8900000   -1.1401680771e-03    1.3009039736e-03    3.3301956522e-03    7.0984396751e-04   -1.4764266307e-04   -8.7181780990e-04   -1.9215579199e-03   -5.3016581770e-04
  54.9000000   -1.1507381991e-03    1.2980394622e-03    3.3296184742e-03    7.1395520385e-04   -1.4015247046e-04   -8.7103568822e-04   -1.9207512896e-03   -5.3179118887e-04
  54.9100000   -1.1613378897e-03    1.2951353222e-03    3.3290621284e-03    7.1802710918e-04   -1.3268739405e-04   -8.7028778862e-04   -1.9199250112e-03   -5.3341447967e-04
  54.9200000   -1.1719652910e-03    1.2921842082e-03    3.3285266482e-03    7.2205877799e-04   -1.2525156372e-04   -8.6957703178e-04   -1.9190790833e-03   -5.3503571154e-04
  54.9300000   -1.1826175515e-03    1.2891793838e-03    3.3280112941e-03    7.2604990324e-04   -1.1784852217e-04   -8.6890573686e-04   -1.9182135143e-03   -5.3665490429e-04
  54.9400000   -1.1932907793e-03    1.2861148556e-03    3.3275145660e-03    7.3000077023e-04   -1.1048117910e-04   -8.6827558934e-04   -1.9173283229e-03   -5.3827207602e-04
  54.9500000   -1.2039800315e-03    1.2829854898e-03    3.3270342272e-03    7.3391224140e-04   -1.0315177882e-04   -8.6768761795e-04   -1.9164235398e-03   -5.3988724314e-04
  54.9600000   -1.2146793417e-03    1.2797871123e-03    3.3265673394e-03    7.3778573244e-04   -9.5861881512e-05   -8.6714218130e-04   -1.9154992089e-03   -5.4150042043e-04
  54.9700000   -1.2253817850e-03    1.2765165873e-03    3.3261103079e-03    7.4162318003e-04   -8.8612358363e-05   -8.6663896421e-04   -1.9145553879e-03   -5.4311162101e-04
  54.9800000   -1.2360795811e-03    1.2731718757e-03    3.3256589376e-03    7.4542700210e-04   -8.1403400084e-05   -8.6617698406e-04   -1.9135921490e-03   -5.4472085644e-04
  54.9900000   -1.2467642316e-03    1.2697520712e-03    3.3252084955e-03    7.4920005111e-04   -7.4234538431e-05   -8.6575460676e-04   -1.9126095794e-03   -5.4632813676e-04
