  50.0100000   -2.0694828517e-07    1.7616990540e-07   -6.1343973161e-08    1.0381952265e-06   -7.6406242372e-08    1.1045890058e-08    3.4979772413e-09    1.5083781740e-07
  50.0200000   -2.0313523821e-07    1.5559560195e-07   -5.2116799438e-08    1.0504361547e-06   -7.2792945590e-08    3.5661916261e-10    6.9373664901e-09   -2.6660440888e-08
  50.0300000   -1.9418257253e-07    1.3230111942e-07   -4.1380554248e-08    1.0638163837e-06   -6.9631619215e-08   -1.0764590966e-08    1.0385726379e-08   -2.0319813766e-07
  50.0400000   -1.8064107692e-07    1.0674158930e-07   -2.9314547413e-08    1.0782134771e-06   -6.6979611296e-08   -2.2130635177e-08    1.3819804190e-08   -3.7768006261e-07
  50.0500000   -1.6318750670e-07    7.9422758759e-08   -1.6119728231e-08    1.0934863289e-06   -6.4889288902e-08   -3.3551067475e-08    1.7218549127e-08   -5.4911529188e-07
  50.0600000   -1.4259939743e-07    5.0889605461e-08   -2.0159883390e-09    1.1094772239e-06   -6.3407089956e-08   -4.4835473590e-08    2.0562963362e-08   -7.1661266793e-07
  50.0700000   -1.1972666405e-07    2.1714008692e-08    1.2761251267e-08    1.1260144718e-06   -6.2572674494e-08   -5.5796785516e-08    2.3835987259e-08   -8.7937622853e-07
  50.0800000   -9.5461020629e-08   -7.5182501203e-09    2.7964610074e-08    1.1429153981e-06   -6.2418058198e-08   -6.6254545266e-08    2.7022373528e-08   -1.0367007143e-06
  50.0900000   -5.0867234083e-08   -2.1420205665e-08    4.9688957952e-08    1.1532410859e-06   -6.2966897931e-08   -7.6038081320e-08    3.0108560304e-08   -1.1879670843e-06
  50.1000000   -1.4363276885e-08   -4.6309616170e-08    6.4842946719e-08    1.1692213325e-06   -6.4233845710e-08   -8.4989436742e-08    3.3082558993e-08   -1.3326380954e-06
  50.1100000    2.2148341511e-08   -6.9854546963e-08    7.9532277479e-08    1.1852233056e-06   -6.6224041035e-08   -9.2966110542e-08    3.5933838751e-08   -1.4702539263e-06
  50.1200000    5.8184593759e-08   -9.1614909720e-08    9.3508783641e-08    1.2010701840e-06   -6.8932652573e-08   -9.9843482504e-08    3.8653231173e-08   -1.6004278630e-06
  50.1300000    9.3276837947e-08   -1.1118638324e-07    1.0653617251e-07    1.2165850045e-06   -7.2344651756e-08   -1.0551695746e-07    4.1232814726e-08   -1.7228420863e-06
  50.1400000    1.2697802842e-07   -1.2820798135e-07    1.1839376276e-07    1.2315932134e-06   -7.6434664349e-08   -1.0990368159e-07    4.3665834604e-08   -1.8372435095e-06
  50.1500000    1.5886917607e-07   -1.4236894347e-07    1.2887988680e-07    1.2459252920e-06   -8.1166986233e-08   -1.1294393250e-07    4.5946619942e-08   -1.9434397214e-06
  50.1600000    1.8856516579e-07   -1.5341442534e-07    1.3781500062e-07    1.2594192950e-06   -8.6495789359e-08   -1.1460203833e-07    4.8070479932e-08   -2.0412950291e-06
  50.1700000    2.1571979713e-07   -1.6115028079e-07    1.4504446447e-07    1.2719232273e-06   -9.2365440120e-08   -1.1486692201e-07    5.0033646329e-08   -2.1307265803e-06
  50.1800000    2.4002996865e-07   -1.6544645783e-07    1.5044082232e-07    1.2832973663e-06   -9.8711038914e-08   -1.1375214953e-07    5.1833203711e-08   -2.2117006042e-06
  50.1900000    2.6123899126e-07   -1.6623946702e-07    1.5390571172e-07    1.2934163389e-06   -1.0545907843e-07   -1.1129557484e-07    5.3467009554e-08   -2.2842287711e-06
  50.2000000    2.7913893106e-07   -1.6353324653e-07    1.5537126119e-07    1.3021709851e-06   -1.1252826888e-07   -1.0755854793e-07    5.4933654102e-08   -2.3483646373e-06
  50.2100000    2.9357225707e-07   -1.5739900122e-07    1.5480103232e-07    1.3094700135e-06   -1.1983053746e-07   -1.0262470555e-07    5.6232399135e-08   -2.4042002149e-06
  50.2200000    3.0443238823e-07   -1.4797359020e-07    1.5219046059e-07    1.3152413732e-06   -1.2727214661e-07   -9.6598359039e-08    5.7363132740e-08   -2.4518626819e-06
  50.2300000    3.1166368203e-07   -1.3545671152e-07    1.4756676869e-07    1.3194332880e-06   -1.3475494851e-07   -8.9602521854e-08    5.8326324816e-08   -2.4915111716e-06
  50.2400000    3.1526042467e-07   -1.2010687458e-07    1.4098842209e-07    1.3220150659e-06   -1.4217776798e-07   -8.1776617784e-08    5.9122991571e-08   -2.5233337190e-06
  50.2500000    3.1526525202e-07   -1.0223621333e-07    1.3254410778e-07    1.3229774838e-06   -1.4943785132e-07   -7.3273906424e-08    5.9754659713e-08   -2.5475443002e-06
  50.2600000    3.1176696694e-07   -8.2204322319e-08    1.2235123143e-07    1.3223329402e-06   -1.5643243968e-07   -6.4258654431e-08    6.0223346769e-08   -2.5643800050e-06
  50.2700000    3.0489760523e-07   -6.0411109847e-08    1.1055401709e-07    1.3201151933e-06   -1.6306032966e-07   -5.4903136531e-08    6.0531523240e-08   -2.5740983496e-06
  50.2800000    2.9482932683e-07   -3.7288915150e-08    9.7321176981e-08    1.3163788430e-06   -1.6922354522e-07   -4.5384473527e-08    6.0682095445e-08   -2.5769746714e-06
  50.2900000    2.8177060956e-07   -1.3294006735e-08    8.2843268423e-08    1.3111984122e-06   -1.7482893283e-07   -3.5881436837e-08    6.0678392913e-08   -2.5732996967e-06
  50.3000000    2.6596224547e-07    1.1102455474e-08    6.7329709799e-08    1.3046672246e-06   -1.7978976879e-07   -2.6571210636e-08    6.0524137176e-08   -2.5633771703e-06
  50.3100000    2.4767312045e-07    3.5423614954e-08    5.1005555813e-08    1.2968959145e-06   -1.8402736605e-07   -1.7626179568e-08    6.0223442392e-08   -2.5475216628e-06
  50.3200000    2.2719569646e-07    5.9196303074e-08    3.4108066774e-08    1.2880106886e-06   -1.8747248196e-07   -9.2108498685e-09    5.9780782632e-08   -2.5260564668e-06
  50.3300000    2.0484145952e-07    8.1960330351e-08    1.6883094466e-08    1.2781514356e-06   -1.9006673200e-07   -1.4788930926e-09    5.9200999414e-08   -2.4993116114e-06
  50.3400000    1.8093621837e-07    1.0327738913e-07   -4.1858140941e-10    1.2674695211e-06   -1.9176380851e-07    5.4296087555e-09    5.8489274553e-08   -2.4676219925e-06
  50.3500000    1.5581545084e-07    1.2273962099e-07   -1.7544984364e-08    1.2561254820e-06   -1.9253054822e-07    1.1390608349e-08    5.7651117094e-08   -2.4313256336e-06
  50.3600000    1.2981969315e-07    1.3997745700e-07   -3.4246646317e-08    1.2442866112e-06   -1.9234784622e-07    1.6298317427e-08    5.6692360114e-08   -2.3907620371e-06
  50.3700000    1.0328995834e-07    1.5466665959e-07   -5.0280253340e-08    1.2321244161e-06   -1.9121129380e-07    2.0067043680e-08    5.5619135369e-08   -2.3462706577e-06
  50.3800000    7.6563322276e-08    1.6653445292e-07   -6.5412123718e-08    1.2198120395e-06   -1.8913168073e-07    2.2632653223e-08    5.4437865717e-08   -2.2981894790e-06
  50.3900000    4.9968610870e-08    1.7536454688e-07   -7.9421557403e-08    1.2075217049e-06   -1.8613517705e-07    2.3953690038e-08    5.3155250563e-08   -2.2468536942e-06
  50.4000000    2.3822485559e-08    1.8100096598e-07   -9.2103940739e-08    1.1954221500e-06   -1.8226330857e-07    2.4012002711e-08    5.1778236353e-08   -2.1925944943e-06
  50.4100000   -1.5744474844e-09    1.8335068326e-07   -1.0327352892e-07    1.1836761967e-06   -1.7757265081e-07    2.2812988650e-08    5.0314003424e-08   -2.1357379358e-06
  50.4200000   -2.5941111666e-08    1.8238483157e-07   -1.1276600565e-07    1.1724384018e-06   -1.7213427408e-07    2.0385420045e-08    4.8769949299e-08   -2.0766039386e-06
  50.4300000   -4.9019085990e-08    1.7813874822e-07   -1.2044065333e-07    1.1618528461e-06   -1.6603292026e-07    1.6780816310e-08    4.7153654359e-08   -2.0155053455e-06
  50.4400000   -7.0575532006e-08    1.7071061482e-07   -1.2618214573e-07    1.1520511408e-06   -1.5936589865e-07    1.2072394428e-08    4.5472855820e-08   -1.9527470844e-06
  50.4500000   -9.0405504966e-08    1.6025879429e-07   -1.2990196433e-07    1.1431506346e-06   -1.5224178259e-07    6.3536768234e-09    4.3735425079e-08   -1.8886254010e-06
  50.4600000   -1.0833401280e-07    1.4699806565e-07   -1.3153940641e-07    1.1352528626e-06   -1.4477883973e-07   -2.6335745178e-10    4.1949342111e-08   -1.8234272122e-06
  50.4700000   -1.2421755505e-07    1.3119466705e-07   -1.3106216825e-07    1.1284422563e-06   -1.3710324845e-07   -7.6503505042e-09    4.0122640218e-08   -1.7574294986e-06
  50.4800000   -1.3794522113e-07    1.1316042901e-07   -1.2846650374e-07    1.1227851335e-06   -1.2934716283e-07   -1.5665022251e-08    3.8263392766e-08   -1.6908987938e-06
  50.4900000   -1.4943927097e-07    9.3245968013e-08   -1.2377700136e-07    1.1183289756e-06   -1.2164659460e-07   -2.4153858104e-08    3.6379677214e-08   -1.6240907460e-06
  50.5000000   -1.5865529128e-07    7.1833277380e-08   -1.1704589315e-07    1.1151019997e-06   -1.1413917200e-07   -3.2954962174e-08    3.4479518373e-08   -1.5572497383e-06
  50.5100000   -1.6558177107e-07    4.9327793305e-08   -1.0835204100e-07    1.1131130483e-06   -1.0696183241e-07   -4.1901090639e-08    3.2570866455e-08   -1.4906085813e-06
  50.5200000   -1.7023923787e-07    2.6150064302e-08   -9.7799515509e-08    1.1123517475e-06   -1.0024843707e-07   -5.0822786444e-08    3.0661554688e-08   -1.4243882846e-06
  50.5300000   -1.7267893156e-07    2.7273300783e-09   -8.5515846168e-08    1.1127889762e-06   -9.4127408058e-08   -5.9551507635e-08    2.8759259698e-08   -1.3587978458e-06
  50.5400000   -1.7298104929e-07   -2.0514897406e-08   -7.1649942646e-08    1.1143775950e-06   -8.8719372766e-08   -6.7922779924e-08    2.6871453665e-08   -1.2940341436e-06
  50.5500000   -1.7125249380e-07   -4.3161081452e-08   -5.6369776373e-08    1.1170534353e-06   -8.4134909191e-08   -7.5779231787e-08    2.5005379322e-08   -1.2302818532e-06
  50.5600000   -1.6762428149e-07   -6.4813448106e-08   -3.9859824669e-08    1.1207365381e-06   -8.0472402887e-08   -8.2973497170e-08    2.3167995790e-08   -1.1677134194e-06
  50.5700000   -1.6224868192e-07   -8.5099339831e-08   -2.2318295515e-08    1.1253325961e-06   -7.7816052414e-08   -8.9370949663e-08    2.1365958002e-08   -1.1064890699e-06
  50.5800000   -1.5529600263e-07   -1.0367781915e-07   -3.9542251863e-09    1.1307345908e-06   -7.6234112466e-08   -9.4852164510e-08    1.9605567763e-08   -1.0467568908e-06
  50.5900000   -1.4695117452e-07   -1.2024559619e-07    1.5015503519e-08    1.1368245669e-06   -7.5777332112e-08   -9.9315133240e-08    1.7892746142e-08   -9.8865291024e-07
  50.6000000   -1.3741019014e-07   -1.3454197350e-07    3.4369253514e-08    1.1434755494e-06   -7.6477696240e-08   -1.0267708205e-07    1.6233001605e-08   -9.3230124781e-07
  50.6100000   -1.2687651472e-07   -1.4635286091e-07    5.3883648380e-08    1.1505535657e-06   -7.8347460550e-08   -1.0487600148e-07    1.4631409350e-08   -8.7781428672e-07
  50.6200000   -1.1555728736e-07   -1.5551383370e-07    7.3336623716e-08    1.1579197053e-06   -8.1378526334e-08   -1.0587175392e-07    1.3092571828e-08   -8.2529286854e-07
  50.6300000   -1.0365981647e-07   -1.6191212095e-07    9.2510327188e-08    1.1654322045e-06   -8.5542141617e-08   -1.0564676375e-07    1.1620607248e-08   -7.7482653811e-07
  50.6400000   -9.1388006964e-08   -1.6548753146e-07    1.1119396537e-07    1.1729485483e-06   -9.0788977333e-08   -1.0420628878e-07    1.0219130327e-08   -7.2649379163e-07
  50.6500000   -7.8939044828e-08   -1.6623236459e-07    1.2918638914e-07    1.1803275212e-06   -9.7049574987e-08   -1.0157828551e-07    8.8912476936e-09   -6.8036234772e-07
  50.6600000   -6.6500299518e-08   -1.6419037926e-07    1.4629855281e-07    1.1874312086e-06   -1.0423514878e-07   -9.7812823265e-08    7.6395185716e-09   -6.3648946710e-07
  50.6700000   -5.4246447837e-08   -1.5945479771e-07    1.6235569924e-07    1.1941268460e-06   -1.1223876369e-07   -9.2981088166e-08    6.4659882369e-09   -5.9492226642e-07
  50.6800000   -4.2337084408e-08   -1.5216544205e-07    1.7719928400e-07    1.2002886643e-06   -1.2093685499e-07   -8.7174015725e-08    5.3721607739e-09   -5.5569804739e-07
  50.6900000   -3.0914537274e-08   -1.4250507375e-07    1.9068861271e-07    1.2057994621e-06   -1.3019108124e-07   -8.0500520738e-08    4.3590081071e-09   -5.1884464346e-07
  50.7000000   -2.0102199597e-08   -1.3069504697e-07    2.0270217465e-07    1.2105521055e-06   -1.3985048025e-07   -7.3085424461e-08    3.4269926024e-09   -4.8438079787e-07
  50.7100000   -1.0003227250e-08   -1.1699047234e-07    2.1313865695e-07    1.2144508140e-06   -1.4975389628e-07   -6.5067073344e-08    2.5760512699e-09   -4.5231651413e-07
  50.7200000   -6.9976192669e-10   -1.0167474565e-07    2.2191763165e-07    1.2174122743e-06   -1.5973261594e-07   -5.6594705469e-08    1.8056380495e-09   -4.2265345700e-07
  50.7300000    7.7476068318e-09   -8.5053829920e-08    2.2897990741e-07    1.2193665220e-06   -1.6961323554e-07   -4.7825622663e-08    1.1147330097e-09   -3.9538531368e-07
  50.7400000    1.5299637036e-08   -6.7450223299e-08    2.3428758290e-07    1.2202576746e-06   -1.7922061684e-07   -3.8922212286e-08    5.0186327882e-10   -3.7049820937e-07
  50.7500000    2.1938045258e-08   -4.9196803457e-08    2.3782376514e-07    1.2200443944e-06   -1.8838097816e-07   -3.0048882177e-08   -3.4867563331e-11   -3.4797109022e-07
  50.7600000    2.7664696199e-08   -3.0630642140e-08    2.3959199332e-07    1.2187001849e-06   -1.9692498599e-07   -2.1368960901e-08   -4.9773690323e-10   -3.2777611981e-07
  50.7700000    3.2500280141e-08   -1.2086816626e-08    2.3961538379e-07    1.2162134637e-06   -2.0469082645e-07   -1.3041626202e-08   -8.8939000809e-10   -3.0987907121e-07
  50.7800000    3.6482863556e-08    6.1074613145e-09    2.3793553027e-07    1.2125874554e-06   -2.1152720553e-07   -5.2189457001e-09   -1.2127850011e-09   -2.9423974714e-07
  50.7900000    3.9665907320e-08    2.3638660173e-08    2.3461116812e-07    1.2078398730e-06   -2.1729622547e-07    1.9569990359e-09   -1.4711700963e-09   -2.8081234588e-07
  50.8000000    4.2116345424e-08    4.0212269288e-08    2.2971663843e-07    1.2020024332e-06   -2.2187603210e-07    8.3567402629e-09   -1.6680299164e-09   -2.6954586984e-07
  50.8100000    4.3912189904e-08    5.5557672959e-08    2.2334021273e-07    1.1951202372e-06   -2.2516324052e-07    1.3865810406e-08   -1.8070520089e-09   -2.6038451379e-07
  50.8200000    4.5140199751e-08    6.9432710909e-08    2.1558225080e-07    1.1872509319e-06   -2.2707508547e-07    1.8386862258e-08   -1.8920880872e-09   -2.5326804133e-07
  50.8300000    4.5893447090e-08    8.1627499376e-08    2.0655331180e-07    1.1784637997e-06   -2.2755120066e-07    2.1841449171e-08   -1.9271058195e-09   -2.4813217486e-07
  50.8400000    4.6268715640e-08    9.1967745477e-08    1.9637220184e-07    1.1688387204e-06   -2.2655505407e-07    2.4171393667e-08   -1.9161457489e-09   -2.4490896471e-07
  50.8500000    4.6364129415e-08    1.0031737849e-07    1.8516398855e-07    1.1584650062e-06   -2.2407495427e-07    2.5339851953e-08   -1.8632872765e-09   -2.4352714227e-07
  50.8600000    4.6276745910e-08    1.0658046058e-07    1.7305807253e-07    1.1474401755e-06   -2.2012463700e-07    2.5331873358e-08   -1.7726056468e-09   -2.4391250016e-07
  50.8700000    4.6100291320e-08    1.1070248248e-07    1.6018629508e-07    1.1358686702e-06   -2.1474339249e-07    2.4154619934e-08   -1.6481311507e-09   -2.4598822363e-07
  50.8800000    4.5923054325e-08    1.1267073914e-07    1.4668115179e-07    1.1238604940e-06   -2.0799575704e-07    2.1837103029e-08   -1.4938056778e-09   -2.4967524077e-07
  50.8900000    4.5825993376e-08    1.1251410872e-07    1.3267413185e-07    1.1115298475e-06   -1.9997071357e-07    1.8429515850e-08   -1.3134648704e-09   -2.5489255122e-07
  50.9000000    4.5881076586e-08    1.1030206359e-07    1.1829418145e-07    1.0989937413e-06   -1.9078047472e-07    1.4002195705e-08   -1.1107898528e-09   -2.6155754847e-07
  50.9100000    4.6149813962e-08    1.0614295450e-07    1.0366640381e-07    1.0863706026e-06   -1.8055882414e-07    8.6441419994e-09   -8.8928893615e-10   -2.6958633859e-07
  50.9200000    4.6682121399e-08    1.0018151034e-07    8.8910866601e-08    1.0737788924e-06   -1.6945901652e-07    2.4612180962e-09   -6.5226314394e-10   -2.7889403399e-07
  50.9300000    4.7515408789e-08    9.2595786801e-08    7.4141681301e-08    1.0613357655e-06   -1.5765136988e-07   -4.4259357519e-09   -4.0278927872e-10   -2.8939504111e-07
  50.9400000    4.8673969198e-08    8.3593403512e-08    5.9466280361e-08    1.0491557451e-06   -1.4532045400e-07   -1.1884361408e-08   -1.4369636822e-10   -3.0100335218e-07
  50.9500000    5.0168551989e-08    7.3407358669e-08    4.4984895121e-08    1.0373494735e-06   -1.3266202911e-07   -1.9771360826e-08    1.2244253745e-10   -3.1363280685e-07
  50.9600000    5.1996385175e-08    6.2291181086e-08    3.0790256508e-08    1.0260224946e-06   -1.1987976906e-07   -2.7937328698e-08    3.9333692432e-10   -3.2719735000e-07
  50.9700000    5.4141258703e-08    5.0513782479e-08    1.6967537543e-08    1.0152741183e-06   -1.0718176064e-07   -3.6228667127e-08    6.6696506355e-10   -3.4161127038e-07
  50.9800000    5.6573950640e-08    3.8354042149e-08    3.5944401001e-09    1.0051963616e-06   -9.4776931795e-08   -4.4490785869e-08    9.4160232780e-10   -3.5678945119e-07
  50.9900000    5.9252901704e-08    2.6095101608e-08   -9.2584888860e-09    9.9587298275e-07   -8.2871395264e-08   -5.2571091043e-08    1.2158000706e-09   -3.7264757452e-07
  51.0000000    6.2124979838e-08    1.4018521173e-08   -2.1527409772e-08    9.8737856955e-07   -7.1664875269e-08   -6.0321910596e-08    1.4883959401e-09   -3.8910233893e-07
  51.0100000    6.5126579620e-08    2.3986037084e-09   -3.3154604572e-08    9.7977775625e-07   -6.1347143660e-08   -6.7603350649e-08    1.7585070521e-09   -4.0607165736e-07
  51.0200000    6.8184845240e-08   -8.5033398280e-09   -4.4087782495e-08    9.7312452469e-07   -5.2094668847e-08   -7.4285931413e-08    2.0255074208e-09   -4.2347482916e-07
  51.0300000    7.1218978185e-08   -1.8444358235e-08   -5.4279305422e-08    9.6746163398e-07   -4.4067444790e-08   -8.0253031438e-08    2.2890260462e-09   -4.4123273513e-07
  51.0400000    7.4141796113e-08   -2.7204902780e-08   -6.3685367053e-08    9.6282012167e-07   -3.7406120111e-08   -8.5403062312e-08    2.5489324033e-09   -4.5926798445e-07
  51.0500000    7.6861363636e-08   -3.4593399986e-08   -7.2265169310e-08    9.5921895436e-07   -3.2229431177e-08   -8.9651328675e-08    2.8053061392e-09   -4.7750505593e-07
  51.0600000    7.9282668392e-08   -4.0450301243e-08   -7.9980124782e-08    9.5666477452e-07   -2.8632049988e-08   -9.2931536007e-08    3.0584255349e-09   -4.9587046163e-07
  51.0700000    8.1309479996e-08   -4.4651403725e-08   -8.6793114746e-08    9.5515176938e-07   -2.6682823534e-08   -9.5196933927e-08    3.3087470854e-09   -5.1429283760e-07
  51.0800000    8.2846113172e-08   -4.7110456636e-08   -9.2667852734e-08    9.5466171011e-07   -2.6423494987e-08   -9.6421058162e-08    3.5568658808e-09   -5.3270308300e-07
  51.0900000    8.3799477605e-08   -4.7780961317e-08   -9.7568309382e-08    9.5516404189e-07   -2.7867890546e-08   -9.6598044254e-08    3.8035047916e-09   -5.5103444777e-07
  51.1000000    8.4080834397e-08   -4.6657097221e-08   -1.0145837770e-07    9.5661615528e-07   -3.1001609661e-08   -9.5742571247e-08    4.0494774638e-09   -5.6922263564e-07
  51.1100000    8.3607779433e-08   -4.3773794425e-08   -1.0430162892e-07    9.5896379340e-07   -3.5782245756e-08   -9.3889337710e-08    4.2956699505e-09   -5.8720587070e-07
  51.1200000    8.2306089277e-08   -3.9205874206e-08   -1.0606130955e-07    9.6214156246e-07   -4.2140079451e-08   -9.1092176002e-08    4.5430054461e-09   -6.0492497484e-07
  51.1300000    8.0111510417e-08   -3.3066338196e-08   -1.0670049578e-07    9.6607359409e-07   -4.9979295476e-08   -8.7422769405e-08    4.7924136628e-09   -6.2232342020e-07
  51.1400000    7.6971426561e-08   -2.5503730893e-08   -1.0618249889e-07    9.7067435218e-07   -5.9179634308e-08   -8.2969014431e-08    5.0448182093e-09   -6.3934738089e-07
  51.1500000    7.2846487184e-08   -1.6698896302e-08   -1.0447147281e-07    9.7584951455e-07   -6.9598527957e-08   -7.7833075672e-08    5.3010983744e-09   -6.5594577160e-07
  51.1600000    6.7711950716e-08   -6.8607135022e-09   -1.0153321085e-07    9.8149704594e-07   -8.1073623293e-08   -7.2129149319e-08    5.5620627630e-09   -6.7207027260e-07
  51.1700000    6.1558969381e-08    3.7784355056e-09   -9.7336186271e-08    9.8750836090e-07   -9.3425628803e-08   -6.5981002322e-08    5.8284373484e-09   -6.8767536206e-07
  51.1800000    5.4395572821e-08    1.4968051949e-08   -9.1852706733e-08    9.9376959041e-07   -1.0646153736e-07   -5.9519329126e-08    6.1008318710e-09   -7.0271830162e-07
  51.1900000    4.6247437233e-08    2.6445041618e-08   -8.5060302172e-08    1.0001629587e-06   -1.1997800721e-07   -5.2878985722e-08    6.3797322996e-09   -7.1715916811e-07
  51.2000000    3.7158366601e-08    3.7939700825e-08   -7.6943202639e-08    1.0065682637e-06   -1.3376498112e-07   -4.6196163315e-08    6.6654671860e-09   -7.3096083368e-07
  51.2100000    2.7190433209e-08    4.9181703073e-08   -6.7493924581e-08    1.0128644086e-06   -1.4760938305e-07   -3.9605518578e-08    6.9582162363e-09   -7.4408894781e-07
  51.2200000    1.6423945322e-08    5.9906162518e-08   -5.6714897210e-08    1.0189310398e-06   -1.6129887836e-07   -3.3237422622e-08    7.2579778730e-09   -7.5651193068e-07
  51.2300000    4.9569076320e-09    6.9859340003e-08   -4.4620134398e-08    1.0246501822e-06   -1.7462557448e-07   -2.7215242514e-08    7.5645695878e-09   -7.6820094608e-07
  51.2400000   -7.0957302456e-09    7.8804335446e-08   -3.1236886172e-08    1.0299079150e-06   -1.8738964210e-07   -2.1652824970e-08    7.8776143303e-09   -7.7912985601e-07
  51.2500000   -1.9603182239e-08    8.6526145496e-08   -1.6607155424e-08    1.0345960880e-06   -1.9940276296e-07   -1.6652200321e-08    8.1965565488e-09   -7.8927519400e-07
  51.2600000   -3.2420319813e-08    9.2836288193e-08   -7.8913094363e-10    1.0386139701e-06   -2.1049134997e-07   -1.2301537220e-08    8.5206389699e-09   -7.9861612394e-07
  51.2700000   -4.5389387202e-08    9.7576645057e-08    1.6141554929e-08    1.0418698843e-06   -2.2049944635e-07   -8.6733994699e-09    8.8489131734e-09   -8.0713438313e-07
  51.2800000   -5.8342104754e-08    1.0062275457e-07    3.4090814284e-08    1.0442827684e-06   -2.2929131651e-07   -5.8233518621e-09    9.1802576341e-09   -8.1481424215e-07
  51.2900000   -7.1101933785e-08    1.0188611887e-07    5.2945367387e-08    1.0457836394e-06   -2.3675360724e-07   -3.7889392794e-09    9.5133640989e-09   -8.2164243243e-07
  51.3000000   -8.3486658802e-08    1.0131580840e-07    7.2572283921e-08    1.0463169339e-06   -2.4279709515e-07   -2.5890303328e-09    9.8467713180e-09   -8.2760810098e-07
  51.3100000   -9.5311118451e-08    9.8899076150e-08    9.2818944468e-08    1.0458417486e-06   -2.4735798943e-07   -2.2236010262e-09    1.0178856609e-08   -8.3270273858e-07
  51.3200000   -1.0638999974e-07    9.4661219126e-08    1.1351334320e-07    1.0443328460e-06   -2.5039867827e-07   -2.6738893349e-09    1.0507881767e-08   -8.3692011529e-07
  51.3300000   -1.1654086848e-07    8.8664521179e-08    1.3446479761e-07    1.0417814956e-06   -2.5190808293e-07   -3.9029739622e-09    1.0831976179e-08   -8.4025622433e-07
  51.3400000   -1.2558714029e-07    8.1006356916e-08    1.5546514467e-07    1.0381961218e-06   -2.5190141752e-07   -5.8567287529e-09    1.1149186006e-08   -8.4270919076e-07
  51.3500000   -1.3336096640e-07    7.1816667885e-08    1.7629032250e-07    1.0336026946e-06   -2.5041952256e-07   -8.4651552829e-09    1.1457482523e-08   -8.4427921294e-07
  51.3600000   -1.3970621799e-07    6.1254656646e-08    1.9670244123e-07    1.0280448485e-06   -2.4752770781e-07   -1.1644041000e-08    1.1754787602e-08   -8.4496848825e-07
  51.3700000   -1.4448115060e-07    4.9504985205e-08    2.1645228482e-07    1.0215837967e-06   -2.4331414015e-07   -1.5296941636e-08    1.2038995959e-08   -8.4478113545e-07
  51.3800000   -1.4756104152e-07    3.6773529905e-08    2.3528220561e-07    1.0142979085e-06   -2.3788784915e-07   -1.9317377465e-08    1.2308012459e-08   -8.4372311023e-07
  51.3900000   -1.4884051298e-07    2.3282648278e-08    2.5292945942e-07    1.0062820441e-06   -2.3137633893e-07   -2.3591303264e-08    1.2559760616e-08   -8.4180214895e-07
  51.4000000   -1.4823554821e-07    9.2664613722e-09    2.6912984635e-07    9.9764658955e-07   -2.2392292511e-07   -2.7999698570e-08    1.2792217134e-08   -8.3902767612e-07
  51.4100000   -1.4568536195e-07   -5.0342040646e-09    2.8362170726e-07    9.8851624002e-07   -2.1568378338e-07   -3.2421259508e-08    1.3003441064e-08   -8.3541072673e-07
  51.4200000   -1.4115376083e-07   -1.9376699392e-08    2.9615011957e-07    9.7902847230e-07   -2.0682480219e-07   -3.6735149513e-08    1.3191588718e-08   -8.3096387952e-07
  51.4300000   -1.3463024124e-07   -3.3521367907e-08    3.0647133203e-07    9.6933179532e-07   -1.9751834351e-07   -4.0823728104e-08    1.3354948394e-08   -8.2570117287e-07
  51.4400000   -1.2613074009e-07   -4.7236154616e-08    3.1435728176e-07    9.5958376755e-07   -1.8793989119e-07   -4.4575210060e-08    1.3491962674e-08   -8.1963801440e-07
  51.4500000   -1.1569791360e-07   -6.0300801938e-08    3.1960016611e-07    9.4994876150e-07   -1.7826476074e-07   -4.7886198448e-08    1.3601240193e-08   -8.1279113589e-07
  51.4600000   -1.0340112005e-07   -7.2510657662e-08    3.2201693218e-07    9.4059559699e-07   -1.6866479970e-07   -5.0664013143e-08    1.3681589346e-08   -8.0517848571e-07
  51.4700000   -8.9336010502e-08   -8.3680067184e-08    3.2145366252e-07    9.3169498938e-07   -1.5930530020e-07   -5.2828795191e-08    1.3732020391e-08   -7.9681916231e-07
  51.4800000   -7.3623772799e-08   -9.3645130085e-08    3.1778973726e-07    9.2341689277e-07   -1.5034205392e-07   -5.4315341401e-08    1.3751774362e-08   -7.8773334945e-07
  51.4900000   -5.6410006621e-08   -1.0226593646e-07    3.1094163994e-07    9.1592776446e-07   -1.4191868502e-07   -5.5074593875e-08    1.3740329516e-08   -7.7794222732e-07
  51.5000000   -3.7863293055e-08   -1.0942821898e-07    3.0086639055e-07    9.0938783023e-07   -1.3416427205e-07   -5.5074768252e-08    1.3697417699e-08   -7.6746790164e-07
  51.5100000   -1.8173507228e-08   -1.1504436173e-07    2.8756450736e-07    9.0394830151e-07   -1.2719130283e-07   -5.4302145002e-08    1.3623023144e-08   -7.5633333861e-07
  51.5200000    2.4501940601e-09   -1.1905388376e-07    2.7108231317e-07    8.9974873531e-07   -1.2109402069e-07   -5.2761413417e-08    1.3517393627e-08   -7.4456227708e-07
  51.5300000    2.3781595365e-08   -1.2142335722e-07    2.5151370826e-07    8.9691444066e-07   -1.1594716719e-07   -5.0475616083e-08    1.3381046773e-08   -7.3217917654e-07
  51.5400000    4.5579848845e-08   -1.2214578636e-07    2.2900113920e-07    8.9555407558e-07   -1.1180515295e-07   -4.7485711970e-08    1.3214750337e-08   -7.1920912206e-07
  51.5500000    6.7592096282e-08   -1.2123949530e-07    2.0373582353e-07    8.9575743776e-07   -1.0870164313e-07   -4.3849727137e-08    1.3019545604e-08   -7.0567777506e-07
  51.5600000    8.9556269167e-08   -1.1874666853e-07    1.7595720735e-07    8.9759349747e-07   -1.0664958200e-07   -3.9641498871e-08    1.2796708256e-08   -6.9161129730e-07
  51.5700000    1.1120398829e-07   -1.1473150395e-07    1.4595152134e-07    9.0110877555e-07   -1.0564161962e-07   -3.4949107085e-08    1.2547767869e-08   -6.7703628337e-07
  51.5800000    1.3226357374e-07   -1.0927810048e-07    1.1404952224e-07    9.0632594611e-07   -1.0565098253e-07   -2.9872941225e-08    1.2274469362e-08   -6.6197969028e-07
  51.5900000    1.5246323110e-07   -1.0248811582e-07    8.0623352080e-08    9.1324290749e-07   -1.0663264356e-07   -2.4523500041e-08    1.1978778138e-08   -6.4646877366e-07
  51.6000000    1.7153414093e-07   -9.4478325142e-08    4.6082558605e-08    9.2183216793e-07   -1.0852490454e-07   -1.9018979380e-08    1.1662845004e-08   -6.3053102277e-07
  51.6100000    1.8921373831e-07   -8.5377995948e-08    1.0869316117e-08    9.3204067045e-07   -1.1125120125e-07   -1.3482630862e-08    1.1328991660e-08   -6.1419410699e-07
  51.6200000    2.0524901387e-07   -7.5326382599e-08   -2.4547151389e-08    9.4379006205e-07   -1.1472222518e-07   -8.0400237335e-09    1.0979690020e-08   -5.9748580322e-07
  51.6300000    2.1939972225e-07   -6.4470147884e-08   -5.9676815825e-08    9.5697732523e-07   -1.1883818666e-07   -2.8162235300e-09    1.0617524971e-08   -5.8043392866e-07
  51.6400000    2.3144165862e-07   -5.2960926611e-08   -9.4015723439e-08    9.7147593776e-07   -1.2349124899e-07    2.0670217726e-09    1.0245186248e-08   -5.6306630117e-07
  51.6500000    2.4116986814e-07   -4.0952993829e-08   -1.2705341947e-07    9.8713736037e-07   -1.2856804586e-07    6.4940861250e-09    9.8654198344e-09   -5.4541066647e-07
  51.6600000    2.4840181347e-07   -2.8601095980e-08   -1.5828079431e-07    1.0037930059e-06   -1.3395219358e-07    1.0358070215e-08    9.4810151258e-09   -5.2749465235e-07
  51.6700000    2.5298036682e-07   -1.6058468479e-08   -1.8719819915e-07    1.0212565192e-06   -1.3952682201e-07    1.3563342433e-08    9.0947572068e-09   -5.0934570335e-07
  51.6800000    2.5477678862e-07   -3.4750717808e-09   -2.1332380065e-07    1.0393265050e-06   -1.4517698065e-07    1.6027756637e-08    8.7094177046e-09   -4.9099104062e-07
  51.6900000    2.5369336521e-07    9.0040406642e-09   -2.3620189982e-07    1.0577894623e-06   -1.5079189588e-07    1.7684651252e-08    8.3277164360e-09   -4.7245758919e-07
  51.7000000    2.4966595996e-07    2.1240019664e-08   -2.5541122987e-07    1.0764230550e-06   -1.5626709814e-07    1.8484507432e-08    7.9522678504e-09   -4.5377196200e-07
  51.7100000    2.4266619385e-07    3.3101478773e-08   -2.7057291143e-07    1.0949995960e-06   -1.6150625492e-07    1.8396236506e-08    7.5855924198e-09   -4.3496038698e-07
  51.7200000    2.3270337880e-07    4.4465374297e-08   -2.8135808726e-07    1.1132896359e-06   -1.6642277859e-07    1.7408086147e-08    7.2300629704e-09   -4.1604866903e-07
  51.7300000    2.1982602399e-07    5.5217851526e-08   -2.8749494833e-07    1.1310657516e-06   -1.7094111987e-07    1.5528135115e-08    6.8878755343e-09   -3.9706215130e-07
  51.7400000    2.0412283997e-07    6.5254852158e-08   -2.8877510952e-07    1.1481062372e-06   -1.7499776125e-07    1.2784345065e-08    6.5610448432e-09   -3.7802566931e-07
  51.7500000    1.8572343096e-07    7.4482597650e-08   -2.8505914816e-07    1.1641988953e-06   -1.7854187614e-07    9.2242035108e-09    6.2513609798e-09   -3.5896351232e-07
  51.7600000    1.6479822019e-07    8.2817980310e-08   -2.7628117599e-07    1.1791446710e-06   -1.8153563886e-07    4.9138952471e-09    5.9603855725e-09   -3.3989940093e-07
  51.7700000    1.4155795310e-07    9.0188839191e-08   -2.6245238306e-07    1.1927610788e-06   -1.8395423226e-07   -6.2885533311e-11    5.6894223651e-09   -3.2085643085e-07
  51.7800000    1.1625252194e-07    9.6534096087e-08   -2.4366338198e-07    1.2048855127e-06   -1.8578551000e-07   -5.6065687493e-09    5.4395043000e-09   -3.0185706550e-07
  51.7900000    8.9169076477e-08    1.0180398626e-07   -2.2008533506e-07    1.2153781618e-06   -1.8702939247e-07   -1.1603660296e-08    5.2114000354e-09   -2.8292309052e-07
  51.8000000    6.0629508457e-08    1.0596006551e-07   -1.9196974673e-07    1.2241246416e-06   -1.8769695004e-07   -1.7929049982e-08    5.0055784061e-09   -2.6407559337e-07
  51.8100000    3.0987251073e-08    1.0897528226e-07   -1.5964697921e-07    1.2310382125e-06   -1.8780926848e-07   -2.4448591271e-08    4.8222225551e-09   -2.4533494151e-07
  51.8200000    6.2335984214e-10    1.1083408559e-07   -1.2352329394e-07    1.2360615344e-06   -1.8739613009e-07   -3.1021869436e-08    4.6612250358e-09   -2.2672076401e-07
  51.8300000   -3.0058060162e-08    1.1153235817e-07   -8.4076657802e-08    1.2391679550e-06   -1.8649449898e-07   -3.7505178715e-08    4.5221865959e-09   -2.0825192806e-07
  51.8400000   -6.0634970411e-08    1.1107749025e-07   -4.1851110799e-08    1.2403622837e-06   -1.8514692670e-07   -4.3754590366e-08    4.4044342004e-09   -1.8994653322e-07
  51.8500000   -9.0673238579e-08    1.0948828432e-07    2.5500579031e-09    1.2396810196e-06   -1.8339989167e-07   -4.9629065658e-08    4.3070170441e-09   -1.7182188252e-07
  51.8600000   -1.1973281533e-07    1.0679502137e-07    4.8472408535e-08    1.2371920376e-06   -1.8130207846e-07   -5.4993514698e-08    4.2287281260e-09   -1.5389448866e-07
  51.8700000   -1.4737432988e-07    1.0303927547e-07    9.5219451857e-08    1.2329937117e-06   -1.7890277279e-07   -5.9721812793e-08    4.1681162188e-09   -1.3618006503e-07
  51.8800000   -1.7316614659e-07    9.8273854773e-08    1.4206284187e-07    1.2272135260e-06   -1.7625026697e-07   -6.3699620538e-08    4.1235192025e-09   -1.1869350793e-07
  51.8900000   -1.9669135254e-07    9.2562566453e-08    1.8825328582e-07    1.2200061095e-06   -1.7339043189e-07   -6.6827011869e-08    4.0930637389e-09   -1.0144891308e-07
  51.9000000   -2.1755503157e-07    8.5979934224e-08    2.3303222591e-07    1.2115508103e-06   -1.7036543901e-07   -6.9020817670e-08    4.0747114102e-09   -8.4459556229e-08
  51.9100000   -2.3539133020e-07    7.8610777694e-08    2.7564390416e-07    1.2020488008e-06   -1.6721268912e-07   -7.0216632470e-08    4.0662827741e-09   -6.7737912848e-08
  51.9200000   -2.4987030410e-07    7.0549708688e-08    3.1534781397e-07    1.1917197308e-06   -1.6396398584e-07   -7.0370470515e-08    4.0654654162e-09   -5.1295658019e-08
  51.9300000   -2.6070448534e-07    6.1900461429e-08    3.5143118547e-07    1.1807980942e-06   -1.6064492626e-07   -6.9459992601e-08    4.0698833597e-09   -3.5143663462e-08
  51.9400000   -2.6765482723e-07    5.2775015374e-08    3.8322139349e-07    1.1695292073e-06   -1.5727459342e-07   -6.7485304159e-08    4.0771030288e-09   -1.9292019909e-08
  51.9500000   -2.7053614962e-07    4.3292615571e-08    4.1009797508e-07    1.1581650173e-06   -1.5386552823e-07   -6.4469274134e-08    4.0846599575e-09   -3.7500462561e-09
  51.9600000   -2.6922167973e-07    3.3578555878e-08    4.3150417875e-07    1.1469597045e-06   -1.5042393633e-07   -6.0457397787e-08    4.0901255158e-09    1.1473710439e-08
  51.9700000   -2.6364682218e-07    2.3762773904e-08    4.4695766726e-07    1.1361652316e-06   -1.4695021462e-07   -5.5517155078e-08    4.0911072514e-09    2.6371441471e-08
  51.9800000   -2.5381181915e-07    1.3978291174e-08    4.5606032619e-07    1.1260268888e-06   -1.4343967703e-07   -4.9736931577e-08    4.0852971593e-09    4.0936070766e-08
  51.9900000   -2.3978346862e-07    4.3594124463e-09    4.5850688185e-07    1.1167788635e-06   -1.3988353398e-07   -4.3224485700e-08    4.0705039936e-09    5.5161242961e-08
  52.0000000   -2.2169562469e-07   -4.9600866994e-09    4.5409220236e-07    1.1086400379e-06   -1.3627008481e-07   -3.6104929218e-08    4.0446824619e-09    6.9041287757e-08
  52.0100000   -1.9974853953e-07   -1.3849180106e-08    4.4271707181e-07    1.1018099479e-06   -1.3258598985e-07   -2.8518408995e-08    4.0059548159e-09    8.2571220654e-08
  52.0200000   -1.7420704236e-07   -2.2181623839e-08    4.2439242758e-07    1.0964650908e-06   -1.2881777994e-07   -2.0617390069e-08    3.9526484784e-09    9.5746703945e-08
  52.0300000   -1.4539746786e-07   -2.9838229171e-08    3.9924175296e-07    1.0927556011e-06   -1.2495331750e-07   -1.2563661582e-08    3.8833176909e-09    1.0856403240e-07
  52.0400000   -1.1370354034e-07   -3.6709116337e-08    3.6750172625e-07    1.0908023195e-06   -1.2098335184e-07   -4.5251104047e-09    3.7967531082e-09    1.2102011769e-07
  52.0500000   -7.9560984691e-08   -4.2695937587e-08    3.2952095805e-07    1.0906944186e-06   -1.1690302448e-07    3.3276848519e-09    3.6920262969e-09    1.3311245576e-07
  52.0600000   -4.3451287480e-08   -4.7713996463e-08    2.8575683676e-07    1.0924875163e-06   -1.1271328271e-07    1.0824967434e-08    3.5684658084e-09    1.4483910375e-07
  52.0700000   -5.8944366597e-09   -5.1694169139e-08    2.3677050765e-07    1.0962023964e-06   -1.0842218489e-07    1.7801303939e-08    3.4256976152e-09    1.5619866172e-07
  52.0800000    3.2559096306e-08   -5.4584734940e-08    1.8321997335e-07    1.1018243123e-06   -1.0404601177e-07    2.4099077809e-08    3.2636485490e-09    1.6719024745e-07
  52.0900000    7.1337076491e-08   -5.6352801341e-08    1.2585145146e-07    1.1093029111e-06   -9.9610172781e-08    2.9571891661e-08    3.0825402883e-09    1.7781347198e-07
  52.1000000    1.0985471649e-07   -5.6985485736e-08    6.5489046349e-08    1.1185528125e-06   -9.5149844183e-08    3.4087727363e-08    2.8828817361e-09    1.8806841591e-07
  52.1100000    1.4752418036e-07   -5.6490676419e-08    3.0229277627e-09    1.1294547696e-06   -9.0710333912e-08    3.7531906502e-08    2.6654855738e-09    1.9795561155e-07
  52.1200000    1.8376429072e-07   -5.4897332600e-08   -6.0603849192e-08    1.1418574354e-06   -8.6347090655e-08    3.9809692063e-08    2.4314420307e-09    2.0747600986e-07
  52.1300000    2.1801031045e-07   -5.2255353760e-08   -1.2440973296e-07    1.1555797498e-06   -8.2125444504e-08    4.0848570730e-08    2.1821111668e-09    2.1663096356e-07
  52.1400000    2.4972336660e-07   -4.8634946346e-08   -1.8738994651e-07    1.1704137941e-06   -7.8119947263e-08    4.0600070240e-08    1.9190972222e-09    2.2542221227e-07
  52.1500000    2.7839967742e-07   -4.4125476516e-08   -2.4853243794e-07    1.1861281928e-06   -7.4413424889e-08    3.9041108251e-08    1.6442450516e-09    2.3385184700e-07
  52.1600000    3.0357916165e-07   -3.8833763048e-08   -3.0683433991e-07    1.2024719087e-06   -7.1095659870e-08    3.6174892281e-08    1.3596008148e-09    2.4192230538e-07
  52.1700000    3.2485330869e-07   -3.2882010458e-08   -3.6131856681e-07    1.2191783856e-06   -6.8261781222e-08    3.2031257845e-08    1.0673867033e-09    2.4963634449e-07
  52.1800000    3.4187229308e-07   -2.6405179653e-08   -4.1105026046e-07    1.2359700535e-06   -6.6010363529e-08    2.6666476371e-08    7.6998303654e-10    2.5699701752e-07
  52.1900000    3.5435109863e-07   -1.9547970165e-08   -4.5515292669e-07    1.2525629667e-06   -6.4441288631e-08    2.0162547867e-08    4.6988904093e-10    2.6400766305e-07
  52.2000000    3.6207447041e-07   -1.2461494177e-08   -4.9282380547e-07    1.2686716248e-06   -6.3653411089e-08    1.2625942888e-08    1.6968492224e-10    2.7067188978e-07
  52.2100000    3.6490080204e-07   -5.2997202265e-09   -5.2334837843e-07    1.2840137998e-06   -6.3742036745e-08    4.1858593168e-09   -1.2800873652e-10    2.7699355449e-07
  52.2200000    3.6276471976e-07    1.7843659708e-09   -5.4611358844e-07    1.2983153625e-06   -6.4796340210e-08   -5.0080295620e-09   -4.2054031164e-10    2.8297675149e-07
  52.2300000    3.5567827018e-07    8.6424782736e-09   -5.6061968253e-07    1.3113149512e-06   -6.6896753476e-08   -1.4788256245e-08   -7.0528940638e-10    2.8862579108e-07
  52.2400000    3.4373098290e-07    1.5134829707e-08   -5.6649027838e-07    1.3227684506e-06   -7.0112340231e-08   -2.4972596290e-08   -9.7969165330e-10    2.9394520156e-07
  52.2500000    3.2708842174e-07    2.1133767182e-08   -5.6348061291e-07    1.3324531791e-06   -7.4498298808e-08   -3.5367519055e-08   -1.2412827685e-09    2.9893970216e-07
  52.2600000    3.0598954007e-07    2.6527079823e-08   -5.5148370263e-07    1.3401717026e-06   -8.0093638302e-08   -4.5771834740e-08   -1.4877159836e-09    3.0361420086e-07
  52.2700000    2.8074279621e-07    3.1220913374e-08   -5.3053432531e-07    1.3457552322e-06   -8.6919047734e-08   -5.5980582120e-08   -1.7168121006e-09    3.0797377161e-07
  52.2800000    2.5172102989e-07    3.5142244130e-08   -5.0081066927e-07    1.3490665111e-06   -9.4975065651e-08   -6.5789019815e-08   -1.9265852486e-09    3.1202366532e-07
  52.2900000    2.1935535357e-07    3.8240788584e-08   -4.6263364906e-07    1.3500021768e-06   -1.0424063454e-07   -7.4996703358e-08   -2.1152638840e-09    3.1576928505e-07
  52.3000000    1.8412800806e-07    4.0490148597e-08   -4.1646378673e-07    1.3484945345e-06   -1.1467196578e-07   -8.3411492485e-08   -2.2813195830e-09    3.1921617617e-07
  52.3100000    1.4656449341e-07    4.1888444105e-08   -3.6289578982e-07    1.3445126978e-06   -1.2620192700e-07   -9.0853463459e-08   -2.4234929814e-09    3.2237003250e-07
  52.3200000    1.0722485483e-07    4.2457968842e-08   -3.0265071110e-07    1.3380631276e-06   -1.3873986259e-07   -9.7158649621e-08   -2.5408116256e-09    3.2523667833e-07
  52.3300000    6.6694644006e-08    4.2244339178e-08   -2.3656596750e-07    1.3291894886e-06   -1.5217193654e-07   -1.0218246836e-07   -2.6325955006e-09    3.2782206482e-07
  52.3400000    2.5575348325e-08    4.1314690313e-08   -1.6558322961e-07    1.3179718931e-06   -1.6636191917e-07   -1.0580287981e-07   -2.6984806704e-09    3.3013226433e-07
  52.3500000   -1.5525194522e-08    3.9755349897e-08   -9.0734440017e-08    1.3045254932e-06   -1.8115261093e-07   -1.0792306576e-07   -2.7384140090e-09    3.3217346847e-07
  52.3600000   -5.6002545323e-08    3.7668773768e-08   -1.3126061036e-08    1.2889985165e-06   -1.9636766586e-07   -1.0847373838e-07   -2.7526574320e-09    3.3395196306e-07
  52.3700000   -9.5265113089e-08    3.5169934222e-08    6.6078009581e-08    1.2715696544e-06   -2.1181394818e-07   -1.0741485461e-07   -2.7417853899e-09    3.3547415775e-07
  52.3800000   -1.3274346822e-07    3.2382405681e-08    1.4567484137e-07    1.2524450432e-06   -2.2728434660e-07   -1.0473684552e-07   -2.7066836535e-09    3.3674654202e-07
  52.3900000   -1.6789889439e-07    2.9433936915e-08    2.2444164445e-07    1.2318546831e-06   -2.4256099111e-07   -1.0046124219e-07   -2.6485267103e-09    3.3777571358e-07
  52.4000000   -2.0023166187e-07    2.6452033138e-08    3.0115557039e-07    1.2100485277e-06   -2.5741883117e-07   -9.4640685993e-08   -2.5687702193e-09    3.3856834925e-07
  52.4100000   -2.2928821595e-07    2.3559399898e-08    3.7461374850e-07    1.1872922095e-06   -2.7162951438e-07   -8.7358390766e-08   -2.4691239362e-09    3.3913120839e-07
  52.4200000   -2.5466777728e-07    2.0869662810e-08    4.4365318018e-07    1.1638625474e-06   -2.8496547231e-07   -7.8726934219e-08   -2.3515406829e-09    3.3947112908e-07
  52.4300000   -2.7602776880e-07    1.8483219359e-08    5.0717023242e-07    1.1400428352e-06   -2.9720419713e-07   -6.8886520754e-08   -2.2181770791e-09    3.3959501714e-07
  52.4400000   -2.9308840110e-07    1.6483650167e-08    5.6413937516e-07    1.1161181126e-06   -3.0813252303e-07   -5.8002673556e-08   -2.0713640133e-09    3.3950984127e-07
  52.4500000   -3.0563603406e-07    1.4934594612e-08    6.1363073022e-07    1.0923703672e-06   -3.1755093016e-07   -4.6263400941e-08   -1.9135843013e-09    3.3922262213e-07
  52.4600000   -3.1352553459e-07    1.3877520172e-08    6.5482627025e-07    1.0690738955e-06   -3.2527770193e-07   -3.3875894453e-08   -1.7474351525e-09    3.3874044155e-07
  52.4700000   -3.1668142547e-07    1.3329983644e-08    6.8703429224e-07    1.0464907512e-06   -3.3115291823e-07   -2.1062836891e-08   -1.5755804100e-09    3.3807041292e-07
  52.4800000   -3.1509806417e-07    1.3285011589e-08    7.0970191200e-07    1.0248665163e-06   -3.3504211805e-07   -8.0583598878e-09   -1.4007335024e-09    3.3721968143e-07
  52.4900000   -3.0883856750e-07    1.3711238428e-08    7.2242533966e-07    1.0044263199e-06   -3.3683959603e-07    4.8962942558e-09   -1.2255976021e-09    3.3619542016e-07
  52.5000000   -2.9803294797e-07    1.4553965911e-08    7.2495777644e-07    9.8537130893e-07   -3.3647127849e-07    1.7557249799e-08   -1.0528456450e-09    3.3500481117e-07
  52.5100000   -2.8287507580e-07    1.5737140216e-08    7.1721472611e-07    9.6787554398e-07   -3.3389704655e-07    2.9682607506e-08   -8.8507500648e-10    3.3365505209e-07
  52.5200000   -2.6361891539e-07    1.7166147895e-08    6.9927663202e-07    9.5208335614e-07   -3.2911246370e-07    4.1037065988e-08   -7.2477950565e-10    3.3215332275e-07
  52.5300000   -2.4057388868e-07    1.8731269105e-08    6.7138877581e-07    9.3810734118e-07   -3.2214991859e-07    5.1396474391e-08   -5.7429616760e-10    3.3050679143e-07
  52.5400000   -2.1409963099e-07    2.0311830650e-08    6.3395838866e-07    9.2602685492e-07   -3.1307902735e-07    6.0552201542e-08   -4.3579334965e-10    3.2872260067e-07
  52.5500000   -1.8460008385e-07    2.1780841577e-08    5.8754904100e-07    9.1588712638e-07   -3.0200641275e-07    6.8315292643e-08   -3.1123155555e-10    3.2680784987e-07
  52.5600000   -1.5251720326e-07    2.3009898469e-08    5.3287233046e-07    9.0769898515e-07   -2.8907470274e-07    7.4520266880e-08   -2.0233311656e-10    3.2476958912e-07
  52.5700000   -1.1832417861e-07    2.3874293962e-08    4.7077707611e-07    9.0143925193e-07   -2.7446087233e-07    7.9028541830e-08   -1.1056879442e-10    3.2261480441e-07
  52.5800000   -8.2518479768e-08    2.4257980925e-08    4.0223602054e-07    8.9705163172e-07   -2.5837385823e-07    8.1731350786e-08   -3.7128714292e-11    3.2035040282e-07
  52.5900000   -4.5614718386e-08    2.4058464118e-08    3.2833048959e-07    8.9444824190e-07   -2.4105155348e-07    8.2552152974e-08    1.7092472642e-11    3.1798320435e-07
  52.6000000   -8.1374508547e-09    2.3191143642e-08    2.5023302527e-07    8.9351173344e-07   -2.2275712089e-07    8.1448468482e-08    5.1500449532e-11    3.1551992812e-07
  52.6100000    2.9386019458e-08    2.1593160542e-08    1.6918841589e-07    8.9409781483e-07   -2.0377482670e-07    7.8413045698e-08    6.5809785925e-11    3.1296718639e-07
  52.6200000    6.6432762974e-08    1.9226513224e-08    8.6493369153e-08    8.9603833091e-07   -1.8440534445e-07    7.3474420259e-08    6.0057410636e-11    3.1033144911e-07
  52.6300000    1.0249104963e-07    1.6080358759e-08    3.4752449817e-09    8.9914467194e-07   -1.6496066411e-07    6.6696783600e-08    3.4584539851e-11    3.0761905979e-07
  52.6400000    1.3706703671e-07    1.2172236158e-08   -7.8529897023e-08    9.0321155362e-07   -1.4575868836e-07    5.8179181800e-08   -9.9595065955e-12    3.0483621156e-07
  52.6500000    1.6969113441e-07    7.5484785257e-09   -1.5819946420e-07    9.0802102349e-07   -1.2711760931e-07    4.8054044645e-08   -7.2634362837e-11    3.0198892858e-07
  52.6600000    1.9992383405e-07    2.2834332477e-09   -2.3424642654e-07    9.1334674190e-07   -1.0935019849e-07    3.6485084980e-08   -1.5221359599e-10    2.9908307008e-07
  52.6700000    2.2736136761e-07   -3.5222822825e-09   -3.0544083575e-07    9.1895824659e-07   -9.2758084593e-08    2.3664591073e-08   -2.4722561334e-10    2.9612430897e-07
  52.6800000    2.5164069638e-07   -9.7445278600e-09   -3.7063053909e-07    9.2462533035e-07   -7.7626113078e-08    9.8101131201e-09   -3.5595093287e-10    2.9311812954e-07
  52.6900000    2.7244407312e-07   -1.6239240139e-08   -4.2876062932e-07    9.3012238367e-07   -6.4216997385e-08   -4.8392768332e-09   -4.7646826999e-10    2.9006981481e-07
  52.7000000    2.8950300419e-07   -2.2846834342e-08   -4.7889129468e-07    9.3523256840e-07   -5.2766235008e-08   -2.0027236341e-08   -6.0668086536e-10    2.8698443682e-07
  52.7100000    3.0260163212e-07   -2.9397275042e-08   -5.2021383434e-07    9.3975180528e-07   -4.3477463130e-08   -3.5484740883e-08   -7.4433550058e-10    2.8386686322e-07
  52.7200000    3.1157952396e-07   -3.5715549372e-08   -5.5206442424e-07    9.4349251118e-07   -3.6518367852e-08   -5.0934953312e-08   -8.8707327500e-10    2.8072173274e-07
  52.7300000    3.1633370445e-07   -4.1627455059e-08   -5.7393554370e-07    9.4628698361e-07   -3.2017192665e-08   -6.6098276524e-08   -1.0324659131e-09    2.7755346666e-07
  52.7400000    3.1682008246e-07   -4.6965410380e-08   -5.8548467004e-07    9.4799040561e-07   -3.0059923780e-08   -8.0697506792e-08   -1.1780352280e-09    2.7436625753e-07
  52.7500000    3.1305404483e-07   -5.1574188962e-08   -5.8654031299e-07    9.4848340878e-07   -3.0688218842e-08   -9.4463011472e-08   -1.3213195132e-09    2.7116407773e-07
  52.7600000    3.0511036137e-07   -5.5316289288e-08   -5.7710504511e-07    9.4767412976e-07   -3.3898159583e-08   -1.0713778341e-07   -1.4598815222e-09    2.6795065642e-07
  52.7700000    2.9312232756e-07   -5.8076714098e-08   -5.5735560043e-07    9.4549978740e-07   -3.9639814989e-08   -1.1848231055e-07   -1.5913683941e-09    2.6472951299e-07
  52.7800000    2.7728004037e-07   -5.9767167157e-08   -5.2764002619e-07    9.4192767046e-07   -4.7817653081e-08   -1.2827918063e-07   -1.7135395704e-09    2.6150393426e-07
  52.7900000    2.5782789160e-07   -6.0329259018e-08   -4.8847186824e-07    9.3695562522e-07   -5.8291813428e-08   -1.3633727708e-07   -1.8242982799e-09    2.5827698605e-07
  52.8000000    2.3506138097e-07   -5.9736808580e-08   -4.4052154536e-07    9.3061193016e-07   -7.0880202222e-08   -1.4249556094e-07   -1.9217283075e-09    2.5505152029e-07
  52.8100000    2.0932293898e-07   -5.7997072993e-08   -3.8460499220e-07    9.2295465360e-07   -8.5361396272e-08   -1.4662629692e-07   -2.0041255116e-09    2.5183018214e-07
  52.8200000    1.8099715388e-07   -5.5150772009e-08   -3.2166986805e-07    9.1407046334e-07   -1.0147830247e-07   -1.4863770731e-07   -2.0700198322e-09    2.4861540903e-07
  52.8300000    1.5050530623e-07   -5.1271186870e-08   -2.5277941071e-07    9.0407291097e-07   -1.1894251814e-07   -1.4847595062e-07   -2.1182032578e-09    2.4540945066e-07
  52.8400000    1.1829914768e-07   -4.6461872889e-08   -1.7909437321e-07    8.9310027180e-07   -1.3743929526e-07   -1.4612644321e-07   -2.1477404043e-09    2.4221437365e-07
  52.8500000    8.4854192379e-08   -4.0853548753e-08   -1.0185322710e-07    8.8131290505e-07   -1.5663304416e-07   -1.4161443219e-07   -2.1580064422e-09    2.3903206319e-07
  52.8600000    5.0662550195e-08   -3.4600048325e-08   -2.2351071460e-08    8.6889028115e-07   -1.7617326231e-07   -1.3500484472e-07   -2.1486700390e-09    2.3586425720e-07
  52.8700000    1.6225299063e-08   -2.7873286838e-08    5.8082470265e-08    8.5602764407e-07   -1.9570078929e-07   -1.2640141864e-07   -2.1197131641e-09    2.3271253508e-07
  52.8800000   -1.7955252592e-08   -2.0857877346e-08    1.3810590548e-07    8.4293239844e-07   -2.1485426728e-07   -1.1594507219e-07   -2.0714339708e-09    2.2957834818e-07
  52.8900000   -5.1383507625e-08   -1.3745106880e-08    2.1638876059e-07    8.2982034695e-07   -2.3327668178e-07   -1.0381158797e-07   -2.0044455219e-09    2.2646301419e-07
  52.9000000   -8.3578455524e-08   -6.7267582766e-09    2.9163421658e-07    8.1691175465e-07   -2.5062188126e-07   -9.0208634988e-08   -1.9196655597e-09    2.2336775378e-07
  52.9100000   -1.1408134483e-07    1.1098475990e-11    3.6260120287e-07    8.0442735563e-07   -2.6656092897e-07   -7.5372155618e-08   -1.8182997102e-09    2.2029368722e-07
  52.9200000   -1.4246302204e-07    6.2941504042e-09    4.2812544667e-07    7.9258437812e-07   -2.8078818562e-07   -5.9562242724e-08   -1.7018276541e-09    2.1724186069e-07
  52.9300000   -1.6833076566e-07    1.1965393855e-08    4.8713921749e-07    7.8159267442e-07   -2.9302698075e-07   -4.3058496760e-08   -1.5720018005e-09    2.1421324630e-07
  52.9400000   -1.9133448926e-07    1.6890260569e-08    5.3868934654e-07    7.7165093038e-07   -3.0303484617e-07   -2.6154997844e-08   -1.4307868452e-09    2.1120876630e-07
  52.9500000   -2.1117222772e-07    2.0960769217e-08    5.8195325980e-07    7.6294317204e-07   -3.1060804791e-07   -9.1549911453e-09   -1.2803683360e-09    2.0822930415e-07
  52.9600000   -2.2759458670e-07    2.4099008658e-08    6.1625267812e-07    7.5563549692e-07   -3.1558555492e-07    7.6346622221e-09   -1.1230987874e-09    2.0527571999e-07
  52.9700000   -2.4040834606e-07    2.6259371398e-08    6.4106483598e-07    7.4987312607e-07   -3.1785214507e-07    2.3909112389e-08   -9.6147748134e-10    2.0234886434e-07
  52.9800000   -2.4947889611e-07    2.7429835078e-08    6.5603096043e-07    7.4577788132e-07   -3.1734077027e-07    3.9371189017e-08   -7.9810066911e-10    1.9944956462e-07
  52.9900000   -2.5473159799e-07    2.7632113415e-08    6.6096187807e-07    7.4344603138e-07   -3.1403398916e-07    5.3736926731e-08   -6.3564321261e-10    1.9657868854e-07
  53.0000000   -2.5615196328e-07    2.6920539270e-08    6.5584065683e-07    7.4294662303e-07   -3.0796455714e-07    6.6740914180e-08   -4.7680743086e-10    1.9373709623e-07
  53.0100000   -2.5378472650e-07    2.5379955729e-08    6.4082227232e-07    7.4432029894e-07   -2.9921508364e-07    7.8141312334e-08   -3.2429377196e-10    1.9092568506e-07
  53.0200000   -2.4773173466e-07    2.3122631637e-08    6.1623022185e-07    7.4757858380e-07   -2.8791678894e-07    8.7724510567e-08   -1.8075472408e-10    1.8814538335e-07
  53.0300000   -2.3814884343e-07    2.0284068549e-08    5.8255030398e-07    7.5270369299e-07   -2.7424739320e-07    9.5309249179e-08   -4.8758461924e-11    1.8539715531e-07
  53.0400000   -2.2524185156e-07    1.7018313890e-08    5.4042147875e-07    7.5964885776e-07   -2.5842814580e-07    1.0075019391e-07    6.9250002206e-11    1.8268202161e-07
  53.0500000   -2.0926161569e-07    1.3492431121e-08    4.9062418118e-07    7.6833912326e-07   -2.4072007044e-07    1.0394087516e-07    1.7095848381e-10    1.8000103932e-07
  53.0600000   -1.9049834465e-07    9.8806891424e-09    4.3406614167e-07    7.7867264306e-07   -2.2141950310e-07    1.0481592135e-07    2.5427570682e-10    1.7735530940e-07
  53.0700000   -1.6927550392e-07    6.3585413037e-09    3.7176605150e-07    7.9052241773e-07   -2.0085296453e-07    1.0335256181e-07    3.1730282306e-10    1.7474599988e-07
  53.0800000   -1.4594319779e-07    3.0965506135e-09    3.0483532192e-07    8.0373847502e-07   -1.7937150632e-07    9.9571331730e-08    3.5839896264e-10    1.7217431312e-07
  53.0900000   -1.2087139825e-07    2.5455728424e-10    2.3445834685e-07    8.1815039504e-07   -1.5734461274e-07    9.3535982870e-08    3.7618808779e-10    1.6964150256e-07
  53.1000000   -9.4443139061e-08   -2.0238103424e-09    1.6187146845e-07    8.3357018702e-07   -1.3515375894e-07    8.5352647648e-08    3.6958050181e-10    1.6714886658e-07
  53.1100000   -6.7047832627e-08   -3.6159492438e-09    8.8341236733e-08    8.4979546102e-07   -1.1318577970e-07    7.5168161495e-08    3.3779247104e-10    1.6469773324e-07
  53.1200000   -3.9074787986e-08   -4.4244642012e-09    1.5142111521e-08    8.6661279732e-07   -9.1826102306e-08    6.3167644852e-08    2.8036547713e-10    1.6228947122e-07
  53.1300000   -1.0907296751e-08   -4.3803164932e-09   -5.6465795521e-08    8.8380131447e-07   -7.1452039329e-08    4.9571369312e-08    1.9715820349e-10    1.5992546840e-07
  53.1400000    1.7082864693e-08   -3.4451697566e-09   -1.2525868110e-07    9.0113631970e-07   -5.2426240565e-08    3.4630974724e-08    8.8358282186e-11    1.5760712900e-07
  53.1500000    4.4540215160e-08   -1.6125693652e-09   -1.9007022932e-07    9.1839301076e-07   -3.5090360707e-08    1.8625037387e-08   -4.5519951225e-11    1.5533586467e-07
  53.1600000    7.1129723311e-08    1.0919675522e-09   -2.4981171539e-07    9.3535014258e-07   -1.9759158184e-08    1.8541902557e-09   -2.0364055406e-10    1.5311308713e-07
  53.1700000    9.6540070097e-08    4.6118953268e-09   -3.0349062141e-07    9.5179365611e-07   -6.7150595738e-09   -1.5364271844e-08   -3.8485908775e-10    1.5094019197e-07
  53.1800000    1.2048637111e-07    8.8616464114e-09   -3.5022744999e-07    9.6752010499e-07    3.7967240825e-09   -3.2702048780e-08   -5.8773159753e-10    1.4881855471e-07
  53.1900000    1.4271185829e-07    1.3729640528e-08   -3.8927053085e-07    9.8233994756e-07    1.1572371926e-08   -4.9825774118e-08   -8.1054344578e-10    1.4674951400e-07
  53.2000000    1.6298921821e-07    1.9082098590e-08   -4.2000838773e-07    9.9608051946e-07    1.6452932513e-08   -6.6403059120e-08   -1.0513180874e-09    1.4473436237e-07
  53.2100000    1.8112096723e-07    2.4767661453e-08   -4.4197964811e-07    1.0085887759e-06    1.8326991983e-08   -8.2108567324e-08   -1.3078562550e-09    1.4277433922e-07
  53.2200000    1.9693954542e-07    3.0622467888e-08   -4.5488018766e-07    1.0197336272e-06    1.7132514047e-08   -9.6629969740e-08   -1.5777542355e-09    1.4087060978e-07
  53.2300000    2.1030682172e-07    3.6475707941e-08   -4.5856747554e-07    1.0294079541e-06    1.2857819232e-08   -1.0967372874e-07   -1.8584296727e-09    1.3902427002e-07
  53.2400000    2.2111338854e-07    4.2155334121e-08   -4.5306204462e-07    1.0375301556e-06    5.5416746224e-09   -1.2097053430e-07   -2.1471796570e-09    1.3723632164e-07
  53.2500000    2.2927754522e-07    4.7493820378e-08   -4.3854600289e-07    1.0440453286e-06   -4.7274470352e-09   -1.3028035991e-07   -2.4411847661e-09    1.3550766885e-07
  53.2600000    2.3474431513e-07    5.2333648791e-08   -4.1535878023e-07    1.0489259337e-06   -1.7813004183e-08   -1.3739698607e-07   -2.7375677100e-09    1.3383911527e-07
  53.2700000    2.3748437272e-07    5.6532492263e-08   -3.8398999310e-07    1.0521720688e-06   -3.3532830842e-08   -1.4215192601e-07   -3.0334181142e-09    1.3223134312e-07
  53.2800000    2.3749322429e-07    5.9967880344e-08   -3.4506977213e-07    1.0538112276e-06   -5.1662309803e-08   -1.4441773544e-07   -3.3258332487e-09    1.3068491899e-07
  53.2900000    2.3479046273e-07    6.2540990534e-08   -2.9935661218e-07    1.0538976587e-06   -7.1938260479e-08   -1.4411051482e-07   -3.6119508286e-09    1.2920028586e-07
  53.3000000    2.2941931030e-07    6.4179851769e-08   -2.4772299771e-07    1.0525112590e-06   -9.4063526817e-08   -1.4119169648e-07   -3.8889838631e-09    1.2777774973e-07
  53.3100000    2.2144649136e-07    6.4841379469e-08   -1.9113911509e-07    1.0497560651e-06   -1.1771199872e-07   -1.3566898726e-07   -4.1542721525e-09    1.2641748457e-07
  53.3200000    2.1096231878e-07    6.4512686848e-08   -1.3065492157e-07    1.0457583538e-06   -1.4253414962e-07   -1.2759648264e-07   -4.4052832872e-09    1.2511952881e-07
  53.3300000    1.9808103447e-07    6.3211054091e-08   -6.7380885222e-08    1.0406643892e-06   -1.6816294189e-07   -1.1707395476e-07   -4.6396686076e-09    1.2388378884e-07
  53.3400000    1.8294144805e-07    6.0983177820e-08   -2.4678001412e-09    1.0346378801e-06   -1.9421989485e-07   -1.0424528312e-07   -4.8552803042e-09    1.2271003008e-07
  53.3500000    1.6570745892e-07    5.7903167740e-08    6.2914005269e-08    1.0278571201e-06   -2.2032139122e-07   -8.9296109784e-08   -5.0501945666e-09    1.2159788667e-07
  53.3600000    1.4656884240e-07    5.4069852231e-08    1.2759563982e-07    1.0205119607e-06   -2.4608491465e-07   -7.2450723170e-08   -5.2227350752e-09    1.2054686525e-07
  53.3700000    1.2574176591e-07    4.9603077132e-08    1.9043049101e-07    1.0128005634e-06   -2.7113528541e-07   -5.3968229128e-08   -5.3714855531e-09    1.1955634210e-07
  53.3800000    1.0346912905e-07    4.4639446272e-08    2.5031450342e-07    1.0049260871e-06   -2.9511064919e-07   -3.4138091969e-08   -5.4953186223e-09    1.1862557305e-07
  53.3900000    8.0020472703e-08    3.9327505037e-08    3.0620550927e-07    9.9709325370e-07   -3.1766820370e-07   -1.3275102359e-08   -5.5933865541e-09    1.1775370808e-07
  53.4000000    5.5691434708e-08    3.3822471988e-08    3.5714138573e-07    9.8950494968e-07   -3.3848953031e-07    8.2860969806e-09   -5.6651376268e-09    1.1693978715e-07
  53.4100000    3.0802474214e-08    2.8280909453e-08    4.0225657032e-07    9.8235883855e-07   -3.5728545432e-07    3.0196908145e-08   -5.7103152310e-09    1.1618276005e-07
  53.4200000    5.6969844408e-09    2.2855296830e-08    4.4079676488e-07    9.7584411426e-07   -3.7380038171e-07    5.2100875392e-08   -5.7289595621e-09    1.1548147325e-07
  53.4300000   -1.9261665537e-08    1.7688823300e-08    4.7213149330e-07    9.7013837365e-07   -3.8781598379e-07    7.3639978437e-08   -5.7213969243e-09    1.1483471871e-07
  53.4400000   -4.3693718191e-08    1.2910583180e-08    4.9576436579e-07    9.6540466771e-07   -3.9915423308e-07    9.4460953971e-08   -5.6882320690e-09    1.1424120482e-07
  53.4500000   -6.7207702904e-08    8.6312711080e-09    5.1134081104e-07    9.6178886459e-07   -4.0767973237e-07    1.1422155342e-07   -5.6303358795e-09    1.1369960243e-07
  53.4600000   -8.9406077354e-08    4.9395590534e-09    5.1865321220e-07    9.5941720660e-07   -4.1330129077e-07    1.3259657099e-07   -5.5488266548e-09    1.1320853241e-07
  53.4700000   -1.0989157048e-07    1.8992878816e-09    5.1764333209e-07    9.5839427830e-07   -4.1597275409e-07    1.4928363588e-07   -5.4450546111e-09    1.1276657938e-07
  53.4800000   -1.2827437917e-07   -4.5240142127e-10    5.0840203168e-07    9.5880123178e-07   -4.1569308662e-07    1.6400854494e-07   -5.3205833610e-09    1.1237231757e-07
  53.4900000   -1.4418006218e-07   -2.1060377850e-09    4.9116627757e-07    9.6069447571e-07   -4.1250568378e-07    1.7653010720e-07   -5.1771452481e-09    1.1202430557e-07
  53.5000000   -1.5725771202e-07   -3.0797231655e-09    4.6631352701e-07    9.6410468596e-07   -4.0649697525e-07    1.8664443991e-07   -5.0166423710e-09    1.1172111368e-07
  53.5100000   -1.6718859545e-07   -3.4180656564e-09    4.3435360739e-07    9.6903626776e-07   -3.9779435367e-07    1.9418852107e-07   -4.8411030258e-09    1.1146131768e-07
  53.5200000   -1.7369464639e-07   -3.1901378047e-09    3.9591827672e-07    9.7546720912e-07   -3.8656345139e-07    1.9904307833e-07   -4.6526559830e-09    1.1124351773e-07
  53.5300000   -1.7654683442e-07   -2.4865060028e-09    3.5174861231e-07    9.8334933715e-07   -3.7300480577e-07    2.0113464133e-07   -4.4535033016e-09    1.1106635112e-07
  53.5400000   -1.7557291253e-07   -1.4155725994e-09    3.0268054213e-07    9.9260902522e-07   -3.5735008474e-07    2.0043682776e-07   -4.2458816497e-09    1.1092849264e-07
  53.5500000   -1.7066457590e-07   -9.9075258865e-11    2.4962875250e-07    1.0031482220e-06   -3.3985778707e-07    1.9697072030e-07   -4.0320484270e-09    1.1082866303e-07
  53.5600000   -1.6178338449e-07    1.3326843177e-09    1.9356934719e-07    1.0148459431e-06   -3.2080864462e-07    1.9080443285e-07   -3.8142362075e-09    1.1076563914e-07
  53.5700000   -1.4896548615e-07    2.7462172294e-09    1.3552143375e-07    1.0275600197e-06   -3.0050070202e-07    1.8205181475e-07   -3.5946386896e-09    1.1073825455e-07
  53.5800000   -1.3232488453e-07    4.0101847208e-09    7.6528167606e-08    1.0411292431e-06   -2.7924424128e-07    1.7087036242e-07   -3.3753744677e-09    1.1074541739e-07
  53.5900000   -1.1205488642e-07    5.0007825321e-09    1.7637475421e-08    1.0553757797e-06   -2.5735656924e-07    1.5745831949e-07   -3.1584665194e-09    1.1078608489e-07
  53.6000000   -8.8427794958e-08    5.6068766226e-09   -4.0117140869e-08    1.0701077849e-06   -2.3515684192e-07    1.4205105132e-07   -2.9458199910e-09    1.1085929682e-07
  53.6100000   -6.1792601884e-08    5.7347680878e-09   -9.5735314373e-08    1.0851223145e-06   -2.1296091346e-07    1.2491680737e-07   -2.7391979631e-09    1.1096415772e-07
  53.6200000   -3.2570756754e-08    5.3123460590e-09   -1.4826786283e-07    1.1002083481e-06   -1.9107640593e-07    1.0635181551e-07   -2.5402011258e-09    1.1109983156e-07
  53.6300000   -1.2499026041e-09    4.2924629313e-09   -1.9683359057e-07    1.1151499180e-06   -1.6979795672e-07    8.6674977760e-08   -2.3502646398e-09    1.1126555336e-07
  53.6400000    3.1624248713e-08    2.6555775497e-09   -2.4063481881e-07    1.1297293560e-06   -1.4940283213e-07    6.6222100337e-08   -2.1706360544e-09    1.1146062996e-07
  53.6500000    6.5457740705e-08    4.1126372060e-10   -2.7897113868e-07    1.1437305249e-06   -1.3014689001e-07    4.5339884207e-08   -2.0023621375e-09    1.1168441633e-07
  53.6600000    9.9619893939e-08   -2.4011698788e-09   -3.1125130498e-07    1.1569420536e-06   -1.1226102189e-07    2.4379707606e-08   -1.8462999533e-09    1.1193632578e-07
  53.6700000    1.3345593204e-07   -5.7132671697e-09   -3.3700294867e-07    1.1691604690e-06   -9.5948036084e-08    3.6913528283e-09   -1.7030954131e-09    1.1221581964e-07
  53.6800000    1.6630079990e-07   -9.4289519553e-09   -3.5588002659e-07    1.1801932342e-06   -8.1380133841e-08   -1.6383227609e-08   -1.5731891156e-09    1.1252240221e-07
  53.6900000    1.9749355478e-07   -1.3427223402e-08   -3.6766786158e-07    1.1898616073e-06   -6.8696897556e-08   -3.5515946736e-08   -1.4568193205e-09    1.1285561949e-07
  53.7000000    2.2639207338e-07   -1.7565672745e-08   -3.7228563994e-07    1.1980033178e-06   -5.8003918622e-08   -5.3398405393e-08   -1.3540330346e-09    1.1321503539e-07
  53.7100000    2.5238775082e-07   -2.1685041322e-08   -3.6978644185e-07    1.2044749462e-06   -4.9371970514e-08   -6.9747276241e-08   -1.2646780493e-09    1.1360024500e-07
  53.7200000    2.7491965116e-07   -2.5614318117e-08   -3.6035471405e-07    1.2091540835e-06   -4.2836827713e-08   -8.4309252121e-08   -1.1884392978e-09    1.1401084332e-07
  53.7300000    2.9348788963e-07   -2.9176520469e-08   -3.4430135071e-07    1.2119411494e-06   -3.8399621849e-08   -9.6865424248e-08   -1.1248313556e-09    1.1444644681e-07
  53.7400000    3.0766580602e-07   -3.2194858231e-08   -3.2205641837e-07    1.2127608662e-06   -3.6027835138e-08   -1.0723501936e-07   -1.0732171811e-09    1.1490665562e-07
  53.7500000    3.1711047740e-07   -3.4498953258e-08   -2.9415967652e-07    1.2115634198e-06   -3.5656749691e-08   -1.1527841502e-07   -1.0328265336e-09    1.1539106199e-07
  53.7600000    3.2157155179e-07   -3.5931241167e-08   -2.6124915902e-07    1.2083251661e-06   -3.7191486425e-08   -1.2089943318e-07   -1.0027762904e-09    1.1589924839e-07
  53.7700000    3.2089785682e-07   -3.6352986589e-08   -2.2404795198e-07    1.2030490621e-06   -4.0509433093e-08   -1.2404678587e-07   -9.8208696564e-10    1.1643076150e-07
  53.7800000    3.1504174610e-07   -3.5649909672e-08   -1.8334950680e-07    1.1957645963e-06   -4.5463122175e-08   -1.2471474268e-07   -9.6970369060e-10    1.1698512266e-07
  53.7900000    3.0406105627e-07   -3.3737155490e-08   -1.4000170146e-07    1.1865274331e-06   -5.1883465806e-08   -1.2294294528e-07   -9.6450778684e-10    1.1756181950e-07
  53.8000000    2.8811855227e-07   -3.0563595382e-08   -9.4890024214e-08    1.1754186125e-06   -5.9583216640e-08   -1.1881542239e-07   -9.6535484557e-10    1.1816029656e-07
  53.8100000    2.6747888987e-07   -2.6114946022e-08   -4.8920202246e-08    1.1625433793e-06   -6.8360752262e-08   -1.1245874665e-07   -9.7107627772e-10    1.1877994185e-07
  53.8200000    2.4250309771e-07   -2.0415978384e-08   -3.0004853041e-09    1.1480297183e-06   -7.8003922532e-08   -1.0403953656e-07   -9.8050627233e-10    1.1942010971e-07
  53.8300000    2.1364097289e-07   -1.3531533406e-08    4.1975864191e-08    1.1320264923e-06   -8.8294019267e-08   -9.3761106067e-08   -9.9250526260e-10    1.2008010017e-07
  53.8400000    1.8142111632e-07   -5.5662006667e-09    8.5147760188e-08    1.1147013574e-06   -9.9009822597e-08   -8.1859562917e-08   -1.0059671852e-09    1.2075915961e-07
  53.8500000    1.4643943496e-07    3.3371568792e-09    1.2570267564e-07    1.0962382976e-06   -1.0993147524e-07   -6.8599318305e-08   -1.0198442551e-09    1.2145648351e-07
  53.8600000    1.0934597390e-07    1.3000146889e-08    1.6289201028e-07    1.0768350561e-06   -1.2084435640e-07   -5.4268055887e-08   -1.0331483057e-09    1.2217121495e-07
  53.8700000    7.0830536113e-08    2.3212739660e-08    1.9604510718e-07    1.0567002696e-06   -1.3154273608e-07   -3.9171362613e-08   -1.0449841831e-09    1.2290245227e-07
  53.8800000    3.1607604353e-08    3.3738270336e-08    2.2458166615e-07    1.0360505050e-06   -1.4183317470e-07   -2.3627015803e-08   -1.0545339038e-09    1.2364924369e-07
  53.8900000   -7.5991569839e-09    4.4319424428e-08    2.4802234223e-07    1.0151071570e-06   -1.5153767738e-07   -7.9591088068e-09   -1.0610977704e-09    1.2441060445e-07
  53.9000000   -4.6072554716e-08    5.4684912964e-08    2.6599733454e-07    9.9409329256e-07   -1.6049646694e-07    7.5078995116e-09   -1.0640662596e-09    1.2518549574e-07
  53.9100000   -8.3117012974e-08    6.4556814218e-08    2.7825274867e-07    9.7323049369e-07   -1.6857042514e-07    2.2455147919e-08   -1.0629517996e-09    1.2597286560e-07
  53.9200000   -1.1807307925e-07    7.3658309713e-08    2.8465473933e-07    9.5273569612e-07   -1.7564310199e-07    3.6575150010e-08   -1.0573763878e-09    1.2677162806e-07
  53.9300000   -1.5033084100e-07    8.1721590487e-08    2.8519122787e-07    9.3281815525e-07   -1.8162228672e-07    4.9577373805e-08   -1.0470663927e-09    1.2758067212e-07
  53.9400000   -1.7934196966e-07    8.8495668378e-08    2.7997128419e-07    9.1367644427e-07   -1.8644114316e-07    6.1193449474e-08   -1.0318794544e-09    1.2839888405e-07
  53.9500000   -2.0463016967e-07    9.3753924608e-08    2.6922210896e-07    8.9549573260e-07   -1.9005885665e-07    7.1181955848e-08   -1.0117605339e-09    1.2922514648e-07
  53.9600000   -2.2579965490e-07    9.7301177304e-08    2.5328375548e-07    8.7844516691e-07   -1.9246082976e-07    7.9332685456e-08   -9.8677221299e-10    1.3005833698e-07
  53.9700000   -2.4254179899e-07    9.8979835422e-08    2.3260161242e-07    8.6267556855e-07   -1.9365839656e-07    8.5470322339e-08   -9.5706596849e-10    1.3089734966e-07
  53.9800000   -2.5463956428e-07    9.8675426360e-08    2.0771688528e-07    8.4831737681e-07   -1.9368813467e-07    8.9457447670e-08   -9.2286940091e-10    1.3174110258e-07
  53.9900000   -2.6196981237e-07    9.6320752085e-08    1.7925521506e-07    8.3547888745e-07   -1.9261065520e-07    9.1196826938e-08   -8.8450256485e-10    1.3258853512e-07
  54.0000000   -2.6450354237e-07    9.1898909856e-08    1.4791364254e-07    8.2424487029e-07   -1.9050910030e-07    9.0633004164e-08   -8.4234571114e-10    1.3343861881e-07
  54.0100000   -2.6230392856e-07    8.5444995516e-08    1.1444623995e-07    8.1467549676e-07   -1.8748717803e-07    8.7753054897e-08   -7.9682478012e-10    1.3429037335e-07
  54.0200000   -2.5552254322e-07    7.7046359536e-08    7.9648598996e-08    8.0680569455e-07   -1.8366690827e-07    8.2586613287e-08   -7.4841993342e-10    1.3514286482e-07
  54.0300000   -2.4439380640e-07    6.6841421492e-08    4.4341565460e-08    8.0064482652e-07   -1.7918605589e-07    7.5205090366e-08   -6.9762938026e-10    1.3599520374e-07
  54.0400000   -2.2922770239e-07    5.5017082458e-08    9.3544624596e-09    7.9617680792e-07   -1.7419535521e-07    6.5720170145e-08   -6.4497402198e-10    1.3684657067e-07
  54.0500000   -2.1040127519e-07    4.1804760175e-08   -2.4491843289e-08    7.9336058079e-07   -1.6885550248e-07    5.4281536271e-08   -5.9097322307e-10    1.3769620748e-07
  54.0600000   -1.8834897626e-07    2.7475079184e-08   -5.6401687182e-08    7.9213096772e-07   -1.6333404796e-07    4.1073984746e-08   -5.3614982783e-10    1.3854341995e-07
  54.0700000   -1.6355215733e-07    1.2331597827e-08   -8.5620892043e-08    7.9239994278e-07   -1.5780216226e-07    2.6313864532e-08   -4.8100160081e-10    1.3938758263e-07
  54.0800000   -1.3652806396e-07   -3.2966541575e-09   -1.1145220770e-07    7.9405817215e-07   -1.5243140425e-07    1.0244987715e-08   -4.2600463172e-10    1.4022814454e-07
  54.0900000   -1.0781844643e-07   -1.9063271294e-08   -1.3326967760e-07    7.9697696134e-07   -1.4739051650e-07   -6.8659173411e-09   -3.7158523498e-10    1.4106462552e-07
  54.1000000   -7.7978163416e-08   -3.4613176061e-08   -1.5053161758e-07    8.0101043941e-07   -1.4284229232e-07   -2.4734159341e-08   -3.1813391322e-10    1.4189661335e-07
  54.1100000   -4.7564104784e-08   -4.9591634209e-08   -1.6279195239e-07    8.0599805048e-07   -1.3894057391e-07   -4.3062299802e-08   -2.6599444962e-10    1.4272377629e-07
  54.1200000   -1.7124364613e-08   -6.3653400590e-08   -1.6970968492e-07    8.1176722499e-07   -1.3582743462e-07   -6.1545596291e-08   -2.1544478721e-10    1.4354584230e-07
  54.1300000    1.2811740224e-08   -7.6471592615e-08   -1.7105635565e-07    8.1813630291e-07   -1.3363059310e-07   -7.9877526462e-08   -1.6671781922e-10    1.4436259922e-07
  54.1400000    4.1742973879e-08   -8.7746249291e-08   -1.6672126625e-07    8.2491754782e-07   -1.3246110920e-07   -9.7755286969e-08   -1.1997067539e-10    1.4517390703e-07
  54.1500000    6.9204376236e-08   -9.7212123026e-08   -1.5671444980e-07    8.3192025534e-07   -1.3241136646e-07   -1.1488520410e-07   -7.5311808023e-11    1.4597967355e-07
  54.1600000    9.4774534879e-08   -1.0464567431e-07   -1.4116724762e-07    8.3895393886e-07   -1.3355338820e-07   -1.3098791038e-07   -3.2788456835e-11    1.4677986130e-07
  54.1700000    1.1808160906e-07   -1.0987099750e-07   -1.2033052323e-07    8.4583148072e-07   -1.3593755190e-07   -1.4580328800e-07    7.6062987664e-12    1.4757447707e-07
  54.1800000    1.3880806281e-07   -1.1276441673e-07   -9.4570492116e-08    8.5237226230e-07   -1.3959162579e-07   -1.5909494798e-07    4.5933762915e-11    1.4836355596e-07
  54.1900000    1.5669429161e-07   -1.1325781198e-07   -6.4362310979e-08    8.5840514793e-07   -1.4452028365e-07   -1.7065428915e-07    8.2290792859e-11    1.4914718038e-07
  54.2000000    1.7154097063e-07   -1.1134043202e-07   -3.0281451882e-08    8.6377136563e-07   -1.5070493741e-07   -1.8030402383e-07    1.1681525806e-10    1.4992543506e-07
  54.2100000    1.8321010848e-07   -1.0705916873e-07    7.0069183763e-09    8.6832715108e-07   -1.5810401071e-07   -1.8790109578e-07    1.4967311926e-10    1.5069843764e-07
  54.2200000    1.9162510156e-07   -1.0051739257e-07    4.6760376941e-08    8.7194618794e-07   -1.6665360765e-07   -1.9333897668e-07    1.8104286833e-10    1.5146630242e-07
  54.2300000    1.9676950599e-07   -9.1872158500e-08    8.8173309404e-08    8.7452172649e-07   -1.7626852608e-07   -1.9654926689e-07    2.1111470230e-10    1.5222915054e-07
  54.2400000    1.9868500666e-07   -8.1330156598e-08    1.3039228378e-07    8.7596841428e-07   -1.8684367752e-07   -1.9750263382e-07    2.4006956530e-10    1.5298709245e-07
  54.2500000    1.9746828118e-07   -6.9142186877e-08    1.7253247917e-07    8.7622378136e-07   -1.9825578319e-07   -1.9620899053e-07    2.6808384220e-10    1.5374022030e-07
  54.2600000    1.9326718803e-07   -5.5596615478e-08    2.1369488263e-07    8.7524932560e-07   -2.1036542350e-07   -1.9271700989e-07    2.9529910992e-10    1.5448860821e-07
  54.2700000    1.8627611863e-07   -4.1011809893e-08    2.5298388597e-07    8.7303123955e-07   -2.2301930773e-07   -1.8711295882e-07    3.2181747222e-10    1.5523230647e-07
  54.2800000    1.7673085928e-07   -2.5727805027e-08    2.8952499350e-07    8.6958069427e-07   -2.3605279401e-07   -1.7951882326e-07    3.4770527874e-10    1.5597132924e-07
  54.2900000    1.6490293740e-07   -1.0097489503e-08    3.2248227272e-07    8.6493374272e-07   -2.4929257741e-07   -1.7008985707e-07    3.7296423024e-10    1.5670565175e-07
  54.3000000    1.5109350051e-07    5.5225817515e-09    3.5107526124e-07    8.5915076969e-07   -2.6255950822e-07   -1.5901155801e-07    3.9752997005e-10    1.5743521153e-07
  54.3100000    1.3562711970e-07    2.0781257508e-08    3.7459497784e-07    8.5231556543e-07   -2.7567150978e-07   -1.4649610465e-07    4.2126726236e-10    1.5815989573e-07
  54.3200000    1.1884519146e-07    3.5341777031e-08    3.9241869561e-07    8.4453396822e-07   -2.8844653703e-07   -1.3277839989e-07    4.4395770103e-10    1.5887955198e-07
  54.3300000    1.0109947390e-07    4.8890243979e-08    4.0402327373e-07    8.3593214742e-07   -3.0070548216e-07   -1.1811171802e-07    4.6529396632e-10    1.5959396980e-07
  54.3400000    8.2745601845e-08    6.1143343106e-08    4.0899674657e-07    8.2665452578e-07   -3.1227504819e-07   -1.0276306848e-07    4.8488585248e-10    1.6030290694e-07
  54.3500000    6.4136708649e-08    7.1855187205e-08    4.0704787514e-07    8.1686138207e-07   -3.2299053389e-07   -8.7008398424e-08    5.0224712097e-10    1.6100605789e-07
  54.3600000    4.5617393071e-08    8.0823153927e-08    3.9801360372e-07    8.0672613916e-07   -3.3269839878e-07   -7.1127669991e-08    5.1680838755e-10    1.6170307672e-07
  54.3700000    2.7517866432e-08    8.7892358337e-08    3.8186414463e-07    7.9643243650e-07   -3.4125871271e-07   -5.5399901205e-08    5.2790665066e-10    1.6239357131e-07
  54.3800000    1.0148631142e-08    9.2958812275e-08    3.5870564763e-07    7.8617099446e-07   -3.4854729036e-07   -4.0098322350e-08    5.3479162523e-10    1.6307711949e-07
  54.3900000   -6.2043909277e-09    9.5971222339e-08    3.2878031384e-07    7.7613631027e-07   -3.5445760130e-07   -2.5485645070e-08    5.3663675625e-10    1.6375325504e-07
  54.4000000   -2.1284189195e-08    9.6931244752e-08    2.9246404301e-07    7.6652329457e-07   -3.5890238875e-07   -1.1809616820e-08    5.3254697973e-10    1.6442148011e-07
  54.4100000   -3.4866407337e-08    9.5892345252e-08    2.5026150515e-07    7.5752379578e-07   -3.6181492700e-07    7.0115071464e-10    5.2156002678e-10    1.6508127777e-07
  54.4200000   -4.6762266390e-08    9.2957211395e-08    2.0279880242e-07    7.4932322066e-07   -3.6314993817e-07    1.1840931603e-08    5.0266385649e-10    1.6573210933e-07
  54.4300000   -5.6820949048e-08    8.8273965385e-08    1.5081379871e-07    7.4209718076e-07   -3.6288419539e-07    2.1430213046e-08    4.7481323685e-10    1.6637342228e-07
  54.4400000   -6.4931060680e-08    8.2031059634e-08    9.5144235568e-08    7.3600824424e-07   -3.6101674414e-07    2.9318505268e-08    4.3693279730e-10    1.6700465677e-07
  54.4500000   -7.1021460226e-08    7.4451266202e-08    3.6713926497e-08    7.3120292808e-07   -3.5756873741e-07    3.5386630682e-08    3.8794535066e-10    1.6762526959e-07
  54.4600000   -7.5061160443e-08    6.5784813262e-08   -2.3482841556e-08    7.2780887899e-07   -3.5258294756e-07    3.9548402958e-08    3.2677808860e-10    1.6823471462e-07
  54.4700000   -7.7058531501e-08    5.6301780241e-08   -8.4398383976e-08    7.2593234957e-07   -3.4612292092e-07    4.1751733576e-08    2.5238485928e-10    1.6883246086e-07
  54.4800000   -7.7059803124e-08    4.6284308671e-08   -1.4494982964e-07    7.2565602173e-07   -3.3827182663e-07    4.1979130129e-08    1.6376441706e-10    1.6941801218e-07
  54.4900000   -7.5146687149e-08    3.6018506899e-08   -2.0403826858e-07    7.2703716146e-07   -3.2913097398e-07    4.0247574419e-08    5.9980361553e-11    1.6999089459e-07
  54.5000000   -7.1433450593e-08    2.5786463820e-08   -2.6056837496e-07    7.3010623347e-07   -3.1881806781e-07    3.6607841042e-08   -5.9833102366e-11    1.7055068241e-07
  54.5100000   -6.6063413461e-08    1.5858529251e-08   -3.1346823289e-07    7.3486590753e-07   -3.0746525829e-07    3.1143173392e-08   -1.9643246149e-10    1.7109698480e-07
  54.5200000   -5.9204885562e-08    6.4861549190e-09   -3.6170897122e-07    7.4129053063e-07   -2.9521691082e-07    2.3967501669e-08   -3.5046676727e-10    1.7162946812e-07
  54.5300000   -5.1046736573e-08   -2.1045561177e-09   -4.0432392516e-07    7.4932609357e-07   -2.8222729415e-07    1.5223103243e-08   -5.2245068896e-10    1.7214784845e-07
  54.5400000   -4.1793597919e-08   -9.7184236750e-09   -4.4042683377e-07    7.5889064749e-07   -2.6865810026e-07    5.0778339186e-09   -7.1275062152e-10    1.7265190990e-07
  54.5500000   -3.1660976671e-08   -1.6195723849e-08   -4.6922890684e-07    7.6987521973e-07   -2.5467587852e-07   -6.2780366156e-09   -9.2157750443e-10    1.7314149576e-07
  54.5600000   -2.0870313627e-08   -2.1415595137e-08   -4.9005437474e-07    7.8214517683e-07   -2.4044947027e-07   -1.8635312375e-08   -1.1489554712e-09    1.7361651093e-07
  54.5700000   -9.6439740889e-09   -2.5298164771e-08   -5.0235413015e-07    7.9554208711e-07   -2.2614741159e-07   -3.1769632188e-08   -1.3947369788e-09    1.7407693734e-07
  54.5800000    1.7993360936e-09   -2.7805537508e-08   -5.0571742454e-07    8.0988596011e-07   -2.1193542328e-07   -4.5445433264e-08   -1.6585753596e-09    1.7452281593e-07
  54.5900000    1.3249140919e-08   -2.8941350787e-08   -4.9988119602e-07    8.2497791743e-07   -1.9797396716e-07   -5.9420001390e-08   -1.9399286634e-09    1.7495426445e-07
  54.6000000    2.4506977442e-08   -2.8749303771e-08   -4.8473692077e-07    8.4060321954e-07   -1.8441595698e-07   -7.3447610225e-08   -2.2380507368e-09    1.7537146486e-07
  54.6100000    3.5390084144e-08   -2.7310296239e-08   -4.6033487339e-07    8.5653460214e-07   -1.7140462193e-07   -8.7283616179e-08   -2.5519900419e-09    1.7577466777e-07
  54.6200000    4.5734115336e-08   -2.4738799220e-08   -4.2688561468e-07    8.7253588744e-07   -1.5907157534e-07   -1.0068845205e-07   -2.8805943097e-09    1.7616418872e-07
  54.6300000    5.5395485288e-08   -2.1178113008e-08   -3.8475874286e-07    8.8836576470e-07   -1.4753514885e-07   -1.1343144871e-07   -3.2225075948e-09    1.7654039084e-07
  54.6400000    6.4252866347e-08   -1.6794971210e-08   -3.3447885423e-07    9.0378178658e-07   -1.3689891716e-07   -1.2529447952e-07   -3.5761824177e-09    1.7690371121e-07
  54.6500000    7.2208066410e-08   -1.1773606252e-08   -2.7671874489e-07    9.1854439066e-07   -1.2725055093e-07   -1.3607527204e-07   -3.9398954726e-09    1.7725462739e-07
  54.6600000    7.9186196998e-08   -6.3093053405e-09   -2.1229001145e-07    9.3242096679e-07   -1.1866093621e-07   -1.4559041197e-07   -4.3117426624e-09    1.7759366478e-07
  54.6700000    8.5135145324e-08   -6.0205811439e-10   -1.4213111609e-07    9.4518985031e-07   -1.1118359396e-07   -1.5367797068e-07   -4.6896683526e-09    1.7792138669e-07
  54.6800000    9.0024530436e-08    5.1500586789e-09   -6.7293140220e-08    9.5664423358e-07   -1.0485440274e-07   -1.6019969647e-07   -5.0714647203e-09    1.7823839386e-07
  54.6900000    9.3844027349e-08    1.0756927640e-08    1.1076544834e-08    9.6659584930e-07   -9.9691619005e-08   -1.6504280938e-07   -5.4548172110e-09    1.7854530341e-07
  54.7000000    9.6601357472e-08    1.6042351107e-08    9.1752465611e-08    9.7487844470e-07   -9.5696190755e-08   -1.6812129450e-07   -5.8372994777e-09    1.7884276402e-07
  54.7100000    9.8319884909e-08    2.0849109690e-08    1.7345073217e-07    9.8135092531e-07   -9.2852320113e-08   -1.6937676155e-07   -6.2164083120e-09    1.7913143164e-07
  54.7200000    9.9035940390e-08    2.5043479786e-08    2.5484998664e-07    9.8590008654e-07   -9.1128351405e-08   -1.6877880251e-07   -6.5895857685e-09    1.7941195911e-07
  54.7300000    9.8796284149e-08    2.8518709701e-08    3.3461315874e-07    9.8844303051e-07   -9.0477817685e-08   -1.6632489871e-07   -6.9542465517e-09    1.7968501460e-07
  54.7400000    9.7655277509e-08    3.1197659413e-08    4.1140976626e-07    9.8892899353e-07   -9.0840776491e-08   -1.6203989527e-07   -7.3077978713e-09    1.7995124216e-07
  54.7500000    9.5672424973e-08    3.3034327981e-08    4.8393832089e-07    9.8734074213e-07   -9.2145271590e-08   -1.5597503052e-07   -7.6476698985e-09    1.8021127895e-07
  54.7600000    9.2910066451e-08    3.4014298854e-08    5.5094847039e-07    9.8369541010e-07   -9.4308984350e-08   -1.4820652732e-07   -7.9713416552e-09    1.8046574123e-07
  54.7700000    8.9431431477e-08    3.4154245110e-08    6.1126254197e-07    9.7804476339e-07   -9.7241002993e-08   -1.3883391682e-07   -8.2763765116e-09    1.8071522026e-07
  54.7800000    8.5299111375e-08    3.3500250089e-08    6.6379602075e-07    9.7047490105e-07   -1.0084364434e-07   -1.2797793461e-07   -8.5604314141e-09    1.8096027203e-07
  54.7900000    8.0573888266e-08    3.2125341591e-08    7.0757674065e-07    9.6110537297e-07   -1.0501440870e-07   -1.1577821476e-07   -8.8212987774e-09    1.8120141896e-07
  54.8000000    7.5314248524e-08    3.0125999641e-08    7.4176230166e-07    9.5008772827e-07   -1.0964783401e-07   -1.0239069962e-07   -9.0569318543e-09    1.8143915157e-07
  54.8100000    6.9576200624e-08    2.7618098277e-08    7.6565559139e-07    9.3760345961e-07   -1.1463746049e-07   -8.7984888135e-08   -9.2654441985e-09    1.8167391511e-07
  54.8200000    6.3413635069e-08    2.4732228522e-08    7.7871791394e-07    9.2386149319e-07   -1.1987763612e-07   -7.2740960055e-08   -9.4451728383e-09    1.8190610685e-07
  54.8300000    5.6879113587e-08    2.1608528446e-08    7.8057968814e-07    9.0909508616e-07   -1.2526531498e-07   -5.6846805224e-08   -9.5946533875e-09    1.8213608917e-07
  54.8400000    5.0025033091e-08    1.8391371763e-08    7.7104839433e-07    8.9355833783e-07   -1.3070171432e-07   -4.0495037326e-08   -9.7126757770e-09    1.8236417386e-07
  54.8500000    4.2904951880e-08    1.5223956879e-08    7.5011365667e-07    8.7752222545e-07   -1.3609381501e-07   -2.3880023405e-08   -9.7982714335e-09    1.8259063248e-07
  54.8600000    3.5575202507e-08    1.2243035680e-08    7.1794935603e-07    8.6127034021e-07   -1.4135577416e-07   -7.1949734538e-09   -9.8507509298e-09    1.8281568194e-07
  54.8700000    2.8096494097e-08    9.5739436626e-09    6.7491272331e-07    8.4509429912e-07   -1.4641008835e-07    9.3708328648e-09   -9.8696916434e-09    1.8303951334e-07
  54.8800000    2.0535405249e-08    7.3260699385e-09    6.2154035185e-07    8.2928898283e-07   -1.5118860288e-07    2.5634702996e-08   -9.8549598590e-09    1.8326226661e-07
  54.8900000    1.2965812726e-08    5.5889880415e-09    5.5854129534e-07    8.1414757972e-07   -1.5563329890e-07    4.1422953534e-08   -9.8067070249e-09    1.8348405307e-07
  54.9000000    5.4699549234e-09    4.4291901390e-09    4.8678716477e-07    7.9995662650e-07   -1.5969690004e-07    5.6573150523e-08   -9.7253798271e-09    1.8370494790e-07
  54.9100000   -1.8610320572e-09    3.8879075884e-09    4.0729954976e-07    7.8699102170e-07   -1.6334323468e-07    7.0936106792e-08   -9.6117043929e-09    1.8392499508e-07
  54.9200000   -8.9267797786e-09    3.9795718806e-09    3.2123485536e-07    7.7550918342e-07   -1.6654740309e-07    8.4377569919e-08   -9.4666972238e-09    1.8414421374e-07
  54.9300000   -1.5618242887e-08    4.6914116305e-09    2.2986676245e-07    7.6574838295e-07   -1.6929573708e-07    9.6779669820e-08   -9.2916441944e-09    1.8436260640e-07
  54.9400000   -2.1818509543e-08    5.9838642136e-09    1.3456669012e-07    7.5792031356e-07   -1.7158556584e-07    1.0804207255e-07   -9.0880991334e-09    1.8458015439e-07
  54.9500000   -2.7404489907e-08    7.7920773478e-09    3.6782461423e-08    7.5220707577e-07   -1.7342476520e-07    1.1808280778e-07   -8.8578607660e-09    1.8479682438e-07
  54.9600000   -3.2249049322e-08    1.0028190957e-08   -6.1984431832e-08    7.4875748433e-07   -1.7483119797e-07    1.2683885428e-07   -8.6029606968e-09    1.8501258426e-07
  54.9700000   -3.6223715472e-08    1.2584456552e-08   -1.6020256808e-07    7.4768395294e-07   -1.7583193332e-07    1.3426637575e-07   -8.3256549947e-09    1.8522739158e-07
  54.9800000   -3.9201851569e-08    1.5337071744e-08   -2.5633506772e-07    7.4905990803e-07   -1.7646236551e-07    1.4034073570e-07   -8.0283776473e-09    1.8544120967e-07
  54.9900000   -4.1062307040e-08    1.8150525457e-08   -3.4886429398e-07    7.5291773065e-07   -1.7676522766e-07    1.4505620095e-07   -7.7137415017e-09    1.8565400123e-07
