  50.0100000   -3.5180650169e-08   -3.6080357197e-08    3.0556549359e-08    1.1251811174e-06   -3.5272424428e-08    4.6376802008e-08   -1.4308372681e-08    1.6523760145e-07
  50.0200000   -4.5363888813e-08   -1.8235263634e-08    3.1631764232e-08    1.1358813091e-06   -3.4166659256e-08    5.4883899525e-08   -1.8217560260e-08   -2.4437595313e-08
  50.0300000   -5.5690682526e-08    4.3615161457e-10    3.1264021099e-08    1.1475414044e-06   -3.2781568460e-08    6.4123778067e-08   -2.2119598471e-08   -2.1308146500e-07
  50.0400000   -6.5744055995e-08    1.9595286752e-08    2.9498161761e-08    1.1600836928e-06   -3.1138313133e-08    7.3923977702e-08   -2.5986852122e-08   -3.9952494869e-07
  50.0500000   -7.5069863118e-08    3.8895652779e-08    2.6407151679e-08    1.1734190696e-06   -2.9261683413e-08    8.4102093796e-08   -2.9794129262e-08   -5.8271050526e-07
  50.0600000   -8.3194696503e-08    5.7989102237e-08    2.2090697421e-08    1.1874473736e-06   -2.7179714941e-08    9.4469171507e-08   -3.3518587219e-08   -7.6168726158e-07
  50.0700000   -8.9645346703e-08    7.6532247173e-08    1.6673129115e-08    1.2020579734e-06   -2.4923208741e-08    1.0483322740e-07   -3.7139653522e-08   -9.3560610069e-07
  50.0800000   -9.3969280606e-08    9.4192606155e-08    1.0300693274e-08    1.2171303878e-06   -2.2525239708e-08    1.1500279592e-07   -4.0638940729e-08   -1.1037148458e-06
  50.0900000   -1.3803842158e-07    1.4482944140e-07    5.9880268829e-09    1.2438300947e-06   -2.0020581553e-08    1.2479046795e-07   -4.4000137970e-08   -1.2653534265e-06
  50.1000000   -1.6488292543e-07    1.6126176150e-07   -1.0237586863e-09    1.2598877078e-06   -1.7445159357e-08    1.3401633593e-07   -4.7208957176e-08   -1.4199491492e-06
  50.1100000   -1.8882295430e-07    1.7553333359e-07   -8.5832452011e-09    1.2757146177e-06   -1.4835406235e-08    1.4251128317e-07   -5.0253006626e-08   -1.5670119839e-06
  50.1200000   -2.0962235329e-07    1.8737978739e-07   -1.6513388642e-08    1.2911539691e-06   -1.2227658840e-08    1.5012007713e-07   -5.3121733636e-08   -1.7061299541e-06
  50.1300000   -2.2708323991e-07    1.9658124043e-07   -2.4631206130e-08    1.3060530281e-06   -9.6575256331e-09    1.5670419039e-07   -5.5806324594e-08   -1.8369645839e-06
  50.1400000   -2.4104791370e-07    2.0296626209e-07   -3.2751004191e-08    1.3202650942e-06   -7.1592496040e-09    1.6214429794e-07   -5.8299612518e-08   -1.9592464507e-06
  50.1500000   -2.5140061560e-07    2.0641477422e-07   -4.0687572946e-08    1.3336514409e-06   -4.7651212047e-09    1.6634242499e-07   -6.0596007561e-08   -2.0727708255e-06
  50.1600000   -2.5806897686e-07    2.0686008452e-07   -4.8259513309e-08    1.3460830671e-06   -2.5048898290e-09    1.6922368618e-07   -6.2691387434e-08   -2.1773934261e-06
  50.1700000   -2.6102527113e-07    2.0428984752e-07   -5.5292389958e-08    1.3574423546e-06   -4.0523900262e-10    1.7073760471e-07   -6.4583048648e-08   -2.2730262634e-06
  50.1800000   -2.6028720815e-07    1.9874617499e-07   -6.1621866504e-08    1.3676245316e-06    1.5107230348e-09    1.7085895468e-07   -6.6269575960e-08   -2.3596336181e-06
  50.1900000   -2.5591847308e-07    1.9032453746e-07   -6.7096659109e-08    1.3765389884e-06    3.2238687230e-09    1.6958818727e-07   -6.7750786164e-08   -2.4372281297e-06
  50.2000000   -2.4802856025e-07    1.7917186297e-07   -7.1581292659e-08    1.3841103688e-06    4.7194077675e-09    1.6695132118e-07   -6.9027645918e-08   -2.5058670000e-06
  50.2100000   -2.3677233389e-07    1.6548357241e-07   -7.4958637693e-08    1.3902794998e-06    5.9871783625e-09    1.6299938954e-07   -7.0102171222e-08   -2.5656483285e-06
  50.2200000   -2.2234867822e-07    1.4949990768e-07   -7.7132150806e-08    1.3950040938e-06    7.0218255395e-09    1.5780745367e-07   -7.0977360673e-08   -2.6167075933e-06
  50.2300000   -2.0499870700e-07    1.3150134784e-07   -7.8027750357e-08    1.3982591633e-06    7.8229221927e-09    1.5147315708e-07   -7.1657102125e-08   -2.6592142213e-06
  50.2400000   -1.8500310297e-07    1.1180324325e-07   -7.7595405302e-08    1.4000373276e-06    8.3949680842e-09    1.4411485615e-07   -7.2146105520e-08   -2.6933683387e-06
  50.2500000   -1.6267880680e-07    9.0750063653e-08   -7.5810267630e-08    1.4003487755e-06    8.7473041148e-09    1.3586940634e-07   -7.2449810064e-08   -2.7193976170e-06
  50.2600000   -1.3837494389e-07    6.8708869988e-08   -7.2673438871e-08    1.3992210876e-06    8.8939387415e-09    1.2688959077e-07   -7.2574314603e-08   -2.7375542569e-06
  50.2700000   -1.1246803534e-07    4.6062589936e-08   -6.8212273163e-08    1.3966987558e-06    8.8532619719e-09    1.1734131488e-07   -7.2526300249e-08   -2.7481121473e-06
  50.2800000   -8.5356526266e-08    2.3202951394e-08   -6.2480241305e-08    1.3928425449e-06    8.6476744529e-09    1.0740048441e-07   -7.2312957386e-08   -2.7513640858e-06
  50.2900000   -5.7454827117e-08    5.2316966436e-10   -5.5556368358e-08    1.3877286029e-06    8.3031477215e-09    9.7249808401e-08   -7.1941910992e-08   -2.7476191988e-06
  50.3000000   -2.9186686068e-08   -2.1589140311e-08   -4.7544176201e-08    1.3814474066e-06    7.8486732570e-09    8.7075431052e-08   -7.1421146956e-08   -2.7372004445e-06
  50.3100000   -9.7838435356e-10   -4.2759158133e-08   -3.8570273732e-08    1.3741024968e-06    7.3156821842e-09    7.7063513076e-08   -7.0758946743e-08   -2.7204422932e-06
  50.3200000    2.6748412679e-08   -6.2631627904e-08   -2.8782438494e-08    1.3658090465e-06    6.7373563630e-09    6.7396883517e-08   -6.9963829442e-08   -2.6976884728e-06
  50.3300000    5.3583846349e-08   -8.0877383557e-08   -1.8347370115e-08    1.3566923047e-06    6.1479428767e-09    5.8251687979e-08   -6.9044476352e-08   -2.6692899147e-06
  50.3400000    7.9136955769e-08   -9.7199238154e-08   -7.4480413304e-09    1.3468858964e-06    5.5820044759e-09    4.9794241089e-08   -6.8009678972e-08   -2.6356027547e-06
  50.3500000    1.0304253155e-07   -1.1133740254e-07    3.7192242785e-09    1.3365299953e-06    5.0736503414e-09    4.2178047873e-08   -6.6868280990e-08   -2.5969865101e-06
  50.3600000    1.2496745956e-07   -1.2307396830e-07    1.4948010254e-08    1.3257694594e-06    4.6557852567e-09    3.5541045099e-08   -6.5629121931e-08   -2.5538023275e-06
  50.3700000    1.4461661859e-07   -1.3223676522e-07    2.6025242082e-08    1.3147518595e-06    4.3593516119e-09    3.0003208825e-08   -6.4300998440e-08   -2.5064114107e-06
  50.3800000    1.6173796579e-07   -1.3870229373e-07    3.6734838753e-08    1.3036255285e-06    4.2125966239e-09    2.5664438096e-08   -6.2892594800e-08   -2.4551734693e-06
  50.3900000    1.7612673957e-07   -1.4239762346e-07    4.6861412288e-08    1.2925375497e-06    4.2403946800e-09    2.2602866900e-08   -6.1412459431e-08   -2.4004453843e-06
  50.4000000    1.8762876026e-07   -1.4330136030e-07    5.6194109739e-08    1.2816318153e-06    4.4636168456e-09    2.0873548437e-08   -5.9868962455e-08   -2.3425798871e-06
  50.4100000    1.9614272278e-07   -1.4144363118e-07    6.4530340584e-08    1.2710470706e-06    4.8985876482e-09    2.0507585586e-08   -5.8270253485e-08   -2.2819244019e-06
  50.4200000    2.0162126380e-07   -1.3690508970e-07    7.1679485690e-08    1.2609151438e-06    5.5566091534e-09    2.1511719881e-08   -5.6624243233e-08   -2.2188199573e-06
  50.4300000    2.0407106028e-07   -1.2981480899e-07    7.7466472849e-08    1.2513591162e-06    6.4435866541e-09    2.3868349859e-08   -5.4938559602e-08   -2.1536002072e-06
  50.4400000    2.0355179570e-07   -1.2034740958e-07    8.1735078568e-08    1.2424917388e-06    7.5597720006e-09    2.7536004490e-08   -5.3220536788e-08   -2.0865905449e-06
  50.4500000    2.0017403975e-07   -1.0871919877e-07    8.4351022279e-08    1.2344139641e-06    8.8996039785e-09    3.2450258304e-08   -5.1477191971e-08   -2.0181073019e-06
  50.4600000    1.9409610844e-07   -9.5183590767e-08    8.5204699703e-08    1.2272135880e-06    1.0451692141e-08    3.8525047831e-08   -4.9715203504e-08   -1.9484570338e-06
  50.4700000    1.8552014100e-07   -8.0025813761e-08    8.4213537241e-08    1.2209641783e-06    1.2198887852e-08    4.5654409450e-08   -4.7940908683e-08   -1.8779358790e-06
  50.4800000    1.7468721159e-07   -6.3557004154e-08    8.1323918799e-08    1.2157240656e-06    1.4118527455e-08    5.3714541780e-08   -4.6160288929e-08   -1.8068290139e-06
  50.4900000    1.6187186964e-07   -4.6107933890e-08    7.6512662876e-08    1.2115356962e-06    1.6182741279e-08    6.2566177197e-08   -4.4378970140e-08   -1.7354101790e-06
  50.5000000    1.4737621730e-07   -2.8022361507e-08    6.9787934917e-08    1.2084250821e-06    1.8358934889e-08    7.2057269307e-08   -4.2602212112e-08   -1.6639412539e-06
  50.5100000    1.3152341063e-07   -9.6502352586e-09    6.1189727744e-08    1.2064015756e-06    2.0610352206e-08    8.2025845077e-08   -4.0834918149e-08   -1.5926719399e-06
  50.5200000    1.1465111272e-07    8.6591214377e-09    5.0789688520e-08    1.2054578084e-06    2.2896729471e-08    9.2303044241e-08   -3.9081639727e-08   -1.5218394677e-06
  50.5300000    9.7104692554e-08    2.6563727800e-08    3.8690499480e-08    1.2055699263e-06    2.5175076185e-08    1.0271626513e-07   -3.7346568602e-08   -1.4516683889e-06
  50.5400000    7.9230622803e-08    4.3735431458e-08    2.5024610877e-08    1.2066980105e-06    2.7400489957e-08    1.1309233646e-07   -3.5633575137e-08   -1.3823704174e-06
  50.5500000    6.1369958351e-08    5.9865916681e-08    9.9525299808e-09    1.2087867602e-06    2.9527052222e-08    1.2326069172e-07   -3.3946187758e-08   -1.3141443402e-06
  50.5600000    4.3852138860e-08    7.4672336622e-08   -6.3394505694e-09    1.2117663764e-06    3.1508782157e-08    1.3305645014e-07   -3.2287630226e-08   -1.2471759508e-06
  50.5700000    2.6989229246e-08    8.7902257119e-08   -2.3641990558e-08    1.2155536918e-06    3.3300576274e-08    1.4232339647e-07   -3.0660817422e-08   -1.1816380570e-06
  50.5800000    1.1070716125e-08    9.9337928398e-08   -4.1725894662e-08    1.2200534115e-06    3.4859160263e-08    1.5091672798e-07   -2.9068394956e-08   -1.1176905215e-06
  50.5900000   -3.6412586919e-09    1.0879977254e-07   -6.0345626455e-08    1.2251596163e-06    3.6144067201e-08    1.5870558295e-07   -2.7512733105e-08   -1.0554803524e-06
  50.6000000   -1.6915798944e-08    1.1614904387e-07   -7.9243249722e-08    1.2307573677e-06    3.7118515585e-08    1.6557531605e-07   -2.5995951011e-08   -9.9514181993e-07
  50.6100000   -2.8556654288e-08    1.2128968359e-07   -9.8152540821e-08    1.2367244532e-06    3.7750276907e-08    1.7142938519e-07   -2.4519950509e-08   -9.3679662336e-07
  50.6200000   -3.8404723051e-08    1.2416922437e-07   -1.1680334204e-07    1.2429332471e-06    3.8012443202e-08    1.7619091867e-07   -2.3086404434e-08   -8.8055408582e-07
  50.6300000   -4.6339924434e-08    1.2477879985e-07   -1.3492601152e-07    1.2492526473e-06    3.7884104120e-08    1.7980390150e-07   -2.1696813462e-08   -8.2651138823e-07
  50.6400000   -5.2282271365e-08    1.2315248240e-07   -1.5225594004e-07    1.2555500099e-06    3.7350942710e-08    1.8223392289e-07   -2.0352484481e-08   -7.7475381244e-07
  50.6500000   -5.6192182649e-08    1.1936560043e-07   -1.6853796833e-07    1.2616931915e-06    3.6405655322e-08    1.8346854736e-07   -1.9054575677e-08   -7.2535503627e-07
  50.6600000   -5.8070161437e-08    1.1353245773e-07   -1.8353075593e-07    1.2675525050e-06    3.5048273967e-08    1.8351721804e-07   -1.7804100486e-08   -6.7837743971e-07
  50.6700000   -5.7955682167e-08    1.0580325835e-07   -1.9701089421e-07    1.2730026501e-06    3.3286335882e-08    1.8241078570e-07   -1.6601945197e-08   -6.3387242283e-07
  50.6800000   -5.5925494869e-08    9.6360493597e-08   -2.0877675572e-07    1.2779246053e-06    3.1134901490e-08    1.8020061884e-07   -1.5448888825e-08   -5.9188075481e-07
  50.6900000   -5.2091366616e-08    8.5414882756e-08   -2.1865202133e-07    1.2822073723e-06    2.8616400505e-08    1.7695733981e-07   -1.4345604138e-08   -5.5243295297e-07
  50.7000000   -4.6597171306e-08    7.3200737784e-08   -2.2648876241e-07    1.2857496416e-06    2.5760350809e-08    1.7276917341e-07   -1.3292677207e-08   -5.1554965074e-07
  50.7100000   -3.9615663061e-08    5.9971106164e-08   -2.3217005515e-07    1.2884612464e-06    2.2602918019e-08    1.6774003007e-07   -1.2290619239e-08   -4.8124198607e-07
  50.7200000   -3.1344687086e-08    4.5992784957e-08   -2.3561207102e-07    1.2902645035e-06    1.9186315477e-08    1.6198726693e-07   -1.1339864942e-08   -4.4951202062e-07
  50.7300000   -2.2003120637e-08    3.1541021669e-08   -2.3676561589e-07    1.2910953009e-06    1.5558080625e-08    1.5563923721e-07   -1.0440789414e-08   -4.2035313955e-07
  50.7400000   -1.1826526876e-08    1.6894401933e-08   -2.3561703879e-07    1.2909040276e-06    1.1770235273e-08    1.4883264122e-07   -9.5937052480e-09   -3.9375048393e-07
  50.7500000   -1.0625537277e-09    2.3297417820e-09   -2.3218857151e-07    1.2896562312e-06    7.8783381236e-09    1.4170977527e-07   -8.7988742307e-09   -3.6968137236e-07
  50.7600000    1.0033725337e-08   -1.1882950376e-08   -2.2653796415e-07    1.2873330431e-06    3.9404429905e-09    1.3441566894e-07   -8.0564993952e-09   -3.4811573336e-07
  50.7700000    2.1204623490e-08   -2.5485004140e-08   -2.1875757345e-07    1.2839313964e-06    1.5995671288e-11    1.2709523017e-07   -7.3667341411e-09   -3.2901653440e-07
  50.7800000    3.2194565403e-08   -3.8233640989e-08   -2.0897277659e-07    1.2794639434e-06   -3.8353118347e-09    1.1989042635e-07   -6.7296735449e-09   -3.1234022895e-07
  50.7900000    4.2754816597e-08   -4.9905736120e-08   -1.9733985154e-07    1.2739587888e-06   -7.5547053809e-09    1.1293755974e-07   -6.1453559744e-09   -2.9803718308e-07
  50.8000000    5.2648044069e-08   -6.0301496240e-08   -1.8404326543e-07    1.2674589114e-06   -1.1085505081e-08    1.0636466471e-07   -5.6137616559e-09   -2.8605210552e-07
  50.8100000    6.1652627564e-08   -6.9247531367e-08   -1.6929246751e-07    1.2600214240e-06   -1.4374251864e-08    1.0028915797e-07   -5.1348023470e-09   -2.7632448026e-07
  50.8200000    6.9566787407e-08   -7.6599220901e-08   -1.5331824436e-07    1.2517165585e-06   -1.7371782757e-08    9.4815669685e-08   -4.7083174583e-09   -2.6878900082e-07
  50.8300000    7.6212221935e-08   -8.2242857632e-08   -1.3636872662e-07    1.2426265190e-06   -2.0034237753e-08    9.0034208577e-08   -4.3340743440e-09   -2.6337597779e-07
  50.8400000    8.1437549295e-08   -8.6096988089e-08   -1.1870501452e-07    1.2328440536e-06   -2.2323983261e-08    8.6018593342e-08   -4.0117562058e-09   -2.6001175832e-07
  50.8500000    8.5121145069e-08   -8.8113278378e-08   -1.0059665661e-07    1.2224709815e-06   -2.4210357736e-08    8.2825291617e-08   -3.7409539493e-09   -2.5861913432e-07
  50.8600000    8.7173514511e-08   -8.8276807510e-08   -8.2316947085e-08    1.2116165015e-06   -2.5670336853e-08    8.0492561371e-08   -3.5211640915e-09   -2.5911773713e-07
  50.8700000    8.7539129367e-08   -8.6605796105e-08   -6.4138163259e-08    1.2003954461e-06   -2.6689003072e-08    7.9040039366e-08   -3.3517795491e-09   -2.6142442112e-07
  50.8800000    8.6197611513e-08   -8.3150847433e-08   -4.6326852700e-08    1.1889264385e-06   -2.7259899835e-08    7.8468637417e-08   -3.2320856037e-09   -2.6545365569e-07
  50.8900000    8.3164388442e-08   -7.7993553407e-08   -2.9139273079e-08    1.1773300036e-06   -2.7385125086e-08    7.8760883071e-08   -3.1612440957e-09   -2.7111788330e-07
  50.9000000    7.8490586898e-08   -7.1244719800e-08   -1.2816977950e-08    1.1657266827e-06   -2.7075324678e-08    7.9881621613e-08   -3.1383101771e-09   -2.7832786872e-07
  50.9100000    7.2262364117e-08   -6.3042130942e-08    2.4172529395e-09    1.1542351674e-06   -2.6349427119e-08    8.1779042615e-08   -3.1622002517e-09   -2.8699306027e-07
  50.9200000    6.4599425914e-08   -5.3547799357e-08    1.6363091617e-08    1.1429704662e-06   -2.5234302038e-08    8.4386068243e-08   -3.2317149390e-09   -2.9702190204e-07
  50.9300000    5.5653026004e-08   -4.2945023538e-08    2.8846000552e-08    1.1320421585e-06   -2.3764105963e-08    8.7622040170e-08   -3.3455119122e-09   -3.0832217136e-07
  50.9400000    4.5603209622e-08   -3.1434947454e-08    3.9719929273e-08    1.1215527617e-06   -2.1979579891e-08    9.1394639719e-08   -3.5021310921e-09   -3.2080126354e-07
  50.9500000    3.4655538624e-08   -1.9232980981e-08    4.8869550981e-08    1.1115962506e-06   -1.9927140224e-08    9.5602062643e-08   -3.6999649470e-09   -3.3436649764e-07
  50.9600000    2.3037193940e-08   -6.5649208438e-09    5.6211875538e-08    1.1022566864e-06   -1.7657831698e-08    1.0013536142e-07   -3.9372889552e-09   -3.4892539135e-07
  50.9700000    1.0992596647e-08    6.3370053837e-09    6.1697218232e-08    1.0936070885e-06   -1.5226234655e-08    1.0488087576e-07   -4.2122480463e-09   -3.6438591219e-07
  50.9800000   -1.2213714396e-09    1.9238252111e-08    6.5309538298e-08    1.0857084632e-06   -1.2689187443e-08    1.0972279317e-07   -4.5228569608e-09   -3.8065674565e-07
  50.9900000   -1.3340452564e-08    3.1906036239e-08    6.7066101563e-08    1.0786090686e-06   -1.0104528631e-08    1.1454568330e-07   -4.8670216677e-09   -3.9764750848e-07
  51.0000000   -2.5098400089e-08    4.4113451493e-08    6.7016559039e-08    1.0723438883e-06   -7.5297621001e-09    1.1923701218e-07   -5.2425350299e-09   -4.1526898930e-07
  51.0100000   -3.6232336151e-08    5.5643413478e-08    6.5241323091e-08    1.0669343424e-06   -5.0207573685e-09    1.2368957987e-07   -5.6470901799e-09   -4.3343334071e-07
  51.0200000   -4.6488293467e-08    6.6292448693e-08    6.1849425735e-08    1.0623882325e-06   -2.6304117183e-09    1.2780381022e-07   -6.0782902669e-09   -4.5205426867e-07
  51.0300000   -5.5626428506e-08    7.5874320857e-08    5.6975788154e-08    1.0586999379e-06   -4.0744748936e-10    1.3148985335e-07   -6.5336472651e-09   -4.7104723225e-07
  51.0400000   -6.3426154849e-08    8.4223273685e-08    5.0778030366e-08    1.0558507955e-06    1.6047578644e-09    1.3466947191e-07   -7.0106132046e-09   -4.9032958858e-07
  51.0500000   -6.9690815331e-08    9.1196979111e-08    4.3432829195e-08    1.0538097271e-06    3.3692078530e-09    1.3727766888e-07   -7.5065846921e-09   -5.0982074380e-07
  51.0600000   -7.4251920785e-08    9.6679068019e-08    3.5131987346e-08    1.0525340878e-06    4.8562316013e-09    1.3926399600e-07   -8.0189069290e-09   -5.2944230453e-07
  51.0700000   -7.6972787428e-08    1.0058121511e-07    2.6078153767e-08    1.0519706326e-06    6.0441692320e-09    1.4059355746e-07   -8.5449129870e-09   -5.4911818566e-07
  51.0800000   -7.7751537184e-08    1.0284469141e-07    1.6480475325e-08    1.0520567288e-06    6.9199910246e-09    1.4124766232e-07   -9.0819065417e-09   -5.6877474282e-07
  51.0900000   -7.6523342322e-08    1.0344146972e-07    6.5500552722e-09    1.0527216831e-06    7.4796365120e-09    1.4122412222e-07   -9.6272083389e-09   -5.8834085594e-07
  51.1000000   -7.3261894019e-08    1.0237464045e-07   -3.5044975765e-09    1.0538881315e-06    7.7281976141e-09    1.4053722492e-07   -1.0178151305e-08   -6.0774803032e-07
  51.1100000   -6.7980079598e-08    9.9678465478e-08   -1.3481463439e-08    1.0554736174e-06    7.6798618067e-09    1.3921727190e-07   -1.0732110589e-08   -6.2693046532e-07
  51.1200000   -6.0729767075e-08    9.5417570880e-08   -2.3190190254e-08    1.0573921656e-06    7.3576569564e-09    1.3730984891e-07   -1.1286500716e-08   -6.4582513019e-07
  51.1300000   -5.1600864495e-08    8.9685856155e-08   -3.2454986483e-08    1.0595559109e-06    6.7929562669e-09    1.3487474979e-07   -1.1838813002e-08   -6.6437181296e-07
  51.1400000   -4.0719488263e-08    8.2604669704e-08   -4.1118695883e-08    1.0618767100e-06    6.0248138307e-09    1.3198457181e-07   -1.2386613141e-08   -6.8251316496e-07
  51.1500000   -2.8245535224e-08    7.4320470021e-08   -4.9045761533e-08    1.0642677580e-06    5.0990792922e-09    1.2872304767e-07   -1.2927561027e-08   -7.0019475550e-07
  51.1600000   -1.4369451708e-08    6.5002084196e-08   -5.6124851769e-08    1.0666451189e-06    4.0673467966e-09    1.2518316465e-07   -1.3459427322e-08   -7.1736508153e-07
  51.1700000    6.9142030549e-10    5.4837437658e-08   -6.2270879173e-08    1.0689292170e-06    2.9857277063e-09    1.2146506519e-07   -1.3980101702e-08   -7.3397558874e-07
  51.1800000    1.6697086951e-08    4.4029919218e-08   -6.7426474198e-08    1.0710461543e-06    1.9135426725e-09    1.1767379376e-07   -1.4487614660e-08   -7.4998069223e-07
  51.1900000    3.3389490342e-08    3.2794443067e-08   -7.1562749853e-08    1.0729289490e-06    9.1185258524e-10    1.1391695521e-07   -1.4980133117e-08   -7.6533777077e-07
  51.2000000    5.0497231876e-08    2.1353333908e-08   -7.4679473905e-08    1.0745186284e-06    4.1967253408e-11    1.1030231555e-07   -1.5455975275e-08   -7.8000717217e-07
  51.2100000    6.7740656976e-08    9.9318784434e-09   -7.6804551035e-08    1.0757651005e-06   -6.3613191761e-10    1.0693541203e-07   -1.5913617850e-08   -7.9395218944e-07
  51.2200000    8.4836735660e-08   -1.2459514146e-09   -7.7992923751e-08    1.0766278925e-06   -1.0653135438e-09    1.0391718755e-07   -1.6351707364e-08   -8.0713905238e-07
  51.2300000    1.0150398511e-07   -1.1962030567e-08   -7.8324741817e-08    1.0770766859e-06   -1.1928390318e-09    1.0134174489e-07   -1.6769052340e-08   -8.1953690566e-07
  51.2400000    1.1746722423e-07   -2.2008282837e-08   -7.7903045302e-08    1.0770916026e-06   -9.7179212890e-10    9.9294245337e-08   -1.7164641727e-08   -8.3111777099e-07
  51.2500000    1.3246198057e-07   -3.1190805527e-08   -7.6850872107e-08    1.0766633925e-06   -3.6244807527e-10    9.7849000799e-08   -1.7537635005e-08   -8.4185651860e-07
  51.2600000    1.4623865715e-07   -3.9333688322e-08   -7.5307887272e-08    1.0757933134e-06    6.6654146280e-10    9.7067775858e-08   -1.7887363034e-08   -8.5173082251e-07
  51.2700000    1.5856625156e-07   -4.6282481584e-08   -7.3426641600e-08    1.0744928696e-06    2.1370905755e-09    9.6998394172e-08   -1.8213335888e-08   -8.6072112136e-07
  51.2800000    1.6923562657e-07   -5.1907244680e-08   -7.1368491156e-08    1.0727833643e-06    4.0608404876e-09    9.7673599020e-08   -1.8515223502e-08   -8.6881056055e-07
  51.2900000    1.7806239343e-07   -5.6105010468e-08   -6.9299303888e-08    1.0706952505e-06    6.4385164801e-09    9.9110288357e-08   -1.8792863496e-08   -8.7598494659e-07
  51.3000000    1.8488922015e-07   -5.8801890885e-08   -6.7384987212e-08    1.0682673460e-06    9.2595510840e-09    1.0130902580e-07   -1.9046253327e-08   -8.8223268382e-07
  51.3100000    1.8958777290e-07   -5.9954431146e-08   -6.5787064069e-08    1.0655458932e-06    1.2501926655e-08    1.0425393471e-07   -1.9275529953e-08   -8.8754470815e-07
  51.3200000    1.9206005034e-07   -5.9550385052e-08   -6.4658234724e-08    1.0625835177e-06    1.6132298093e-08    1.0791293883e-07   -1.9480992506e-08   -8.9191444088e-07
  51.3300000    1.9223946125e-07   -5.7608893495e-08   -6.4138166808e-08    1.0594380555e-06    2.0106370368e-08    1.1223834788e-07   -1.9663053250e-08   -8.9533770485e-07
  51.3400000    1.9009134327e-07   -5.4179996816e-08   -6.4349486069e-08    1.0561713307e-06    2.4369532885e-08    1.1716775655e-07   -1.9822246501e-08   -8.9781264689e-07
  51.3500000    1.8561315731e-07   -4.9343535953e-08   -6.5394201258e-08    1.0528479149e-06    2.8857754635e-08    1.2262527662e-07   -1.9959218971e-08   -8.9933968437e-07
  51.3600000    1.7883430539e-07   -4.3207456131e-08   -6.7350507458e-08    1.0495337553e-06    3.3498687390e-08    1.2852305077e-07   -2.0074718566e-08   -8.9992142089e-07
  51.3700000    1.6981566947e-07   -3.5905520924e-08   -7.0270140427e-08    1.0462949643e-06    3.8213022078e-08    1.3476300987e-07   -2.0169576232e-08   -8.9956255802e-07
  51.3800000    1.5864882849e-07   -2.7594517298e-08   -7.4176310348e-08    1.0431964911e-06    4.2916003212e-08    1.4123886733e-07   -2.0244684326e-08   -8.9826982924e-07
  51.3900000    1.4545497270e-07   -1.8451076362e-08   -7.9062312192e-08    1.0403009551e-06    4.7519120193e-08    1.4783829873e-07   -2.0301000184e-08   -8.9605189928e-07
  51.4000000    1.3038368549e-07   -8.6679629632e-09   -8.4890759988e-08    1.0376674802e-06    5.1931911327e-08    1.5444519430e-07   -2.0339521493e-08   -8.9291931125e-07
  51.4100000    1.1361132465e-07    1.5497534304e-09   -9.1593592180e-08    1.0353506937e-06    5.6063870238e-08    1.6094210792e-07   -2.0361277205e-08   -8.8888436718e-07
  51.4200000    9.5339286470e-08    1.1988947795e-08   -9.9072767287e-08    1.0333997695e-06    5.9826388683e-08    1.6721260862e-07   -2.0367313890e-08   -8.8396106752e-07
  51.4300000    7.5792006314e-08    2.2432684120e-08   -1.0720172187e-07    1.0318576630e-06    6.3134695380e-08    1.7314374397e-07   -2.0358676712e-08   -8.7816500510e-07
  51.4400000    5.5214654868e-08    3.2664621860e-08   -1.1582750009e-07    1.0307604615e-06    6.5909789925e-08    1.7862833806e-07   -2.0336412556e-08   -8.7151328538e-07
  51.4500000    3.3870644340e-08    4.2473268008e-08   -1.2477358742e-07    1.0301369112e-06    6.8080245793e-08    1.8356722592e-07   -2.0301536289e-08   -8.6402444753e-07
  51.4600000    1.2038850138e-08    5.1656214760e-08   -1.3384333318e-07    1.0300080651e-06    6.9583932723e-08    1.8787134014e-07   -2.0255042853e-08   -8.5571835539e-07
  51.4700000   -9.9894756596e-09    6.0024073832e-08   -1.4282395002e-07    1.0303871498e-06    7.0369567717e-08    1.9146355689e-07   -2.0197876426e-08   -8.4661611830e-07
  51.4800000   -3.1914051309e-08    6.7404241038e-08   -1.5149101296e-07    1.0312795509e-06    7.0398043435e-08    1.9428034037e-07   -2.0130932665e-08   -8.3674000506e-07
  51.4900000   -5.3429174312e-08    7.3644186699e-08   -1.5961333430e-07    1.0326829902e-06    6.9643530571e-08    1.9627308183e-07   -2.0055053294e-08   -8.2611335068e-07
  51.5000000   -7.4227686132e-08    7.8614376739e-08   -1.6695812384e-07    1.0345878334e-06    6.8094356782e-08    1.9740915157e-07   -1.9971006813e-08   -8.1476047902e-07
  51.5100000   -9.4005105741e-08    8.2210710221e-08   -1.7329636388e-07    1.0369775315e-06    6.5753541463e-08    1.9767262178e-07   -1.9879497683e-08   -8.0270658928e-07
  51.5200000   -1.1246402947e-07    8.4356415893e-08   -1.7840824104e-07    1.0398292593e-06    6.2639059154e-08    1.9706466870e-07   -1.9781156435e-08   -7.8997769320e-07
  51.5300000   -1.2931870762e-07    8.5003435081e-08   -1.8208857718e-07    1.0431145607e-06    5.8783795186e-08    1.9560360980e-07   -1.9676519429e-08   -7.7660052222e-07
  51.5400000   -1.4429977083e-07    8.4133162818e-08   -1.8415203223e-07    1.0468001770e-06    5.4235154028e-08    1.9332458685e-07   -1.9566058257e-08   -7.6260244827e-07
  51.5500000   -1.5715887781e-07    8.1756651236e-08   -1.8443809292e-07    1.0508489086e-06    4.9054384557e-08    1.9027892267e-07   -1.9450152938e-08   -7.4801138304e-07
  51.5600000   -1.6767347294e-07    7.7914204151e-08   -1.8281564934e-07    1.0552205417e-06    4.3315573999e-08    1.8653313951e-07   -1.9329106295e-08   -7.3285571290e-07
  51.5700000   -1.7565133405e-07    7.2674381335e-08   -1.7918707662e-07    1.0598728233e-06    3.7104363272e-08    1.8216768314e-07   -1.9203138389e-08   -7.1716423011e-07
  51.5800000   -1.8093479923e-07    6.6132493091e-08   -1.7349171463e-07    1.0647624291e-06    3.0516417647e-08    1.7727533206e-07   -1.9072392212e-08   -7.0096601887e-07
  51.5900000   -1.8340473839e-07    5.8408483771e-08   -1.6570867647e-07    1.0698459180e-06    2.3655592559e-08    1.7195939939e-07   -1.8936940787e-08   -6.8429041607e-07
  51.6000000   -1.8298399501e-07    4.9644472907e-08   -1.5585886507e-07    1.0750806630e-06    1.6631977793e-08    1.6633167855e-07   -1.8796782304e-08   -6.6716691283e-07
  51.6100000   -1.7964012756e-07    4.0001779738e-08   -1.4400621934e-07    1.0804257396e-06    9.5597213923e-09    1.6051023712e-07   -1.8651856882e-08   -6.4962510829e-07
  51.6200000   -1.7338767633e-07    2.9657622974e-08   -1.3025800636e-07    1.0858427232e-06    2.5547718416e-09    1.5461707655e-07   -1.8502045431e-08   -6.3169461787e-07
  51.6300000   -1.6428938220e-07    1.8801568484e-08   -1.1476430790e-07    1.0912964202e-06   -4.2674736788e-09    1.4877571301e-07   -1.8347180429e-08   -6.1340502304e-07
  51.6400000   -1.5245664402e-07    7.6316485819e-09   -9.7716500019e-08    1.0967554774e-06   -1.0794528613e-08    1.4310871980e-07   -1.8187058975e-08   -5.9478579681e-07
  51.6500000   -1.3804901795e-07   -3.6494621482e-09   -7.9344907209e-08    1.1021928905e-06   -1.6919163560e-08    1.3773529718e-07   -1.8021434027e-08   -5.7586625862e-07
  51.6600000   -1.2127268024e-07   -1.4838535090e-08   -5.9915511982e-08    1.1075863910e-06   -2.2541655745e-08    1.3276887937e-07   -1.7850046331e-08   -5.5667551164e-07
  51.6700000   -1.0237790909e-07   -2.5735749876e-08   -3.9725878282e-08    1.1129186658e-06   -2.7571897071e-08    1.2831488955e-07   -1.7672618087e-08   -5.3724237088e-07
  51.6800000   -8.1655646549e-08   -3.6148431205e-08   -1.9100268085e-08    1.1181775333e-06   -3.1931352525e-08    1.2446864275e-07   -1.7488861395e-08   -5.1759534620e-07
  51.6900000   -5.9432892307e-08   -4.5894863291e-08    1.6159214530e-09    1.1233558706e-06   -3.5554801018e-08    1.2131341383e-07   -1.7298502983e-08   -4.9776255555e-07
  51.7000000   -3.6067492533e-08   -5.4807596983e-08    2.2062324034e-08    1.1284515156e-06   -3.8391773789e-08    1.1891880965e-07   -1.7101263763e-08   -4.7777172266e-07
  51.7100000   -1.1941862003e-08   -6.2736558069e-08    4.1870251130e-08    1.1334669673e-06   -4.0407715199e-08    1.1733934262e-07   -1.6896907022e-08   -4.5765008650e-07
  51.7200000    1.2543732615e-08   -6.9551763070e-08    6.0669712182e-08    1.1384090175e-06   -4.1584834508e-08    1.1661336161e-07   -1.6685218503e-08   -4.3742440240e-07
  51.7300000    3.6978534456e-08   -7.5145469081e-08    7.8096673649e-08    1.1432882849e-06   -4.1922600781e-08    1.1676225590e-07   -1.6466014425e-08   -4.1712088749e-07
  51.7400000    6.0949031965e-08   -7.9434019975e-08    9.3800386047e-08    1.1481186013e-06   -4.1437847179e-08    1.1778999885e-07   -1.6239166267e-08   -3.9676518496e-07
  51.7500000    8.4046777762e-08   -8.2359034118e-08    1.0745072193e-07    1.1529163959e-06   -4.0164528396e-08    1.1968310551e-07   -1.6004592211e-08   -3.7638234509e-07
  51.7600000    1.0587632922e-07   -8.3888125148e-08    1.1874522722e-07    1.1576999832e-06   -3.8153133083e-08    1.2241082610e-07   -1.5762267251e-08   -3.5599678514e-07
  51.7700000    1.2606290330e-07   -8.4015005799e-08    1.2741590837e-07    1.1624888083e-06   -3.5469680926e-08    1.2592576705e-07   -1.5512237439e-08   -3.3563227873e-07
  51.7800000    1.4425967311e-07   -8.2759115316e-08    1.3323549507e-07    1.1673027113e-06   -3.2194404554e-08    1.3016477550e-07   -1.5254604091e-08   -3.1531191729e-07
  51.7900000    1.6015460428e-07   -8.0164676688e-08    1.3602308040e-07    1.1721611264e-06   -2.8420135182e-08    1.3505020087e-07   -1.4989554272e-08   -2.9505809450e-07
  51.8000000    1.7347641063e-07   -7.6299296669e-08    1.3564902827e-07    1.1770823804e-06   -2.4250358647e-08    1.4049138651e-07   -1.4717329374e-08   -2.7489250406e-07
  51.8100000    1.8399980344e-07   -7.1252056374e-08    1.3203901654e-07    1.1820829731e-06   -1.9797050796e-08    1.4638642358e-07   -1.4438259522e-08   -2.5483610021e-07
  51.8200000    1.9154966903e-07   -6.5131210665e-08    1.2517707526e-07    1.1871769330e-06   -1.5178302495e-08    1.5262416497e-07   -1.4152734650e-08   -2.3490911190e-07
  51.8300000    1.9600421024e-07   -5.8061578841e-08    1.1510767013e-07    1.1923752264e-06   -1.0515781894e-08    1.5908636200e-07   -1.3861229788e-08   -2.1513100962e-07
  51.8400000    1.9729689329e-07   -5.0181572614e-08    1.0193655365e-07    1.1976852973e-06   -5.9321070236e-09    1.6564998725e-07   -1.3564284926e-08   -1.9552050803e-07
  51.8500000    1.9541736678e-07   -4.1640116615e-08    8.5830577842e-08    1.2031106534e-06   -1.5481776849e-09    1.7218961693e-07   -1.3262502921e-08   -1.7609555819e-07
  51.8600000    1.9041102892e-07   -3.2593347754e-08    6.7016221175e-08    1.2086505865e-06    2.5195148695e-09    1.7857988473e-07   -1.2956556346e-08   -1.5687333686e-07
  51.8700000    1.8237751087e-07   -2.3201313851e-08    4.5777035511e-08    1.2142999848e-06    6.1614441032e-09    1.8469791341e-07   -1.2647177083e-08   -1.3787026521e-07
  51.8800000    1.7146819816e-07   -1.3624685270e-08    2.2449880122e-08    1.2200493284e-06    9.2775627293e-09    1.9042570648e-07   -1.2335139623e-08   -1.1910197722e-07
  51.8900000    1.5788256843e-07   -4.0215642835e-09   -2.5799413957e-09    1.2258846899e-06    1.1779558775e-08    1.9565244433e-07   -1.2021278744e-08   -1.0058334459e-07
  51.9000000    1.4186374305e-07    5.4555185116e-09   -2.8884606855e-08    1.2317879704e-06    1.3592901432e-08    2.0027663923e-07   -1.1706454081e-08   -8.2328469526e-08
  51.9100000    1.2369329138e-07    1.4662383535e-08   -5.6000604446e-08    1.2377371359e-06    1.4658649899e-08    2.0420808268e-07   -1.1391567288e-08   -6.4350686945e-08
  51.9200000    1.0368537149e-07    2.3465644235e-08   -8.3436457867e-08    1.2437066719e-06    1.4934878365e-08    2.0736962835e-07   -1.1077523595e-08   -4.6662577409e-08
  51.9300000    8.2180439719e-08    3.1744893455e-08   -1.1068111317e-07    1.2496680254e-06    1.4397774465e-08    2.0969867682e-07   -1.0765267321e-08   -2.9275962534e-08
  51.9400000    5.9538590387e-08    3.9394410317e-08   -1.3721294677e-07    1.2555902110e-06    1.3042354549e-08    2.1114838977e-07   -1.0455731665e-08   -1.2201918594e-08
  51.9500000    3.6132890286e-08    4.6324504217e-08   -1.6250918871e-07    1.2614404317e-06    1.0882793664e-08    2.1168860223e-07   -1.0149843780e-08    4.5492129511e-09
  51.9600000    1.2342497444e-08    5.2462451265e-08   -1.8605552677e-07    1.2671847597e-06    7.9522966107e-09    2.1130641587e-07   -9.8485259109e-09    2.0967817371e-08
  51.9700000   -1.1453821262e-08    5.7753058184e-08   -2.0735583573e-07    1.2727888570e-06    4.3026085632e-09    2.1000644436e-07   -9.5526748940e-09    3.7045001962e-08
  51.9800000   -3.4884122713e-08    6.2158654190e-08   -2.2594178589e-07    1.2782187194e-06    3.0747774129e-12    2.0781075679e-07   -9.2631522163e-09    5.2772576042e-08
  51.9900000   -5.7589230571e-08    6.5658932671e-08   -2.4138214917e-07    1.2834413964e-06   -4.8606577154e-09    2.0475843594e-07   -8.9807856126e-09    6.8143042890e-08
  52.0000000   -7.9228132135e-08    6.8250237998e-08   -2.5329161820e-07    1.2884256949e-06   -1.0188310545e-08    2.0090487167e-07   -8.7063513515e-09    8.3149586071e-08
  52.0100000   -9.9483001831e-08    6.9944634179e-08   -2.6133897435e-07    1.2931428366e-06   -1.5867010659e-08    1.9632070528e-07   -8.4405719440e-09    9.7786061205e-08
  52.0200000   -1.1806334811e-07    7.0768701429e-08   -2.6525447819e-07    1.2975670664e-06   -2.1773561420e-08    1.9109047289e-07   -8.1840992799e-09    1.1204696902e-07
  52.0300000   -1.3470981824e-07    7.0762105536e-08   -2.6483623303e-07    1.3016761860e-06   -2.7776996428e-08    1.8531102952e-07   -7.9375366389e-09    1.2592745727e-07
  52.0400000   -1.4919698965e-07    6.9976045187e-08   -2.5995546342e-07    1.3054519509e-06   -3.3741339895e-08    1.7908969828e-07   -7.7013957978e-09    1.3942329409e-07
  52.0500000   -1.6133579818e-07    6.8471427054e-08   -2.5056058871e-07    1.3088804693e-06   -3.9528436429e-08    1.7254225050e-07   -7.4761214053e-09    1.5253086136e-07
  52.0600000   -1.7097509660e-07    6.6317264029e-08   -2.3667993236e-07    1.3119523680e-06   -4.5000934732e-08    1.6579073192e-07   -7.2620782880e-09    1.6524712371e-07
  52.0700000   -1.7800270769e-07    6.3588835632e-08   -2.1842305996e-07    1.3146629384e-06   -5.0025224788e-08    1.5896113949e-07   -7.0595421169e-09    1.7756962983e-07
  52.0800000   -1.8234574038e-07    6.0365935109e-08   -1.9598063516e-07    1.3170120979e-06   -5.4474357671e-08    1.5218105817e-07   -6.8687105807e-09    1.8949648878e-07
  52.0900000   -1.8397052314e-07    5.6731303149e-08   -1.6962281361e-07    1.3190042710e-06   -5.8230801596e-08    1.4557726528e-07   -6.6897014157e-09    2.0102635731e-07
  52.1000000   -1.8288185159e-07    5.2769033003e-08   -1.3969617555e-07    1.3206481124e-06   -6.1189099456e-08    1.3927334587e-07   -6.5225419429e-09    2.1215840793e-07
  52.1100000   -1.7912190756e-07    4.8563149622e-08   -1.0661918207e-07    1.3219561563e-06   -6.3258208983e-08    1.3338736965e-07   -6.3671821582e-09    2.2289234122e-07
  52.1200000   -1.7276867781e-07    4.4196364279e-08   -7.0876277738e-08    1.3229443276e-06   -6.4363621621e-08    1.2802969959e-07   -6.2235006713e-09    2.3322833881e-07
  52.1300000   -1.6393403855e-07    3.9749005232e-08   -3.3010634079e-08    1.3236313774e-06   -6.4449098088e-08    1.2330091921e-07   -6.0912951134e-09    2.4316707137e-07
  52.1400000   -1.5276149950e-07    3.5297936469e-08    6.3842272656e-09    1.3240382143e-06   -6.3478085357e-08    1.1928995983e-07   -5.9702983278e-09    2.5270966901e-07
  52.1500000   -1.3942368937e-07    3.0915882139e-08    4.6673944068e-08    1.3241872047e-06   -6.1434658407e-08    1.1607245577e-07   -5.8601792213e-09    2.6185769925e-07
  52.1600000   -1.2411954864e-07    2.6670648177e-08    8.7193671039e-08    1.3241013875e-06   -5.8324088961e-08    1.1370932275e-07   -5.7605615744e-09    2.7061316949e-07
  52.1700000   -1.0707128085e-07    2.2624551517e-08    1.2725924103e-07    1.3238036915e-06   -5.4172962270e-08    1.1224568253e-07   -5.6710004216e-09    2.7897849560e-07
  52.1800000   -8.8521223800e-08    1.8833963414e-08    1.6617878388e-07    1.3233161348e-06   -4.9028818195e-08    1.1170997471e-07   -5.5910254604e-09    2.8695649319e-07
  52.1900000   -6.8728385284e-08    1.5348905223e-08    2.0326477545e-07    1.3226590225e-06   -4.2959359998e-08    1.1211350100e-07   -5.5201309398e-09    2.9455036005e-07
  52.2000000   -4.7964987854e-08    1.2212663624e-08    2.3784613659e-07    1.3218501996e-06   -3.6051253929e-08    1.1345019475e-07   -5.4577822521e-09    3.0176366640e-07
  52.2100000   -2.6512767402e-08    9.4615218223e-09    2.6928031733e-07    1.3209043470e-06   -2.8408476662e-08    1.1569677959e-07   -5.4034328179e-09    3.0860032462e-07
  52.2200000   -4.6592870851e-09    7.1243961696e-09    2.9696500888e-07    1.3198323403e-06   -2.0150346254e-08    1.1881319354e-07   -5.3565325096e-09    3.1506458909e-07
  52.2300000    1.7305875150e-08    5.2226536883e-09    3.2034937863e-07    1.3186407356e-06   -1.1409154819e-08    1.2274337614e-07   -5.3165202727e-09    3.2116103752e-07
  52.2400000    3.9094924852e-08    3.7697628729e-09    3.3894456248e-07    1.3173313197e-06   -2.3275576347e-09    1.2741632417e-07   -5.2828604140e-09    3.2689455608e-07
  52.2500000    6.0425695041e-08    2.7710551596e-09    3.5233317826e-07    1.3159008145e-06    6.9442676436e-09    1.3274740705e-07   -5.2550189342e-09    3.3227032368e-07
  52.2600000    8.1025403173e-08    2.2235587878e-09    3.6017780671e-07    1.3143406862e-06    1.6251666878e-08    1.3863996733e-07   -5.2325022518e-09    3.3729380066e-07
  52.2700000    1.0063428118e-07    2.1157272657e-09    3.6222812787e-07    1.3126371206e-06    2.5438641657e-08    1.4498711963e-07   -5.2148358803e-09    3.4197071579e-07
  52.2800000    1.1900912410e-07    2.4274250890e-09    3.5832662892e-07    1.3107711362e-06    3.4351031872e-08    1.5167375084e-07   -5.2015913998e-09    3.4630704653e-07
  52.2900000    1.3592658155e-07    3.1298065270e-09    3.4841277237e-07    1.3087188247e-06    4.2839655449e-08    1.5857863610e-07   -5.1923815553e-09    3.5030901515e-07
  52.3000000    1.5118620331e-07    4.1854234860e-09    3.3252551698e-07    1.3064517696e-06    5.0763405223e-08    1.6557670842e-07   -5.1868653225e-09    3.5398307074e-07
  52.3100000    1.6461318761e-07    5.5484983963e-09    3.1080413505e-07    1.3039375679e-06    5.7992126330e-08    1.7254136511e-07   -5.1847514069e-09    3.5733587735e-07
  52.3200000    1.7606070701e-07    7.1652728813e-09    2.8348723846e-07    1.3011405145e-06    6.4409318375e-08    1.7934679811e-07   -5.1858040295e-09    3.6037429900e-07
  52.3300000    1.8541190006e-07    8.9746087064e-09    2.5091008544e-07    1.2980223721e-06    6.9914562485e-08    1.8587033853e-07   -5.1898379151e-09    3.6310538203e-07
  52.3400000    1.9258135724e-07    1.0908843669e-08    2.1350015269e-07    1.2945432879e-06    7.4425576838e-08    1.9199469913e-07   -5.1967278465e-09    3.6553636247e-07
  52.3500000    1.9751607158e-07    1.2894794091e-08    1.7177099694e-07    1.2906627124e-06    7.7879954106e-08    1.9761014258e-07   -5.2063972739e-09    3.6767462824e-07
  52.3600000    2.0019590402e-07    1.4855116149e-08    1.2631460102e-07    1.2863404977e-06    8.0236448536e-08    2.0261647883e-07   -5.2188221606e-09    3.6952771694e-07
  52.3700000    2.0063354407e-07    1.6709709528e-08    7.7792200391e-08    1.2815379088e-06    8.1475823277e-08    2.0692491785e-07   -5.2340334899e-09    3.7110330606e-07
  52.3800000    1.9887382179e-07    1.8377529514e-08    2.6923804687e-08    1.2762187497e-06    8.1601276616e-08    2.1045969331e-07   -5.2520943362e-09    3.7240919726e-07
  52.3900000    1.9499258876e-07    1.9778472982e-08   -2.5523408366e-08    1.2703504394e-06    8.0638341277e-08    2.1315943526e-07   -5.2731182385e-09    3.7345329409e-07
  52.4000000    1.8909502474e-07    2.0835453388e-08   -7.8747666024e-08    1.2639050379e-06    7.8634359619e-08    2.1497830075e-07   -5.2972390517e-09    3.7424360700e-07
  52.4100000    1.8131343662e-07    2.1476569787e-08   -1.3192593363e-07    1.2568602595e-06    7.5657474067e-08    2.1588678640e-07   -5.3246304341e-09    3.7478821899e-07
  52.4200000    1.7180468380e-07    2.1637310613e-08   -1.8422768600e-07    1.2492003296e-06    7.1795199920e-08    2.1587227454e-07   -5.3554736753e-09    3.7509528156e-07
  52.4300000    1.6074718735e-07    2.1262789513e-08   -2.3482904807e-07    1.2409168164e-06    6.7152544361e-08    2.1493922806e-07   -5.3899648088e-09    3.7517300386e-07
  52.4400000    1.4833757179e-07    2.0309725019e-08   -2.8292686207e-07    1.2320092567e-06    6.1849821624e-08    2.1310910850e-07   -5.4283025102e-09    3.7502962758e-07
  52.4500000    1.3478715243e-07    1.8748464175e-08   -3.2775260776e-07    1.2224856960e-06    5.6020076642e-08    2.1041995443e-07   -5.4706765847e-09    3.7467342538e-07
  52.4600000    1.2031817056e-07    1.6564615246e-08   -3.6858576203e-07    1.2123630364e-06    4.9806273276e-08    2.0692568450e-07   -5.5172580555e-09    3.7411268066e-07
  52.4700000    1.0515992763e-07    1.3760356102e-08   -4.0476651606e-07    1.2016671820e-06    4.3358240586e-08    2.0269505931e-07   -5.5682009496e-09    3.7335566044e-07
  52.4800000    8.9545020575e-08    1.0355441793e-08   -4.3570746752e-07    1.1904330679e-06    3.6829512494e-08    1.9781042283e-07   -5.6236249253e-09    3.7241060629e-07
  52.4900000    7.3705412148e-08    6.3876724607e-09   -4.6090422839e-07    1.1787044169e-06    3.0374040975e-08    1.9236617025e-07   -5.6835985147e-09    3.7128574283e-07
  52.5000000    5.7868909701e-08    1.9128952867e-09   -4.7994456875e-07    1.1665333747e-06    2.4142905099e-08    1.8646696749e-07   -5.7481515240e-09    3.6998923297e-07
  52.5100000    4.2255603439e-08   -2.9955017414e-09   -4.9251609602e-07    1.1539799233e-06    1.8281097182e-08    1.8022583714e-07   -5.8172502232e-09    3.6852916228e-07
  52.5200000    2.7074733747e-08   -8.2476823360e-09   -4.9841221005e-07    1.1411111061e-06    1.2924395533e-08    1.7376203084e-07   -5.8907995551e-09    3.6691354631e-07
  52.5300000    1.2521711429e-08   -1.3739002815e-08   -4.9753624399e-07    1.1280001229e-06    8.1964605069e-09    1.6719882453e-07   -5.9686366513e-09    3.6515029869e-07
  52.5400000   -1.2243482307e-09   -1.9352130062e-08   -4.8990373773e-07    1.1147252450e-06    4.2061469516e-09    1.6066123295e-07   -6.0505284199e-09    3.6324722333e-07
  52.5500000   -1.4002828364e-08   -2.4959765212e-08   -4.7564271788e-07    1.1013685859e-06    1.0451559917e-09    1.5427364725e-07   -6.1361546553e-09    3.6121199588e-07
  52.5600000   -2.5673270030e-08   -3.0427601654e-08   -4.5499205214e-07    1.0880147941e-06   -1.2139697276e-09    1.4815754395e-07   -6.2251286166e-09    3.5905215374e-07
  52.5700000   -3.6116805668e-08   -3.5617869413e-08   -4.2829782062e-07    1.0747496802e-06   -2.5194620996e-09    1.4242919317e-07   -6.3169785829e-09    3.5677508379e-07
  52.5800000   -4.5236958835e-08   -4.0392982560e-08   -3.9600775818e-07    1.0616587077e-06   -2.8414954035e-09    1.3719746779e-07   -6.4111524125e-09    3.5438800621e-07
  52.5900000   -5.2960135611e-08   -4.4619411985e-08   -3.5866395958e-07    1.0488255487e-06   -2.1728749000e-09    1.3256181382e-07   -6.5070259265e-09    3.5189796259e-07
  52.6000000   -5.9235726568e-08   -4.8171571341e-08   -3.1689379821e-07    1.0363305965e-06   -5.2932081857e-10    1.2861035313e-07   -6.6038987526e-09    3.4931181142e-07
  52.6100000   -6.4035664206e-08   -5.0935680703e-08   -2.7139936220e-07    1.0242495168e-06    2.0508385901e-09    1.2541819588e-07   -6.7009992105e-09    3.4663621684e-07
  52.6200000   -6.7353784343e-08   -5.2813344181e-08   -2.2294546761e-07    1.0126519124e-06    5.5073508600e-09    1.2304601814e-07   -6.7974965576e-09    3.4387763443e-07
  52.6300000   -6.9204810999e-08   -5.3724895401e-08   -1.7234657910e-07    1.0016000380e-06    9.7592404296e-09    1.2153884937e-07   -6.8925088142e-09    3.4104230724e-07
  52.6400000   -6.9622933833e-08   -5.3612269034e-08   -1.2045272569e-07    9.9114765177e-07    1.4706455918e-08    1.2092519801e-07   -6.9850974733e-09    3.3813626322e-07
  52.6500000   -6.8660222700e-08   -5.2441312518e-08   -6.8134794044e-08    9.8133905995e-07    2.0231874311e-08    1.2121645112e-07   -7.0742965213e-09    3.3516530416e-07
  52.6600000   -6.6384821832e-08   -5.0203476892e-08   -1.6269340708e-08    9.7220831497e-07    2.6203730073e-08    1.2240659081e-07   -7.1591054293e-09    3.3213500265e-07
  52.6700000   -6.2878879852e-08   -4.6916824595e-08    3.4276695801e-08    9.6377860457e-07    3.2478334971e-08    1.2447222559e-07   -7.2385191144e-09    3.2905071096e-07
  52.6800000   -5.8236453983e-08   -4.2626342135e-08    8.2661215895e-08    9.5606185618e-07    3.8903026632e-08    1.2737297517e-07   -7.3115203591e-09    3.2591753789e-07
  52.6900000   -5.2561221359e-08   -3.7403262635e-08    1.2808175160e-07    9.4905863827e-07    4.5319400540e-08    1.3105212502e-07   -7.3771137285e-09    3.2274037421e-07
  52.7000000   -4.5964199088e-08   -3.1343884220e-08    1.6978956649e-07    9.4275818428e-07    5.1566597560e-08    1.3543763512e-07   -7.4343214558e-09    3.1952386855e-07
  52.7100000   -3.8561549062e-08   -2.4567407216e-08    2.0710292450e-07    9.3713876736e-07    5.7484672735e-08    1.4044341726e-07   -7.4822056462e-09    3.1627246299e-07
  52.7200000   -3.0472289472e-08   -1.7213159178e-08    2.3941910457e-07    9.3216823796e-07    6.2918019679e-08    1.4597086272e-07   -7.5198806246e-09    3.1299036951e-07
  52.7300000   -2.1816197822e-08   -9.4371638543e-09    2.6622507293e-07    9.2780479748e-07    6.7718645297e-08    1.5191065109e-07   -7.5465237363e-09    3.0968157449e-07
  52.7400000   -1.2711854749e-08   -1.4081363876e-09    2.8710653263e-07    9.2399804369e-07    7.1749364426e-08    1.5814476789e-07   -7.5613973526e-09    3.0634987258e-07
  52.7500000   -3.2748699677e-09    6.6968825923e-09    3.0175525739e-07    9.2069013344e-07    7.4886755163e-08    1.6454863797e-07   -7.5638419358e-09    3.0299885304e-07
  52.7600000    6.3836082761e-09    1.4697267545e-08    3.0997451139e-07    9.1781719823e-07    7.7023861561e-08    1.7099349082e-07   -7.5533169092e-09    2.9963190504e-07
  52.7700000    1.6158250208e-08    2.2413714017e-08    3.1168240794e-07    9.1531082625e-07    7.8072584782e-08    1.7734875210e-07   -7.5293810769e-09    2.9625223959e-07
  52.7800000    2.5950487040e-08    2.9673088371e-08    3.0691330165e-07    9.1309973450e-07    7.7965694152e-08    1.8348452206e-07   -7.4917288608e-09    2.9286289845e-07
  52.7900000    3.5669132826e-08    3.6313200594e-08    2.9581695187e-07    9.1111148376e-07    7.6658419484e-08    1.8927405904e-07   -7.4401767356e-09    2.8946676068e-07
  52.8000000    4.5230782181e-08    4.2187280550e-08    2.7865568594e-07    9.0927425716e-07    7.4129618321e-08    1.9459622066e-07   -7.3746822144e-09    2.8606655025e-07
  52.8100000    5.4559825913e-08    4.7168004768e-08    2.5579943546e-07    9.0751862665e-07    7.0382456031e-08    1.9933782361e-07   -7.2953493589e-09    2.8266486139e-07
  52.8200000    6.3588142866e-08    5.1150935154e-08    2.2771882093e-07    9.0577932790e-07    6.5444625917e-08    2.0339589144e-07   -7.2024327188e-09    2.7926415271e-07
  52.8300000    7.2254447593e-08    5.4057441139e-08    1.9497641797e-07    9.0399692399e-07    5.9368053143e-08    2.0667972430e-07   -7.0963265785e-09    2.7586677154e-07
  52.8400000    8.0503542165e-08    5.5836645452e-08    1.5821624050e-07    9.0211939072e-07    5.2228139306e-08    2.0911276781e-07   -6.9775940385e-09    2.7247496270e-07
  52.8500000    8.8285091945e-08    5.6466764028e-08    1.1815181013e-07    9.0010355555e-07    4.4122520785e-08    2.1063424039e-07   -6.8469235570e-09    2.6909087757e-07
  52.8600000    9.5552495008e-08    5.5955397196e-08    7.5552870761e-08    8.9791634645e-07    3.5169394056e-08    2.1120048222e-07   -6.7051707779e-09    2.6571659153e-07
  52.8700000    1.0226151679e-07    5.4339087715e-08    3.1231037859e-08    8.9553583445e-07    2.5505412790e-08    2.1078600750e-07   -6.5533186696e-09    2.6235410524e-07
  52.8800000    1.0836880672e-07    5.1681928565e-08   -1.3975278531e-08    8.9295205313e-07    1.5283246203e-08    2.0938423429e-07   -6.3924901736e-09    2.5900535703e-07
  52.8900000    1.1383071778e-07    4.8073410083e-08   -5.9216554165e-08    8.9016755325e-07    4.6687658838e-09    2.0700786199e-07   -6.2239331570e-09    2.5567223497e-07
  52.9000000    1.1860205572e-07    4.3625477969e-08   -1.0364796011e-07    8.8719765272e-07   -6.1619950432e-09    2.0368891752e-07   -6.0490043710e-09    2.5235658323e-07
  52.9100000    1.2263506778e-07    3.8468923387e-08   -1.4644520026e-07    8.8407044863e-07   -1.7026112021e-08    1.9947840982e-07   -5.8691682706e-09    2.4906021631e-07
  52.9200000    1.2587881086e-07    3.2749377626e-08   -1.8681988224e-07    8.8082649056e-07   -2.7737196315e-08    1.9444569740e-07   -5.6859759915e-09    2.4578490626e-07
  52.9300000    1.2827877059e-07    2.6622645077e-08   -2.2403433139e-07    8.7751818972e-07   -3.8108867673e-08    1.8867740901e-07   -5.5010521873e-09    2.4253240737e-07
  52.9400000    1.2977697022e-07    2.0250077406e-08   -2.5741539289e-07    8.7420889394e-07   -4.7958272501e-08    1.8227614476e-07   -5.3160845299e-09    2.3930445384e-07
  52.9500000    1.3031249601e-07    1.3793548738e-08   -2.8636705512e-07    8.7097175539e-07   -5.7109538445e-08    1.7535877771e-07   -5.1328000880e-09    2.3610275522e-07
  52.9600000    1.2982258810e-07    7.4107612648e-09   -3.1038168223e-07    8.6788828925e-07   -6.5397084100e-08    1.6805450384e-07   -4.9529459903e-09    2.3292900943e-07
  52.9700000    1.2824409448e-07    1.2505125014e-09   -3.2904950307e-07    8.6504669455e-07   -7.2668775144e-08    1.6050267883e-07   -4.7782849351e-09    2.2978489111e-07
  52.9800000    1.2551550974e-07   -4.5514949989e-09   -3.4206635104e-07    8.6254001626e-07   -7.8788794622e-08    1.5285035214e-07   -4.6105620473e-09    2.2667205908e-07
  52.9900000    1.2157938817e-07   -9.8764362430e-09   -3.4923932802e-07    8.6046410308e-07   -8.3640260723e-08    1.4524971250e-07   -4.4514914935e-09    2.2359216129e-07
  53.0000000    1.1638521495e-07   -1.4625545854e-08   -3.5049039635e-07    8.5891544657e-07   -8.7127438409e-08    1.3785534602e-07   -4.3027426746e-09    2.2054681173e-07
  53.0100000    1.0989240571e-07   -1.8722566053e-08   -3.4585780211e-07    8.5798896767e-07   -8.9177590225e-08    1.3082147443e-07   -4.1659175294e-09    2.1753760499e-07
  53.0200000    1.0207367392e-07   -2.2115362946e-08   -3.3549521033e-07    8.5777570289e-07   -8.9742387827e-08    1.2429908475e-07   -4.0425358536e-09    2.1456611006e-07
  53.0300000    9.2918369863e-08   -2.4776815153e-08   -3.1966869488e-07    8.5836056642e-07   -8.8798865496e-08    1.1843313816e-07   -3.9340178591e-09    2.1163384636e-07
  53.0400000    8.2435699429e-08   -2.6704779226e-08   -2.9875152530e-07    8.5982011287e-07   -8.6349896430e-08    1.1335982669e-07   -3.8416608458e-09    2.0874230737e-07
  53.0500000    7.0657775510e-08   -2.7921189663e-08   -2.7321685824e-07    8.6222045592e-07   -8.2424182144e-08    1.0920396737e-07   -3.7666402247e-09    2.0589293595e-07
  53.0600000    5.7642378390e-08   -2.8470407810e-08   -2.4362853249e-07    8.6561531613e-07   -7.7075777738e-08    1.0607655122e-07   -3.7099883078e-09    2.0308712586e-07
  53.0700000    4.3474971030e-08   -2.8416803371e-08   -2.1063002452e-07    8.7004426447e-07   -7.0383131933e-08    1.0407251822e-07   -3.6725790241e-09    2.0032620885e-07
  53.0800000    2.8270301429e-08   -2.7841651780e-08   -1.7493186714e-07    8.7553121860e-07   -6.2447672119e-08    1.0326880550e-07   -3.6551310810e-09    1.9761144792e-07
  53.0900000    1.2173120822e-08   -2.6839545273e-08   -1.3729772600e-07    8.8208323050e-07   -5.3391949231e-08    1.0372265860e-07   -3.6581818808e-09    1.9494404784e-07
  53.1000000   -4.6420277699e-09   -2.5514285687e-08   -9.8529347949e-08    8.8968955161e-07   -4.3357439849e-08    1.0547032536e-07   -3.6820832043e-09    1.9232511954e-07
  53.1100000   -2.1971827655e-08   -2.3974648423e-08   -5.9450776189e-08    8.9832108149e-07   -3.2501923312e-08    1.0852609054e-07   -3.7270205359e-09    1.8975570920e-07
  53.1200000   -3.9586346581e-08   -2.2329914969e-08   -2.0892027471e-08    9.0793015926e-07   -2.0996636415e-08    1.1288169003e-07   -3.7929833448e-09    1.8723676508e-07
  53.1300000   -5.7232128977e-08   -2.0685469971e-08    1.6327401715e-08    9.1845072399e-07   -9.0231235914e-09    1.1850612822e-07   -3.8797828678e-09    1.8476914715e-07
  53.1400000   -7.4636284694e-08   -1.9138584209e-08    5.1414909211e-08    9.2979886845e-07    3.2300535800e-09    1.2534592411e-07   -3.9870338476e-09    1.8235362321e-07
  53.1500000   -9.1511380971e-08   -1.7774550496e-08    8.3620699558e-08    9.4187377458e-07    1.5570752554e-08    1.3332573913e-07   -4.1141785653e-09    1.7999086552e-07
  53.1600000   -1.0756136253e-07   -1.6663319885e-08    1.1225290658e-07    9.5455902164e-07    2.7806776085e-08    1.4234942553e-07   -4.2604834517e-09    1.7768143682e-07
  53.1700000   -1.2248793717e-07   -1.5856679727e-08    1.3669173183e-07    9.6772424773e-07    3.9749333278e-08    1.5230147113e-07   -4.4250379063e-09    1.7542582140e-07
  53.1800000   -1.3599754159e-07   -1.5386140684e-08    1.5640212867e-07    9.8122714753e-07    5.1216461876e-08    1.6304879259e-07   -4.6067831158e-09    1.7322439499e-07
  53.1900000   -1.4780852621e-07   -1.5261704091e-08    1.7094503348e-07    9.9491577972e-07    6.2036311144e-08    1.7444287622e-07   -4.8044940142e-09    1.7107743197e-07
  53.2000000   -1.5765860790e-07   -1.5471254826e-08    1.7998661928e-07    1.0086311020e-06    7.2050248324e-08    1.8632223662e-07   -5.0168255026e-09    1.6898511803e-07
  53.2100000   -1.6531189651e-07   -1.5981023012e-08    1.8330568023e-07    1.0222097744e-06    8.1115660887e-08    1.9851511377e-07   -5.2422942484e-09    1.6694755414e-07
  53.2200000   -1.7056579466e-07   -1.6736674936e-08    1.8079869099e-07    1.0354870815e-06    8.9108523431e-08    2.1084241568e-07   -5.4793088365e-09    1.6496474399e-07
  53.2300000   -1.7325710920e-07   -1.7665385542e-08    1.7248270628e-07    1.0482999983e-06    9.5925560969e-08    2.2312081709e-07   -5.7261847817e-09    1.6303661594e-07
  53.2400000   -1.7326738592e-07   -1.8678569670e-08    1.5849584782e-07    1.0604902980e-06    1.0148603152e-07    2.3516595979e-07   -5.9811581143e-09    1.6116302899e-07
  53.2500000   -1.7052723513e-07   -1.9675188333e-08    1.3909536585e-07    1.0719076606e-06    1.0573309414e-07    2.4679571457e-07   -6.2424050552e-09    1.5934377652e-07
  53.2600000   -1.6501947154e-07   -2.0545699512e-08    1.1465341675e-07    1.0824126972e-06    1.0863474153e-07    2.5783345654e-07   -6.5080452623e-09    1.5757857588e-07
  53.2700000   -1.5678081535e-07   -2.1176369553e-08    8.5650451058e-08    1.0918798537e-06    1.1018421273e-07    2.6811123915e-07   -6.7761822030e-09    1.5586711448e-07
  53.2800000   -1.4590227790e-07   -2.1453807882e-08    5.2666470375e-08    1.1002001328e-06    1.1040001218e-07    2.7747288069e-07   -7.0448991086e-09    1.5420903086e-07
  53.2900000   -1.3252812672e-07   -2.1269562530e-08    1.6370221982e-08    1.1072835499e-06    1.0932538375e-07    2.8577685098e-07   -7.3122897397e-09    1.5260392515e-07
  53.3000000   -1.1685327432e-07   -2.0524701876e-08   -2.2493460828e-08    1.1130612821e-06    1.0702737656e-07    2.9289894676e-07   -7.5764701115e-09    1.5105137739e-07
  53.3100000   -9.9119362349e-08   -1.9134085889e-08   -6.3117892799e-08    1.1174874913e-06    1.0359542312e-07    2.9873461025e-07   -7.8355911206e-09    1.4955094765e-07
  53.3200000   -7.9609578887e-08   -1.7030311207e-08   -1.0465018322e-07    1.1205406952e-06    9.9139531162e-08    3.0320101969e-07   -8.0878604511e-09    1.4810219882e-07
  53.3300000   -5.8642254446e-08   -1.4167046584e-08   -1.4620786111e-07    1.1222247551e-06    9.3788068444e-08    3.0623872972e-07   -8.3315541721e-09    1.4670468776e-07
  53.3400000   -3.6563595485e-08   -1.0521725372e-08   -1.8689627256e-07    1.1225693682e-06    8.7685227834e-08    3.0781289013e-07   -8.5650262516e-09    1.4535798290e-07
  53.3500000   -1.3739722952e-08   -6.0974733889e-09   -2.2582642043e-07    1.1216300611e-06    8.0988152068e-08    3.0791411833e-07   -8.7867318630e-09    1.4406166651e-07
  53.3600000    9.4518412387e-09   -9.2414286759e-10   -2.6213276578e-07    1.1194877289e-06    7.3863867801e-08    3.0655880028e-07   -8.9952353037e-09    1.4281534877e-07
  53.3700000    3.2630820935e-08    4.9415322334e-09   -2.9499085330e-07    1.1162476148e-06    6.6486003025e-08    3.0378902377e-07   -9.1892030919e-09    1.4161866661e-07
  53.3800000    5.5422727800e-08    1.1416692155e-08   -3.2363420703e-07    1.1120378459e-06    5.9031360227e-08    2.9967195942e-07   -9.3674444115e-09    1.4047128653e-07
  53.3900000    7.7467087189e-08    1.8394075013e-08   -3.4737031102e-07    1.1070074631e-06    5.1676462212e-08    2.9429884583e-07   -9.5288821352e-09    1.3937292290e-07
  53.4000000    9.8425060563e-08    2.5744567495e-08   -3.6559529797e-07    1.1013239789e-06    4.4594079821e-08    2.8778346979e-07   -9.6725913240e-09    1.3832331533e-07
  53.4100000    1.1798625328e-07    3.3320585614e-08   -3.7780701252e-07    1.0951705760e-06    3.7949824044e-08    2.8026026421e-07   -9.7977862938e-09    1.3732225684e-07
  53.4200000    1.3587436662e-07    4.0960071237e-08   -3.8361624763e-07    1.0887428768e-06    3.1898842998e-08    2.7188196754e-07   -9.9038242259e-09    1.3636956614e-07
  53.4300000    1.5185182240e-07    4.8491209271e-08   -3.8275587335e-07    1.0822454339e-06    2.6582762752e-08    2.6281696926e-07   -9.9902111396e-09    1.3546511450e-07
  53.4400000    1.6572293170e-07    5.5737364469e-08   -3.7508768266e-07    1.0758879367e-06    2.2126813377e-08    2.5324629753e-07   -1.0056605394e-08    1.3460880208e-07
  53.4500000    1.7733579328e-07    6.2522513678e-08   -3.6060675635e-07    1.0698812431e-06    1.8637298002e-08    2.4336040545e-07   -1.0102801606e-08    1.3380056130e-07
  53.4600000    1.8658285270e-07    6.8676479157e-08   -3.3944331347e-07    1.0644332836e-06    1.6199367998e-08    2.3335569882e-07   -1.0128746891e-08    1.3304036512e-07
  53.4700000    1.9339996151e-07    7.4040292505e-08   -3.1186190950e-07    1.0597449227e-06    1.4875245564e-08    2.2343096094e-07   -1.0134522944e-08    1.3232818629e-07
  53.4800000    1.9776439793e-07    7.8471177844e-08   -2.7825803256e-07    1.0560058418e-06    1.4702810946e-08    2.1378369475e-07   -1.0120344580e-08    1.3166403140e-07
  53.4900000    1.9969170719e-07    8.1847045420e-08   -2.3915208656e-07    1.0533905303e-06    1.5694675887e-08    2.0460645997e-07   -1.0086567928e-08    1.3104791168e-07
  53.5000000    1.9923165743e-07    8.4070495355e-08   -1.9518089287e-07    1.0520545070e-06    1.7837736907e-08    1.9608325981e-07   -1.0033664825e-08    1.3047982184e-07
  53.5100000    1.9646351898e-07    8.5071983973e-08   -1.4708680971e-07    1.0521307492e-06    2.1093177586e-08    1.8838608160e-07   -9.9622250973e-09    1.2995976461e-07
  53.5200000    1.9149085866e-07    8.4812141560e-08   -9.5704740984e-08    1.0537265158e-06    2.5396995535e-08    1.8167160298e-07   -9.8729481671e-09    1.2948771714e-07
  53.5300000    1.8443619733e-07    8.3283232993e-08   -4.1947109200e-08    1.0569205067e-06    3.0660994117e-08    1.7607816905e-07   -9.7666280273e-09    1.2906362535e-07
  53.5400000    1.7543564621e-07    8.0509489416e-08    1.3212764516e-08    1.0617605721e-06    3.6774227554e-08    1.7172310005e-07   -9.6441613181e-09    1.2868740027e-07
  53.5500000    1.6463386900e-07    7.6546592760e-08    6.8758681804e-08    1.0682618595e-06    4.3604924388e-08    1.6870034163e-07   -9.5065138104e-09    1.2835889276e-07
  53.5600000    1.5217954671e-07    7.1479944225e-08    1.2365060876e-07    1.0764056477e-06    5.1002768643e-08    1.6707854545e-07   -9.3547313972e-09    1.2807790634e-07
  53.5700000    1.3822155709e-07    6.5422299596e-08    1.7684440143e-07    1.0861386152e-06    5.8801605042e-08    1.6689959566e-07   -9.1899198030e-09    1.2784417085e-07
  53.5800000    1.2290599268e-07    5.8510222422e-08    2.2731183853e-07    1.0973729025e-06    6.6822456340e-08    1.6817764092e-07   -9.0132413862e-09    1.2765734340e-07
  53.5900000    1.0637413688e-07    5.0899972239e-08    2.7406057382e-07    1.1099867226e-06    7.4876784783e-08    1.7089861287e-07   -8.8258982838e-09    1.2751699294e-07
  53.6000000    8.8761508401e-08    4.2762756181e-08    3.1615363159e-07    1.1238256213e-06    8.2770006559e-08    1.7502027771e-07   -8.6291329095e-09    1.2742259996e-07
  53.6100000    7.0197820294e-08    3.4279481531e-08    3.5272802290e-07    1.1387044063e-06    9.0305156778e-08    1.8047280742e-07   -8.4242084269e-09    1.2737354134e-07
  53.6200000    5.0808028558e-08    2.5635316024e-08    3.8301224113e-07    1.1544097039e-06    9.7286615002e-08    1.8715986064e-07   -8.2124040181e-09    1.2736910067e-07
  53.6300000    3.0714226824e-08    1.7014017377e-08    4.0634212289e-07    1.1707030107e-06    1.0352388993e-07    1.9496020338e-07   -7.9950190800e-09    1.2740845222e-07
  53.6400000    1.0038237524e-08    8.5925298330e-09    4.2217486686e-07    1.1873243575e-06    1.0883534492e-07    2.0372974555e-07   -7.7733402024e-09    1.2749066168e-07
  53.6500000   -1.1095250213e-08    5.3576866902e-10    4.3010091373e-07    1.2039964527e-06    1.1305177207e-07    2.1330407145e-07   -7.5486554852e-09    1.2761468868e-07
  53.6600000   -3.2555097989e-08   -7.0081166975e-09    4.2985338760e-07    1.2204291993e-06    1.1601985631e-07    2.2350133526e-07   -7.3222316194e-09    1.2777938062e-07
  53.6700000   -5.4200265491e-08   -1.3911864476e-08    4.2131496903e-07    1.2363245497e-06    1.1760533254e-07    2.3412551265e-07   -7.0953303942e-09    1.2798348564e-07
  53.6800000   -7.5876216753e-08   -2.0072435850e-08    4.0452196934e-07    1.2513816981e-06    1.1769585048e-07    2.4496995396e-07   -6.8691707570e-09    1.2822564879e-07
  53.6900000   -9.7412055370e-08   -2.5413528301e-08    3.7966556336e-07    1.2653023141e-06    1.1620351888e-07    2.5582112732e-07   -6.6449465375e-09    1.2850441882e-07
  53.7000000   -1.1861802559e-07   -2.9887100053e-08    3.4709005316e-07    1.2777959947e-06    1.1306697670e-07    2.6646254441e-07   -6.4238162976e-09    1.2881825826e-07
  53.7100000   -1.3928408368e-07   -3.3473925175e-08    3.0728830836e-07    1.2885855555e-06    1.0825305053e-07    2.7667876894e-07   -6.2069010394e-09    1.2916555094e-07
  53.7200000   -1.5917934371e-07   -3.6183141475e-08    2.6089423758e-07    1.2974123379e-06    1.0175790546e-07    2.8625941358e-07   -5.9952611575e-09    1.2954460006e-07
  53.7300000   -1.7805277104e-07   -3.8050799899e-08    2.0867263717e-07    1.3040412040e-06    9.3607705710e-08    2.9500308357e-07   -5.7899230916e-09    1.2995365993e-07
  53.7400000   -1.9563524701e-07   -3.9137568859e-08    1.5150636457e-07    1.3082652936e-06    8.3858716759e-08    3.0272117455e-07   -5.5918517306e-09    1.3039092855e-07
  53.7500000   -2.1164267832e-07   -3.9525507501e-08    9.0381224396e-08    1.3099103184e-06    7.2596850430e-08    3.0924148128e-07   -5.4019672913e-09    1.3085456920e-07
  53.7600000   -2.2578064328e-07   -3.9314230198e-08    2.6368731063e-08    1.3088384179e-06    5.9936740765e-08    3.1441145383e-07   -5.2211164368e-09    1.3134272888e-07
  53.7700000   -2.3775004502e-07   -3.8616484583e-08   -3.9392900784e-08    1.3049514450e-06    4.6020214878e-08    3.1810122597e-07   -5.0501034853e-09    1.3185353583e-07
  53.7800000   -2.4725388822e-07   -3.7553321078e-08   -1.0571922488e-07    1.2981936143e-06    3.1014306623e-08    3.2020611632e-07   -4.8896489836e-09    1.3238513154e-07
  53.7900000   -2.5400490389e-07   -3.6249063016e-08   -1.7140107590e-07    1.2885534364e-06    1.5108775470e-08    3.2064877448e-07   -4.7404308393e-09    1.3293568027e-07
  53.8000000   -2.5773375182e-07   -3.4826264720e-08   -2.3522681676e-07    1.2760649783e-06   -1.4868214826e-09    3.1938076541e-07   -4.6030410440e-09    1.3350337367e-07
  53.8100000   -2.5819759679e-07   -3.3400825733e-08   -2.9600477820e-07    1.2608082597e-06   -1.8546418670e-08    3.1638368371e-07   -4.4780178172e-09    1.3408644997e-07
  53.8200000   -2.5518869324e-07   -3.2077477884e-08   -3.5258560284e-07    1.2429089313e-06   -3.5831080579e-08    3.1166966051e-07   -4.3658318738e-09    1.3468322555e-07
  53.8300000   -2.4854270675e-07   -3.0945699853e-08   -4.0388400976e-07    1.2225371117e-06   -5.3092924094e-08    3.0528134881e-07   -4.2668777521e-09    1.3529207069e-07
  53.8400000   -2.3814642356e-07   -3.0076329864e-08   -4.4889956542e-07    1.1999054330e-06   -7.0079218063e-08    2.9729133792e-07   -4.1814812312e-09    1.3591146542e-07
  53.8500000   -2.2394457331e-07   -2.9519005222e-08   -4.8673609232e-07    1.1752662911e-06   -8.6536634569e-08    2.8780098994e-07   -4.1098977226e-09    1.3653998008e-07
  53.8600000   -2.0594542698e-07   -2.9300372658e-08   -5.1661931680e-07    1.1489084003e-06   -1.0221556082e-07    2.7693874816e-07   -4.0523194956e-09    1.3717628801e-07
  53.8700000   -1.8422497717e-07   -2.9423251985e-08   -5.3791243561e-07    1.1211525985e-06   -1.1687437315e-07    2.6485796553e-07   -4.0088540558e-09    1.3781919377e-07
  53.8800000   -1.5892949573e-07   -2.9866841170e-08   -5.5012929302e-07    1.0923470655e-06   -1.3028362697e-07    2.5173419825e-07   -3.9795464904e-09    1.3846762166e-07
  53.8900000   -1.3027626985e-07   -3.0587696856e-08   -5.5294485166e-07    1.0628619207e-06   -1.4223009230e-07    2.3776215560e-07   -3.9643673215e-09    1.3912063602e-07
  53.9000000   -9.8552437582e-08   -3.1521769450e-08   -5.4620286409e-07    1.0330834299e-06   -1.5252049665e-07    2.2315220185e-07   -3.9632213334e-09    1.3977742070e-07
  53.9100000   -6.4112036456e-08   -3.2587116821e-08   -5.2992044116e-07    1.0034077516e-06   -1.6098500558e-07    2.0812664506e-07   -3.9759388718e-09    1.4043732214e-07
  53.9200000   -2.7371066031e-08   -3.3687460912e-08   -5.0428947381e-07    9.7423445256e-07   -1.6748026974e-07    1.9291571507e-07   -4.0022744429e-09    1.4109981554e-07
  53.9300000    1.1199146260e-08   -3.4716212457e-08   -4.6967489751e-07    9.4595984194e-07   -1.7189208893e-07    1.7775341091e-07   -4.0419274594e-09    1.4176451452e-07
  53.9400000    5.1080122139e-08   -3.5560964606e-08   -4.2660973690e-07    9.1897023533e-07   -1.7413752639e-07    1.6287328240e-07   -4.0945161146e-09    1.4243117008e-07
  53.9500000    9.1715857816e-08   -3.6108233484e-08   -3.7578700488e-07    8.9363533494e-07   -1.7416654907e-07    1.4850419427e-07   -4.1596116160e-09    1.4309967225e-07
  53.9600000    1.3252342674e-07   -3.6248250409e-08   -3.1804868197e-07    8.7030170621e-07   -1.7196306354e-07    1.3486614571e-07   -4.2367009503e-09    1.4377003347e-07
  53.9700000    1.7290437489e-07   -3.5879723119e-08   -2.5437177797e-07    8.4928661708e-07   -1.6754537188e-07    1.2216628887e-07   -4.3252245644e-09    1.4444238496e-07
  53.9800000    2.1225664049e-07   -3.4914146021e-08   -1.8585188948e-07    8.3087226232e-07   -1.6096602870e-07    1.1059512910e-07   -4.4245587119e-09    1.4511697304e-07
  53.9900000    2.4998648475e-07   -3.3279876653e-08   -1.1368442189e-07    8.1530049232e-07   -1.5231111721e-07    1.0032306643e-07   -4.5340327505e-09    1.4579414187e-07
  54.0000000    2.8552019134e-07   -3.0925476257e-08   -3.9143842967e-08    8.0276817980e-07   -1.4169890164e-07    9.1497269238e-08   -4.6529168187e-09    1.4647432380e-07
  54.0100000    3.1831519573e-07   -2.7822337713e-08    3.6438645294e-08    7.9342326842e-07   -1.2927792846e-07    8.4239004492e-08   -4.7804342894e-09    1.4715802438e-07
  54.0200000    3.4787033194e-07   -2.3966528245e-08    1.1169868420e-07    7.8736163806e-07   -1.1522459388e-07    7.8641426523e-08   -4.9157732325e-09    1.4784581409e-07
  54.0300000    3.7373492714e-07   -1.9379828037e-08    1.8526308230e-07    7.8462475394e-07   -9.9740210799e-08    7.4767878025e-08   -5.0580780859e-09    1.4853831255e-07
  54.0400000    3.9551655579e-07   -1.4109690937e-08    2.5577453151e-07    7.8519831985e-07   -8.3047609262e-08    7.2650761934e-08   -5.2064633773e-09    1.4923616608e-07
  54.0500000    4.1288717482e-07   -8.2283639005e-09    3.2191619087e-07    7.8901179872e-07   -6.5387389246e-08    7.2290982132e-08   -5.3600196226e-09    1.4994005113e-07
  54.0600000    4.2558769942e-07   -1.8311671333e-09    3.8243575301e-07    7.9593891231e-07   -4.7013846120e-08    7.3657945709e-08   -5.5178122672e-09    1.5065063355e-07
  54.0700000    4.3343087428e-07    4.9660895052e-09    4.3616853453e-07    8.0579912042e-07   -2.8190611494e-08    7.6690179584e-08   -5.6789003311e-09    1.5136857630e-07
  54.0800000    4.3630244362e-07    1.2030462177e-08    4.8205915034e-07    8.1836008895e-07   -9.1862053024e-09    8.1296499618e-08   -5.8423248630e-09    1.5209450514e-07
  54.0900000    4.3416072175e-07    1.9215732580e-08    5.1918135818e-07    8.3334102612e-07    9.7305784019e-09    8.7357750737e-08   -6.0071417179e-09    1.5282901252e-07
  54.1000000    4.2703467399e-07    2.6366812934e-08    5.4675581128e-07    8.5041694616e-07    2.8295204509e-08    9.4729046253e-08   -6.1724013409e-09    1.5357263549e-07
  54.1100000    4.1502075825e-07    3.3324441929e-08    5.6416522235e-07    8.6922376588e-07    4.6251923206e-08    1.0324248749e-07   -6.3371637933e-09    1.5432583451e-07
  54.1200000    3.9827860961e-07    3.9929972145e-08    5.7096677944e-07    8.8936412595e-07    6.3358063010e-08    1.1271032351e-07   -6.5005188857e-09    1.5508900368e-07
  54.1300000    3.7702582932e-07    4.6030219664e-08    5.6690154365e-07    9.1041387459e-07    7.9388107943e-08    1.2292847971e-07   -6.6615923920e-09    1.5586242688e-07
  54.1400000    3.5153227252e-07    5.1482038381e-08    5.5190059510e-07    9.3192916570e-07    9.4137466631e-08    1.3368035208e-07   -6.8195291865e-09    1.5664630653e-07
  54.1500000    3.2211382775e-07    5.6156529922e-08    5.2608788787e-07    9.5345390761e-07    1.0742580633e-07    1.4474086362e-07   -6.9735247107e-09    1.5744072408e-07
  54.1600000    2.8912616507e-07    5.9942893173e-08    4.8977963816e-07    9.7452759398e-07    1.1909996215e-07    1.5588067677e-07   -7.1228158810e-09    1.5824566006e-07
  54.1700000    2.5295854191e-07    6.2751503823e-08    4.4348036123e-07    9.9469333156e-07    1.2903635116e-07    1.6687044142e-07   -7.2667047351e-09    1.5906095610e-07
  54.1800000    2.1402786143e-07    6.4516284533e-08    3.8787549143e-07    1.0135058926e-06    1.3714279917e-07    1.7748507600e-07   -7.4045490319e-09    1.5988634664e-07
  54.1900000    1.7277325559e-07    6.5196420251e-08    3.2382077159e-07    1.0305396732e-06    1.4335980579e-07    1.8750793221e-07   -7.5357670681e-09    1.6072144131e-07
  54.2000000    1.2965103405e-07    6.4777107999e-08    2.5232858049e-07    1.0453965044e-06    1.4766119868e-07    1.9673482106e-07   -7.6598529218e-09    1.6156572299e-07
  54.2100000    8.5130402323e-08    6.3269501405e-08    1.7455140330e-07    1.0577130002e-06    1.5005418405e-07    2.0497776178e-07   -7.7763745282e-09    1.6241855314e-07
  54.2200000    3.9689692396e-08    6.0709849580e-08    9.1762731827e-08    1.0671675010e-06    1.5057875304e-07    2.1206845866e-07   -7.8849786210e-09    1.6327917858e-07
  54.2300000   -6.1868642781e-09    5.7157852088e-08    5.3357076104e-09    1.0734863350e-06    1.4930650847e-07    2.1786137722e-07   -7.9853914948e-09    1.6414672827e-07
  54.2400000   -5.2011870165e-08    5.2694263516e-08   -8.3280080719e-08    1.0764493735e-06    1.4633891561e-07    2.2223637848e-07   -8.0774188309e-09    1.6502023432e-07
  54.2500000   -9.7297100009e-08    4.7418045523e-08   -1.7258329182e-07    1.0758947607e-06    1.4180498826e-07    2.2510089524e-07   -8.1609559625e-09    1.6589862084e-07
  54.2600000   -1.4155571362e-07    4.1442806355e-08   -2.6104659449e-07    1.0717226571e-06    1.3585852833e-07    2.2639158069e-07   -8.2359786903e-09    1.6678072895e-07
  54.2700000   -1.8430433753e-07    3.4893135135e-08   -3.4714298483e-07    1.0638979969e-06    1.2867486430e-07    2.2607538258e-07   -8.3025446972e-09    1.6766532964e-07
  54.2800000   -2.2506542006e-07    2.7900576894e-08   -4.2937228641e-07    1.0524521786e-06    1.2044727099e-07    2.2415010317e-07   -8.3607906245e-09    1.6855111618e-07
  54.2900000   -2.6336982198e-07    2.0599602274e-08   -5.0628729668e-07    1.0374836036e-06    1.1138304844e-07    2.2064428527e-07   -8.4109390957e-09    1.6943673771e-07
  54.3000000   -2.9875983478e-07    1.3123661539e-08   -5.7651918229e-07    1.0191570667e-06    1.0169939730e-07    2.1561663301e-07   -8.4532787205e-09    1.7032079596e-07
  54.3100000   -3.3079299213e-07    5.6014945361e-09   -6.3880163258e-07    9.9770203643e-07    9.1619142293e-08    2.0915479868e-07   -8.4881768329e-09    1.7120187489e-07
  54.3200000   -3.5904633580e-07   -1.8463024140e-09   -6.9199334274e-07    9.7340970591e-07    8.1366407454e-08    2.0137364388e-07   -8.5160628647e-09    1.7207853596e-07
  54.3300000   -3.8312168332e-07   -9.1100746639e-09   -7.3509847638e-07    9.4662902589e-07    7.1162283160e-08    1.9241302039e-07   -8.5374251410e-09    1.7294934740e-07
  54.3400000   -4.0265144752e-07   -1.6093521619e-08   -7.6728472472e-07    9.1776158608e-07    6.1220619796e-08    1.8243508763e-07   -8.5528076793e-09    1.7381289441e-07
  54.3500000   -4.1730521348e-07   -2.2715452692e-08   -7.8789857194e-07    8.8725558465e-07    5.1744029840e-08    1.7162120143e-07   -8.5628033336e-09    1.7466779004e-07
  54.3600000   -4.2679692095e-07   -2.8910775590e-08   -7.9647763839e-07    8.5559885477e-07    4.2920113974e-08    1.6016847947e-07   -8.5680394388e-09    1.7551269223e-07
  54.3700000   -4.3089233739e-07   -3.4630985979e-08   -7.9275972074e-07    8.2331108909e-07    3.4918065655e-08    1.4828609036e-07   -8.5691718048e-09    1.7634631448e-07
  54.3800000   -4.2941672875e-07   -3.9843922539e-08   -7.7668850678e-07    7.9093542482e-07    2.7885617704e-08    1.3619132051e-07   -8.5668843923e-09    1.7716743385e-07
  54.3900000   -4.2226242437e-07   -4.4532867665e-08   -7.4841570877e-07    7.5902945110e-07    2.1946495127e-08    1.2410553140e-07   -8.5618629573e-09    1.7797491443e-07
  54.4000000   -4.0939593515e-07   -4.8695216963e-08   -7.0829972228e-07    7.2815584785e-07    1.7198361136e-08    1.1225002664e-07   -8.5548065335e-09    1.7876770727e-07
  54.4100000   -3.9086427794e-07   -5.2340521247e-08   -6.5690068948e-07    6.9887275832e-07    1.3711270707e-08    1.0084199544e-07   -8.5464064802e-09    1.7954485799e-07
  54.4200000   -3.6680032921e-07   -5.5488296477e-08   -5.9497214901e-07    6.7172410500e-07    1.1526706224e-08    9.0090483081e-08   -8.5373327973e-09    1.8030552852e-07
  54.4300000   -3.3742653122e-07   -5.8165532673e-08   -5.2344932015e-07    6.4722996899e-07    1.0657182606e-08    8.0192627912e-08   -8.5282416553e-09    1.8104899028e-07
  54.4400000   -3.0305705873e-07   -6.0404002484e-08   -4.4343428288e-07    6.2587720491e-07    1.1086416409e-08    7.1330045587e-08   -8.5197452256e-09    1.8177462830e-07
  54.4500000   -2.6409790700e-07   -6.2237597713e-08   -3.5617825642e-07    6.0811051193e-07    1.2770085246e-08    6.3665625806e-08   -8.5124179740e-09    1.8248195919e-07
  54.4600000   -2.2104472509e-07   -6.3699785148e-08   -2.6306126711e-07    5.9432402027e-07    1.5637102001e-08    5.7340603518e-08   -8.5067822010e-09    1.8317062592e-07
  54.4700000   -1.7447833400e-07   -6.4821200054e-08   -1.6556962669e-07    5.8485362899e-07    1.9591426514e-08    5.2472128416e-08   -8.5033103202e-09    1.8384039102e-07
  54.4800000   -1.2505769942e-07   -6.5627624593e-08   -6.5271460676e-08    5.7997020334e-07    2.4514306076e-08    4.9151256279e-08   -8.5024043587e-09    1.8449115229e-07
  54.4900000   -7.3510620193e-08   -6.6138247159e-08    3.6209173681e-08    5.7987375304e-07    3.0266991519e-08    4.7441461174e-08   -8.5043901460e-09    1.8512292991e-07
  54.5000000   -2.0621914007e-08   -6.6364472244e-08    1.3721919799e-07    5.8468870824e-07    3.6693764262e-08    4.7377672809e-08   -8.5095280520e-09    1.8573585790e-07
  54.5100000    3.2780434530e-08   -6.6309197741e-08    2.3610399503e-07    5.9446043298e-07    4.3625275336e-08    4.8965832935e-08   -8.5179994706e-09    1.8633019794e-07
  54.5200000    8.5840992094e-08   -6.5966595310e-08    3.3123499433e-07    6.0915296301e-07    5.0882111199e-08    5.2183027092e-08   -8.5298832015e-09    1.8690632041e-07
  54.5300000    1.3769420068e-07   -6.5322417583e-08    4.2103692858e-07    6.2864813097e-07    5.8278517616e-08    5.6978128474e-08   -8.5451894755e-09    1.8746470027e-07
  54.5400000    1.8748258676e-07   -6.4354841400e-08    5.0401417638e-07    6.5274602713e-07    6.5626171132e-08    6.3272966871e-08   -8.5638301048e-09    1.8800590999e-07
  54.5500000    2.3437571461e-07   -6.3035704291e-08    5.7877594839e-07    6.8116688354e-07    7.2737960969e-08    7.0964003168e-08   -8.5856286849e-09    1.8853061654e-07
  54.5600000    2.7758903011e-07   -6.1332214288e-08    6.4405970338e-07    7.1355428147e-07    7.9431706483e-08    7.9924438055e-08   -8.6103264054e-09    1.8903955020e-07
  54.5700000    3.1640217927e-07   -5.9208893819e-08    6.9875249423e-07    7.4947975776e-07    8.5533706885e-08    9.0006765568e-08   -8.6375712193e-09    1.8953352534e-07
  54.5800000    3.5017631780e-07   -5.6629869411e-08    7.4190985048e-07    7.8844864621e-07    9.0882071394e-08    1.0104564405e-07   -8.6669249930e-09    1.9001341181e-07
  54.5900000    3.7836963129e-07   -5.3561111690e-08    7.7277193133e-07    8.2990716033e-07    9.5329791108e-08    1.1286113693e-07   -8.6978725668e-09    1.9048011912e-07
  54.6000000    4.0055076624e-07   -4.9973000141e-08    7.9077657121e-07    8.7325057757e-07    9.8747440805e-08    1.2526213069e-07   -8.7298136153e-09    1.9093460543e-07
  54.6100000    4.1640947834e-07   -4.5842464501e-08    7.9556912356e-07    9.1783238067e-07    1.0102551992e-07    1.3804994645e-07   -8.7620882739e-09    1.9137784021e-07
  54.6200000    4.2576445558e-07   -4.1155233451e-08    7.8700883254e-07    9.6297427159e-07    1.0207635594e-07    1.5102208422e-07   -8.7939537389e-09    1.9181081518e-07
  54.6300000    4.2856757200e-07   -3.5907647977e-08    7.6517165264e-07    1.0079768694e-06    1.0183557388e-07    1.6397593920e-07   -8.8246256692e-09    1.9223452133e-07
  54.6400000    4.2490486921e-07   -3.0108269601e-08    7.3034953691e-07    1.0521309358e-06    1.0026305354e-07    1.7671256104e-07   -8.8532642585e-09    1.9264993818e-07
  54.6500000    4.1499372329e-07   -2.3778983591e-08    6.8304609018e-07    1.0947289238e-06    9.7343449838e-08    1.8904021335e-07   -8.8789748589e-09    1.9305802982e-07
  54.6600000    3.9917665642e-07   -1.6955615008e-08    6.2396874843e-07    1.1350766948e-06    9.3086203518e-08    2.0077784358e-07   -8.9008471672e-09    1.9345972499e-07
  54.6700000    3.7791160542e-07   -9.6882659777e-09    5.5401755516e-07    1.1725051962e-06    8.7525073743e-08    2.1175825475e-07   -8.9179305385e-09    1.9385592095e-07
  54.6800000    3.5175919975e-07   -2.0408047823e-09    4.7427077486e-07    1.2063818882e-06    8.0717226748e-08    2.2183100773e-07   -8.9292666674e-09    1.9424746152e-07
  54.6900000    3.2136724402e-07    5.9097645511e-09    3.8596755252e-07    1.2361217554e-06    7.2741928995e-08    2.3086498872e-07   -8.9338881965e-09    1.9463513948e-07
  54.7000000    2.8745296245e-07    1.4074723281e-08    2.9048788325e-07    1.2611976950e-06    6.3698781704e-08    2.3875057975e-07   -8.9308360369e-09    1.9501969253e-07
  54.7100000    2.5078359179e-07    2.2355199994e-08    1.8933029106e-07    1.2811500776e-06    5.3705684158e-08    2.4540139205e-07   -8.9191658931e-09    1.9540177934e-07
  54.7200000    2.1215591897e-07    3.0644363254e-08    8.4087505687e-08    1.2955953632e-06    4.2896461620e-08    2.5075556254e-07   -8.8979516302e-09    1.9578199091e-07
  54.7300000    1.7237523627e-07    3.8829662901e-08   -2.3579350433e-08    1.3042335840e-06    3.1418268798e-08    2.5477659176e-07   -8.8663016518e-09    1.9616084531e-07
  54.7400000    1.3223475607e-07    4.6795450277e-08   -1.3196777550e-07    1.3068545333e-06    1.9428816461e-08    2.5745368045e-07   -8.8233756975e-09    1.9653878251e-07
  54.7500000    9.2495736785e-08    5.4425692710e-08   -2.3936151619e-07    1.3033425468e-06    7.0934330771e-09    2.5880160170e-07   -8.7683743774e-09    1.9691615579e-07
  54.7600000    5.3869244158e-08    6.1606617265e-08   -3.4405845232e-07    1.2936798747e-06   -5.4178578463e-09    2.5886009967e-07   -8.7005671967e-09    1.9729324735e-07
  54.7700000    1.6999820803e-08    6.8229419095e-08   -4.4439823178e-07    1.2779483482e-06   -1.7933343536e-08    2.5769287415e-07   -8.6192866220e-09    1.9767025189e-07
  54.7800000   -1.7548111211e-08    7.4192827400e-08   -5.3878919030e-07    1.2563295525e-06   -3.0282511456e-08    2.5538606762e-07   -8.5239433570e-09    1.9804729724e-07
  54.7900000   -4.9301081666e-08    7.9405287809e-08   -6.2573416425e-07    1.2291032791e-06   -4.2298857822e-08    2.5204642746e-07   -8.4140263290e-09    1.9842442172e-07
  54.8000000   -7.7884148798e-08    8.3787098348e-08   -7.0385467402e-07    1.1966443558e-06   -5.3822541234e-08    2.4779909926e-07   -8.2891247402e-09    1.9880160288e-07
  54.8100000   -1.0302507442e-07    8.7271932366e-08   -7.7191323098e-07    1.1594178625e-06   -6.4702794499e-08    2.4278513303e-07   -8.1489027620e-09    1.9917874516e-07
  54.8200000   -1.2455514652e-07    8.9808267853e-08   -8.2883325883e-07    1.1179728012e-06   -7.4800132130e-08    2.3715869543e-07   -7.9931286172e-09    1.9955568812e-07
  54.8300000   -1.4240676491e-07    9.1360073076e-08   -8.7371633793e-07    1.0729342860e-06   -8.3988235927e-08    2.3108414643e-07   -7.8216758985e-09    1.9993222621e-07
  54.8400000   -1.5660783876e-07    9.1907370451e-08   -9.0585659242e-07    1.0249943616e-06   -9.2155589976e-08    2.2473293679e-07   -7.6345131789e-09    2.0030808807e-07
  54.8500000   -1.6727339420e-07    9.1446111548e-08   -9.2475182594e-07    9.7490160192e-07   -9.9206733590e-08    2.1828045228e-07   -7.4317180815e-09    2.0068297174e-07
  54.8600000   -1.7459490180e-07    8.9987838675e-08   -9.3011138310e-07    9.2344964528e-07   -1.0506324094e-07    2.1190283155e-07   -7.2134704726e-09    2.0105652853e-07
  54.8700000   -1.7882767275e-07    8.7558933189e-08   -9.2186049172e-07    8.7146480305e-07   -1.0966431115e-07    2.0577383064e-07   -6.9800541432e-09    2.0142838923e-07
  54.8800000   -1.8027690056e-07    8.4199398136e-08   -9.0014109453e-07    8.1979301001e-07   -1.1296708583e-07    2.0006179792e-07   -6.7318612195e-09    2.0179815595e-07
  54.8900000   -1.7928292945e-07    7.9961598157e-08   -8.6530915074e-07    7.6928621519e-07   -1.1494658656e-07    1.9492675247e-07   -6.4693735236e-09    2.0216542335e-07
  54.9000000   -1.7620642226e-07    7.4908545136e-08   -8.1792843374e-07    7.2078856847e-07   -1.1559540971e-07    1.9051775335e-07   -6.1931817215e-09    2.0252978069e-07
  54.9100000   -1.7141376408e-07    6.9112275536e-08   -7.5876095048e-07    6.7512245715e-07   -1.1492310133e-07    1.8697043605e-07   -5.9039621185e-09    2.0289081752e-07
  54.9200000   -1.6526356983e-07    6.2651876546e-08   -6.8875416359e-07    6.3307480588e-07   -1.1295530699e-07    1.8440488308e-07   -5.6024904188e-09    2.0324812589e-07
  54.9300000   -1.5809448297e-07    5.5611731569e-08   -6.0902519532e-07    5.9538372014e-07   -1.0973270420e-07    1.8292379739e-07   -5.2896233705e-09    2.0360132318e-07
  54.9400000   -1.5021476706e-07    4.8079705746e-08   -5.2084236243e-07    5.6272577112e-07   -1.0530973991e-07    1.8261100963e-07   -4.9662907232e-09    2.0395005170e-07
  54.9500000   -1.4189412231e-07    4.0145393881e-08   -4.2560421158e-07    5.3570414355e-07   -9.9753233818e-08    1.8353038074e-07   -4.6335049143e-09    2.0429396953e-07
  54.9600000   -1.3335775643e-07    3.1898591503e-08   -3.2481656406e-07    5.1483779545e-07   -9.3140869055e-08    1.8572506632e-07   -4.2923390047e-09    2.0463278398e-07
  54.9700000   -1.2478293416e-07    2.3427939353e-08   -2.2006785014e-07    5.0055187192e-07   -8.5559619450e-08    1.8921713660e-07   -3.9439285830e-09    2.0496622935e-07
  54.9800000   -1.1629791771e-07    1.4819716681e-08   -1.1300318552e-07    4.9316956224e-07   -7.7104139729e-08    1.9400761785e-07   -3.5894536035e-09    2.0529409151e-07
  54.9900000   -1.0798334472e-07    6.1568871400e-09   -5.2976115911e-09    4.9290546039e-07   -6.7875166889e-08    2.0007685119e-07   -3.2301511628e-09    2.0561619967e-07
