# thinned to dt=0.05 from the every-step stream; the last 1 time units are kept whole (the death window)
  22.0100000    1.2964123677e-03   -1.2087002600e-07    4.5900552860e-04   -1.4011810782e-08   -1.1627774160e-04   -3.9648581730e-08
  22.0600000    1.3140429844e-03   -5.9553426004e-08    4.6507645879e-04   -2.4793665250e-09   -1.1226344871e-04    2.2398193722e-08
  22.1100000    1.3281115961e-03   -7.2167625081e-08    4.6897080727e-04    3.7118849614e-08   -1.0798867148e-04    7.0152584166e-08
  22.1600000    1.3403494694e-03   -4.4446208872e-09    4.7811103545e-04    2.7932896636e-08   -1.0338153244e-04    1.0497970771e-07
  22.2100000    1.3523826216e-03    8.2968744762e-08    4.9057215107e-04   -7.9827712761e-10   -9.8274605147e-05    1.0868160299e-07
  22.2600000    1.3657730000e-03    1.1991196584e-07    5.0382045089e-04   -4.0166415347e-08   -9.2625935658e-05    7.9569581341e-08
  22.3100000    1.3809778139e-03    8.1463722423e-08    5.1538748366e-04   -7.6549889352e-08   -8.6533798232e-05    2.7710045617e-08
  22.3600000    1.3970707647e-03   -3.1469105949e-09    5.2428737121e-04   -9.6895124910e-08   -8.0190342595e-05   -2.7901115424e-08
  22.4100000    1.4125090816e-03   -7.9293896690e-08    5.3134645366e-04   -9.3669572431e-08   -7.3804250667e-05   -6.5877624652e-08
  22.4600000    1.4262672940e-03   -1.0308670173e-07    5.3836818106e-04   -6.7597303750e-08   -6.7518986716e-05   -7.0570008329e-08
  22.5100000    1.4384199732e-03   -6.5152656330e-08    5.4681661717e-04   -2.7415108461e-08   -6.1354923235e-05   -3.8731700053e-08
  22.5600000    1.4498097961e-03    5.9569777278e-09    5.5691019276e-04    1.3107407079e-08   -5.5196109038e-05    1.8125760962e-08
  22.6100000    1.4612161372e-03    6.3864814405e-08    5.6763527657e-04    3.9957389336e-08   -4.8827784120e-05    7.7119542994e-08
  22.6600000    1.4727673364e-03    7.7992130982e-08    5.7757577799e-04    4.3966614687e-08   -4.2013400139e-05    1.1234477012e-07
  22.7100000    1.4840152855e-03    5.4267056657e-08    5.8596950926e-04    2.4283515374e-08   -3.4585619999e-05    1.0524983043e-07
  22.7600000    1.4944767778e-03    2.3066291308e-08    5.9325160303e-04   -1.1340145651e-08   -2.6519764862e-05    5.2941411512e-08
  22.8100000    1.5040931604e-03    6.9690564563e-09    6.0065501658e-04   -4.9657712156e-08   -1.7963134743e-05   -2.9216127125e-08
  22.8600000    1.5132271247e-03    2.8317401568e-09    6.0914242891e-04   -7.6977161393e-08   -9.2083377473e-06   -1.1228196841e-07
  22.9100000    1.5222839628e-03   -4.9903663508e-09    6.1857155950e-04   -8.3933083083e-08   -6.1821569827e-07   -1.6435007815e-07
  22.9600000    1.5313636456e-03   -2.0158714529e-08    6.2789855576e-04   -6.8341992963e-08    7.4729276583e-06   -1.6314111561e-07
  23.0100000    1.5402618046e-03   -2.9025066188e-08    6.3629456616e-04   -3.5654797139e-08    1.4848715744e-05   -1.0550903196e-07
  23.0600000    1.5487748696e-03   -1.8439961441e-08    6.4409306424e-04    2.7898709436e-09    2.1461180040e-05   -9.7582230839e-09
  23.1100000    1.5569789893e-03    7.2440267212e-09    6.5253696356e-04    3.3360683144e-08    2.7426975807e-05    9.0567231868e-08
  23.1600000    1.5651907737e-03    2.9921013492e-08    6.6246118647e-04    4.4884899842e-08    3.2973478474e-05    1.5927418170e-07
  23.2100000    1.5736317977e-03    3.5706363802e-08    6.7320995543e-04    3.3015520990e-08    3.8356538091e-05    1.7159604058e-07
  23.2600000    1.5821177129e-03    2.6087349936e-08    6.8299189362e-04    2.1555807113e-09    4.3780989946e-05    1.2406156939e-07
  23.3100000    1.5900891258e-03    1.2625681632e-08    6.9049715206e-04   -3.6282026917e-08    4.9352670160e-05    3.6033489052e-08
  23.3600000    1.5969822418e-03    4.3951247819e-09    6.9627924629e-04   -6.8534503889e-08    5.5077573250e-05   -5.7863873665e-08
  23.4100000    1.6026117904e-03    1.5896234206e-09    7.0250682700e-04   -8.3734832985e-08    6.0904797689e-05   -1.2146574718e-07
  23.4600000    1.6072399172e-03   -1.2230497069e-09    7.1118942928e-04   -7.7453342133e-08    6.6792251970e-05   -1.3140555506e-07
  23.5100000    1.6113182092e-03   -7.9335780704e-09    7.2244362757e-04   -5.2600624288e-08    7.2764696216e-05   -8.6245590957e-08
  23.5600000    1.6151654276e-03   -1.6238811147e-08    7.3437229074e-04   -1.8046750197e-08    7.8936628541e-05   -6.6979903515e-09
  23.6100000    1.6188157208e-03   -1.8408185336e-08    7.4466868449e-04    1.4297907158e-08    8.5487115090e-05    7.3103172120e-08
  23.6600000    1.6220593261e-03   -7.3422506880e-09    7.5251221811e-04    3.3278891992e-08    9.2594357751e-05    1.1964860313e-07
  23.7100000    1.6245834171e-03    1.5534064709e-08    7.5911416081e-04    3.2293915229e-08    1.0035606619e-04    1.1364095752e-07
  23.7600000    1.6261522780e-03    3.7421292713e-08    7.6652954344e-04    1.1765503514e-08    1.0872950289e-04    5.7598325356e-08
  23.8100000    1.6267631255e-03    4.1619268768e-08    7.7586980161e-04   -2.0913032802e-08    1.1751849261e-04   -2.5526782431e-08
  23.8600000    1.6266393924e-03    2.1634576689e-08    7.8647259937e-04   -5.4107106276e-08    1.2641607897e-04   -1.0199539288e-07
  23.9100000    1.6259863132e-03   -1.0458476281e-08    7.9662952414e-04   -7.6179064480e-08    1.3508878305e-04   -1.4111918563e-07
  23.9600000    1.6247088675e-03   -3.1265330212e-08    8.0509081602e-04   -7.9490877251e-08    1.4327157751e-04   -1.2758193526e-07
  24.0100000    1.6224577860e-03   -2.4879265490e-08    8.1199492608e-04   -6.2833214841e-08    1.5083910753e-04   -6.7279514566e-08
  24.0600000    1.6190871348e-03    2.9100826135e-09    8.1852118286e-04   -3.1734243904e-08    1.5782951773e-04    1.5538237168e-08
  24.1100000    1.6150878981e-03    2.8522022578e-08    8.2574284120e-04    3.3100957662e-09    1.6441690608e-04    8.8452195084e-08
  24.1600000    1.6114422088e-03    3.0234504416e-08    8.3378035107e-04    3.0232227323e-08    1.7084757641e-04    1.2407279253e-07
  24.2100000    1.6088880940e-03    6.8437157325e-09    8.4193708481e-04    3.9476079925e-08    1.7736562635e-04    1.1083079274e-07
  24.2600000    1.6072508626e-03   -2.0966891458e-08    8.4953186698e-04    2.7391848008e-08    1.8415187883e-04    5.7063492919e-08
  24.3100000    1.6055119886e-03   -2.8078250480e-08    8.5655649526e-04   -2.3515880663e-09    1.9128984985e-04   -1.3058717050e-08
  24.3600000    1.6025787424e-03   -6.5970642529e-09    8.6356945746e-04   -3.9884667092e-08    1.9876022700e-04   -6.9867120678e-08
  24.4100000    1.5980339953e-03    2.6694822659e-08    8.7102900927e-04   -7.2363362362e-08    2.0645749486e-04   -9.0408472733e-08
  24.4600000    1.5922024023e-03    4.3811824727e-08    8.7877896549e-04   -8.8223600056e-08    2.1422099417e-04   -6.7526650466e-08
  24.5100000    1.5855723447e-03    2.9034479714e-08    8.8618601928e-04   -8.1149402556e-08    2.2187515392e-04   -1.2229150943e-08
  24.5600000    1.5782150296e-03   -7.3756796112e-09    8.9276571079e-04   -5.2471219695e-08    2.2927501634e-04    5.1402890997e-08
  24.6100000    1.5697670515e-03   -3.7142147848e-08    8.9868250283e-04   -1.1034885530e-08    2.3635042143e-04    9.6448309537e-08
  24.6600000    1.5599331623e-03   -3.7180040444e-08    9.0465689187e-04    2.9605251821e-08    2.4313671261e-04    1.0419462870e-07
  24.7100000    1.5489563139e-03   -8.4044322393e-09    9.1136751305e-04    5.5711469380e-08    2.4977677779e-04    7.1485207936e-08
  24.7600000    1.5375648734e-03    2.5724321564e-08    9.1887626511e-04    5.7930176655e-08    2.5648403502e-04    1.1506114397e-08
  24.8100000    1.5264370439e-03    3.9158797675e-08    9.2656595423e-04    3.4385063070e-08    2.6346983517e-04   -5.2078040945e-08
  24.8600000    1.5156874899e-03    2.4192579310e-08    9.3363236103e-04   -8.4894556229e-09    2.7085667195e-04   -9.5016730656e-08
  24.9100000    1.5048431993e-03   -4.1393827453e-09    9.3971011442e-04   -5.7545187474e-08    2.7861119932e-04   -1.0222125687e-07
  24.9600000    1.4932973536e-03   -2.2506386075e-08    9.4511693473e-04   -9.6777575148e-08    2.8652975286e-04   -7.3401818564e-08
  25.0100000    1.4807945286e-03   -1.8794076059e-08    9.5054375889e-04   -1.1270325073e-07    2.9429142772e-04   -2.2454150558e-08
  25.0600000    1.4675241265e-03   -2.5574524416e-11    9.5649630840e-04   -9.9509613424e-08    3.0156595496e-04    2.8900460628e-08
  25.1100000    1.4538205745e-03    1.6340011312e-08    9.6297815450e-04   -6.1587994897e-08    3.0813807942e-04    6.0370265665e-08
  25.1600000    1.4398375076e-03    1.8205602558e-08    9.6963260525e-04   -1.1887403592e-08    3.1399948687e-04    6.1301564921e-08
  25.2100000    1.4255208048e-03    7.5775471237e-09    9.7611120451e-04    3.3254580968e-08    3.1936971311e-04    3.4482793253e-08
  25.2600000    1.4108425327e-03   -3.8964907984e-09    9.8226904662e-04    6.0137952031e-08    3.2463509830e-04   -5.8470706823e-09
  25.3100000    1.3959784435e-03   -6.6394963733e-09    9.8805320099e-04    6.1789428407e-08    3.3022759630e-04   -4.0689267955e-08
  25.3600000    1.3811918891e-03   -8.9746196698e-10    9.9332349516e-04    3.9043252431e-08    3.3648856237e-04   -5.4636124755e-08
  25.4100000    1.3665148781e-03    5.5160441241e-09    9.9789246084e-04   -6.1695726683e-10    3.4356663607e-04   -4.2256192392e-08
  25.4600000    1.3515488661e-03    5.8491826322e-09    1.0017598049e-03   -4.5282746646e-08    3.5138282915e-04   -9.8744826493e-09
  25.5100000    1.3356231773e-03    6.3035213864e-10    1.0052422478e-03   -8.1525366059e-08    3.5966824757e-04    2.7799202821e-08
  25.5600000    1.3182350353e-03   -3.9433408629e-09    1.0088011994e-03   -9.8042742882e-08    3.6805327012e-04    5.4483327395e-08
  25.6100000    1.2994327936e-03   -2.9679008751e-09    1.0127222044e-03   -8.9407617581e-08    3.7617230983e-04    5.9440887847e-08
  25.6600000    1.2798158640e-03    2.1563275234e-09    1.0169747018e-03   -5.8312656605e-08    3.8374964334e-04    4.1771816233e-08
  25.7100000    1.2601092431e-03    5.5363319509e-09    1.0213729443e-03   -1.4902798318e-08    3.9064567309e-04    1.0153739188e-08
  25.7600000    1.2406128230e-03    3.3435909795e-09    1.0258207122e-03    2.6731818704e-08    3.9686101927e-04   -2.1582970663e-08
  25.8100000    1.2209545778e-03   -1.6891005582e-09    1.0303482737e-03    5.3343188724e-08    4.0250959297e-04   -4.0817259756e-08
  25.8600000    1.2003675005e-03   -2.6706810041e-09    1.0349149478e-03    5.6702906246e-08    4.0777680851e-04   -4.1466753007e-08
  25.9100000    1.1783024116e-03    4.1256256802e-09    1.0392414691e-03    3.5954648042e-08    4.1287616132e-04   -2.5971018818e-08
  25.9600000    1.1549044644e-03    1.4219310595e-08    1.0429215127e-03   -2.2938400140e-09    4.1801099090e-04   -3.2999433494e-09
  26.0100000    1.1309680495e-03    1.7788282847e-08    1.0457559472e-03   -4.6095569239e-08    4.2334322775e-04    1.5766669192e-08
  26.0600000    1.1073901667e-03    8.7190832059e-09    1.0479877733e-03   -8.1972224037e-08    4.2896972567e-04    2.3671839424e-08
  26.1100000    1.0845392154e-03   -8.3485912946e-09    1.0501777860e-03   -9.9200518619e-08    4.3490850839e-04    1.9060964205e-08
  26.1600000    1.0620203773e-03   -2.0309145733e-08    1.0527967928e-03   -9.3006970323e-08    4.4109892385e-04    6.5166436808e-09
  26.2100000    1.0390063275e-03   -1.6376599691e-08    1.0558840911e-03   -6.5570386601e-08    4.4741856982e-04   -6.4837433656e-09
  26.2600000    1.0148731303e-03    1.7684585234e-09    1.0590596518e-03   -2.4818950207e-08    4.5371536258e-04   -1.3616992550e-08
  26.3100000    9.8966690467e-04    2.0016072438e-08    1.0618440755e-03    1.8120280366e-08    4.5984721894e-04   -1.2668671814e-08
  26.3600000    9.6406641071e-04    2.2981764361e-08    1.0639720877e-03    5.1843667519e-08    4.6571773835e-04   -6.0313851044e-09
  26.4100000    9.3887269532e-04    7.0692769472e-09    1.0654421485e-03    6.7381700676e-08    4.7129654639e-04    1.2523461869e-09
  26.4600000    9.1438548962e-04   -1.5988642497e-08    1.0663427344e-03    6.0407708510e-08    4.7661797085e-04    4.6456143546e-09
  26.5100000    8.9010772850e-04   -2.8456065629e-08    1.0667054222e-03    3.2590722228e-08    4.8175948839e-04    2.6954722210e-09
  26.5600000    8.6501189992e-04   -2.0929758960e-08    1.0665435608e-03   -8.4252112669e-09    4.8680861933e-04   -2.3084723133e-09
  26.6100000    8.3823082689e-04    3.9870511336e-10    1.0659767708e-03   -5.0820808285e-08    4.9183067812e-04   -5.8391913101e-09
  26.6600000    8.0972433563e-04    1.9326435983e-08    1.0652321686e-03   -8.2056389774e-08    4.9684863431e-04   -3.8907023288e-09
  26.7100000    7.8043380801e-04    2.2919529173e-08    1.0644799595e-03   -9.3068526953e-08    5.0184100156e-04    4.5350501025e-09
  26.7600000    7.5174041924e-04    1.1356346359e-08    1.0636917335e-03   -8.1627139022e-08    5.0675647076e-04    1.6531948887e-08
  26.8100000    7.2453113783e-04   -3.2953073207e-09    1.0627094243e-03   -5.3236930999e-08    5.1153786524e-04    2.6437266986e-08
  26.8600000    6.9851098347e-04   -7.6846342965e-09    1.0614670808e-03   -1.8901031039e-08    5.1614527594e-04    2.8434036842e-08
  26.9100000    6.7229171278e-04    1.7788554635e-09    1.0601113960e-03    9.3446506346e-09    5.2056982005e-04    1.9335202639e-08
  26.9600000    6.4425875925e-04    1.6236421881e-08    1.0588689517e-03    2.2985322945e-08    5.2483440812e-04    2.5662091880e-10
  27.0100000    6.1364553159e-04    2.1944130704e-08    1.0577983770e-03    1.9619767974e-08    5.2898381171e-04   -2.3523912627e-08
  27.0600000    5.8107520813e-04    1.1851175605e-08    1.0567002073e-03    2.8933195790e-09    5.3307040398e-04   -4.4377442109e-08
  27.1100000    5.4820354507e-04   -8.2523235785e-09    1.0552765914e-03   -1.9481251454e-08    5.3714236646e-04   -5.4984316714e-08
  27.1600000    5.1671804486e-04   -2.4159212058e-08    1.0533560260e-03   -3.8438308136e-08    5.4123803032e-04   -5.0804619313e-08
  27.2100000    4.8735260356e-04   -2.4695088499e-08    1.0509502566e-03   -4.6347185854e-08    5.4538541200e-04   -3.1559700789e-08
  27.2600000    4.5950995438e-04   -1.0605132807e-08    1.0481282689e-03   -3.9608553799e-08    5.4960279997e-04   -1.4104699279e-09
  27.3100000    4.3166261799e-04    6.6499355930e-09    1.0448963672e-03   -2.0418338311e-08    5.5389643399e-04    3.2040823943e-08
  27.3600000    4.0224490645e-04    1.4892366977e-08    1.0412246656e-03    3.4625289109e-09    5.5825469317e-04    5.9573525070e-08
  27.4100000    3.7051152460e-04    1.0942037112e-08    1.0371460150e-03    2.1609953218e-08    5.6264243469e-04    7.2618574252e-08
  27.4600000    3.3689832788e-04    1.5838087283e-09    1.0327579347e-03    2.5570067388e-08    5.6700117740e-04    6.5620309888e-08
  27.5100000    3.0270998226e-04   -4.1607395834e-09    1.0281010316e-03    1.2846932183e-08    5.7125898660e-04    3.8065781879e-08
  27.5600000    2.6933392939e-04   -3.3084946902e-09    1.0230786626e-03   -1.1969033583e-08    5.7534899302e-04   -4.4002421269e-09
  27.6100000    2.3745456397e-04    1.3539074119e-10    1.0175629614e-03   -3.9393485205e-08    5.7923036389e-04   -5.0434321885e-08
  27.6600000    2.0674483328e-04    1.3725187254e-09    1.0116005194e-03   -5.9134864958e-08    5.8290337430e-04   -8.5463159546e-08
  27.7100000    1.7620483398e-04    6.6725038530e-10    1.0054631955e-03   -6.4003478729e-08    5.8641234236e-04   -9.5970094381e-08
  27.7600000    1.4487686589e-04    2.3502783295e-09    9.9941830231e-04   -5.2221577697e-08    5.8983530004e-04   -7.4531271037e-08
  27.8100000    1.1241195262e-04    8.3781131310e-09    9.9341255275e-04   -2.7717089823e-08    5.9326437822e-04   -2.3804233809e-08
  27.8600000    7.9108550748e-05    1.4118860944e-08    9.8701901380e-04    1.3841388524e-09    5.9678333280e-04    4.2448267400e-08
  27.9100000    4.5488481596e-05    1.1880790828e-08    9.7977385125e-04    2.5528777525e-08    6.0044780674e-04    1.0245873986e-07
  27.9600000    1.1845744996e-05   -6.9247129584e-10    9.7162796674e-04    3.6901723626e-08    6.0427139341e-04    1.3333146679e-07
  28.0100000   -2.1827382832e-05   -1.6071497116e-08    9.6308040393e-04    3.1890858155e-08    6.0821869056e-04    1.1963535101e-07
  28.0600000   -5.5535084626e-05   -2.1808578606e-08    9.5483737910e-04    1.2002276043e-08    6.1220648790e-04    6.0504462199e-08
  28.1100000   -8.8980559358e-05   -1.1463083256e-08    9.4728997180e-04   -1.6896428455e-08    6.1611506596e-04   -2.7909654335e-08
  28.1600000   -1.2165679546e-04    8.4604790453e-09    9.4027286665e-04   -4.6450606561e-08    6.1981103169e-04   -1.1635176740e-07
  28.2100000   -1.5330355119e-04    2.2595046573e-08    9.3328733635e-04   -6.8088852377e-08    6.2317961049e-04   -1.7206568804e-07
  28.2600000   -1.8430483475e-04    1.9080050477e-08    9.2593002439e-04   -7.5190222009e-08    6.2615870994e-04   -1.7096996947e-07
  28.3100000   -2.1560137043e-04   -1.7488457394e-10    9.1810402612e-04   -6.4808644323e-08    6.2876263989e-04   -1.0785368247e-07
  28.3600000   -2.4810995712e-04   -2.0285078835e-08    9.0984697982e-04   -3.8564711080e-08    6.3108385537e-04   -3.2465571921e-10
  28.4100000   -2.8208491499e-04   -2.4955401089e-08    9.0101582593e-04   -2.3720316017e-09    6.3326798535e-04    1.1569259531e-07
  28.4600000   -3.1691716489e-04   -9.5405492200e-09    8.9121307287e-04    3.4933885116e-08    6.3546842129e-04    1.9795528061e-07
  28.5100000   -3.5150762994e-04    1.4912635832e-08    8.8008983448e-04    6.3558180990e-08    6.3779657134e-04    2.1339040444e-07
  28.5600000   -3.8491672706e-04    2.9928842171e-08    8.6776856102e-04    7.4800157965e-08    6.4028715121e-04    1.5135778060e-07
  28.6100000   -4.1684786602e-04    2.3805545921e-08    8.5497398383e-04    6.3102093932e-08    6.4289231612e-04    2.9392259215e-08
  28.6600000   -4.4772547493e-04    8.0436572284e-10    8.4269206917e-04    2.8129617417e-08    6.4550641590e-04   -1.1134532238e-07
  28.7100000   -4.7842929726e-04   -2.1818625959e-08    8.3158325754e-04   -2.3657002436e-08    6.4801047155e-04   -2.1990090160e-07
  28.7600000   -5.0988929022e-04   -2.6882203501e-08    8.2159366592e-04   -7.9225873237e-08    6.5031813035e-04   -2.5400180650e-07
  28.8100000   -5.4270212274e-04   -1.0584214341e-08    8.1204675253e-04   -1.2207047421e-07    6.5240583165e-04   -1.9645451016e-07
  28.8600000   -5.7685588321e-04    1.4307348252e-08    8.0210515051e-04   -1.3772438912e-07    6.5431782547e-04   -6.3119439551e-08
  28.9100000   -6.1165134230e-04    2.8183537615e-08    7.9121619541e-04   -1.1940985185e-07    6.5614703129e-04    1.0106549854e-07
  28.9600000   -6.4592066015e-04    1.9916518300e-08    7.7923187127e-04   -7.1021765098e-08    6.5800072364e-04    2.3721391863e-07
  29.0100000   -6.7854147681e-04   -4.2984644963e-09    7.6623119955e-04   -6.0061218891e-09    6.5996315195e-04    2.9370051332e-07
  29.0600000   -7.0903265995e-04   -2.5758626988e-08    7.5233279725e-04    5.7137988558e-08    6.6206590935e-04    2.4578807788e-07
  29.1100000   -7.3787420232e-04   -2.7917138137e-08    7.3771809162e-04    1.0064351025e-07    6.6427339192e-04    1.0618108052e-07
  29.1600000   -7.6629372335e-04   -9.0718421853e-09    7.2278761067e-04    1.1254738515e-07    6.6648700572e-04   -7.7953856247e-08
  29.2100000   -7.9558668420e-04    1.6888018144e-08    7.0818164322e-04    8.9895890666e-08    6.6856833148e-04   -2.4105940066e-07
  29.2600000   -8.2636112033e-04    3.1571325678e-08    6.9452128999e-04    3.9561439678e-08    6.7037750753e-04   -3.2290187542e-07
  29.3100000   -8.5817279976e-04    2.5530117919e-08    6.8202252405e-04   -2.3596024250e-08    6.7181821051e-04   -2.9128165487e-07
  29.3600000   -8.8977881358e-04    3.8138602478e-09    6.7028580102e-04   -8.1046733028e-08    6.7287597551e-04   -1.5504585686e-07
  29.4100000   -9.1985220705e-04   -1.9092851197e-08    6.5843118486e-04   -1.1629002463e-07    6.7363490214e-04    3.7980744855e-08
  29.4600000   -9.4772810989e-04   -2.9435297744e-08    6.4549339264e-04   -1.1998468039e-07    6.7426167482e-04    2.1795631150e-07
  29.5100000   -9.7375844246e-04   -2.1891688475e-08    6.3084437507e-04   -9.2591804357e-08    6.7495577607e-04    3.1889798391e-07
  29.5600000   -9.9910759199e-04   -1.2899235818e-09    6.1443729529e-04   -4.3666512673e-08    6.7587803944e-04    3.0377161037e-07
  29.6100000   -1.0251441034e-03    2.0540045210e-08    5.9677747300e-04    1.1678881565e-08    6.7708101714e-04    1.7901813510e-07
  29.6600000   -1.0527764282e-03    3.0430410120e-08    5.7864716725e-04    5.7701564648e-08    6.7846855987e-04   -7.4600558032e-09
  29.7100000   -1.0820566652e-03    2.0585227365e-08    5.6072672891e-04    8.2688073353e-08    6.7980549152e-04   -1.8448487552e-07
  29.7600000   -1.1121931420e-03   -5.6504271964e-09    5.4332369540e-04    8.1948382029e-08    6.8078233517e-04   -2.8514368694e-07
  29.8100000   -1.1419092532e-03   -3.2923532181e-08    5.2635998751e-04    5.8321537889e-08    6.8111969350e-04   -2.7293270370e-07
  29.8600000   -1.1699713191e-03   -4.1329098529e-08    5.0957364012e-04    2.0276646549e-08    6.8067935053e-04   -1.5603795261e-07
  29.9100000   -1.1956940147e-03   -2.0020112116e-08    4.9272228915e-04   -2.1319906130e-08    6.7954143578e-04    1.6150663610e-08
  29.9600000   -1.2192584669e-03    2.2154975184e-08    4.7560978114e-04   -5.6260617757e-08    6.7801334215e-04    1.7309282733e-07
  30.0100000   -1.2417042720e-03    5.8966183713e-08    4.5797736315e-04   -7.6911319753e-08    6.7655628708e-04    2.5173149912e-07
  30.0600000   -1.2645174659e-03    6.3476029495e-08    4.3947553295e-04   -7.9112779371e-08    6.7564414300e-04    2.2207841950e-07
  30.1100000   -1.2888964333e-03    2.8285880348e-08    4.1985800682e-04   -6.2792678464e-08    6.7559701371e-04    9.9229968987e-08
  30.1600000   -1.3150144605e-03   -2.6496926869e-08    3.9927616461e-04   -3.2515087814e-08    6.7644811182e-04   -6.3208364546e-08
  30.2100000   -1.3417454621e-03   -6.5517425190e-08    3.7837877012e-04    2.7886811823e-09    6.7789841559e-04   -1.9563745739e-07
  30.2600000   -1.3671745053e-03   -6.3007155433e-08    3.5804031921e-04    3.1894466590e-08    6.7938749462e-04   -2.4161140185e-07
  30.3100000   -1.3897478479e-03   -2.1841994342e-08    3.3885860534e-04    4.5095528941e-08    6.8026772219e-04   -1.8148336753e-07
  30.3600000   -1.4093949784e-03    2.8075366526e-08    3.2077888442e-04    3.8148178320e-08    6.8002736415e-04   -4.0661858821e-08
  30.4100000   -1.4278021941e-03    5.1522938628e-08    3.0311501173e-04    1.4162961575e-08    6.7848289930e-04    1.2100255478e-07
  30.4600000   -1.4474719459e-03    3.3674956894e-08    2.8493386047e-04   -1.7748468756e-08    6.7586494657e-04    2.3428436506e-07
  30.5100000   -1.4700457754e-03   -9.5117480810e-09    2.6552247194e-04   -4.6375014667e-08    6.7275701897e-04    2.4963159552e-07
  30.5600000   -1.4950045530e-03   -4.3922621250e-08    2.4465700954e-04   -6.2765257783e-08    6.6990061453e-04    1.5806104741e-07
  30.6100000   -1.5197461885e-03   -4.3073808981e-08    2.2258628129e-04   -6.2945038953e-08    6.6793310599e-04   -4.8065356175e-09
  30.6600000   -1.5411537860e-03   -7.4301699667e-09    1.9983154645e-04   -4.8115542371e-08    6.6715462777e-04   -1.7321973309e-07
  30.7100000   -1.5576915205e-03    3.6945609497e-08    1.7695540673e-04   -2.2982177127e-08    6.6741318378e-04   -2.7822105733e-07
  30.7600000   -1.5705942544e-03    5.8485421210e-08    1.5439511396e-04    6.2827830043e-09    6.6815466430e-04   -2.7584812515e-07
  30.8100000   -1.5832470795e-03    4.3039532427e-08    1.3239097831e-04    3.3249762296e-08    6.6862224445e-04   -1.6501549786e-07
  30.8600000   -1.5990578177e-03    2.6327540711e-09    1.1100794840e-04    5.1592705364e-08    6.6813204940e-04    1.2129212875e-08
  30.9100000   -1.6191796937e-03   -3.5066919816e-08    9.0213254157e-05    5.5664257717e-08    6.6632183358e-04    1.8728731108e-07
  30.9600000   -1.6416025452e-03   -4.7022643276e-08    6.9925712751e-05    4.2304913425e-08    6.6327879827e-04    2.9332199350e-07
  31.0100000   -1.6622695424e-03   -2.9402590297e-08    4.9957768660e-05    1.3512806809e-08    6.5949813814e-04    2.9059415292e-07
  31.0600000   -1.6775565014e-03    2.7072204588e-09    2.9880996138e-05   -2.2078728441e-08    6.5568806376e-04    1.8179973062e-07
  31.1100000   -1.6865424572e-03    2.7722583179e-08    8.9847749381e-06   -5.1211442716e-08    6.5249542923e-04    9.7450533388e-09
  31.1600000   -1.6916049878e-03    3.1737395487e-08   -1.3498886829e-05   -6.1772964814e-08    6.5025652602e-04   -1.6045151929e-07
  31.2100000   -1.6969382994e-03    1.5308741227e-08   -3.7935790688e-05   -4.9484009360e-08    6.4886845888e-04   -2.6706555760e-07
  31.2600000   -1.7059378133e-03   -9.3722424591e-09   -6.3891645631e-05   -2.1036281738e-08    6.4783093153e-04   -2.7490562205e-07
  31.3100000   -1.7191427078e-03   -2.6999000078e-08   -9.0155875602e-05    9.0758182014e-09    6.4644303355e-04   -1.8696940086e-07
  31.3600000   -1.7340652633e-03   -2.7715566942e-08   -1.1528971085e-04    2.6543579460e-08    6.4407917704e-04   -4.0774667099e-08
  31.4100000   -1.7469787218e-03   -1.1805626638e-08   -1.3839516696e-04    2.4967767328e-08    6.4043596219e-04    1.0815453714e-07
  31.4600000   -1.7554221549e-03    1.0991920900e-08   -1.5958752147e-04    8.2917083753e-09    6.3565085621e-04    2.0825527761e-07
  31.5100000   -1.7597204560e-03    2.7059662176e-08   -1.7984082566e-04   -1.3184398149e-08    6.3024217598e-04    2.3037800114e-07
  31.5600000   -1.7625404279e-03    2.6891315113e-08   -2.0033858790e-04   -2.9662198093e-08    6.2489050951e-04    1.7592614618e-07
  31.6100000   -1.7668958115e-03    1.1171715348e-08   -2.2182589898e-04   -3.6393166107e-08    6.2014726678e-04    7.2623586494e-08
  31.6600000   -1.7740721039e-03   -9.2891053035e-09   -2.4441650420e-04   -3.3380077848e-08    6.1618977719e-04   -3.9014807143e-08
  31.7100000   -1.7829146070e-03   -2.0603894442e-08   -2.6789428235e-04   -2.2163329883e-08    6.1272867520e-04   -1.2207511281e-07
  31.7600000   -1.7908699689e-03   -1.5525115691e-08   -2.9212921020e-04   -3.8571968563e-09    6.0911501502e-04   -1.5571979176e-07
  31.8100000   -1.7959026676e-03    1.2379669156e-09   -3.1717919833e-04    1.9364704548e-08    6.0461300775e-04   -1.3947580307e-07
  31.8600000   -1.7978544383e-03    1.6481359145e-08   -3.4300601836e-04    4.1335008564e-08    5.9873197323e-04   -8.9046529178e-08
  31.9100000   -1.7983308563e-03    1.8448468575e-08   -3.6914609319e-04    5.1790553376e-08    5.9147888220e-04   -2.6922470683e-08
  31.9600000   -1.7993346326e-03    5.6438773126e-09   -3.9474153302e-04    4.1275920760e-08    5.8341683809e-04    2.7303717785e-08
  32.0100000   -1.8017504223e-03   -1.2357700019e-08   -4.1899112404e-04    8.3886383023e-09    5.7548860693e-04    6.2801362855e-08
  32.0600000   -1.8047996329e-03   -2.2574186671e-08   -4.4166632167e-04   -3.6429616038e-08    5.6866016396e-04    7.7963405073e-08
  32.1100000   -1.8067836484e-03   -1.8454503735e-08   -4.6325811037e-04   -7.4590440161e-08    5.6351855437e-04    7.6746918327e-08
  32.1600000   -1.8064616513e-03   -4.1339346689e-09   -4.8464562292e-04   -8.9015759156e-08    5.5998715412e-04    6.3938660152e-08
  32.2100000   -1.8039843855e-03    9.7708769788e-09   -5.0658495673e-04   -7.3424656183e-08    5.5728474949e-04    4.2317114855e-08
  32.2600000   -1.8007023477e-03    1.4806012446e-08   -5.2942496473e-04   -3.4976927806e-08    5.5416410038e-04    1.3018099537e-08
  32.3100000   -1.7980460373e-03    1.0587224614e-08   -5.5319260135e-04    1.1047594549e-08    5.4935501343e-04   -2.1795339900e-08
  32.3600000   -1.7963638559e-03    3.6548616849e-09   -5.7783456652e-04    5.0052029805e-08    5.4205036516e-04   -5.6345953064e-08
  32.4100000   -1.7946014083e-03    1.0090843110e-09   -6.0329667579e-04    7.3960206612e-08    5.3224705184e-04   -8.1089588915e-08
  32.4600000   -1.7910474042e-03    4.1402292739e-09   -6.2934688185e-04    8.0893321076e-08    5.2080071809e-04   -8.5840697825e-08
  32.5100000   -1.7845723991e-03    8.3975313294e-09   -6.5536536569e-04    7.0980932273e-08    5.0915761951e-04   -6.4908437417e-08
  32.5600000   -1.7754436616e-03    7.7381580252e-09   -6.8042057975e-04    4.3584298719e-08    4.9884996932e-04   -2.1464601631e-08
  32.6100000   -1.7651434495e-03    4.4051060504e-10   -7.0372003193e-04   -7.8667814899e-10    4.9093511056e-04    3.1644651953e-08
  32.6600000   -1.7553608675e-03   -9.1816569775e-09   -7.2516397904e-04   -5.5656259728e-08    4.8558661431e-04    7.5832280996e-08
  32.7100000   -1.7469041748e-03   -1.4427746044e-08   -7.4556023249e-04   -1.0618154884e-07    4.8199473191e-04    9.4196557543e-08
  32.7600000   -1.7392847541e-03   -1.1952669379e-08   -7.6625189586e-04   -1.3313904450e-07    4.7862234531e-04    7.9164302304e-08
  32.8100000   -1.7311972794e-03   -4.5508550723e-09   -7.8834005319e-04   -1.2204598558e-07    4.7373182410e-04    3.6583536250e-08
  32.8600000   -1.7214844785e-03    1.4853151830e-09   -8.1201431187e-04   -7.1564679776e-08    4.6599684070e-04   -1.6086374260e-08
  32.9100000   -1.7098875853e-03    2.0970946244e-09   -8.3645797505e-04    4.5899651661e-09    4.5497924234e-04   -5.7104220457e-08
  32.9600000   -1.6971053843e-03   -9.1670523727e-10   -8.6038763488e-04    8.3357138623e-08    4.4129753221e-04   -7.0159722016e-08
  33.0100000   -1.6842006686e-03   -1.8329258002e-09   -8.8283365227e-04    1.4158814899e-07    4.2642365207e-04   -5.1947064039e-08
  33.0600000   -1.6718163297e-03    3.1006948857e-09   -9.0362858433e-04    1.6337460825e-07    4.1217848125e-04   -1.3836827388e-08
  33.1100000   -1.6597293795e-03    1.1294224300e-08   -9.2334225726e-04    1.4288772019e-07    4.0010509045e-04    2.3457888742e-08
  33.1600000   -1.6469942346e-03    1.5435847246e-08   -9.4283253132e-04    8.4087168984e-08    3.9094279435e-04    3.9969162522e-08
  33.2100000   -1.6325368370e-03    1.0181037493e-08   -9.6280030646e-04   -1.9059672336e-10    3.8438837066e-04    2.6616543252e-08
  33.2600000   -1.6158122446e-03   -2.0381075946e-09   -9.8360027301e-04   -8.9359910321e-08    3.7922666044e-04   -9.5880069417e-09
  33.3100000   -1.5971451784e-03   -1.1858669564e-08   -1.0052612690e-03   -1.5841523140e-07    3.7377894987e-04   -4.8143768160e-08
  33.3600000   -1.5775809888e-03   -1.0566171160e-08   -1.0275276058e-03   -1.8498140099e-07    3.6650293441e-04   -6.4706169287e-08
  33.4100000   -1.5583409600e-03    1.8487292232e-09   -1.0498530493e-03   -1.5828509118e-07    3.5652487467e-04   -4.3520615334e-08
  33.4600000   -1.5401709840e-03    1.5501249200e-08   -1.0714710623e-03   -8.5240400655e-08    3.4391260730e-04    1.3256343885e-08
  33.5100000   -1.5229250960e-03    1.8066532438e-08   -1.0916697153e-03    1.0683449007e-08    3.2959703789e-04    8.4175351193e-08
  33.5600000   -1.5056182495e-03    5.0618095097e-09   -1.1101846459e-03    9.8104715881e-08    3.1498239135e-04    1.3643779210e-07
  33.6100000   -1.4869492382e-03   -1.5726298660e-08   -1.1274202537e-03    1.4965506693e-07    3.0140137639e-04    1.4023169570e-07
  33.6600000   -1.4660299893e-03   -2.9736154876e-08   -1.1442637515e-03    1.5137887417e-07    2.8962610965e-04    8.3301677593e-08
  33.7100000   -1.4429060661e-03   -2.6823339450e-08   -1.1615618081e-03    1.0597039848e-07    2.7961828971e-04   -2.0984162302e-08
  33.7600000   -1.4185357804e-03   -9.0749383957e-09   -1.1796198412e-03    2.9986297135e-08    2.7060407754e-04   -1.3633413169e-07
  33.8100000   -1.3942060251e-03    1.1062437390e-08   -1.1980898966e-03   -5.2372292279e-08    2.6142987563e-04   -2.1670947195e-07
  33.8600000   -1.3707289248e-03    2.0642087378e-08   -1.2163167675e-03   -1.1630907232e-07    2.5104648571e-04   -2.2500359480e-07
  33.9100000   -1.3479339672e-03    1.5917947222e-08   -1.2338618145e-03   -1.4295498180e-07    2.3892401281e-04   -1.4951892526e-07
  33.9600000   -1.3247986622e-03    4.1865685090e-09   -1.2508071867e-03   -1.2462393417e-07    2.2523505289e-04   -1.1041795883e-08
  34.0100000   -1.3001391180e-03   -3.1955077666e-09   -1.2676387488e-03   -6.7560182535e-08    2.1074285758e-04    1.4304371290e-07
  34.0600000   -1.2733996462e-03   -3.8823539376e-10   -1.2848347547e-03    9.4630716241e-09    1.9645231520e-04    2.5585893753e-07
  34.1100000   -1.2450151210e-03    8.6947157338e-09   -1.3024832639e-03    8.1229443243e-08    1.8317499348e-04    2.8286274120e-07
  34.1600000   -1.2161210667e-03    1.4526148083e-08   -1.3201860581e-03    1.2497109014e-07    1.7118846685e-04    2.0975839006e-07
  34.2100000   -1.1878333663e-03    1.0453472381e-08   -1.3372721853e-03    1.2830778925e-07    1.6012565555e-04    5.9183963200e-08
  34.2200000   -1.1823031666e-03    8.4517956771e-09   -1.3405578982e-03    1.2402431537e-07    1.5795376953e-04    2.4027168200e-08
  34.2300000   -1.1768168003e-03    6.1579405090e-09   -1.3437903500e-03    1.1822753445e-07    1.5577685776e-04   -1.1666790401e-08
  34.2400000   -1.1713718337e-03    3.6395611122e-09   -1.3469666956e-03    1.1101650869e-07    1.5358657391e-04   -4.7375150169e-08
  34.2500000   -1.1659644461e-03    9.7188406775e-10   -1.3500847676e-03    1.0250745111e-07    1.5137463670e-04   -8.2572894929e-08
  34.2600000   -1.1605895585e-03   -1.7650711282e-09   -1.3531430985e-03    9.2831946217e-08    1.4913297246e-04   -1.1674080843e-07
  34.2700000   -1.1552409912e-03   -4.4892733659e-09   -1.3561409274e-03    8.2134807496e-08    1.4685385432e-04   -1.4937342713e-07
  34.2800000   -1.1499116430e-03   -7.1196300017e-09   -1.3590781954e-03    7.0571876832e-08    1.4453003571e-04   -1.7998680814e-07
  34.2900000   -1.1445936893e-03   -9.5787807119e-09   -1.3619555275e-03    5.8307867442e-08    1.4215487606e-04   -2.0812597430e-07
  34.3000000   -1.1392787890e-03   -1.1795771867e-08   -1.3647742049e-03    4.5514046204e-08    1.3972245665e-04   -2.3337188180e-07
  34.3100000   -1.1339582985e-03   -1.3708402907e-08   -1.3675361273e-03    3.2365991806e-08    1.3722768475e-04   -2.5534789024e-07
  34.3200000   -1.1286234834e-03   -1.5265237575e-08   -1.3702437662e-03    1.9041364848e-08    1.3466638440e-04   -2.7372551396e-07
  34.3300000   -1.1232657234e-03   -1.6427233381e-08   -1.3729001121e-03    5.7177053945e-09    1.3203537246e-04   -2.8822948673e-07
  34.3400000   -1.1178767058e-03   -1.7168890219e-08   -1.3755086151e-03   -7.4297161411e-09    1.2933251857e-04   -2.9864197590e-07
  34.3500000   -1.1124486025e-03   -1.7478841691e-08   -1.3780731206e-03   -2.0229932034e-08    1.2655678835e-04   -3.0480590356e-07
  34.3600000   -1.1069742264e-03   -1.7360046768e-08   -1.3805978017e-03   -3.2518291763e-08    1.2370826889e-04   -3.0662734431e-07
  34.3700000   -1.1014471649e-03   -1.6829369806e-08   -1.3830870889e-03   -4.4138340877e-08    1.2078817635e-04   -3.0407693601e-07
  34.3800000   -1.0958618877e-03   -1.5916758817e-08   -1.3855455978e-03   -5.4943585504e-08    1.1779884561e-04   -2.9719030590e-07
  34.3900000   -1.0902138287e-03   -1.4663892150e-08   -1.3879780562e-03   -6.4799220101e-08    1.1474370182e-04   -2.8606750240e-07
  34.4000000   -1.0844994401e-03   -1.3122514596e-08   -1.3903892315e-03   -7.3583689227e-08    1.1162721477e-04   -2.7087142121e-07
  34.4100000   -1.0787162210e-03   -1.1352417403e-08   -1.3927838592e-03   -8.1190117912e-08    1.0845483651e-04   -2.5182529645e-07
  34.4200000   -1.0728627203e-03   -9.4191903280e-09   -1.3951665730e-03   -8.7527637279e-08    1.0523292321e-04   -2.2920925211e-07
  34.4300000   -1.0669385167e-03   -7.3917868650e-09   -1.3975418381e-03   -9.2522511438e-08    1.0196864264e-04   -2.0335600965e-07
  34.4400000   -1.0609441776e-03   -5.3400318555e-09   -1.3999138888e-03   -9.6119150940e-08    9.8669868580e-05   -1.7464579590e-07
  34.4500000   -1.0548812001e-03   -3.3321372995e-09   -1.4022866697e-03   -9.8280901654e-08    9.5345063805e-05   -1.4350053384e-07
  34.4600000   -1.0487519378e-03   -1.4324019825e-09   -1.4046637840e-03   -9.8990645351e-08    9.2003153489e-05   -1.1037744910e-07
  34.4700000   -1.0425595152e-03    3.0106728177e-10   -1.4070484480e-03   -9.8251180226e-08    8.8653390909e-05   -7.5762101219e-08
  34.4800000   -1.0363077346e-03    1.8181849081e-09   -1.4094434527e-03   -9.6085320504e-08    8.5305217543e-05   -4.0161074384e-08
  34.4900000   -1.0300009775e-03    3.0785539070e-09   -1.4118511348e-03   -9.2535747405e-08    8.1968119657e-05   -4.0943365584e-09
  34.5000000   -1.0236441044e-03    4.0526600491e-09   -1.4142733565e-03   -8.7664630710e-08    7.8651483563e-05    3.1912579911e-08
  34.5100000   -1.0172423541e-03    4.7227202813e-09   -1.4167114945e-03   -8.1552850326e-08    7.5364451710e-05    6.7336415429e-08
  34.5200000   -1.0108012470e-03    5.0830556740e-09   -1.4191664403e-03   -7.4299047813e-08    7.2115781824e-05    1.0166399282e-07
  34.5300000   -1.0043264912e-03    5.1400839206e-09   -1.4216386097e-03   -6.6018232548e-08    6.8913711146e-05    1.3439980896e-07
  34.5400000   -9.9782389589e-04    4.9118440051e-09   -1.4241279627e-03   -5.6840208643e-08    6.5765827860e-05    1.6507334850e-07
  34.5500000   -9.9129928972e-04    4.4271390415e-09   -1.4266340335e-03   -4.6907667075e-08    6.2678951581e-05    1.9324596945e-07
  34.5600000   -9.8475844698e-04    3.7243134589e-09   -1.4291559685e-03   -3.6374050374e-08    5.9659024773e-05    2.1851730014e-07
  34.5700000   -9.7820701986e-04    2.8497083505e-09   -1.4316925730e-03   -2.5401128862e-08    5.6711016622e-05    2.4053099083e-07
  34.5800000   -9.7165047713e-04    1.8558935677e-09   -1.4342423640e-03   -1.4156435010e-08    5.3838840864e-05    2.5897981688e-07
  34.5900000   -9.6509404831e-04    7.9961919065e-10   -1.4368036278e-03   -2.8105746752e-09    5.1045288800e-05    2.7360999313e-07
  34.6000000   -9.5854267257e-04   -2.6027473837e-10   -1.4393744811e-03    8.4656027491e-09    4.8331978504e-05    2.8422468734e-07
  34.6100000   -9.5200095109e-04   -1.2650025856e-09   -1.4419529318e-03    1.9503882400e-08    4.5699320995e-05    2.9068662861e-07
  34.6200000   -9.4547310228e-04   -2.1580198911e-09   -1.4445369403e-03    3.0141453553e-08    4.3146503928e-05    2.9291986577e-07
  34.6300000   -9.3896291872e-04   -2.8870329700e-09   -1.4471244766e-03    4.0223700251e-08    4.0671493029e-05    2.9091054542e-07
  34.6400000   -9.3247372521e-04   -3.4058944656e-09   -1.4497135715e-03    4.9606731320e-08    3.8271051420e-05    2.8470681921e-07
  34.6500000   -9.2600833753e-04   -3.6763144361e-09   -1.4523023616e-03    5.8159791450e-08    3.5940776435e-05    2.7441779524e-07
  34.6600000   -9.1956902181e-04   -3.6691992302e-09   -1.4548891245e-03    6.5767342943e-08    3.3675153600e-05    2.6021159305e-07
  34.6700000   -9.1315745455e-04   -3.3657585197e-09   -1.4574723038e-03    7.2330887004e-08    3.1467626973e-05    2.4231258177e-07
  34.6800000   -9.0677468415e-04   -2.7582186552e-09   -1.4600505224e-03    7.7770436410e-08    2.9310684900e-05    2.2099776194e-07
  34.6900000   -9.0042109466e-04   -1.8501739008e-09   -1.4626225846e-03    8.2025485776e-08    2.7195959996e-05    1.9659241408e-07
  34.7000000   -8.9409637308e-04   -6.5661313400e-10   -1.4651874653e-03    8.5055723178e-08    2.5114341997e-05    1.6946508170e-07
  34.7100000   -8.8779948189e-04    7.9652214698e-10   -1.4677442882e-03    8.6841288734e-08    2.3056101916e-05    1.4002192438e-07
  34.7200000   -8.8152863825e-04    2.4731000921e-09   -1.4702922935e-03    8.7382533002e-08    2.1011025724e-05    1.0870061310e-07
  34.7300000   -8.7528130205e-04    4.3278513637e-09   -1.4728307961e-03    8.6699486364e-08    1.8968555752e-05    7.5963746384e-08
  34.7400000   -8.6905417461e-04    6.3077677890e-09   -1.4753591369e-03    8.4830913960e-08    1.6917937807e-05    4.2291995838e-08
  34.7500000   -8.6284320967e-04    8.3537841717e-09   -1.4778766295e-03    8.1832971971e-08    1.4848371938e-05    8.1770630066e-09
  34.7600000   -8.5664363861e-04    1.0402558501e-08   -1.4803825039e-03    7.7777618796e-08    1.2749164701e-05   -2.5885571545e-08
  34.7700000   -8.5045001103e-04    1.2388480919e-08   -1.4828758515e-03    7.2750851330e-08    1.0609880840e-05   -5.9403756534e-08
  34.7800000   -8.4425625178e-04    1.4245774295e-08   -1.4853555724e-03    6.6850530923e-08    8.4204921922e-06   -9.1895779368e-08
  34.7900000   -8.3805573490e-04    1.5910507826e-08   -1.4878203304e-03    6.0184371852e-08    6.1715216808e-06   -1.2289722782e-07
  34.8000000   -8.3184137439e-04    1.7322671471e-08   -1.4902685150e-03    5.2867539933e-08    3.8541803980e-06   -1.5196754344e-07
  34.8100000   -8.2560573124e-04    1.8428136360e-08   -1.4926982161e-03    4.5020440769e-08    1.4604957491e-06   -1.7869617824e-07
  34.8200000   -8.1934113562e-04    1.9180351033e-08   -1.4951072115e-03    3.6766488024e-08   -1.0165711192e-06   -2.0270829400e-07
  34.8300000   -8.1303982215e-04    1.9541848054e-08   -1.4974929684e-03    2.8229939113e-08   -3.5830203893e-06   -2.2366986575e-07
  34.8400000   -8.0669407606e-04    1.9485602762e-08   -1.4998526617e-03    1.9533829847e-08   -6.2437226186e-06   -2.4129217397e-07
  34.8500000   -8.0029638703e-04    1.8995855283e-08   -1.5021832078e-03    1.0798139162e-08   -9.0023431700e-06   -2.5533562260e-07
  34.8600000   -7.9383960774e-04    1.8068831435e-08   -1.5044813143e-03    2.1381340709e-09   -1.1861283085e-05   -2.6561279305e-07
  34.8700000   -7.8731711269e-04    1.6712928677e-08   -1.5067435441e-03   -6.3371672679e-09   -1.4821637433e-05   -2.7199078336e-07
  34.8800000   -7.8072295412e-04    1.4948641534e-08   -1.5089663939e-03   -1.4526193360e-08   -1.7883171688e-05   -2.7439270371e-07
  34.8900000   -7.7405200994e-04    1.2808041991e-08   -1.5111463823e-03   -2.2335827442e-08   -2.1044316672e-05   -2.7279838541e-07
  34.9000000   -7.6730012026e-04    1.0333988758e-08   -1.5132801473e-03   -2.9682248737e-08   -2.4302182147e-05   -2.6724428772e-07
  34.9100000   -7.6046420827e-04    7.5789712833e-09   -1.5153645494e-03   -3.6491505732e-08   -2.7652589045e-05   -2.5782261983e-07
  34.9200000   -7.5354238145e-04    4.6036478584e-09   -1.5173967757e-03   -4.2699921032e-08   -3.1090119922e-05   -2.4467964322e-07
  34.9300000   -7.4653401038e-04    1.4751660458e-09   -1.5193744431e-03   -4.8254278005e-08   -3.4608187087e-05   -2.2801329123e-07
  34.9400000   -7.3943978208e-04   -1.7347052769e-09   -1.5212956965e-03   -5.3111942830e-08   -3.8199117461e-05   -2.0807005208e-07
  34.9500000   -7.3226172546e-04   -4.9516338348e-09   -1.5231592975e-03   -5.7240790065e-08   -4.1854253187e-05   -1.8514120334e-07
  34.9600000   -7.2500320815e-04   -8.1007845395e-09   -1.5249647016e-03   -6.0619001732e-08   -4.5564066564e-05   -1.5955847116e-07
  34.9700000   -7.1766890343e-04   -1.1108957273e-08   -1.5267121203e-03   -6.3234840868e-08   -4.9318287807e-05   -1.3168917259e-07
  34.9800000   -7.1026472762e-04   -1.3906677358e-08   -1.5284025650e-03   -6.5086315078e-08   -5.3106043944e-05   -1.0193088426e-07
  34.9900000   -7.0279774911e-04   -1.6430082436e-08   -1.5300378718e-03   -6.6180788244e-08   -5.6916006887e-05   -7.0705773147e-08
  35.0000000   -6.9527607046e-04   -1.8622722116e-08   -1.5316207051e-03   -6.6534550222e-08   -6.0736548701e-05   -3.8454610690e-08
  35.0100000   -6.8770868612e-04   -2.0437119568e-08   -1.5331545391e-03   -6.6172363211e-08   -6.4555901932e-05   -5.6305983589e-09
  35.0200000   -6.8010531906e-04   -2.1836092537e-08   -1.5346436169e-03   -6.5126887547e-08   -6.8362322708e-05    2.7306914887e-08
  35.0300000   -6.7247623999e-04   -2.2793599289e-08   -1.5360928892e-03   -6.3438201200e-08   -7.2144254397e-05    5.9898746325e-08
  35.0400000   -6.6483207316e-04   -2.3295423135e-08   -1.5375079320e-03   -6.1153110421e-08   -7.5890489476e-05    9.1692170950e-08
  35.0500000   -6.5718359344e-04   -2.3339480386e-08   -1.5388948457e-03   -5.8324575529e-08   -7.9590327328e-05    1.2224701092e-07
  35.0600000   -6.4954151952e-04   -2.2935644676e-08   -1.5402601389e-03   -5.5010945234e-08   -8.3233725751e-05    1.5114153955e-07
  35.0700000   -6.4191630768e-04   -2.2105365643e-08   -1.5416105986e-03   -5.1275221123e-08   -8.6811443938e-05    1.7797810849e-07
  35.0800000   -6.3431795115e-04   -2.0880806783e-08   -1.5429531503e-03   -4.7184150320e-08   -9.0315174970e-05    2.0238835248e-07
  35.0900000   -6.2675578961e-04   -1.9303777713e-08   -1.5442947115e-03   -4.2807378574e-08   -9.3737665766e-05    2.2403799373e-07
  35.1000000   -6.1923833275e-04   -1.7424363427e-08   -1.5456420427e-03   -3.8216395174e-08   -9.7072822859e-05    2.4263115173e-07
  35.1100000   -6.1177310215e-04   -1.5299263118e-08   -1.5470015984e-03   -3.3483520507e-08   -1.0031580230e-04    2.5791409888e-07
  35.1200000   -6.0436649432e-04   -1.2990059683e-08   -1.5483793835e-03   -2.8680736125e-08   -1.0346308249e-04    2.6967843138e-07
  35.1300000   -5.9702366785e-04   -1.0561281085e-08   -1.5497808164e-03   -2.3878634534e-08   -1.0651251867e-04    2.7776361800e-07
  35.1400000   -5.8974845673e-04   -8.0784508409e-09   -1.5512106040e-03   -1.9145135517e-08   -1.0946337831e-04    2.8205890219e-07
  35.1500000   -5.8254331113e-04   -5.6061636944e-09   -1.5526726303e-03   -1.4544428613e-08   -1.1231635679e-04    2.8250453810e-07
  35.1600000   -5.7540926627e-04   -3.2061910282e-09   -1.5541698623e-03   -1.0135729875e-08   -1.1507357298e-04    2.7909234396e-07
  35.1700000   -5.6834593970e-04   -9.3570777839e-10   -1.5557042738e-03   -5.9722513180e-09   -1.1773854489e-04    2.7186558354e-07
  35.1800000   -5.6135155595e-04    1.1542492348e-09   -1.5572767902e-03   -2.1002112291e-09   -1.2031614535e-04    2.6091817972e-07
  35.1900000   -5.5442299768e-04    3.0201771246e-09   -1.5588872557e-03    1.4420413278e-09   -1.2281253854e-04    2.4639330752e-07
  35.2000000   -5.4755588145e-04    4.6270953217e-09   -1.5605344225e-03    4.6247333800e-09   -1.2523509803e-04    2.2848129314e-07
  35.2100000   -5.4074465569e-04    5.9494176987e-09   -1.5622159629e-03    7.4271739551e-09   -1.2759230751e-04    2.0741698454e-07
  35.2200000   -5.3398271853e-04    6.9714155249e-09   -1.5639285050e-03    9.8381910509e-09   -1.2989364546e-04    1.8347654975e-07
