# thinned to dt=0.05 from the every-step stream; the last 1 time units are kept whole (the death window)
  22.0100000    1.0268753087e-06   -4.5345903829e-08    1.5090399668e-08   -6.3006315365e-08    5.4070418587e-08    2.9165271258e-08
  22.0600000    3.6608296865e-07   -5.3586841306e-08   -2.1114052084e-08   -4.3690710640e-08    6.7995120067e-08    2.3169437820e-08
  22.1100000    2.8616150025e-07   -1.9198974929e-08   -1.4238692678e-07   -7.7672466057e-08   -9.6397141090e-09    3.3673208346e-08
  22.1600000   -6.2804112742e-07    2.8858632088e-08   -1.6836371084e-07   -6.8353773294e-08   -2.1886565073e-08    1.5412581899e-08
  22.2100000   -1.6019301190e-06    5.0875405330e-08   -1.4623298192e-07   -6.3134075671e-08   -3.6935233737e-08   -1.5025332883e-08
  22.2600000   -1.7591146709e-06    2.9530419000e-08   -8.7156852891e-08   -6.3149579204e-08   -4.1678663830e-08   -5.2756724909e-08
  22.3100000   -8.3126689299e-07   -1.5772376065e-08   -7.7142091821e-09   -6.3256237032e-08   -2.6825244682e-08   -9.0540057577e-08
  22.3600000    6.4162445903e-07   -4.5714023642e-08    7.2877594308e-08   -5.6682261086e-08    6.3486537019e-09   -1.2027788975e-07
  22.4100000    1.7251483746e-06   -3.4792569425e-08    1.3376186143e-07   -4.2598708491e-08    4.5038774644e-08   -1.3472790524e-07
  22.4600000    1.7623492485e-06    6.8489956015e-09    1.5637561532e-07   -2.8671475080e-08    7.0609131637e-08   -1.2912804117e-07
  22.5100000    8.0809439609e-07    4.2329262484e-08    1.3188673656e-07   -2.5012168431e-08    6.8202945731e-08   -1.0245972226e-07
  22.5600000   -4.6320368241e-07    4.0193515547e-08    6.7242656769e-08   -3.4831411402e-08    3.5268257061e-08   -5.8083911291e-08
  22.6100000   -1.2791948403e-06    2.1096473712e-09   -1.5750650402e-08   -5.1213647531e-08   -1.5693078649e-08   -3.5073356110e-09
  22.6600000   -1.3100688210e-06   -3.8241879870e-08   -8.9291869844e-08   -6.3780755107e-08   -6.2050723451e-08    5.0869805404e-08
  22.7100000   -8.1463265295e-07   -4.4686016654e-08   -1.3167459144e-07   -6.8828883528e-08   -8.1629916030e-08    9.3956633695e-08
  22.7600000   -3.1582330577e-07   -1.0906285946e-08   -1.3547153330e-07   -7.2428880092e-08   -6.3889786047e-08    1.1673156524e-07
  22.8100000   -1.2869803109e-07    3.3300533539e-08   -1.0722563963e-07   -8.2838415775e-08   -1.6043948276e-08    1.1483780748e-07
  22.8600000   -1.5928581439e-07    4.8266816802e-08   -6.0058237749e-08   -9.9780959323e-08    3.9268592914e-08    9.0133643775e-08
  22.9100000   -1.0473368265e-07    2.0234857053e-08   -5.6792177517e-09   -1.1202175249e-07    7.4092968174e-08    5.0478358414e-08
  22.9600000    1.8808374540e-07   -2.5850096723e-08    4.8134577167e-08   -1.0670768956e-07    6.8497540420e-08    7.5504518799e-09
  23.0100000    5.5331094951e-07   -4.8835449196e-08    9.4465059075e-08   -8.1957993312e-08    2.0823991691e-08   -2.6778104034e-08
  23.0600000    6.5759506214e-07   -2.8895627887e-08    1.2411756340e-07   -5.0463279970e-08   -5.0206902260e-08   -4.4337066873e-08
  23.1100000    3.1110823424e-07    1.4690479845e-08    1.2744738733e-07   -3.0302311601e-08   -1.1285811407e-07   -4.3387409175e-08
  23.1600000   -3.3746213217e-07    4.2185165828e-08    1.0026097099e-07   -3.1290790514e-08   -1.3610597907e-07   -2.9062097631e-08
  23.2100000   -8.8281344002e-07    3.0703359840e-08    4.8234134187e-08   -4.8886331955e-08   -1.0362678070e-07   -1.1219342804e-08
  23.2600000   -9.6031120893e-07   -5.3382742040e-09   -1.4344929921e-08   -6.9828273398e-08   -2.1755399695e-08   -4.3563774348e-10
  23.3100000   -5.2828342955e-07   -2.9717644220e-08   -7.0402584906e-08   -8.2799527273e-08    8.2160699422e-08   -3.6608035346e-09
  23.3600000    9.4362981097e-08   -2.0071661745e-08   -1.0596408271e-07   -8.4298938857e-08    1.7031005241e-07   -2.1257958662e-08
  23.4100000    4.7818138352e-07    1.1188674910e-08   -1.1292522166e-07   -7.6580362087e-08    2.0931506532e-07   -4.6642751732e-08
  23.4600000    4.1963465716e-07    3.0432770491e-08   -8.9230488936e-08   -6.2812795744e-08    1.8321843890e-07   -6.8714205730e-08
  23.5100000    7.6010120204e-08    1.6519673195e-08   -3.8897066202e-08   -4.5700826628e-08    9.9372513111e-08   -7.6158095654e-08
  23.5600000   -2.1307823667e-07   -1.8681133594e-08    2.6983952553e-08   -2.9678185495e-08   -1.4757014505e-08   -6.1965641244e-08
  23.6100000   -2.4020912584e-07   -4.2204237834e-08    8.9819053955e-08   -2.1571604865e-08   -1.2209176217e-07   -2.6438191883e-08
  23.6600000   -8.4860796986e-08   -3.1523200867e-08    1.2651293369e-07   -2.6754173858e-08   -1.8927278462e-07    2.2451840102e-08
  23.7100000    1.5581008993e-08    5.0537401179e-09    1.1730132883e-07   -4.4355194452e-08   -1.9772319269e-07    7.1469984751e-08
  23.7600000   -7.7362702996e-08    3.7297152617e-08    5.6181418029e-08   -6.7426636174e-08   -1.4875312657e-07    1.0642382644e-07
  23.8100000   -2.7624950586e-07    4.0747385706e-08   -4.1835414986e-08   -8.8541982713e-08   -6.1598171407e-08    1.1685218366e-07
  23.8600000   -3.7118008912e-07    1.6566101971e-08   -1.4276042395e-07   -1.0459908433e-07    3.4156808552e-08    9.9510087386e-08
  23.9100000   -2.3694550833e-07   -1.2839653255e-08   -2.0653816283e-07   -1.1542605027e-07    1.0869916276e-07    5.9507584638e-08
  23.9600000    5.4268301065e-08   -2.5173555583e-08   -2.0524095949e-07   -1.1879490702e-07    1.4125217922e-07    8.7440142834e-09
  24.0100000    2.9615484824e-07   -1.5894715849e-08   -1.3652085752e-07   -1.0959594009e-07    1.2581374979e-07   -3.7862840338e-08
  24.0600000    3.1263364023e-07    1.6039182969e-09   -2.4579497306e-08   -8.5891100718e-08    7.2018820426e-08   -6.7164253311e-08
  24.1100000    8.8911186460e-08    9.9991501813e-09    9.1488340844e-08   -5.4925048226e-08    1.2095383629e-09   -7.2055450140e-08
  24.1600000   -2.1857784157e-07    2.5692459915e-09    1.7488219477e-07   -3.0428095873e-08   -6.0944636526e-08   -5.3813605987e-08
  24.2100000   -3.9457128331e-07   -1.2639038493e-08    2.0467674085e-07   -2.2157493643e-08   -9.3022066763e-08   -2.1628810303e-08
  24.2600000   -3.2375048633e-07   -2.0243365172e-08    1.8022037833e-07   -2.8400335622e-08   -8.4963727767e-08    1.0652402043e-08
  24.3100000   -8.0382500627e-08   -1.0086337947e-08    1.1666294732e-07   -3.9590457611e-08   -4.1369395475e-08    2.9567010811e-08
  24.3600000    1.3176768380e-07    1.3893470959e-08    3.6257188341e-08   -4.8642736518e-08    2.0291861795e-08    2.7111255140e-08
  24.4100000    1.5334805491e-07    3.4990930382e-08   -3.9272127246e-08   -5.6183614174e-08    7.6121869969e-08    3.9285810224e-09
  24.4600000    7.3503893021e-09    3.5613773785e-08   -9.2715738728e-08   -6.5620913387e-08    1.0467595349e-07   -3.0752179711e-08
  24.5100000   -1.3368541339e-07    1.1905305797e-08   -1.1284156673e-07   -7.5417645253e-08    9.4979415164e-08   -6.2606211532e-08
  24.5600000   -1.2537296507e-07   -2.1025583127e-08   -9.6039102925e-08   -7.8721513455e-08    5.0537637937e-08   -7.7915411512e-08
  24.6100000    4.0417910594e-09   -3.9668197049e-08   -4.8911999068e-08   -7.0881605099e-08   -1.2282836475e-08   -6.9251811663e-08
  24.6600000    9.2220817960e-08   -3.1149644631e-08    1.0913105924e-08   -5.5862593062e-08   -7.0830466621e-08   -3.8760655681e-08
  24.7100000    2.1879550885e-08   -4.0570538089e-09    5.9427157074e-08   -4.4327639295e-08   -1.0496675126e-07    2.4603110354e-09
  24.7600000   -1.5153394885e-07    1.9551332559e-08    7.6296829429e-08   -4.5578366261e-08   -1.0447685099e-07    3.8789315837e-08
  24.8100000   -2.5716338358e-07    2.3844698343e-08    5.4946344508e-08   -6.0794523035e-08   -7.2202614703e-08    5.6568212291e-08
  24.8600000   -1.8481284593e-07    1.1776255186e-08    5.7997420358e-09   -8.1916943411e-08   -2.1954539050e-08    4.9937167440e-08
  24.9100000    6.5667455149e-09   -1.1200709695e-09   -4.9651820630e-08   -9.5574253736e-08    2.7515977159e-08    2.3497200659e-08
  24.9600000    1.5222023896e-07   -3.9728367681e-09   -8.9800635894e-08   -9.0243609743e-08    5.9732122451e-08   -9.4156871278e-09
  25.0100000    1.4001461913e-07   -2.5068122442e-10   -1.0208240295e-07   -6.4571236420e-08    6.6013437978e-08   -3.2204267038e-08
  25.0600000    3.3507284555e-09   -5.7519665524e-10   -8.6130286151e-08   -3.1769129981e-08    4.7519927643e-08   -3.1993833644e-08
  25.1100000   -1.2799275624e-07   -8.3124703795e-09   -5.1021034835e-08   -1.3651241995e-08    1.3675459529e-08   -5.2481986751e-09
  25.1600000   -1.5248611278e-07   -1.4981751944e-08   -9.2700239981e-09   -2.4941215895e-08   -2.1819008972e-08    4.0283963807e-08
  25.2100000   -7.4963940793e-08   -1.0500039419e-08    2.9135498008e-08   -5.9915712281e-08   -4.5633513594e-08    8.8081462340e-08
  25.2600000    1.8686480350e-08    3.9878199024e-09    5.9621130470e-08   -9.5197547123e-08   -4.8657639570e-08    1.1883266378e-07
  25.3100000    4.7704766955e-08    1.5782205907e-08    8.1383822488e-08   -1.0848564823e-07   -2.8294963018e-08    1.1759290825e-07
  25.3600000    9.6942720413e-10    1.3547277458e-08    9.3163548831e-08   -9.6431113564e-08    1.0923649976e-08    7.9472275634e-08
  25.4100000   -6.6793473532e-08   -6.3133941112e-10    9.0989144176e-08   -7.4791140813e-08    5.8260711938e-08    1.1861112325e-08
  25.4600000   -9.1128256525e-08   -1.3011124343e-08    7.0754865458e-08   -6.1756642465e-08    9.9085000206e-08   -6.7493632728e-08
  25.5100000   -5.3729501994e-08   -1.1665009605e-08    3.3248794401e-08   -6.1659041141e-08    1.1842501270e-07   -1.3583245643e-07
  25.5600000    6.4440858390e-09    2.3710326021e-09   -1.3745553393e-08   -6.3888767330e-08    1.0533608492e-07   -1.7238107354e-07
  25.6100000    3.2027661406e-08    1.6851908699e-08   -5.8540171133e-08   -5.5416941290e-08    5.7121180897e-08   -1.6483929742e-07
  25.6600000    3.7967184944e-10    1.9976925254e-08   -9.0491599561e-08   -3.3681237318e-08   -1.8041464369e-08   -1.1344911157e-07
  25.7100000   -5.6442884539e-08    1.0180201903e-08   -1.0235671348e-07   -9.6460997557e-09   -1.0153100501e-07   -3.1456490197e-08
  25.7600000   -8.3026085991e-08   -4.0188695160e-09   -9.0095661172e-08   -8.8078576477e-10   -1.6852560311e-07    5.8246587388e-08
  25.8100000   -5.3906523073e-08   -1.2106852741e-08   -5.3828145123e-08   -2.0169695268e-08   -1.9543977419e-07    1.2950666887e-07
  25.8600000    2.3101642943e-09   -9.7424666561e-09   -1.1293159121e-09   -6.5455278718e-08   -1.6842597391e-07    1.6066804131e-07
  25.9100000    3.1596461222e-08   -1.1086173166e-09    5.1603521861e-08   -1.1687979931e-07   -8.9836721654e-08    1.4152467440e-07
  25.9600000    7.6008030335e-09    5.0092483307e-09    8.4511582508e-08   -1.4571575478e-07    2.0288160482e-08    7.7265599062e-08
  26.0100000   -4.3333314784e-08    2.0854567135e-09    8.4747061232e-08   -1.3294428248e-07    1.2915772157e-07   -1.2156758543e-08
  26.0600000   -6.9267191302e-08   -8.8109480085e-09    5.4115469905e-08   -8.4694721500e-08    2.0163907456e-07   -9.7556047138e-08
  26.1100000   -4.3943395231e-08   -1.9005699860e-08    7.4180518578e-09   -2.9923234360e-08    2.1277937445e-07   -1.4965555243e-07
  26.1600000    8.4071040025e-09   -1.8503600306e-08   -3.6757384893e-08    6.4290964059e-10    1.5772763099e-07   -1.4910719845e-07
  26.2100000    3.7502686597e-08   -4.6465843509e-09   -6.4818940327e-08   -2.7446115449e-09    5.4815368485e-08   -9.3935840012e-08
  26.2600000    1.5143557623e-08    1.4180397543e-08   -7.0635545122e-08   -2.4556417030e-08   -6.0091542661e-08   -1.4313923068e-09
  26.3100000   -3.9322050570e-08    2.4333542300e-08   -5.3177159419e-08   -4.1398053129e-08   -1.4641326342e-07    9.6790688778e-08
  26.3600000   -7.8310677188e-08    1.8334372117e-08   -1.5025676489e-08   -4.3999344694e-08   -1.7415825800e-07    1.6539073402e-07
  26.4100000   -6.9480071481e-08    1.7805122362e-09    3.5705079244e-08   -4.3286215092e-08   -1.3562421933e-07    1.7808045759e-07
  26.4600000   -2.2576134060e-08   -1.1248928840e-08    8.3627731977e-08   -5.6325747206e-08   -4.8550980458e-08    1.2787468032e-07
  26.5100000    2.2616426230e-08   -1.0566094512e-08    1.0968086553e-07   -8.6874643142e-08    5.0859664711e-08    3.0667093850e-08
  26.5600000    3.2778638214e-08    1.4406902078e-09    1.0015864469e-07   -1.1898124176e-07    1.2241539834e-07   -7.9734961029e-08
  26.6100000    7.4551892189e-09    1.2803099862e-08    5.5009432083e-08   -1.2899383083e-07    1.3801409653e-07   -1.6371747819e-07
  26.6600000   -2.6310593986e-08    1.3281534061e-08   -1.1329676410e-08   -1.0498379513e-07    9.2692421810e-08   -1.9073946786e-07
  26.7100000   -4.1797839892e-08    2.9651174382e-09   -7.7367825367e-08   -5.7121041884e-08    6.1227520811e-09   -1.5121748786e-07
  26.7600000   -3.4656654648e-08   -9.2996469130e-09   -1.2452594428e-07   -1.0894827408e-08   -8.5879571015e-08   -6.0539441054e-08
  26.8100000   -2.0345721831e-08   -1.4718372957e-08   -1.4290844817e-07    1.0898035377e-08   -1.4606575159e-07    4.6692583652e-08
  26.8600000   -1.3970429209e-08   -1.1411235068e-08   -1.3093671457e-07    2.9739125113e-09   -1.5044239827e-07    1.3015760753e-07
  26.9100000   -1.5308192774e-08   -3.7059859434e-09   -9.2134058005e-08   -2.2061929656e-08   -9.7014548718e-08    1.5974588671e-07
  26.9600000   -1.3251202160e-08    3.3785324052e-09   -3.3224804695e-08   -4.6891626587e-08   -5.4732347391e-09    1.2744557446e-07
  27.0100000   -2.1379173240e-09    7.7632068145e-09    3.5492465214e-08   -6.3970215200e-08    9.1359315760e-08    5.0229319222e-08
  27.0600000    9.2638501445e-09    9.1845007318e-09    9.9774677372e-08   -7.8350403595e-08    1.6027609054e-07   -3.7343484970e-08
  27.1100000    6.1247393027e-09    6.6251417423e-09    1.4356241315e-07   -9.7047463298e-08    1.7935181583e-07   -9.7780119584e-08
  27.1600000   -1.5663849481e-08   -1.1551299084e-09    1.5375921743e-07   -1.1638022474e-07    1.4434180517e-07   -1.0642644853e-07
  27.2100000   -4.2004014013e-08   -1.2132503449e-08    1.2542311616e-07   -1.2116306611e-07    6.8245767584e-08   -6.1691908877e-08
  27.2600000   -5.0816595226e-08   -1.9406642165e-08    6.4569241334e-08   -9.8075477118e-08   -2.4718304865e-08    1.4607919043e-08
  27.3100000   -3.1282986267e-08   -1.5177085010e-08   -1.2853259392e-08   -5.0842550111e-08   -1.0769177769e-07    8.6909440670e-08
  27.3600000    5.0831196082e-09    2.0301788612e-09   -8.5211039939e-08   -1.8297429281e-09   -1.5903804392e-07    1.2138845619e-07
  27.4100000    3.1712642323e-08    2.3672396328e-08   -1.3095886563e-07    2.3063952921e-08   -1.6729660766e-07    1.0061119970e-07
  27.4600000    2.7362682975e-08    3.5591927421e-08   -1.3459399700e-07    1.3493879817e-08   -1.3261924850e-07    3.1073573252e-08
  27.5100000   -6.4477527646e-09    2.7962922133e-08   -9.2055561090e-08   -1.8876462269e-08   -6.5342492847e-08   -5.9545889382e-08
  27.5600000   -4.5057922124e-08    3.0323174351e-09   -1.4155163607e-08   -5.1481655443e-08    1.7157333356e-08   -1.3414622649e-07
  27.6100000   -5.8593462771e-08   -2.5536041444e-08    7.4540071598e-08   -6.8732291314e-08    9.4384134222e-08   -1.6185589922e-07
  27.6600000   -3.5192797978e-08   -4.1211613642e-08    1.4291159344e-07   -7.0978159269e-08    1.4692891454e-07   -1.3087013231e-07
  27.7100000    8.5063279628e-09   -3.4753055172e-08    1.6430616102e-07   -6.8477482863e-08    1.6069749046e-07   -5.3097444964e-08
  27.7600000    3.8910250734e-08   -9.3158841647e-09    1.2614569309e-07   -6.8351846169e-08    1.3067753682e-07    4.1151442464e-08
  27.8100000    3.1358822755e-08    2.1808717382e-08    3.4370358671e-08   -6.7820924686e-08    6.3294688500e-08    1.1592685986e-07
  27.8600000   -9.6349662175e-09    4.2391861297e-08   -8.7150610621e-08   -5.9604127123e-08   -2.3857719990e-08    1.4428084395e-07
  27.9100000   -5.2668008470e-08    4.1165043348e-08   -2.0105371666e-07   -4.3077982526e-08   -1.0576250479e-07    1.1863030937e-07
  27.9600000   -6.3603226563e-08    1.7201323544e-08   -2.6587891433e-07   -2.9131624237e-08   -1.5693264546e-07    5.2755429696e-08
  28.0100000   -3.2738287321e-08   -1.8860544688e-08   -2.5123921263e-07   -3.2599942941e-08   -1.5981723300e-07   -2.4942305763e-08
  28.0600000    1.7127687434e-08   -4.8548369683e-08   -1.5336204540e-07   -5.8189174147e-08   -1.1173272311e-07   -8.3620269664e-08
  28.1100000    4.8530681141e-08   -5.3997684333e-08   -2.4345845463e-10   -9.2996803383e-08   -2.7284512497e-08   -1.0225363152e-07
  28.1600000    3.8567294207e-08   -2.8318239376e-08    1.5947991484e-07   -1.1399101126e-07    6.5459192996e-08   -7.6970496422e-08
  28.2100000   -4.1281956490e-09    1.7877232199e-08    2.7699665251e-07   -1.0549285833e-07    1.3439369910e-07   -2.0919439267e-08
  28.2600000   -4.7579989312e-08    5.9587721893e-08    3.1932987483e-07   -7.1655055532e-08    1.5522745344e-07    4.2533397728e-08
  28.3100000   -6.1847519377e-08    7.0878189882e-08    2.7446642938e-07   -3.2399643659e-08    1.2110326898e-07    8.9785047604e-08
  28.3600000   -4.0499989891e-08    4.1561502922e-08    1.5114943936e-07   -6.3793984091e-09    4.5790866091e-08    1.0573721129e-07
  28.4100000   -2.1785640906e-09   -1.4222879871e-08   -2.0212975261e-08    2.8403919839e-09   -4.1327745607e-08    8.7966262924e-08
  28.4600000    2.6310859620e-08   -6.4799854634e-08   -1.8938051169e-07    4.3293436655e-09   -1.0679135589e-07    4.5388874199e-08
  28.5100000    2.9777853362e-08   -7.9965053226e-08   -2.9985860790e-07    4.8543682026e-09   -1.2645520106e-07   -7.0267818489e-09
  28.5600000    1.2093353395e-08   -5.0017825523e-08   -3.1293615009e-07   -1.4257299786e-09   -9.5074059579e-08   -5.4534936582e-08
  28.6100000   -1.1379495288e-08    7.8596283966e-09   -2.2667122638e-07   -2.6472943091e-08   -2.7934130540e-08   -8.7067889814e-08
  28.6600000   -2.6821428309e-08    6.0054406451e-08   -7.5172929744e-08   -7.1615541637e-08    4.6123947251e-08   -1.0052133652e-07
  28.7100000   -2.9287082742e-08    7.6879987795e-08    8.9701838331e-08   -1.1923310942e-07    9.7114795669e-08   -9.5355649163e-08
  28.7600000   -2.1319009525e-08    4.9976273071e-08    2.1874906261e-07   -1.4343034879e-07    1.0620776093e-07   -7.4233928904e-08
  28.8100000   -8.1395121700e-09   -3.5375505246e-09    2.7684471521e-07   -1.3029122721e-07    7.2602593819e-08   -4.0479752439e-08
  28.8600000    4.7748771124e-09   -5.1931056660e-08    2.4787433180e-07   -8.8287594019e-08    1.2347783706e-08    1.8541117229e-09
  28.9100000    1.1694129797e-08   -6.7722571345e-08    1.3964713801e-07   -3.9863524972e-08   -4.9752456935e-08    4.6873651810e-08
  28.9600000    8.1134896641e-09   -4.3323478003e-08   -1.3500934840e-08   -4.0106539745e-09   -9.0979499074e-08    8.6136145547e-08
  29.0100000   -5.1519828924e-09    5.4094511317e-09   -1.5907695117e-07    1.3475106918e-08   -9.9282161446e-08    1.0966976402e-07
  29.0600000   -1.9681056426e-08    4.9318867333e-08   -2.4703592148e-07    1.6031602138e-08   -7.6177368248e-08    1.0898571191e-07
  29.1100000   -2.3919113421e-08    6.3352604448e-08   -2.5104462310e-07    7.1896274017e-09   -3.3586760126e-08    8.0976747227e-08
  29.1600000   -1.2760101028e-08    4.0715410084e-08   -1.7679126772e-07   -1.2530919739e-08    1.2913902325e-08    3.0722165096e-08
  29.2100000    6.3072836401e-09   -4.3447767949e-09   -5.4876113622e-08   -4.1151918018e-08    5.0679044638e-08   -2.8606529670e-08
  29.2600000    1.7765672862e-08   -4.5935587720e-08    7.3333569563e-08   -7.0913172440e-08    7.3422477601e-08   -7.9335690468e-08
  29.3100000    1.0965009006e-08   -6.1623011059e-08    1.6866257532e-07   -9.0706198795e-08    8.0666068283e-08   -1.0530371068e-07
  29.3600000   -9.8574294403e-09   -4.4152286242e-08    2.0428634647e-07   -9.3471187854e-08    7.4638509583e-08   -9.7941079150e-08
  29.4100000   -2.8197020082e-08   -3.8935217029e-09    1.7373277808e-07   -8.1261753218e-08    5.7190629029e-08   -5.9821359014e-08
  29.4600000   -2.9072722714e-08    3.7858776264e-08    9.3769953398e-08   -6.3284334023e-08    2.8827184643e-08   -4.0557964491e-09
  29.5100000   -1.1981915352e-08    6.0013096603e-08   -2.1525508042e-09   -4.8978358895e-08   -9.6829482126e-09    5.0355260393e-08
  29.5600000    8.5960052847e-09    5.1567299682e-08   -7.8711991403e-08   -4.2111019500e-08   -5.4442966716e-08    8.5390185066e-08
  29.6100000    1.5622377333e-08    1.6415618662e-08   -1.1368386673e-07   -4.0110425929e-08   -9.6555392430e-08    9.0361708104e-08
  29.6600000    3.8412021872e-09   -2.8303360175e-08   -1.0469152209e-07   -3.8062254056e-08   -1.2306627966e-07    6.5310883127e-08
  29.7100000   -1.6309958905e-08   -5.9740307823e-08   -6.5799592474e-08   -3.3317693023e-08   -1.2105869205e-07    2.0290195389e-08
  29.7600000   -2.8015009195e-08   -6.0326507724e-08   -1.8390843390e-08   -2.6978893768e-08   -8.3456721336e-08   -2.8907364955e-08
  29.8100000   -2.2044091178e-08   -2.7713423140e-08    1.7975463712e-08   -2.1884581041e-08   -1.3949413132e-08   -6.6660803258e-08
  29.8600000   -3.5794649533e-09    2.1980139189e-08    3.1644196674e-08   -1.9943659133e-08    7.1526420398e-08   -8.2701691204e-08
  29.9100000    1.2979760232e-08    6.1272463221e-08    2.1378858964e-08   -2.1704064283e-08    1.4808569569e-07   -7.4736370213e-08
  29.9600000    1.5939098192e-08    6.6740005967e-08   -4.3646217671e-09   -2.7910555371e-08    1.8941103723e-07   -4.7907209354e-08
  30.0100000    4.9350404768e-09    3.4232507563e-08   -3.1085040070e-08   -4.0039374906e-08    1.7709653083e-07   -1.1804891483e-08
  30.0600000   -9.9716005106e-09   -1.6699638747e-08   -4.4120338530e-08   -5.7909158016e-08    1.0842222402e-07    2.3412282470e-08
  30.1100000   -1.6885396366e-08   -5.4077884340e-08   -3.5064815885e-08   -7.6595608163e-08   -6.0161881778e-10    5.0157163167e-08
  30.1600000   -1.1000623422e-08   -5.4506116894e-08   -5.9261284349e-09   -8.7101211053e-08   -1.1861467007e-07    6.4792778751e-08
  30.2100000    2.6834029670e-09   -1.9674798894e-08    3.1649084584e-08   -8.2127791143e-08   -2.0816694192e-07    6.7183616236e-08
  30.2600000    1.3965188957e-08    2.4229081219e-08    6.2356150052e-08   -6.2524397468e-08   -2.3807643032e-07    5.9168711067e-08
  30.3100000    1.5122340264e-08    4.4964381913e-08    7.5024769733e-08   -3.7982462102e-08   -1.9469762224e-07    4.3037526807e-08
  30.3600000    5.9058601673e-09    2.7661907650e-08    6.7131564841e-08   -2.0338198700e-08   -8.7947047077e-08    2.0841686281e-08
  30.4100000   -7.2448221806e-09   -1.4156452164e-08    4.3527620428e-08   -1.5066151552e-08    5.0485696221e-08   -5.2685032351e-09
  30.4600000   -1.6469834667e-08   -4.8484833341e-08    1.1757353157e-08   -1.8687628489e-08    1.7665299522e-07   -3.2175117160e-08
  30.5100000   -1.7994462228e-08   -4.8426561127e-08   -2.1379572325e-08   -2.4222392526e-08    2.4869329984e-07   -5.5247638320e-08
  30.5600000   -1.3916176407e-08   -1.1918046139e-08   -5.0036260043e-08   -2.8864290952e-08    2.4119975881e-07   -6.8837515583e-08
  30.6100000   -9.3829066164e-09    3.6827072425e-08   -6.8634296396e-08   -3.5865606875e-08    1.5456338871e-07   -6.7950290455e-08
  30.6600000   -7.8306724456e-09    6.4733134532e-08   -7.3341254421e-08   -4.8653079104e-08    1.5813911901e-08   -5.0510468642e-08
  30.7100000   -8.3306807378e-09    5.3094103587e-08   -6.4997306557e-08   -6.3538053853e-08   -1.2965229156e-07   -1.9140505075e-08
  30.7600000   -7.1716465477e-09    1.0128199766e-08   -4.9383430707e-08   -6.9461849132e-08   -2.3291492654e-07    1.8606633532e-08
  30.8100000   -2.0673563611e-09   -3.5313918695e-08   -3.2579008453e-08   -5.6545422373e-08   -2.5806786476e-07    5.2048778505e-08
  30.8600000    4.9843756569e-09   -5.3794214198e-08   -1.4952733464e-08   -2.6182981737e-08   -1.9486940503e-07    7.0796701691e-08
  30.9100000    8.9674090500e-09   -3.5087589938e-08    9.5905633517e-09    6.9291009468e-09   -6.3081876199e-08    6.8565836770e-08
  30.9600000    6.2299674386e-09    5.4887008417e-09    4.6596935180e-08    2.3552083684e-08    9.3266247750e-08    4.5812239689e-08
  31.0100000   -1.9414255905e-09    3.8184089138e-08    9.1676756952e-08    1.2659210016e-08    2.2015088103e-07    9.9801031278e-09
  31.0600000   -9.8129516009e-09    3.9702436649e-08    1.2764323816e-07   -2.1757640651e-08    2.7188297565e-07   -2.6922573982e-08
  31.1100000   -1.1421206953e-08    9.5448350453e-09    1.3210995663e-07   -6.4152816428e-08    2.2743182792e-07   -5.2586019382e-08
  31.1600000   -5.0437811295e-09   -2.9710176426e-08    9.0705749710e-08   -9.7138291987e-08    9.8997036608e-08   -5.8855080066e-08
  31.2100000    5.5028987964e-09   -4.8722229715e-08    6.8621228617e-09   -1.0992721171e-07   -7.0634755848e-08   -4.4613125144e-08
  31.2600000    1.3373792632e-08   -3.2834213001e-08   -9.7353921762e-08   -1.0104612296e-07   -2.2175917478e-07   -1.5960432598e-08
  31.3100000    1.2920346888e-08    7.0332646180e-09   -1.8834855820e-07   -7.5990566714e-08   -2.9834492989e-07    1.6325984122e-08
  31.3600000    2.9734002359e-09    4.2314405799e-08   -2.3184830226e-07   -4.3065901777e-08   -2.6861583465e-07    4.0954738319e-08
  31.4100000   -1.2256659221e-08    4.7821625673e-08   -2.0439273570e-07   -1.0119451269e-08   -1.3810970372e-07    5.0196521492e-08
  31.4600000   -2.4827601657e-08    2.0176291460e-08   -1.0362324123e-07    1.6655936364e-08    5.0161713201e-08    4.2304576217e-08
  31.5100000   -2.6816591455e-08   -2.0041201918e-08    4.5947260869e-08    3.2036383677e-08    2.2945778551e-07    2.1499661157e-08
  31.5600000   -1.5038394743e-08   -4.3707109307e-08    1.9666179809e-07    3.0822394666e-08    3.3279456572e-07   -4.2063402642e-09
  31.6100000    5.6644334034e-09   -3.4364521073e-08    2.9326889950e-07    9.0580394638e-09    3.1796501391e-07   -2.6241544417e-08
  31.6600000    2.3524103598e-08    3.4994946109e-10    2.9544731415e-07   -3.1777352009e-08    1.8467908329e-07   -3.8387378953e-08
  31.7100000    2.6347539694e-08    3.4877139115e-08    1.9633274523e-07   -8.0625423893e-08   -2.3218980970e-08   -3.8353631513e-08
  31.7600000    1.0217693570e-08    4.4404125701e-08    2.6899823946e-08   -1.1806011335e-07   -2.3217982009e-07   -2.7721713975e-08
  31.8100000   -1.5937036185e-08    2.2396320022e-08   -1.5608318616e-07   -1.2514592200e-07   -3.6537442183e-07   -1.0674727599e-08
  31.8600000   -3.4659516299e-08   -1.5232010940e-08   -2.9189760843e-07   -9.5334864246e-08   -3.7151844180e-07    7.6982162014e-09
  31.9100000   -3.1615907344e-08   -4.1835637984e-08   -3.3719595828e-07   -4.0452653839e-08   -2.4506480315e-07    2.2816935909e-08
  31.9600000   -6.6359675474e-09   -3.9116921303e-08   -2.7909703830e-07    1.4899324803e-08   -2.9606423071e-08    3.1425822586e-08
  32.0100000    2.4604508365e-08   -1.0027408428e-08   -1.3743390709e-07    4.7412596391e-08    1.9741391831e-07    3.1904171431e-08
  32.0600000    4.0642823351e-08    2.3693846222e-08    4.2843447116e-08    4.7819061320e-08    3.5331233749e-07    2.4352717779e-08
  32.1100000    2.9397560057e-08    3.7635678043e-08    2.0642281112e-07    2.3726600116e-08    3.8131579142e-07    1.0631917278e-08
  32.1600000   -2.6726535153e-09    2.2772498304e-08    3.0536293428e-07   -8.3073770458e-09    2.7220990962e-07   -5.7396268437e-09
  32.2100000   -3.4558498848e-08   -8.0023358762e-09    3.1397476001e-07   -3.4638391787e-08    6.7939053903e-08   -2.0104452823e-08
  32.2600000   -4.5275003170e-08   -2.9992027863e-08    2.3520396281e-07   -5.1631266872e-08   -1.5440200883e-07   -2.7801575490e-08
  32.3100000   -2.8462569818e-08   -2.5904439214e-08    9.6444950462e-08   -6.3839351308e-08   -3.1203895287e-07   -2.5766725624e-08
  32.3600000    3.6029789378e-09    7.0967451583e-10   -6.2006359815e-08   -7.6135629632e-08   -3.4798529970e-07   -1.4023863842e-08
  32.4100000    2.9250709201e-08    2.8422548040e-08   -1.9960157912e-07   -8.7008433655e-08   -2.5227507798e-07    3.7150705397e-09
  32.4600000    3.2756975408e-08    3.5038684687e-08   -2.8445798680e-07   -8.8885918269e-08   -6.4838636303e-08    2.0916245104e-08
  32.5100000    1.4507788766e-08    1.5221547096e-08   -2.9783151699e-07   -7.5274967274e-08    1.4079838559e-07    3.0521788762e-08
  32.5600000   -1.0841048486e-08   -1.5463241257e-08   -2.3626479856e-07   -4.8317491380e-08    2.8629154869e-07    2.7900285720e-08
  32.6100000   -2.5815961705e-08   -3.3208136304e-08   -1.1290057484e-07   -1.9407857500e-08    3.1831187464e-07    1.3178951033e-08
  32.6600000   -2.2136712612e-08   -2.4960938446e-08    4.3116585430e-08   -1.3012673983e-09    2.2793045078e-07   -8.2407908282e-09
  32.7100000   -4.8970958057e-09    1.5463879557e-09    1.9148088070e-07    1.8921153288e-09    5.2480449402e-08   -2.7490283203e-08
  32.7600000    1.2805870306e-08    2.4521518353e-08    2.9050900286e-07   -2.3150632011e-09   -1.4014094234e-07   -3.5823847434e-08
  32.8100000    1.9603398959e-08    2.5774618345e-08    3.0950092119e-07   -2.1839212111e-09   -2.7801841048e-07   -2.8536089436e-08
  32.8600000    1.2714221092e-08    4.9784132284e-09    2.3937392038e-07    6.7201712903e-09   -3.1207104831e-07   -7.4323817973e-09
  32.9100000   -1.9018735622e-09   -2.0631835639e-08    9.7573434867e-08    1.6456386559e-08   -2.3310058144e-07    1.9419204969e-08
  32.9600000   -1.4690599856e-08   -3.0390790188e-08   -7.5013464014e-08    1.3191765817e-08   -7.3199292804e-08    4.0771822512e-08
  33.0100000   -1.8583556398e-08   -1.6608080953e-08   -2.2533506115e-07   -1.0244654748e-08    1.0808328860e-07    4.6930217834e-08
  33.0600000   -1.2338495457e-08    9.6801671035e-09   -3.0536637010e-07   -4.6947158142e-08    2.4673554596e-07    3.4094763025e-08
  33.1100000   -1.5736432294e-10    2.7808363263e-08   -2.8988426593e-07   -8.0239676287e-08    2.9735747681e-07    6.3400400686e-09
  33.1600000    1.1177417467e-08    2.3962548238e-08   -1.8726395094e-07   -9.5668281674e-08    2.4785073500e-07   -2.5771294621e-08
  33.2100000    1.5782474587e-08    2.0350448010e-09   -3.7015163152e-08   -9.0063029120e-08    1.2101186480e-07   -4.9448443365e-08
  33.2600000    1.1354982377e-08   -1.9561425819e-08    1.0634250463e-07   -7.0476118914e-08   -3.6448681421e-08   -5.4995707767e-08
  33.3100000    2.1700399917e-10   -2.2552336362e-08    1.9585690172e-07   -4.5572145225e-08   -1.7230557083e-07   -3.9868659762e-08
  33.3600000   -1.1704808022e-08   -3.4568049262e-09    2.0998332554e-07   -1.8673165045e-08   -2.4716623225e-07   -9.6799652493e-09
  33.4100000   -1.7782608009e-08    2.3287843659e-08    1.5742535958e-07    1.0927361295e-08   -2.4602829529e-07    2.4252668300e-08
  33.4600000   -1.4312656532e-08    3.6371016266e-08    6.8540733708e-08    4.0631488779e-08   -1.7958572232e-07    4.9661586210e-08
  33.5100000   -2.9021803440e-09    2.4357139124e-08   -2.0120421433e-08    5.9783882191e-08   -7.6177467359e-08    5.8225838389e-08
  33.5600000    1.0072344312e-08   -5.0467010216e-09   -7.9885454543e-08    5.3857183581e-08    3.1128817478e-08    4.8471900494e-08
  33.6100000    1.7017129253e-08   -3.0783525082e-08   -9.7726813625e-08    1.5355778383e-08    1.1641972135e-07    2.5566837214e-08
  33.6600000    1.3707419369e-08   -3.4994142803e-08   -7.7308698366e-08   -4.7535657402e-08    1.6713372248e-07   -1.6041731929e-09
  33.7100000    1.9805754761e-09   -1.7150790737e-08   -3.5121651960e-08   -1.1223881786e-07    1.8310590597e-07   -2.4455695524e-08
  33.7600000   -1.1314271846e-08    5.8386667432e-09    6.6136528387e-09   -1.5271618904e-07    1.7055268952e-07   -3.7841200009e-08
  33.8100000   -1.8470094569e-08    1.3944278440e-08    2.8838902410e-08   -1.5241197931e-07    1.3532594492e-07   -4.0996032739e-08
  33.8600000   -1.5468969446e-08    1.1030634528e-09    2.3851383044e-08   -1.1096719426e-07    7.9633068811e-08   -3.6241336818e-08
  33.9100000   -4.1021706647e-09   -1.9291709103e-08   -9.5683203451e-10   -4.2204654801e-08    4.0420579978e-09   -2.6593214874e-08
  33.9600000    9.3506580128e-09   -2.5541261173e-08   -2.6728600580e-08    3.2935285773e-08   -8.6772389830e-08   -1.3882553147e-08
  34.0100000    1.7712710921e-08   -6.4901072191e-09   -3.3400770148e-08    9.3352607882e-08   -1.7864278143e-07    1.4968633812e-09
  34.0600000    1.6591080578e-08    2.7725976206e-08   -1.1476439483e-08    1.2248734561e-07   -2.4730163888e-07    1.9221628305e-08
  34.1100000    6.4274430795e-09    5.2461196038e-08    3.1528940390e-08    1.1168811745e-07   -2.6473233220e-07    3.7161123134e-08
  34.1600000   -7.7320152614e-09    4.7785706219e-08    7.4136315455e-08    6.3001230420e-08   -2.1087826818e-07    5.0514115190e-08
  34.2100000   -1.8541085866e-08    1.4598811256e-08    9.2037305178e-08   -1.0138056806e-08   -8.5691015501e-08    5.2954967392e-08
  34.2200000   -1.9701281613e-08    6.2260005287e-09    9.1114291895e-08   -2.5890893544e-08   -5.3939195840e-08    5.1637095129e-08
  34.2300000   -2.0437296585e-08   -2.2023730587e-09    8.8544494096e-08   -4.1584471111e-08   -2.0638635278e-08    4.9648893406e-08
  34.2400000   -2.0726623857e-08   -1.0449423258e-08    8.4327956070e-08   -5.7032464724e-08    1.3840908921e-08    4.6977502513e-08
  34.2500000   -2.0556365055e-08   -1.8285463505e-08    7.8497155020e-08   -7.2053583420e-08    4.9099407009e-08    4.3619919775e-08
  34.2600000   -1.9923741517e-08   -2.5495298793e-08    7.1116440151e-08   -8.6474277935e-08    8.4711507287e-08    3.9583697447e-08
  34.2700000   -1.8836383646e-08   -3.1885030811e-08    6.2280850369e-08   -1.0013124043e-07    1.2023209357e-07    3.4887465023e-08
  34.2800000   -1.7312415140e-08   -3.7288003606e-08    5.2114370157e-08   -1.1287369008e-07    1.5520232455e-07    2.9561221123e-08
  34.2900000   -1.5380281885e-08   -4.1569903026e-08    4.0767620972e-08   -1.2456518963e-07    1.8915608446e-07    2.3646468536e-08
  34.3000000   -1.3078355152e-08   -4.4632634547e-08    2.8414901327e-08   -1.3508527737e-07    2.2162678611e-07    1.7196088573e-08
  34.3100000   -1.0454245787e-08   -4.6416996422e-08    1.5250976195e-08   -1.4433055773e-07    2.5215432203e-07    1.0274023402e-08
  34.3200000   -7.5638701464e-09   -4.6904058411e-08    1.4873125191e-09   -1.5221549565e-07    2.8029215798e-07    2.9547128408e-09
  34.3300000   -4.4703702233e-09   -4.6115121184e-08   -1.2651892886e-08   -1.5867275186e-07    3.0561438167e-07   -4.6776833888e-09
  34.3400000   -1.2426711360e-09   -4.4110347612e-08   -2.6933854569e-08   -1.6365316407e-07    3.2772262403e-07   -1.2530261071e-08
  34.3500000    2.0460431898e-09   -4.0986191934e-08   -4.1121604322e-08   -1.6712539712e-07    3.4625268400e-07   -2.0502571405e-08
  34.3600000    5.3199017331e-09   -3.6871561437e-08   -5.4978255015e-08   -1.6907518777e-07    3.6088081868e-07   -2.8487983817e-08
  34.3700000    8.5022806818e-09   -3.1922974619e-08   -6.8271473455e-08   -1.6950444112e-07    3.7132952178e-07   -3.6375214123e-08
  34.3800000    1.1517585972e-08   -2.6318908743e-08   -8.0777550319e-08   -1.6843013315e-07    3.7737271275e-07   -4.4050004363e-08
  34.3900000    1.4293091822e-08   -2.0253492509e-08   -9.2285512611e-08   -1.6588290643e-07    3.7884021590e-07   -5.1396888207e-08
  34.4000000    1.6760846521e-08   -1.3929729540e-08   -1.0260086607e-07   -1.6190585345e-07    3.7562149873e-07   -5.8301050324e-08
  34.4100000    1.8859357454e-08   -7.5525985755e-09   -1.1154903030e-07   -1.5655305187e-07    3.6766852612e-07   -6.4650220309e-08
  34.4200000    2.0535261052e-08   -1.3222206466e-09   -1.1897839001e-07   -1.4988829941e-07    3.5499772291e-07   -7.0336595246e-08
  34.4300000    2.1744659262e-08    4.5727167612e-09   -1.2476287080e-07   -1.4198383109e-07    3.3769096407e-07   -7.5258718519e-08
  34.4400000    2.2454490817e-08    9.9610350226e-09   -1.2880419491e-07   -1.3291926400e-07    3.1589557313e-07   -7.9323317119e-08
  34.4500000    2.2643311020e-08    1.4694364319e-08   -1.3103345850e-07   -1.2278065139e-07    2.8982336479e-07   -8.2447030258e-08
  34.4600000    2.2302166223e-08    1.8651554330e-08   -1.3141228842e-07   -1.1165969896e-07    2.5974859656e-07   -8.4558020050e-08
  34.4700000    2.1434757537e-08    2.1742157080e-08   -1.2993345691e-07   -9.9653234610e-08    2.2600503897e-07   -8.5597447282e-08
  34.4800000    2.0057674225e-08    2.3908646425e-08   -1.2662087028e-07   -8.6862733635e-08    1.8898201819e-07   -8.5520712666e-08
  34.4900000    1.8200047833e-08    2.5127524970e-08   -1.2152915195e-07   -7.3394104563e-08    1.4911962791e-07   -8.4298549067e-08
  34.5000000    1.5902952675e-08    2.5409171343e-08   -1.1474256176e-07   -5.9357553371e-08    1.0690304806e-07   -8.1917825792e-08
  34.5100000    1.3218575942e-08    2.4796562684e-08   -1.0637354185e-07   -4.4867519596e-08    6.2856187825e-08   -7.8382123084e-08
  34.5200000    1.0208990379e-08    2.3362797268e-08   -9.6560602322e-08   -3.0042608091e-08    1.7534605590e-08   -7.3712091772e-08
  34.5300000    6.9447919776e-09    2.1207650964e-08   -8.5466011032e-08   -1.5005663555e-08   -2.8482084841e-08   -6.7945441303e-08
  34.5400000    3.5034249401e-09    1.8453280853e-08   -7.3272855683e-08    1.1646255751e-10   -7.4598215920e-08   -6.1136748480e-08
  34.5500000   -3.2624116444e-11    1.5239054511e-08   -6.0181834927e-08    1.5192976056e-08   -1.2021046377e-07   -5.3356931385e-08
  34.5600000   -3.5778016643e-09    1.1716099864e-08   -4.6407887778e-08    3.0089636215e-08   -1.6471635877e-07   -4.4692483835e-08
  34.5700000   -7.0454789426e-09    8.0413620978e-09   -3.2176397772e-08    4.4669198963e-08   -2.0752287536e-07   -3.5244435330e-08
  34.5800000   -1.0350062828e-08    4.3716018486e-09   -1.7719299485e-08    5.8792182253e-08   -2.4805497569e-07   -2.5127087181e-08
  34.5900000   -1.3409108404e-08    8.5752970268e-10   -3.2711628417e-09    7.2317936810e-08   -2.8576386672e-07   -1.4466494548e-08
  34.6000000   -1.6145194653e-08   -2.3617144831e-09    1.0934842466e-08    8.5105762955e-08   -3.2013503505e-07   -3.3987846822e-09
  34.6100000   -1.8487962924e-08   -5.1635959022e-09    2.4670819205e-08    9.7016446043e-08   -3.5069572527e-07    7.9317539234e-09
  34.6200000   -2.0375864018e-08   -7.4464886247e-09    3.7718115188e-08    1.0791389727e-07   -3.7702189782e-07    1.9374653184e-08
  34.6300000   -2.1757628499e-08   -9.1331366683e-09    4.9870886581e-08    1.1766696423e-07   -3.9874446945e-07    3.0775430377e-08
  34.6400000   -2.2593702316e-08   -1.0173165452e-08    6.0939516064e-08    1.2615145012e-07   -4.1555482584e-07    4.1977789603e-08
  34.6500000   -2.2857299725e-08   -1.0544479540e-08    7.0753681094e-08    1.3325214118e-07   -4.2720940809e-07    5.2825890840e-08
  34.6600000   -2.2535256300e-08   -1.0253643439e-08    7.9165180676e-08    1.3886493920e-07   -4.3353340857e-07    6.3166612275e-08
  34.6700000   -2.1628531978e-08   -9.3351172174e-09    8.6050206425e-08    1.4289892124e-07   -4.3442347913e-07    7.2851823814e-08
  34.6800000   -2.0152404119e-08   -7.8494675528e-09    9.1311236089e-08    1.4527832044e-07   -4.2984937361e-07    8.1740530698e-08
  34.6900000   -1.8136393358e-08   -5.8805181563e-09    9.4878474261e-08    1.4594438015e-07   -4.1985458272e-07    8.9701009441e-08
  34.7000000   -1.5623792733e-08   -3.5317628689e-09    9.6710808990e-08    1.4485694203e-07   -4.0455586492e-07    9.6612746306e-08
  34.7100000   -1.2670883785e-08   -9.2191840974e-10    9.6796203910e-08    1.4199588607e-07   -3.8414173087e-07    1.0236826909e-07
  34.7200000   -9.3459260364e-09    1.8199645413e-09    9.5151644262e-08    1.3736211054e-07   -3.5886992834e-07    1.0687477104e-07
  34.7300000   -5.7277487724e-09    4.5599289322e-09    9.1822635353e-08    1.3097829998e-07   -3.2906389811e-07    1.1005553363e-07
  34.7400000   -1.9041156962e-09    7.1644853556e-09    8.6882084748e-08    1.2288928095e-07   -2.9510830586e-07    1.1185114590e-07
  34.7500000    2.0301795733e-09    9.5060891457e-09    8.0428966096e-08    1.1316192796e-07   -2.5744369609e-07    1.1222045346e-07
  34.7600000    5.9754734263e-09    1.1468318476e-08    7.2586292112e-08    1.0188477643e-07   -2.1656037884e-07    1.1114125688e-07
  34.7700000    9.8294301965e-09    1.2950667443e-08    6.3498984100e-08    8.9167182917e-08   -1.7299161133e-07    1.0861076735e-07
  34.7800000    1.3489592079e-08    1.3872534714e-08    5.3331245406e-08    7.5138140060e-08   -1.2730617479e-07    1.0464577420e-07
  34.7900000    1.6855854438e-08    1.4176630760e-08    4.2263744358e-08    5.9944705406e-08   -8.0100497699e-08    9.9282539455e-08
  34.8000000    1.9833066470e-08    1.3831333593e-08    3.0490487094e-08    4.3750151407e-08   -3.1990369868e-08    9.2576443686e-08
  34.8100000    2.2333561451e-08    1.2832095188e-08    1.8215626385e-08    2.6731827315e-08    1.6397546508e-08    8.4601349184e-08
  34.8200000    2.4279607672e-08    1.1201755022e-08    5.6500424705e-09    9.0788050439e-09    6.4434331963e-08    7.5448736998e-08
  34.8300000    2.5605731338e-08    8.9897369287e-09   -6.9920706018e-09   -9.0106999395e-09    1.1149743345e-07    6.5226583564e-08
  34.8400000    2.6260797528e-08    6.2702795774e-09   -1.9496659911e-08   -2.7332039051e-08    1.5697915013e-07    5.4058040730e-08
  34.8500000    2.6209910658e-08    3.1396217965e-09   -3.1653209483e-08   -4.5676846767e-08    2.0029489090e-07    4.2079884720e-08
  34.8600000    2.5435799201e-08   -2.8776724939e-10   -4.3258121700e-08   -6.3835982375e-08    2.4089102108e-07    2.9440802409e-08
  34.8700000    2.3940001900e-08   -3.8835114873e-09   -5.4117889656e-08   -8.1602177753e-08    2.7825226983e-07    1.6299529200e-08
  34.8800000    2.1743395052e-08   -7.5104726598e-09   -6.4052099262e-08   -9.8772905100e-08    3.1190854720e-07    2.8228256522e-09
  34.8900000    1.8886490754e-08   -1.1028096274e-08   -7.2896312317e-08   -1.1515299978e-07    3.4144108889e-07   -1.0816605391e-08
  34.9000000    1.5428912005e-08   -1.4297938581e-08   -8.0504645047e-08   -1.3055713033e-07    3.6648788396e-07   -2.4442353947e-08
  34.9100000    1.1448569327e-08   -1.7189348337e-08   -8.6751993422e-08   -1.4481225796e-07    3.8674818600e-07   -3.7876507432e-08
  34.9200000    7.0402455623e-09   -1.9584618004e-08   -9.1536100322e-08   -1.5775971262e-07    4.0198628591e-07   -5.0941930749e-08
  34.9300000    2.3134237158e-09   -2.1383889061e-08   -9.4779132891e-08   -1.6925718721e-07    4.1203424480e-07   -6.3464539882e-08
  34.9400000   -2.6100310596e-09   -2.2509277071e-08   -9.6429001552e-08   -1.7918044413e-07    4.1679370270e-07   -7.5275538290e-08
  34.9500000   -7.5989566075e-09   -2.2908205202e-08   -9.6460213550e-08   -1.8742477487e-07    4.1623678561e-07   -8.6213570373e-08
  34.9600000   -1.2516172626e-08   -2.2555734552e-08   -9.4874338563e-08   -1.9390617345e-07    4.1040592914e-07   -9.6126847152e-08
  34.9700000   -1.7222229598e-08   -2.1455929324e-08   -9.1700064641e-08   -1.9856229024e-07    3.9941280841e-07   -1.0487511785e-07
  34.9800000   -2.1579306018e-08   -1.9641963096e-08   -8.6992783842e-08   -2.0135297293e-07    3.8343631733e-07   -1.1233153626e-07
  34.9900000   -2.5455223583e-08   -1.7175151733e-08   -8.0833782327e-08   -2.0226067752e-07    3.6271964146e-07   -1.1838437653e-07
  35.0000000   -2.8727533130e-08   -1.4142897907e-08   -7.3328956586e-08   -2.0129044517e-07    3.3756650369e-07   -1.2293856775e-07
  35.0100000   -3.1287315289e-08   -1.0655424166e-08   -6.4607100200e-08   -1.9846966254e-07    3.0833655321e-07   -1.2591705345e-07
  35.0200000   -3.3042959061e-08   -6.8418101848e-09   -5.4817741461e-08   -1.9384747433e-07    2.7544013123e-07   -1.2726194086e-07
  35.0300000   -3.3923344887e-08   -2.8450338960e-09   -4.4128606687e-08   -1.8749391700e-07    2.3933229407e-07   -1.2693542903e-07
  35.0400000   -3.3880669271e-08    1.1834474790e-09   -3.2722788511e-08   -1.7949879671e-07    2.0050637328e-07   -1.2492051700e-07
  35.0500000   -3.2892674202e-08    5.0896172373e-09   -2.0795505244e-08   -1.6997023240e-07    1.5948703507e-07   -1.2122146238e-07
  35.0600000   -3.0964022626e-08    8.7228629968e-09   -8.5505156663e-09   -1.5903301262e-07    1.1682296519e-07   -1.1586401751e-07
  35.0700000   -2.8127020444e-08    1.1942000608e-08    3.8035012018e-09   -1.4682666538e-07    7.3079350632e-08   -1.0889537135e-07
  35.0800000   -2.4441507852e-08    1.4620910628e-08    1.6056759623e-08   -1.3350335233e-07    2.8830163762e-08   -1.0038387256e-07
  35.0900000   -1.9993864945e-08    1.6653625827e-08    2.8002516342e-08   -1.1922560501e-07   -1.5349560942e-08   -9.0418482458e-08
  35.1000000   -1.4895107644e-08    1.7958769337e-08    3.9440694991e-08   -1.0416389315e-07   -5.8891425096e-08   -7.9108000336e-08
  35.1100000   -9.2781484100e-09    1.8482959253e-08    5.0181992919e-08   -8.8494084917e-08   -1.0124115060e-07   -6.6579979828e-08
  35.1200000   -3.2944663095e-09    1.8203279562e-08    6.0051368101e-08   -7.2394937049e-08   -1.4186580865e-07   -5.2979474080e-08
  35.1300000    2.8902123617e-09    1.7128421620e-08    6.8891552943e-08   -5.6045517343e-08   -1.8026074449e-07   -3.8467503739e-08
  35.1400000    9.1006155467e-09    1.5298734978e-08    7.6566045603e-08   -3.9622679154e-08   -2.1595598034e-07   -2.3219323777e-08
  35.1500000    1.5157009353e-08    1.2784957197e-08    8.2961737105e-08   -2.3298736719e-08   -2.4852208697e-07   -7.4224737593e-09
  35.1600000    2.0880808478e-08    9.6857619589e-09    8.7991108873e-08   -7.2391360900e-09   -2.7757552001e-07    8.7253613188e-09
  35.1700000    2.6100028851e-08    6.1241861626e-09    9.1593807209e-08    8.3994976348e-09   -3.0278317769e-07    2.5018626282e-08
  35.1800000    3.0654833419e-08    2.2430571372e-09    9.3737616927e-08    2.3471257370e-08   -3.2386634773e-07    4.1246382685e-08
  35.1900000    3.4402765794e-08   -1.8003776222e-09    9.4418867263e-08    3.7842381252e-08   -3.4060377124e-07    5.7194845931e-08
  35.2000000    3.7223549827e-08   -5.8404804752e-09    9.3662100439e-08    5.1392511031e-08   -3.5283398726e-07    7.2650063723e-08
  35.2100000    3.9023293160e-08   -9.7095777589e-09    9.1519214571e-08    6.4015594012e-08   -3.6045678142e-07    8.7400636475e-08
  35.2200000    3.9737863156e-08   -1.3244539990e-08    8.8067876656e-08    7.5620408826e-08   -3.6343384675e-07    1.0124049750e-07
