time  net_outward_flux  psi4_boundary_amp
0.0000000000000000e+00  0.0000000000000000e+00  2.9709901639361875e-09
1.0000000000000000e+00  1.4704969344528842e-06  1.9758830627946857e-08
2.0000000000000000e+00  2.8050171548249106e-06  3.4095613453328191e-08
2.9999999999999800e+00  3.9955491364269635e-06  4.4871495658341139e-08
3.9999999999999600e+00  5.1496005486683942e-06  5.1163439197566270e-08
4.9999999999999396e+00  6.3058808721337043e-06  5.3822554621699136e-08
5.9999999999999201e+00  7.4128496748777294e-06  5.5290070349901829e-08
6.9999999999998996e+00  8.5135420850423745e-06  5.9382062317003737e-08
7.9999999999998703e+00  9.5743748910371456e-06  7.1986454911095610e-08
8.9999999999998508e+00  1.0591132397988259e-05  9.2282780291315147e-08
9.9999999999998295e+00  1.1604645078503900e-05  1.1662830305644402e-07
1.0999999999999799e+01  1.2589620335683143e-05  1.4331454463623305e-07
1.1999999999999799e+01  1.3562472833137154e-05  1.6948349434374754e-07
1.2999999999999799e+01  1.4539674022506038e-05  1.9582275697567603e-07
1.3999999999999700e+01  1.5453758085126997e-05  2.2452533708305257e-07
1.4999999999999700e+01  1.6292505212024955e-05  2.5443902165174669e-07
1.5999999999999700e+01  1.7118384153773100e-05  2.8241430045047301e-07
1.6999999999999901e+01  1.7898888375435210e-05  3.0577593599990508e-07
1.8000000000000000e+01  1.8551144509388514e-05  3.2971850582628233e-07
1.9000000000000199e+01  1.9073837796777420e-05  3.5252939319945325e-07
2.0000000000000298e+01  1.9454576874196883e-05  3.6512851029214128e-07
2.1000000000000501e+01  1.9573456848279452e-05  3.6891011965906050e-07
2.2000000000000600e+01  1.9275708287686451e-05  3.7789227177394431e-07
2.3000000000000799e+01  1.8434548750658283e-05  3.9917776207096647e-07
2.4000000000000998e+01  1.6878216897524359e-05  4.1708012502739898e-07
2.5000000000001101e+01  1.4322506129886228e-05  4.3518761036866943e-07
2.6000000000001300e+01  1.0407015501945312e-05  4.5795145275542244e-07
2.7000000000001400e+01  4.6600758447050767e-06  4.7516575442548888e-07
2.8000000000001599e+01  -3.6647379488840477e-06  4.7822158434573172e-07
2.9000000000001702e+01  -1.5818857427463641e-05  4.8659968692165502e-07
3.0000000000001901e+01  -3.3699034856221307e-05  5.0401252393247503e-07
3.1000000000002000e+01  -6.0020557398781358e-05  5.2300111985128436e-07
3.1500000000002100e+01  -7.7463679245983082e-05  5.3356487925896702e-07
