  57.0100000   -2.4712942174e-03    6.8568309537e-08    7.0978343770e-05    6.6341579393e-08    8.5609391689e-04   -2.7371718445e-09   -6.1613995569e-04   -2.4238919287e-08
  57.0200000   -2.4603577590e-03    5.8432617379e-08    6.2973520400e-05    6.8392742444e-08    8.5904019442e-04   -2.3049031964e-09   -6.1588714800e-04   -2.3137620664e-08
  57.0300000   -2.4486220351e-03    4.7081395754e-08    5.5256803203e-05    6.9924239979e-08    8.6199701261e-04   -1.8345411546e-09   -6.1561886404e-04   -2.1928387482e-08
  57.0400000   -2.4361818043e-03    3.4679394007e-08    4.7851070158e-05    7.0919204942e-08    8.6496413590e-04   -1.3281468743e-09   -6.1533488619e-04   -2.0617559960e-08
  57.0500000   -2.4231431868e-03    2.1415134931e-08    4.0774385606e-05    7.1362312601e-08    8.6794123563e-04   -7.8824839991e-10   -6.1503503605e-04   -1.9211928541e-08
  57.0600000   -2.4096222111e-03    7.4978678443e-09    3.4039797615e-05    7.1239788347e-08    8.7092789173e-04   -2.1780845509e-10   -6.1471917493e-04   -1.7718716834e-08
  57.0700000   -2.3957431934e-03   -6.8459269154e-09    2.7655213003e-05    7.0539456987e-08    8.7392359500e-04    3.7977569652e-10   -6.1438720414e-04   -1.6145525760e-08
  57.0800000   -2.3816369724e-03   -2.1376451387e-08    2.1623350232e-05    6.9250908144e-08    8.7692774996e-04    1.0006919470e-09   -6.1403906525e-04   -1.4500309769e-08
  57.0900000   -2.3674390269e-03   -3.5844906277e-08    1.5941768964e-05    6.7365736804e-08    8.7993967818e-04    1.6407423053e-09   -6.1367474024e-04   -1.2791330563e-08
  57.1000000   -2.3532875020e-03   -4.9998047928e-08    1.0602973885e-05    6.4877880668e-08    8.8295862203e-04    2.2953693559e-09   -6.1329425153e-04   -1.1027121167e-08
  57.1100000   -2.3393211750e-03   -6.3582941552e-08    5.5945894171e-06    6.1784021242e-08    8.8598374907e-04    2.9596872105e-09   -6.1289766187e-04   -9.2164427674e-09
  57.1200000   -2.3256773913e-03   -7.6351840428e-08    8.9960079852e-07    5.8084071964e-08    8.8901415672e-04    3.6285233800e-09   -6.1248507422e-04   -7.3682419452e-09
  57.1300000   -2.3124900023e-03   -8.8067009679e-08   -3.5033436636e-06    5.3781732907e-08    8.9204887740e-04    4.2964544602e-09   -6.1205663147e-04   -5.4916067519e-09
  57.1400000   -2.2998873354e-03   -9.8505507713e-08   -7.6395754209e-06    4.8885072492e-08    8.9508688409e-04    4.9578535826e-09   -6.1161251600e-04   -3.5957258732e-09
  57.1500000   -2.2879902308e-03   -1.0746371164e-07   -1.1538000115e-05    4.3407187289e-08    8.9812709619e-04    5.6069413827e-09   -6.1115294929e-04   -1.6898449368e-09
  57.1600000   -2.2769101724e-03   -1.1476156144e-07   -1.5230650911e-05    3.7366810601e-08    9.0116838566e-04    6.2378294914e-09   -6.1067819122e-04    2.1678381571e-10
  57.1700000   -2.2667475448e-03   -1.2024645708e-07   -1.8752208222e-05    3.0788954440e-08    9.0420958352e-04    6.8445786418e-09   -6.1018853944e-04    2.1149338970e-09
  57.1800000   -2.2575900424e-03   -1.2379660737e-07   -2.2139493508e-05    2.3705507605e-08    9.0724948652e-04    7.4212521867e-09   -6.0968432855e-04    3.9954641085e-09
  57.1900000   -2.2495112585e-03   -1.2532385748e-07   -2.5430945031e-05    1.6155768312e-08    9.1028686398e-04    7.9619722991e-09   -6.0916592915e-04    5.8493432906e-09
  57.2000000   -2.2425694742e-03   -1.2477590642e-07   -2.8666083231e-05    8.1869013143e-09    9.1332046487e-04    8.4609799677e-09   -6.0863374686e-04    7.6677065619e-09
  57.2100000   -2.2368066702e-03   -1.2213780747e-07   -3.1884973259e-05   -1.4570203468e-10    9.1634902491e-04    8.9126849128e-09   -6.0808822117e-04    9.4418917510e-09
  57.2200000   -2.2322477756e-03   -1.1743280933e-07   -3.5127691913e-05   -8.7782420699e-09    9.1937127379e-04    9.3117345393e-09   -6.0752982422e-04    1.1163481023e-08
  57.2300000   -2.2289001694e-03   -1.1072238674e-07   -3.8433805850e-05   -1.7638391345e-08    9.2238594239e-04    9.6530636952e-09   -6.0695905942e-04    1.2824339644e-08
  57.2400000   -2.2267534410e-03   -1.0210555189e-07   -4.1841867431e-05   -2.6645449763e-08    9.2539177000e-04    9.9319519292e-09   -6.0637646005e-04    1.4416650757e-08
  57.2500000   -2.2257794174e-03   -9.1717404511e-08   -4.5388933970e-05   -3.5710620869e-08    9.2838751146e-04    1.0144074074e-08   -6.0578258769e-04    1.5932962465e-08
  57.2600000   -2.2259324569e-03   -7.9726934585e-08   -4.9110115620e-05   -4.4737508034e-08    9.3137194422e-04    1.0285560094e-08   -6.0517803056e-04    1.7366208592e-08
  57.2700000   -2.2271500066e-03   -6.6334157494e-08   -5.3038156521e-05   -5.3622837913e-08    9.3434387528e-04    1.0353033024e-08   -6.0456340179e-04    1.8709749341e-08
  57.2800000   -2.2293534168e-03   -5.1766540846e-08   -5.7203052990e-05   -6.2257376829e-08    9.3730214785e-04    1.0343662522e-08   -6.0393933759e-04    1.9957402532e-08
  57.2900000   -2.2324490009e-03   -3.6274918779e-08   -6.1631712096e-05   -7.0527055179e-08    9.4024564795e-04    1.0255200313e-08   -6.0330649525e-04    2.1103464295e-08
  57.3000000   -2.2363293263e-03   -2.0128837414e-08   -6.6347653080e-05   -7.8314345491e-08    9.4317331059e-04    1.0086023642e-08   -6.0266555119e-04    2.2142748877e-08
  57.3100000   -2.2408747164e-03   -3.6115468305e-09   -7.1370753615e-05   -8.5499774115e-08    9.4608412582e-04    9.8351592167e-09   -6.0201719881e-04    2.3070596932e-08
  57.3200000   -2.2459549439e-03    1.2985384845e-08   -7.6717042127e-05   -9.1963659149e-08    9.4897714431e-04    9.5023142671e-09   -6.0136214628e-04    2.3882906658e-08
  57.3300000   -2.2514310882e-03    2.9367643352e-08   -8.2398536865e-05   -9.7587999607e-08    9.5185148267e-04    9.0878983390e-09   -6.0070111433e-04    2.4576147283e-08
  57.3400000   -2.2571575306e-03    4.5243797621e-08   -8.8423132023e-05   -1.0225848068e-07    9.5470632840e-04    8.5930323918e-09   -6.0003483385e-04    2.5147377574e-08
  57.3500000   -2.2629840573e-03    6.0330981351e-08   -9.4794530387e-05   -1.0586658844e-07    9.5754094435e-04    8.0195680177e-09   -5.9936404354e-04    2.5594257087e-08
  57.3600000   -2.2687580381e-03    7.4360372688e-08   -1.0151222194e-04   -1.0831173360e-07    9.6035467281e-04    7.3700799892e-09   -5.9868948741e-04    2.5915053647e-08
  57.3700000   -2.2743266485e-03    8.7082487712e-08   -1.0857150723e-04   -1.0950351544e-07    9.6314693917e-04    6.6478668645e-09   -5.9801191231e-04    2.6108650924e-08
  57.3800000   -2.2795391017e-03    9.8272034101e-08   -1.1596356411e-04   -1.0936384559e-07    9.6591725504e-04    5.8569388299e-09   -5.9733206537e-04    2.6174557096e-08
  57.3900000   -2.2842488558e-03    1.0773238303e-07   -1.2367555602e-04   -1.0782903862e-07    9.6866522094e-04    5.0020009024e-09   -5.9665069141e-04    2.6112898256e-08
  57.4000000   -2.2883157646e-03    1.1529939829e-07   -1.3169078024e-04   -1.0485181395e-07    9.7139052847e-04    4.0884257426e-09   -5.9596853031e-04    2.5924420490e-08
  57.4100000   -2.2916081369e-03    1.2084471031e-07   -1.3998885356e-04   -1.0040311084e-07    9.7409296199e-04    3.1222276680e-09   -5.9528631443e-04    2.5610485325e-08
  57.4200000   -2.2940046754e-03    1.2427818852e-07   -1.4854593369e-04   -9.4473690662e-08    9.7677239976e-04    2.1100221676e-09   -5.9460476598e-04    2.5173058676e-08
  57.4300000   -2.2953962639e-03    1.2554970596e-07   -1.5733497371e-04   -8.7075502950e-08    9.7942881458e-04    1.0589777793e-09   -5.9392459432e-04    2.4614699558e-08
  57.4400000   -2.2956875776e-03    1.2465006950e-07   -1.6632600741e-04   -7.8242723307e-08    9.8206227395e-04   -2.3220029469e-11   -5.9324649341e-04    2.3938547100e-08
  57.4500000   -2.2947984895e-03    1.2161111992e-07   -1.7548646311e-04   -6.8032510344e-08    9.8467293961e-04   -1.1284389812e-09   -5.9257113918e-04    2.3148301615e-08
  57.4600000   -2.2926652548e-03    1.1650498875e-07   -1.8478150332e-04   -5.6525324536e-08    9.8726106667e-04   -2.2481553472e-09   -5.9189918700e-04    2.2248206035e-08
  57.4700000   -2.2892414520e-03    1.0944255336e-07   -1.9417438792e-04   -4.3824928083e-08    9.8982700223e-04   -3.3735185607e-09   -5.9123126910e-04    2.1243025343e-08
  57.4800000   -2.2844986702e-03    1.0057107967e-07   -2.0362685817e-04   -3.0057900972e-08    9.9237118342e-04   -4.4954210928e-09   -5.9056799217e-04    2.0138021598e-08
  57.4900000   -2.2784269287e-03    9.0071116830e-08   -2.1309953890e-04   -1.5372784274e-08    9.9489413506e-04   -5.6045688419e-09   -5.8990993491e-04    1.8938917814e-08
  57.5000000   -2.2710348262e-03    7.8152736225e-08   -2.2255235620e-04    6.1248282264e-11    9.9739646684e-04   -6.6915640878e-09   -5.8925764572e-04    1.7651885116e-08
  57.5100000   -2.2623494144e-03    6.5051133763e-08   -2.3194496759e-04    1.6056128814e-08    9.9987886996e-04   -7.7469864682e-09   -5.8861164048e-04    1.6283496806e-08
  57.5200000   -2.2524158019e-03    5.1021772011e-08   -2.4123720193e-04    3.2407054473e-08    1.0023421135e-03   -8.7614644127e-09   -5.8797240036e-04    1.4840696073e-08
  57.5300000   -2.2412964908e-03    3.6335059327e-08   -2.5038950564e-04    4.8895069300e-08    1.0047870403e-03   -9.7257648875e-09   -5.8734036980e-04    1.3330768262e-08
  57.5400000   -2.2290704593e-03    2.1270796193e-08   -2.5936339202e-04    6.5289948868e-08    1.0072145624e-03   -1.0630877484e-08   -5.8671595464e-04    1.1761295543e-08
  57.5500000   -2.2158320041e-03    6.1124077467e-09   -2.6812189017e-04    8.1353492487e-08    1.0096256562e-03   -1.1468091845e-08   -5.8609952021e-04    1.0140128921e-08
  57.5600000   -2.2016893596e-03   -8.8588360446e-09   -2.7662998953e-04    9.6843060292e-08    1.0120213576e-03   -1.2229083155e-08   -5.8549138980e-04    8.4753310447e-09
  57.5700000   -2.1867631154e-03   -2.3369559383e-08   -2.8485507624e-04    1.1151532123e-07    1.0144027561e-03   -1.2905988869e-08   -5.8489184307e-04    6.7751598682e-09
  57.5800000   -2.1711844574e-03   -3.7159779891e-08   -2.9276735699e-04    1.2513022412e-07    1.0167709893e-03   -1.3491493939e-08   -5.8430111468e-04    5.0480050941e-09
  57.5900000   -2.1550932586e-03   -4.9988100330e-08   -3.0034026595e-04    1.3745500761e-07    1.0191272371e-03   -1.3978891970e-08   -5.8371939315e-04    3.3023576698e-09
  57.6000000   -2.1386360482e-03   -6.1636491121e-08   -3.0755085011e-04    1.4826830914e-07    1.0214727155e-03   -1.4362169423e-08   -5.8314681977e-04    1.5467666944e-09
  57.6100000   -2.1219638904e-03   -7.1914474407e-08   -3.1438012819e-04    1.5736417000e-07    1.0238086699e-03   -1.4636064962e-08   -5.8258348780e-04   -2.1020279868e-10
  57.6200000   -2.1052302057e-03   -8.0662767067e-08   -3.2081341834e-04    1.6455599467e-07    1.0261363696e-03   -1.4796126002e-08   -5.8202944174e-04   -1.9600183758e-09
  57.6300000   -2.0885885657e-03   -8.7756134765e-08   -3.2684062941e-04    1.6968026169e-07    1.0284571002e-03   -1.4838770693e-08   -5.8148467689e-04   -3.6942107340e-09
  57.6400000   -2.0721904952e-03   -9.3105512070e-08   -3.3245651103e-04    1.7259999335e-07    1.0307721579e-03   -1.4761332602e-08   -5.8094913902e-04   -5.4044280218e-09
  57.6500000   -2.0561833154e-03   -9.6659344677e-08   -3.3766085752e-04    1.7320788322e-07    1.0330828426e-03   -1.4562096358e-08   -5.8042272432e-04   -7.0824618501e-09
  57.6600000   -2.0407080580e-03   -9.8404041079e-08   -3.4245866067e-04    1.7142905376e-07    1.0353904513e-03   -1.4240339160e-08   -5.7990527943e-04   -8.7203012441e-09
  57.6700000   -2.0258974825e-03   -9.8363614246e-08   -3.4686020736e-04    1.6722326871e-07    1.0376962716e-03   -1.3796352017e-08   -5.7939660181e-04   -1.0310159354e-08
  57.6800000   -2.0118742246e-03   -9.6598481128e-08   -3.5088111745e-04    1.6058672296e-07    1.0400015754e-03   -1.3231458216e-08   -5.7889644018e-04   -1.1844517759e-08
  57.6900000   -1.9987491033e-03   -9.3203453521e-08   -3.5454231859e-04    1.5155315785e-07    1.0423076125e-03   -1.2548015935e-08   -5.7840449526e-04   -1.3316159284e-08
  57.7000000   -1.9866196092e-03   -8.8305028200e-08   -3.5786995474e-04    1.4019446634e-07    1.0446156043e-03   -1.1749427703e-08   -5.7792042068e-04   -1.4718198939e-08
  57.7100000   -1.9755685975e-03   -8.2057912743e-08   -3.6089522615e-04    1.2662058569e-07    1.0469267382e-03   -1.0840121040e-08   -5.7744382405e-04   -1.6044123317e-08
  57.7200000   -1.9656632015e-03   -7.4641017862e-08   -3.6365415898e-04    1.1097880389e-07    1.0492421615e-03   -9.8255333209e-09   -5.7697426826e-04   -1.7287809973e-08
  57.7300000   -1.9569539822e-03   -6.6252914725e-08   -3.6618730401e-04    9.3452348036e-08    1.0515629758e-03   -8.7120846952e-09   -5.7651127301e-04   -1.8443567515e-08
  57.7400000   -1.9494743241e-03   -5.7106900378e-08   -3.6853936482e-04    7.4258369501e-08    1.0538902322e-03   -7.5071380139e-09   -5.7605431648e-04   -1.9506147895e-08
  57.7500000   -1.9432400856e-03   -4.7425793825e-08   -3.7075875637e-04    5.3645262645e-08    1.0562249257e-03   -6.2189599990e-09   -5.7560283715e-04   -2.0470774026e-08
  57.7600000   -1.9382495044e-03   -3.7436562537e-08   -3.7289709680e-04    3.1889454499e-08    1.0585679910e-03   -4.8566594629e-09   -5.7515623590e-04   -2.1333165809e-08
  57.7700000   -1.9344833600e-03   -2.7364916017e-08   -3.7500863576e-04    9.2915116042e-09    1.0609202980e-03   -3.4301252965e-09   -5.7471387821e-04   -2.2089550278e-08
  57.7800000   -1.9319053869e-03   -1.7430019479e-08   -3.7714962410e-04   -1.3828103278e-08    1.0632826478e-03   -1.9499608539e-09   -5.7427509651e-04   -2.2736680391e-08
  57.7900000   -1.9304629297e-03   -7.8394196027e-09   -3.7937763091e-04   -3.7133820789e-08    1.0656557691e-03   -4.2740092982e-10   -5.7383919274e-04   -2.3271842350e-08
  57.8000000   -1.9300878302e-03    1.2157020481e-09   -3.8175081486e-04   -6.0280084599e-08    1.0680403148e-03    1.1257635075e-09   -5.7340544100e-04   -2.3692875270e-08
  57.8100000   -1.9306975282e-03    9.5647827529e-09   -3.8432715818e-04   -8.2916720886e-08    1.0704368597e-03    2.6972939816e-09   -5.7297309039e-04   -2.3998164864e-08
  57.8200000   -1.9321963605e-03    1.7061601248e-08   -3.8716367250e-04   -1.0469454356e-07    1.0728458972e-03    4.2745792832e-09   -5.7254136789e-04   -2.4186657247e-08
  57.8300000   -1.9344770348e-03    2.3587351885e-08   -3.9031558663e-04   -1.2527102495e-07    1.0752678382e-03    5.8447539351e-09   -5.7210948147e-04   -2.4257854516e-08
  57.8400000   -1.9374222555e-03    2.9052997629e-08   -3.9383552764e-04   -1.4431600145e-07    1.0777030087e-03    7.3947957151e-09   -5.7167662317e-04   -2.4211817190e-08
  57.8500000   -1.9409064764e-03    3.3400832188e-08   -3.9777270658e-04   -1.6151721243e-07    1.0801516493e-03    8.9116267749e-09   -5.7124197237e-04   -2.4049153236e-08
  57.8600000   -1.9447977520e-03    3.6605283776e-08   -4.0217212142e-04   -1.7658573457e-07    1.0826139137e-03    1.0382238394e-08   -5.7080469908e-04   -2.3771019661e-08
  57.8700000   -1.9489596601e-03    3.8672825186e-08   -4.0707378981e-04   -1.8926103268e-07    1.0850898690e-03    1.1793791078e-08   -5.7036396730e-04   -2.3379106684e-08
  57.8800000   -1.9532532655e-03    3.9641127172e-08   -4.1251202424e-04   -1.9931568858e-07    1.0875794956e-03    1.3133730008e-08   -5.6991893844e-04   -2.2875627798e-08
  57.8900000   -1.9575390968e-03    3.9577347290e-08   -4.1851476261e-04   -2.0655960330e-07    1.0900826873e-03    1.4389897455e-08   -5.6946877478e-04   -2.2263304037e-08
  57.9000000   -1.9616791053e-03    3.8575722641e-08   -4.2510296638e-04   -2.1084367399e-07    1.0925992529e-03    1.5550640099e-08   -5.6901264287e-04   -2.1545350913e-08
  57.9100000   -1.9655385795e-03    3.6754422690e-08   -4.3229009849e-04   -2.1206283670e-07    1.0951289166e-03    1.6604918073e-08   -5.6854971708e-04   -2.0725454332e-08
  57.9200000   -1.9689879867e-03    3.4251804142e-08   -4.4008169199e-04   -2.1015841233e-07    1.0976713205e-03    1.7542403392e-08   -5.6807918297e-04   -1.9807749712e-08
  57.9300000   -1.9719047151e-03    3.1222154653e-08   -4.4847501980e-04   -2.0511971855e-07    1.1002260259e-03    1.8353584702e-08   -5.6760024081e-04   -1.8796809388e-08
  57.9400000   -1.9741746944e-03    2.7831008525e-08   -4.5745887453e-04   -1.9698490088e-07    1.1027925165e-03    1.9029859367e-08   -5.6711210889e-04   -1.7697606678e-08
  57.9500000   -1.9756938702e-03    2.4250158666e-08   -4.6701346588e-04   -1.8584096878e-07    1.1053702001e-03    1.9563613025e-08   -5.6661402688e-04   -1.6515490966e-08
  57.9600000   -1.9763695159e-03    2.0652540779e-08   -4.7711044195e-04   -1.7182303699e-07    1.1079584126e-03    1.9948312713e-08   -5.6610525913e-04   -1.5256163503e-08
  57.9700000   -1.9761213623e-03    1.7207038631e-08   -4.8771303837e-04   -1.5511270889e-07    1.1105564207e-03    2.0178569745e-08   -5.6558509779e-04   -1.3925650477e-08
  57.9800000   -1.9748825339e-03    1.4073408947e-08   -4.9877635781e-04   -1.3593574119e-07    1.1131634257e-03    2.0250202598e-08   -5.6505286596e-04   -1.2530267547e-08
  57.9900000   -1.9726002800e-03    1.1397452565e-08   -5.1024778004e-04   -1.1455891065e-07    1.1157785676e-03    2.0160296625e-08   -5.6450792062e-04   -1.1076596360e-08
  58.0000000   -1.9692364930e-03    9.3065188563e-09   -5.2206750096e-04   -9.1286172083e-08    1.1184009289e-03    1.9907243977e-08   -5.6394965554e-04   -9.5714479312e-09
  58.0100000   -1.9647680115e-03    7.9054988384e-09   -5.3416919630e-04   -6.6454183611e-08    1.1210295390e-03    1.9490774851e-08   -5.6337750392e-04   -8.0218262658e-09
  58.0200000   -1.9591867054e-03    7.2734057542e-09   -5.4648080399e-04   -4.0427257965e-08    1.1236633789e-03    1.8911987383e-08   -5.6279094104e-04   -6.4349081383e-09
  58.0300000   -1.9524993476e-03    7.4606832905e-09   -5.5892541697e-04   -1.3591764499e-08    1.1263013857e-03    1.8173354257e-08   -5.6218948663e-04   -4.8180000730e-09
  58.0400000   -1.9447272764e-03    8.4871755363e-09   -5.7142227575e-04    1.3649813158e-08    1.1289424574e-03    1.7278719852e-08   -5.6157270714e-04   -3.1785089063e-09
  58.0500000   -1.9359058586e-03    1.0341041116e-08   -5.8388784856e-04    4.0885159730e-08    1.1315854581e-03    1.6233294333e-08   -5.6094021779e-04   -1.5239111780e-09
  58.0600000   -1.9260837635e-03    1.2978444461e-08   -5.9623698465e-04    6.7698641006e-08    1.1342292230e-03    1.5043626142e-08   -5.6029168445e-04    1.3828080225e-10
  58.0700000   -1.9153220636e-03    1.6324198621e-08   -6.0838412488e-04    9.3677888255e-08    1.1368725634e-03    1.3717570808e-08   -5.5962682532e-04    1.8005557052e-09
  58.0800000   -1.9036931769e-03    2.0273243266e-08   -6.2024455229e-04    1.1842036564e-07    1.1395142719e-03    1.2264237859e-08   -5.5894541244e-04    3.4554271801e-09
  58.0900000   -1.8912796706e-03    2.4693012748e-08   -6.3173566388e-04    1.4153986816e-07    1.1421531277e-03    1.0693936214e-08   -5.5824727290e-04    5.0954693581e-09
  58.1000000   -1.8781729448e-03    2.9426614484e-08   -6.4277824442e-04    1.6267274249e-07    1.1447879020e-03    9.0181075720e-09   -5.5753228993e-04    6.7133451149e-09
  58.1100000   -1.8644718197e-03    3.4296751363e-08   -6.5329772188e-04    1.8148381284e-07    1.1474173628e-03    7.2492398370e-09   -5.5680040369e-04    8.3018426527e-09
  58.1200000   -1.8502810474e-03    3.9110292775e-08   -6.6322538439e-04    1.9767181650e-07    1.1500402808e-03    5.4007885554e-09   -5.5605161191e-04    9.8538897508e-09
  58.1300000   -1.8357097716e-03    4.3663438349e-08   -6.7249953816e-04    2.1097445281e-07    1.1526554335e-03    3.4870605406e-09   -5.5528597019e-04    1.1362594706e-08
  58.1400000   -1.8208699591e-03    4.7747275072e-08   -6.8106658664e-04    2.2117264300e-07    1.1552616114e-03    1.5231268192e-09   -5.5450359217e-04    1.2821264553e-08
  58.1500000   -1.8058748266e-03    5.1153661313e-08   -6.8888201170e-04    2.2809427386e-07    1.1578576223e-03   -4.7531014731e-10   -5.5370464944e-04    1.4223438091e-08
  58.1600000   -1.7908372839e-03    5.3681253840e-08   -6.9591123874e-04    2.3161711365e-07    1.1604422962e-03   -2.4920303582e-09   -5.5288937114e-04    1.5562900054e-08
  58.1700000   -1.7758684183e-03    5.5141561552e-08   -7.0213036913e-04    2.3167096845e-07    1.1630144905e-03   -4.5104273804e-09   -5.5205804342e-04    1.6833710756e-08
  58.1800000   -1.7610760383e-03    5.5364837447e-08   -7.0752676518e-04    2.2823901634e-07    1.1655730941e-03   -6.5136389255e-09   -5.5121100863e-04    1.8030226279e-08
  58.1900000   -1.7465632984e-03    5.4205663296e-08   -7.1209947482e-04    2.2135827351e-07    1.1681170323e-03   -8.4846926243e-09   -5.5034866421e-04    1.9147117960e-08
  58.2000000   -1.7324274203e-03    5.1548106964e-08   -7.1585948549e-04    2.1111924206e-07    1.1706452707e-03   -1.0406632945e-08   -5.4947146146e-04    2.0179388154e-08
  58.2100000   -1.7187585294e-03    4.7310282582e-08   -7.1882979937e-04    1.9766467989e-07    1.1731568198e-03   -1.2262681175e-08   -5.4857990403e-04    2.1122393814e-08
  58.2200000   -1.7056386169e-03    4.1448202650e-08   -7.2104532480e-04    1.8118754110e-07    1.1756507385e-03   -1.4036359618e-08   -5.4767454613e-04    2.1971856865e-08
  58.2300000   -1.6931406423e-03    3.3958744653e-08   -7.2255258170e-04    1.6192814330e-07    1.1781261381e-03   -1.5711649349e-08   -5.4675599062e-04    2.2723881829e-08
  58.2400000   -1.6813277828e-03    2.4881774496e-08   -7.2340922164e-04    1.4017055253e-07    1.1805821858e-03   -1.7273117323e-08   -5.4582488685e-04    2.3374965929e-08
  58.2500000   -1.6702528374e-03    1.4301177639e-08   -7.2368336649e-04    1.1623831644e-07    1.1830181080e-03   -1.8706062209e-08   -5.4488192822e-04    2.3922010759e-08
  58.2600000   -1.6599577895e-03    2.3448689172e-09   -7.2345277259e-04    9.0489521224e-08    1.1854331932e-03   -1.9996645154e-08   -5.4392784972e-04    2.4362339828e-08
  58.2700000   -1.6504735307e-03   -1.0816287093e-08   -7.2280383020e-04    6.3311348008e-08    1.1878267951e-03   -2.1132013875e-08   -5.4296342505e-04    2.4693696373e-08
  58.2800000   -1.6418197421e-03   -2.4970664701e-08   -7.2183041122e-04    3.5114159376e-08    1.1901983351e-03   -2.2100429744e-08   -5.4198946375e-04    2.4914264312e-08
  58.2900000   -1.6340049338e-03   -3.9869163434e-08   -7.2063258056e-04    6.3251848987e-09    1.1925473046e-03   -2.2891369445e-08   -5.4100680810e-04    2.5022652743e-08
  58.3000000   -1.6270266343e-03   -5.5229478428e-08   -7.1931518946e-04   -2.2617980376e-08    1.1948732670e-03   -2.3495642959e-08   -5.4001632980e-04    2.5017925823e-08
  58.3100000   -1.6208717231e-03   -7.0741375635e-08   -7.1798637090e-04   -5.1274124324e-08    1.1971758599e-03   -2.3905480013e-08   -5.3901892659e-04    2.4899594525e-08
  58.3200000   -1.6155168975e-03   -8.6072786948e-08   -7.1675595963e-04   -7.9205197160e-08    1.1994547962e-03   -2.4114611724e-08   -5.3801551866e-04    2.4667617320e-08
  58.3300000   -1.6109292628e-03   -1.0087668848e-07   -7.1573386060e-04   -1.0598298449e-07    1.2017098657e-03   -2.4118349317e-08   -5.3700704504e-04    2.4322403895e-08
  58.3400000   -1.6070670319e-03   -1.1479853453e-07   -7.1502839118e-04   -1.3119573316e-07    1.2039409360e-03   -2.3913642718e-08   -5.3599445972e-04    2.3864816177e-08
  58.3500000   -1.6038803222e-03   -1.2748417776e-07   -7.1474462310e-04   -1.5445445881e-07    1.2061479531e-03   -2.3499125246e-08   -5.3497872784e-04    2.3296166062e-08
  58.3600000   -1.6013120340e-03   -1.3858804586e-07   -7.1498275061e-04   -1.7539890250e-07    1.2083309421e-03   -2.2875148647e-08   -5.3396082169e-04    2.2618216347e-08
  58.3700000   -1.5992987962e-03   -1.4778141983e-07   -7.1583651130e-04   -1.9370307905e-07    1.2104900071e-03   -2.2043803478e-08   -5.3294171667e-04    2.1833165009e-08
  58.3800000   -1.5977719614e-03   -1.5476059066e-07   -7.1739168560e-04   -2.0908029300e-07    1.2126253313e-03   -2.1008925397e-08   -5.3192238720e-04    2.0943659423e-08
  58.3900000   -1.5966586370e-03   -1.5925477909e-07   -7.1972469993e-04   -2.2128754862e-07    1.2147371763e-03   -1.9776086856e-08   -5.3090380262e-04    1.9952777036e-08
  58.4000000   -1.5958827346e-03   -1.6103354494e-07   -7.2290135731e-04   -2.3012932362e-07    1.2168258817e-03   -1.8352571398e-08   -5.2988692299e-04    1.8864018111e-08
  58.4100000   -1.5953660229e-03   -1.5991356257e-07   -7.2697571720e-04   -2.3546058779e-07    1.2188918638e-03   -1.6747339949e-08   -5.2887269496e-04    1.7681307517e-08
  58.4200000   -1.5950291689e-03   -1.5576456238e-07   -7.3198914457e-04   -2.3718908949e-07    1.2209356143e-03   -1.4970979043e-08   -5.2786204760e-04    1.6408973414e-08
  58.4300000   -1.5947927542e-03   -1.4851428914e-07   -7.3796954515e-04   -2.3527682873e-07    1.2229576989e-03   -1.3035629273e-08   -5.2685588832e-04    1.5051747601e-08
  58.4400000   -1.5945782516e-03   -1.3815237063e-07   -7.4493080152e-04   -2.2974075833e-07    1.2249587552e-03   -1.0954913175e-08   -5.2585509871e-04    1.3614745507e-08
  58.4500000   -1.5943089520e-03   -1.2473289558e-07   -7.5287242112e-04   -2.2065259248e-07    1.2269394907e-03   -8.7438386027e-09   -5.2486053059e-04    1.2103456487e-08
  58.4600000   -1.5939108294e-03   -1.0837571189e-07   -7.6177940415e-04   -2.0813785093e-07    1.2289006798e-03   -6.4186942853e-09   -5.2387300198e-04    1.0523728689e-08
  58.4700000   -1.5933133356e-03   -8.9266319618e-08   -7.7162233576e-04   -1.9237407848e-07    1.2308431618e-03   -3.9969313044e-09   -5.2289329331e-04    8.8817586472e-09
  58.4800000   -1.5924501175e-03   -6.7654326133e-08   -7.8235770335e-04   -1.7358829239e-07    1.2327678370e-03   -1.4970382720e-09   -5.2192214359e-04    7.1840639399e-09
  58.4900000   -1.5912596492e-03   -4.3850481162e-08   -7.9392843589e-04   -1.5205368549e-07    1.2346756639e-03    1.0615950691e-09   -5.2096024685e-04    5.4374726231e-09
  58.5000000   -1.5896857761e-03   -1.8222313093e-08   -8.0626465886e-04   -1.2808563413e-07    1.2365676554e-03    3.6588314603e-09   -5.2000824857e-04    3.6491036694e-09
  58.5100000   -1.5876781671e-03    8.8116079327e-09   -8.1928465457e-04   -1.0203709369e-07    1.2384448748e-03    6.2739342195e-09   -5.1906674239e-04    1.8263466997e-09
  58.5200000   -1.5851926743e-03    3.6788607033e-08   -8.3289601416e-04   -7.4293404786e-08    1.2403084316e-03    8.8857329860e-09   -5.1813626688e-04   -2.3164329395e-11
  58.5300000   -1.5821915995e-03    6.5210038337e-08   -8.4699696453e-04   -4.5266632754e-08    1.2421594773e-03    1.1472788314e-08   -5.1721730262e-04   -1.8915741924e-09
  58.5400000   -1.5786438697e-03    9.3550393120e-08   -8.6147785029e-04   -1.5389464964e-08    1.2439992004e-03    1.4013559863e-08   -5.1631026934e-04   -3.7708270868e-09
  58.5500000   -1.5745251246e-03    1.2126720794e-07   -8.7622274808e-04    1.4891176067e-08    1.2458288219e-03    1.6486587307e-08   -5.1541552337e-04   -5.6526917259e-09
  58.5600000   -1.5698177199e-03    1.4781162955e-07   -8.9111118864e-04    4.5120764739e-08    1.2476495896e-03    1.8870658415e-08   -5.1453335529e-04   -7.5288015607e-09
  58.5700000   -1.5645106511e-03    1.7263941646e-07   -9.0601995949e-04    7.4843951528e-08    1.2494627735e-03    2.1144988173e-08   -5.1366398779e-04   -9.3906718879e-09
  58.5800000   -1.5585994051e-03    1.9522207941e-07   -9.2082496033e-04    1.0361134841e-07    1.2512696595e-03    2.3289388772e-08   -5.1280757381e-04   -1.1229730898e-08
  58.5900000   -1.5520857449e-03    2.1505807691e-07   -9.3540308159e-04    1.3098627035e-07    1.2530715443e-03    2.5284440378e-08   -5.1196419494e-04   -1.3037357482e-08
  58.6000000   -1.5449774366e-03    2.3168367924e-07   -9.4963407642e-04    1.5655133373e-07    1.2548697292e-03    2.7111660424e-08   -5.1113386010e-04   -1.4804911679e-08
  58.6100000   -1.5372879237e-03    2.4468338343e-07   -9.6340239630e-04    1.7991475992e-07    1.2566655143e-03    2.8753661746e-08   -5.1031650444e-04   -1.6523766319e-08
  58.6200000   -1.5290359601e-03    2.5369956066e-07   -9.7659896067e-04    2.0071637309e-07    1.2584601923e-03    3.0194301551e-08   -5.0951198865e-04   -1.8185351202e-08
  58.6300000   -1.5202452060e-03    2.5844120824e-07   -9.8912283255e-04    2.1863312482e-07    1.2602550426e-03    3.1418831378e-08   -5.0872009843e-04   -1.9781181692e-08
  58.6400000   -1.5109437987e-03    2.5869151431e-07   -1.0008827726e-03    2.3338415137e-07    1.2620513247e-03    3.2414030612e-08   -5.0794054438e-04   -2.1302894089e-08
  58.6500000   -1.5011639020e-03    2.5431412989e-07   -1.0117986471e-03    2.4473516208e-07    1.2638502720e-03    3.3168327291e-08   -5.0717296212e-04   -2.2742294904e-08
  58.6600000   -1.4909412443e-03    2.4525793632e-07   -1.0218026665e-03    2.5250226180e-07    1.2656530859e-03    3.3671916005e-08   -5.0641691279e-04   -2.4091390606e-08
  58.6700000   -1.4803146511e-03    2.3156024455e-07   -1.0308404346e-03    2.5655497478e-07    1.2674609291e-03    3.3916847067e-08   -5.0567188382e-04   -2.5342438961e-08
  58.6800000   -1.4693255777e-03    2.1334825239e-07   -1.0388717919e-03    2.5681852736e-07    1.2692749198e-03    3.3897120472e-08   -5.0493729005e-04   -2.6487973997e-08
  58.6900000   -1.4580176482e-03    1.9083872568e-07   -1.0458714384e-03    2.5327532172e-07    1.2710961253e-03    3.3608751132e-08   -5.0421247517e-04   -2.7520857839e-08
  58.7000000   -1.4464362051e-03    1.6433590979e-07   -1.0518293263e-03    2.4596556562e-07    1.2729255563e-03    3.3049822528e-08   -5.0349671345e-04   -2.8434324990e-08
  58.7100000   -1.4346278742e-03    1.3422764507e-07   -1.0567508163e-03    2.3498704869e-07    1.2747641610e-03    3.2220529330e-08   -5.0278921184e-04   -2.9222009209e-08
  58.7200000   -1.4226401463e-03    1.0097972726e-07   -1.0606565945e-03    2.2049405482e-07    1.2766128192e-03    3.1123196396e-08   -5.0208911234e-04   -2.9877995992e-08
  58.7300000   -1.4105209802e-03    6.5128597671e-08   -1.0635823517e-03    2.0269542580e-07    1.2784723374e-03    2.9762281608e-08   -5.0139549473e-04   -3.0396858612e-08
  58.7400000   -1.3983184261e-03    2.7272500061e-08   -1.0655782294e-03    1.8185176629e-07    1.2803434433e-03    2.8144365257e-08   -5.0070737957e-04   -3.0773698431e-08
  58.7500000   -1.3860802723e-03   -1.1938752655e-08   -1.0667080434e-03    1.5827186098e-07    1.2822267811e-03    2.6278125983e-08   -5.0002373152e-04   -3.1004178725e-08
  58.7600000   -1.3738537146e-03   -5.1815243753e-08   -1.0670482948e-03    1.3230833675e-07    1.2841229068e-03    2.4174284278e-08   -4.9934346293e-04   -3.1084568622e-08
  58.7700000   -1.3616850468e-03   -9.1639440290e-08   -1.0666869874e-03    1.0435261861e-07    1.2860322843e-03    2.1845551058e-08   -4.9866543772e-04   -3.1011779229e-08
  58.7800000   -1.3496193728e-03   -1.3067940906e-07   -1.0657222683e-03    7.4829194950e-08    1.2879552814e-03    1.9306536612e-08   -4.9798847558e-04   -3.0783384486e-08
  58.7900000   -1.3377003385e-03   -1.6820261128e-07   -1.0642609150e-03    4.4189389673e-08    1.2898921664e-03    1.6573667302e-08   -4.9731135630e-04   -3.0397665236e-08
  58.8000000   -1.3259698811e-03   -2.0348990708e-07   -1.0624166928e-03    1.2904631431e-08    1.2918431055e-03    1.3665067397e-08   -4.9663282452e-04   -2.9853634077e-08
  58.8100000   -1.3144679942e-03   -2.3584960120e-07   -1.0603086099e-03   -1.8540703274e-08    1.2938081598e-03    1.0600434568e-08   -4.9595159452e-04   -2.9151061445e-08
  58.8200000   -1.3032325066e-03   -2.6463114662e-07   -1.0580590967e-03   -4.9656669813e-08    1.2957872841e-03    7.4009041152e-09   -4.9526635535e-04   -2.8290497606e-08
  58.8300000   -1.2922988738e-03   -2.8923831626e-07   -1.0557921398e-03   -7.9955346574e-08    1.2977803247e-03    4.0888971680e-09   -4.9457577612e-04   -2.7273296034e-08
  58.8400000   -1.2816999776e-03   -3.0914152873e-07   -1.0536314000e-03   -1.0895845905e-07    1.2997870191e-03    6.8795433854e-10   -4.9387851144e-04   -2.6101627065e-08
  58.8500000   -1.2714659357e-03   -3.2388908229e-07   -1.0516983438e-03   -1.3620497779e-07    1.3018069954e-03   -2.7774276544e-09   -4.9317320698e-04   -2.4778490010e-08
  58.8600000   -1.2616239165e-03   -3.3311708090e-07   -1.0501104188e-03   -1.6125850686e-07    1.3038397727e-03   -6.2819879857e-09   -4.9245850530e-04   -2.3307724924e-08
  58.8700000   -1.2521979614e-03   -3.3655779320e-07   -1.0489793012e-03   -1.8371441731e-07    1.3058847618e-03   -9.7998832957e-09   -4.9173305156e-04   -2.1694012327e-08
  58.8800000   -1.2432088111e-03   -3.3404632316e-07   -1.0484092422e-03   -2.0320652633e-07    1.3079412669e-03   -1.3304888945e-08   -4.9099549954e-04   -1.9942878951e-08
  58.8900000   -1.2346737385e-03   -3.2552539360e-07   -1.0484955396e-03   -2.1941330309e-07    1.3100084875e-03   -1.6770597724e-08   -4.9024451757e-04   -1.8060688642e-08
  58.9000000   -1.2266063873e-03   -3.1104811919e-07   -1.0493231583e-03   -2.3206344175e-07    1.3120855210e-03   -2.0170615742e-08   -4.8947879453e-04   -1.6054631276e-08
  58.9100000   -1.2190166178e-03   -2.9077874756e-07   -1.0509655193e-03   -2.4094064197e-07    1.3141713660e-03   -2.3478776016e-08   -4.8869704588e-04   -1.3932717009e-08
  58.9200000   -1.2119103627e-03   -2.6499123276e-07   -1.0534834759e-03   -2.4588769856e-07    1.3162649265e-03   -2.6669335996e-08   -4.8789801966e-04   -1.1703743702e-08
  58.9300000   -1.2052894935e-03   -2.3406575741e-07   -1.0569244918e-03   -2.4680957302e-07    1.3183650159e-03   -2.9717186414e-08   -4.8708050239e-04   -9.3772812360e-09
  58.9400000   -1.1991517024e-03   -1.9848315393e-07   -1.0613220325e-03   -2.4367558975e-07    1.3204703622e-03   -3.2598039182e-08   -4.8624332495e-04   -6.9636329301e-09
  58.9500000   -1.1934904008e-03   -1.5881732506e-07   -1.0666951775e-03   -2.3652057954e-07    1.3225796137e-03   -3.5288635692e-08   -4.8538536837e-04   -4.4738153740e-09
  58.9600000   -1.1882946403e-03   -1.1572582995e-07   -1.0730484575e-03   -2.2544501076e-07    1.3246913452e-03   -3.7766920439e-08   -4.8450556939e-04   -1.9194954692e-09
  58.9700000   -1.1835490588e-03   -6.9938756318e-08   -1.0803719179e-03   -2.1061399871e-07    1.3268040643e-03   -4.0012229821e-08   -4.8360292600e-04    6.8703555923e-10
  58.9800000   -1.1792338563e-03   -2.2246085867e-08   -1.0886414040e-03   -1.9225528749e-07    1.3289162188e-03   -4.2005453800e-08   -4.8267650265e-04    3.3329256294e-09
  58.9900000   -1.1753248043e-03    2.6516246978e-08   -1.0978190625e-03   -1.7065618440e-07    1.3310262043e-03   -4.3729200457e-08   -4.8172543533e-04    6.0048112281e-09
  59.0000000   -1.1717932945e-03    7.5481272463e-08   -1.1078540485e-03   -1.4615940813e-07    1.3331323722e-03   -4.5167936196e-08   -4.8074893641e-04    8.6888814755e-09
  59.0100000   -1.1686064281e-03    1.2376673368e-07   -1.1186834248e-03   -1.1915804493e-07    1.3352330378e-03   -4.6308126215e-08   -4.7974629911e-04    1.1370950496e-08
  59.0200000   -1.1657271520e-03    1.7049122137e-07   -1.1302332371e-03   -9.0089517211e-08    1.3373264894e-03   -4.7138343921e-08   -4.7871690186e-04    1.4036513989e-08
  59.0300000   -1.1631144439e-03    2.1479055061e-07   -1.1424197464e-03   -5.9428766245e-08    1.3394109970e-03   -4.7649375953e-08   -4.7766021212e-04    1.6670828341e-08
  59.0400000   -1.1607235493e-03    2.5583391353e-07   -1.1551507976e-03   -2.7680744257e-08    1.3414848218e-03   -4.7834313584e-08   -4.7657579001e-04    1.9258993328e-08
  59.0500000   -1.1585062713e-03    2.9283964682e-07   -1.1683272993e-03    4.6277707425e-09    1.3435462254e-03   -4.7688610666e-08   -4.7546329153e-04    2.1786030805e-08
  59.0600000   -1.1564113166e-03    3.2509017974e-07   -1.1818447936e-03    3.6956784991e-08    1.3455934794e-03   -4.7210143730e-08   -4.7432247137e-04    2.4236966464e-08
  59.0700000   -1.1543846953e-03    3.5194601648e-07   -1.1955950860e-03    6.8762093752e-08    1.3476248753e-03   -4.6399238998e-08   -4.7315318533e-04    2.6596917595e-08
  59.0800000   -1.1523701761e-03    3.7285831119e-07   -1.2094679126e-03    9.9504395083e-08    1.3496387338e-03   -4.5258683275e-08   -4.7195539230e-04    2.8851184824e-08
  59.0900000   -1.1503097929e-03    3.8737994444e-07   -1.2233526150e-03    1.2865856257e-07    1.3516334147e-03   -4.3793723838e-08   -4.7072915582e-04    3.0985336934e-08
  59.1000000   -1.1481444015e-03    3.9517480387e-07   -1.2371397989e-03    1.5572267924e-07    1.3536073264e-03   -4.2012042473e-08   -4.6947464518e-04    3.2985306927e-08
  59.1100000   -1.1458142814e-03    3.9602507300e-07   -1.2507229487e-03    1.8022688907e-07    1.3555589351e-03   -3.9923710467e-08   -4.6819213599e-04    3.4837480952e-08
  59.1200000   -1.1432597777e-03    3.8983640159e-07   -1.2639999745e-03    2.0174175503e-07    1.3574867746e-03   -3.7541126249e-08   -4.6688201036e-04    3.6528791601e-08
  59.1300000   -1.1404219769e-03    3.7664086329e-07   -1.2768746686e-03    2.1988606596e-07    1.3593894544e-03   -3.4878937387e-08   -4.6554475654e-04    3.8046804585e-08
  59.1400000   -1.1372434092e-03    3.5659757273e-07   -1.2892580483e-03    2.3433387379e-07    1.3612656689e-03   -3.1953940483e-08   -4.6418096801e-04    3.9379813746e-08
  59.1500000   -1.1336687685e-03    3.2999098155e-07   -1.3010695682e-03    2.4482068865e-07    1.3631142057e-03   -2.8784967135e-08   -4.6279134220e-04    4.0516921573e-08
  59.1600000   -1.1296456413e-03    2.9722685589e-07   -1.3122381836e-03    2.5114867407e-07    1.3649339529e-03   -2.5392752297e-08   -4.6137667860e-04    4.1448133005e-08
  59.1700000   -1.1251252346e-03    2.5882600284e-07   -1.3227032506e-03    2.5319071397e-07    1.3667239068e-03   -2.1799791892e-08   -4.5993787640e-04    4.2164426998e-08
  59.1800000   -1.1200630915e-03    2.1541580198e-07   -1.3324152531e-03    2.5089333377e-07    1.3684831789e-03   -1.8030178401e-08   -4.5847593163e-04    4.2657841755e-08
  59.1900000   -1.1144197842e-03    1.6771976855e-07   -1.3413363471e-03    2.4427833928e-07    1.3702110015e-03   -1.4109429401e-08   -4.5699193382e-04    4.2921537988e-08
  59.2000000   -1.1081615727e-03    1.1654522548e-07   -1.3494407176e-03    2.3344311411e-07    1.3719067338e-03   -1.0064306562e-08   -4.5548706216e-04    4.2949879228e-08
  59.2100000   -1.1012610173e-03    6.2769434541e-08   -1.3567147451e-03    2.1855964892e-07    1.3735698666e-03   -5.9226158395e-09   -4.5396258120e-04    4.2738482258e-08
  59.2200000   -1.0936975349e-03    7.3242501173e-09   -1.3631569848e-03    1.9987214318e-07    1.3752000266e-03   -1.7130075344e-09   -4.5241983607e-04    4.2284279031e-08
  59.2300000   -1.0854578866e-03   -4.8820231246e-08   -1.3687779592e-03    1.7769338950e-07    1.3767969799e-03    2.5352334338e-09   -4.5086024730e-04    4.1585564852e-08
  59.2400000   -1.0765365874e-03   -1.0467288451e-07   -1.3735997742e-03    1.5239981433e-07    1.3783606346e-03    6.7924054731e-09   -4.4928530515e-04    4.0642032722e-08
  59.2500000   -1.0669362273e-03   -1.5923925172e-07   -1.3776555652e-03    1.2442536163e-07    1.3798910428e-03    1.1028606934e-08   -4.4769656359e-04    3.9454819410e-08
  59.2600000   -1.0566676964e-03   -2.1153939553e-07   -1.3809887886e-03    9.4254233560e-08    1.3813884015e-03    1.5213959132e-08   -4.4609563386e-04    3.8026517726e-08
  59.2700000   -1.0457503052e-03   -2.6062563272e-07   -1.3836523688e-03    6.2412725252e-08    1.3828530533e-03    1.9318825534e-08   -4.4448417774e-04    3.6361196927e-08
  59.2800000   -1.0342117945e-03   -3.0559974963e-07   -1.3857077212e-03    2.9460108891e-08    1.3842854854e-03    2.3314040088e-08   -4.4286390041e-04    3.4464420184e-08
  59.2900000   -1.0220882303e-03   -3.4562946419e-07   -1.3872236663e-03   -4.0211083328e-09    1.3856863284e-03    2.7171114105e-08   -4.4123654304e-04    3.2343217906e-08
  59.3000000   -1.0094237805e-03   -3.7996380473e-07   -1.3882752545e-03   -3.7435489207e-08    1.3870563540e-03    3.0862453781e-08   -4.3960387517e-04    3.0006108227e-08
  59.3100000   -9.9627037190e-04   -4.0794705168e-07   -1.3889425237e-03   -7.0185272303e-08    1.3883964719e-03    3.4361574062e-08   -4.3796768679e-04    2.7463044692e-08
  59.3200000   -9.8268722861e-04   -4.2903111216e-07   -1.3893092079e-03   -1.0168116909e-07    1.3897077256e-03    3.7643278369e-08   -4.3632978023e-04    2.4725409440e-08
  59.3300000   -9.6874029388e-04   -4.4278599304e-07   -1.3894614205e-03   -1.3135309955e-07    1.3909912882e-03    4.0683867356e-08   -4.3469196197e-04    2.1805953752e-08
  59.3400000   -9.5450153992e-04   -4.4890822499e-07   -1.3894863308e-03   -1.5866067533e-07    1.3922484560e-03    4.3461306939e-08   -4.3305603417e-04    1.8718759614e-08
  59.3500000   -9.4004817213e-04   -4.4722705364e-07   -1.3894708573e-03   -1.8310324119e-07    1.3934806432e-03    4.5955392844e-08   -4.3142378634e-04    1.5479178681e-08
  59.3600000   -9.2546173592e-04   -4.3770830382e-07   -1.3895003955e-03   -2.0422931174e-07    1.3946893736e-03    4.8147902499e-08   -4.2979698673e-04    1.2103749253e-08
  59.3700000   -9.1082713623e-04   -4.2045581645e-07   -1.3896575996e-03   -2.2164512596e-07    1.3958762740e-03    5.0022741623e-08   -4.2817737394e-04    8.6101333058e-09
  59.3800000   -8.9623158149e-04   -3.9571044389e-07   -1.3900212362e-03   -2.3502229398e-07    1.3970430648e-03    5.1566051039e-08   -4.2656664839e-04    5.0170151859e-09
  59.3900000   -8.8176346536e-04   -3.6384659678e-07   -1.3906651262e-03   -2.4410424279e-07    1.3981915511e-03    5.2766316980e-08   -4.2496646405e-04    1.3440178292e-09
  59.4000000   -8.6751120103e-04   -3.2536636774e-07   -1.3916571873e-03   -2.4871139157e-07    1.3993236135e-03    5.3614466765e-08   -4.2337842009e-04   -2.3884143342e-09
  59.4100000   -8.5356202392e-04   -2.8089142756e-07   -1.3930585918e-03   -2.4874499008e-07    1.4004411972e-03    5.4103920711e-08   -4.2180405296e-04   -6.1591264434e-09
  59.4200000   -8.4000077977e-04   -2.3115271951e-07   -1.3949230472e-03   -2.4418943904e-07    1.4015463016e-03    5.4230652668e-08   -4.2024482841e-04   -9.9463619438e-09
  59.4300000   -8.2690871562e-04   -1.7697818905e-07   -1.3972962100e-03   -2.3511312599e-07    1.4026409692e-03    5.3993218508e-08   -4.1870213399e-04   -1.3727899894e-08
  59.4400000   -8.1436229180e-04   -1.1927874985e-07   -1.4002152353e-03   -2.2166761279e-07    1.4037272739e-03    5.3392767107e-08   -4.1717727172e-04   -1.7481182859e-08
  59.4500000   -8.0243203308e-04   -5.9032720808e-08   -1.4037084679e-03   -2.0408538746e-07    1.4048073097e-03    5.2433030756e-08   -4.1567145113e-04   -2.1183453059e-08
  59.4600000   -7.9118143710e-04    2.7309882805e-09   -1.4077952743e-03   -1.8267599348e-07    1.4058831779e-03    5.1120293236e-08   -4.1418578271e-04   -2.4811889441e-08
  59.4700000   -7.8066595767e-04    6.4950612394e-08   -1.4124860141e-03   -1.5782073194e-07    1.4069569756e-03    4.9463353245e-08   -4.1272127170e-04   -2.8343754898e-08
  59.4800000   -7.7093207988e-04    1.2654998511e-07   -1.4177821481e-03   -1.2996595655e-07    1.4080307832e-03    4.7473451444e-08   -4.1127881239e-04   -3.1756544659e-08
  59.4900000   -7.6201650292e-04    1.8645723968e-07   -1.4236764763e-03   -9.9615111710e-08    1.4091066519e-03    4.5164184477e-08   -4.0985918291e-04   -3.5028122483e-08
  59.5000000   -7.5394544520e-04    2.4362354197e-07   -1.4301534991e-03   -6.7319640429e-08    1.4101865918e-03    4.2551412013e-08   -4.0846304050e-04   -3.8136878389e-08
  59.5100000   -7.4673408485e-04    2.9704149906e-07   -1.4371898916e-03   -3.3668933513e-08    1.4112725597e-03    3.9653125981e-08   -4.0709091732e-04   -4.1061876312e-08
  59.5200000   -7.4038614668e-04    3.4576285233e-07   -1.4447550807e-03    7.2048945015e-10    1.4123664468e-03    3.6489333559e-08   -4.0574321688e-04   -4.3782982656e-08
  59.5300000   -7.3489364505e-04    3.8891527118e-07   -1.4528119127e-03    3.5216429489e-08    1.4134700677e-03    3.3081892226e-08   -4.0442021105e-04   -4.6281028718e-08
  59.5400000   -7.3023678946e-04    4.2571782962e-07   -1.4613173979e-03    6.9182721774e-08    1.4145851483e-03    2.9454355202e-08   -4.0312203765e-04   -4.8537934850e-08
  59.5500000   -7.2638405752e-04    4.5549494867e-07   -1.4702235184e-03    1.0199120999e-07    1.4157133155e-03    2.5631798375e-08   -4.0184869877e-04   -5.0536852602e-08
  59.5600000   -7.2329243750e-04    4.7768857882e-07   -1.4794780853e-03    1.3303352230e-07    1.4168560864e-03    2.1640627562e-08   -4.0060005964e-04   -5.2262284859e-08
  59.5700000   -7.2090784000e-04    4.9186834927e-07   -1.4890256283e-03    1.6173263264e-07    1.4180148585e-03    1.7508393641e-08   -3.9937584826e-04   -5.3700215589e-08
  59.5800000   -7.1916567570e-04    4.9773953624e-07   -1.4988083054e-03    1.8755378717e-07    1.4191909002e-03    1.3263580207e-08   -3.9817565567e-04   -5.4838208745e-08
  59.5900000   -7.1799159354e-04    4.9514872940e-07   -1.5087668158e-03    2.1001476166e-07    1.4203853424e-03    8.9354007983e-09   -3.9699893691e-04   -5.5665536300e-08
  59.6000000   -7.1730237127e-04    4.8408705019e-07   -1.5188413033e-03    2.2869512140e-07    1.4215991703e-03    4.5535822666e-09   -3.9584501264e-04   -5.6173240874e-08
  59.6100000   -7.1700694750e-04    4.6469086122e-07   -1.5289722352e-03    2.4324435149e-07    1.4228332162e-03    1.4814474657e-10   -3.9471307154e-04   -5.6354256041e-08
  59.6200000   -7.1700758242e-04    4.3724002278e-07   -1.5391012453e-03    2.5338870352e-07    1.4240881532e-03   -4.2508089633e-09   -3.9360217329e-04   -5.6203449841e-08
  59.6300000   -7.1720113200e-04    4.0215360858e-07   -1.5491719276e-03    2.5893656586e-07    1.4253644898e-03   -8.6133165177e-09   -3.9251125228e-04   -5.5717706043e-08
  59.6400000   -7.1748041852e-04    3.5998325537e-07   -1.5591305717e-03    2.5978232139e-07    1.4266625649e-03   -1.2909777291e-08   -3.9143912198e-04   -5.4895969465e-08
  59.6500000   -7.1773567851e-04    3.1140419341e-07   -1.5689268294e-03    2.5590857056e-07    1.4279825444e-03   -1.7111153539e-08   -3.9038447997e-04   -5.3739275910e-08
  59.6600000   -7.1785606802e-04    2.5720413011e-07   -1.5785143061e-03    2.4738665435e-07    1.4293244182e-03   -2.1189186845e-08   -3.8934591358e-04   -5.2250782754e-08
  59.6700000   -7.1773120356e-04    1.9827016464e-07   -1.5878510684e-03    2.3437546833e-07    1.4306879988e-03   -2.5116598954e-08   -3.8832190616e-04   -5.0435769067e-08
  59.6800000   -7.1725271659e-04    1.3557396478e-07   -1.5969000660e-03    2.1711862007e-07    1.4320729203e-03   -2.8867276220e-08   -3.8731084392e-04   -4.8301644952e-08
  59.6900000   -7.1631579869e-04    7.0155473328e-08   -1.6056294620e-03    1.9593996643e-07    1.4334786385e-03   -3.2416463889e-08   -3.8631102333e-04   -4.5857923448e-08
  59.7000000   -7.1482071471e-04    3.1053944560e-09   -1.6140128721e-03    1.7123752143e-07    1.4349044327e-03   -3.5740928973e-08   -3.8532065907e-04   -4.3116186778e-08
  59.7100000   -7.1267426096e-04   -6.4453269341e-08   -1.6220295115e-03    1.4347602229e-07    1.4363494077e-03   -3.8819121310e-08   -3.8433789244e-04   -4.0090040488e-08
  59.7200000   -7.0979114655e-04   -1.3138421400e-07   -1.6296642511e-03    1.1317810992e-07    1.4378124969e-03   -4.1631325617e-08   -3.8336080022e-04   -3.6795055340e-08
  59.7300000   -7.0609527660e-04   -1.9655715388e-07   -1.6369075862e-03    8.0914444061e-08    1.4392924674e-03   -4.4159785903e-08   -3.8238740395e-04   -3.3248683491e-08
  59.7400000   -7.0152091736e-04   -2.5886707007e-07   -1.6437555216e-03    4.7292802548e-08    1.4407879246e-03   -4.6388826735e-08   -3.8141567962e-04   -2.9470179873e-08
  59.7500000   -6.9601372498e-04   -3.1725306326e-07   -1.6502093790e-03    1.2946511672e-08    1.4422973191e-03   -4.8304949616e-08   -3.8044356758e-04   -2.5480487127e-08
  59.7600000   -6.8953162131e-04   -3.7071652804e-07   -1.6562755323e-03   -2.1477651334e-08    1.4438189539e-03   -4.9896923631e-08   -3.7946898286e-04   -2.1302130840e-08
  59.7700000   -6.8204550253e-04   -4.1833827348e-07   -1.6619650788e-03   -5.5331879633e-08    1.4453509922e-03   -5.1155842720e-08   -3.7848982556e-04   -1.6959083667e-08
  59.7800000   -6.7353976851e-04   -4.5929436536e-07   -1.6672934546e-03   -8.7979715509e-08    1.4468914673e-03   -5.2075178439e-08   -3.7750399157e-04   -1.2476630085e-08
  59.7900000   -6.6401266362e-04   -4.9287036266e-07   -1.6722800025e-03   -1.1880827038e-07    1.4484382918e-03   -5.2650807105e-08   -3.7650938330e-04   -7.8812191180e-09
  59.8000000   -6.5347642231e-04   -5.1847373981e-07   -1.6769475021e-03   -1.4723998655e-07    1.4499892688e-03   -5.2881029570e-08   -3.7550392051e-04   -3.2002965610e-09
  59.8100000   -6.4195721573e-04   -5.3564424914e-07   -1.6813216707e-03   -1.7274373642e-07    1.4515421033e-03   -5.2766557133e-08   -3.7448555112e-04    1.5378524044e-09
  59.8200000   -6.2949489846e-04   -5.4406208421e-07   -1.6854306458e-03   -1.9484500018e-07    1.4530944142e-03   -5.2310487767e-08   -3.7345226211e-04    6.3042899527e-09
  59.8300000   -6.1614255763e-04   -5.4355366590e-07   -1.6893044575e-03   -2.1313494301e-07    1.4546437472e-03   -5.1518273108e-08   -3.7240209008e-04    1.1069600193e-08
  59.8400000   -6.0196586942e-04   -5.3409495150e-07   -1.6929745004e-03   -2.2727830384e-07    1.4561875882e-03   -5.0397655198e-08   -3.7133313189e-04    1.5804081589e-08
  59.8500000   -5.8704227097e-04   -5.1581223700e-07   -1.6964730145e-03   -2.3701972218e-07    1.4577233766e-03   -4.8958587416e-08   -3.7024355493e-04    2.0477937648e-08
  59.8600000   -5.7145995852e-04   -4.8898040874e-07   -1.6998325820e-03   -2.4218861794e-07    1.4592485203e-03   -4.7213151550e-08   -3.6913160719e-04    2.5061466821e-08
  59.8700000   -5.5531672514e-04   -4.5401865753e-07   -1.7030856488e-03   -2.4270240252e-07    1.4607604095e-03   -4.5175444847e-08   -3.6799562699e-04    2.9525274025e-08
  59.8800000   -5.3871865393e-04   -4.1148377013e-07   -1.7062640771e-03   -2.3856792914e-07    1.4622564315e-03   -4.2861469548e-08   -3.6683405233e-04    3.3840449479e-08
  59.8900000   -5.2177868482e-04   -3.6206103953e-07   -1.7093987352e-03   -2.2988130405e-07    1.4637339862e-03   -4.0288988370e-08   -3.6564542981e-04    3.7978777982e-08
  59.9000000   -5.0461507494e-04   -3.0655301826e-07   -1.7125191291e-03   -2.1682584581e-07    1.4651905002e-03   -3.7477390538e-08   -3.6442842308e-04    4.1912922952e-08
  59.9100000   -4.8734977432e-04   -2.4586624309e-07   -1.7156530809e-03   -1.9966842234e-07    1.4666234425e-03   -3.4447530722e-08   -3.6318182071e-04    4.5616621561e-08
  59.9200000   -4.7010673993e-04   -1.8099618700e-07   -1.7188264560e-03   -1.7875418696e-07    1.4680303388e-03   -3.1221565750e-08   -3.6190454360e-04    4.9064868263e-08
  59.9300000   -4.5301021205e-04   -1.1301064534e-07   -1.7220629414e-03   -1.5449973151e-07    1.4694087863e-03   -2.7822782786e-08   -3.6059565164e-04    5.2234088150e-08
  59.9400000   -4.3618297777e-04   -4.3031915556e-08   -1.7253838770e-03   -1.2738490987e-07    1.4707564683e-03   -2.4275420686e-08   -3.5925434974e-04    5.5102308754e-08
  59.9500000   -4.1974464643e-04    2.7782040209e-08   -1.7288081380e-03   -9.7943433460e-08    1.4720711680e-03   -2.0604486491e-08   -3.5787999329e-04    5.7649327560e-08
  59.9600000   -4.0380996192e-04    9.8256996148e-08   -1.7323520685e-03   -6.6752398203e-08    1.4733507818e-03   -1.6835560334e-08   -3.5647209266e-04    5.9856845591e-08
  59.9700000   -3.8848717640e-04    1.6722226199e-07   -1.7360294646e-03   -3.4421037168e-08    1.4745933328e-03   -1.2994616284e-08   -3.5503031715e-04    6.1708621156e-08
  59.9800000   -3.7387650860e-04    2.3353042089e-07   -1.7398516026e-03   -1.5788439053e-09    1.4757969830e-03   -9.1078239988e-09   -3.5355449800e-04    6.3190590294e-08
  59.9900000   -3.6006870956e-04    2.9607667812e-07   -1.7438273109e-03    3.1136683531e-08    1.4769600446e-03   -5.2013616223e-09   -3.5204463068e-04    6.4290978770e-08
  60.0000000   -3.4714375637e-04    3.5381759787e-07   -1.7479630784e-03    6.3092428232e-08    1.4780809918e-03   -1.3012295913e-09   -3.5050087625e-04    6.5000397714e-08
  60.0100000   -3.3516969324e-04    4.0578876074e-07   -1.7522631978e-03    9.3671916873e-08    1.4791584698e-03    2.5669410000e-09   -3.4892356196e-04    6.5311925445e-08
  60.0200000   -3.2420163650e-04    4.5112117847e-07   -1.7567299355e-03    1.2228725316e-07    1.4801913048e-03    6.3780622478e-09   -3.4731318095e-04    6.5221180698e-08
  60.0300000   -3.1428095874e-04    4.8905608721e-07   -1.7613637243e-03    1.4839043833e-07    1.4811785120e-03    1.0107756445e-08   -3.4567039104e-04    6.4726368934e-08
  60.0400000   -3.0543466351e-04    5.1895789848e-07   -1.7661633720e-03    1.7148393940e-07    1.4821193023e-03    1.3732535478e-08   -3.4399601270e-04    6.3828303523e-08
  60.0500000   -2.9767496043e-04    5.4032511126e-07   -1.7711262808e-03    1.9113018506e-07    1.4830130890e-03    1.7229946834e-08   -3.4229102617e-04    6.2530435699e-08
  60.0600000   -2.9099904692e-04    5.5279894388e-07   -1.7762486705e-03    2.0695994194e-07    1.4838594925e-03    2.0578720919e-08   -3.4055656762e-04    6.0838844031e-08
  60.0700000   -2.8538910017e-04    5.5616955726e-07   -1.7815258008e-03    2.1867928945e-07    1.4846583438e-03    2.3758914558e-08   -3.3879392455e-04    5.8762213165e-08
  60.0800000   -2.8081247965e-04    5.5037979641e-07   -1.7869521861e-03    2.2607516764e-07    1.4854096874e-03    2.6752022308e-08   -3.3700453033e-04    5.6311790851e-08
  60.0900000   -2.7722213798e-04    5.3552628862e-07   -1.7925217991e-03    2.2901927171e-07    1.4861137826e-03    2.9541099583e-08   -3.3518995786e-04    5.3501344068e-08
  60.1000000   -2.7455723424e-04    5.1185799264e-07   -1.7982282567e-03    2.2747036820e-07    1.4867711035e-03    3.2110856717e-08   -3.3335191257e-04    5.0347064932e-08
  60.1100000   -2.7274394174e-04    4.7977210264e-07   -1.8040649860e-03    2.2147486014e-07    1.4873823378e-03    3.4447744041e-08   -3.3149222455e-04    4.6867490204e-08
  60.1200000   -2.7169643873e-04    4.3980744611e-07   -1.8100253654e-03    2.1116567138e-07    1.4879483842e-03    3.6540017085e-08   -3.2961283995e-04    4.3083395622e-08
  60.1300000   -2.7131806849e-04    3.9263547999e-07   -1.8161028400e-03    1.9675948368e-07    1.4884703491e-03    3.8377797384e-08   -3.2771581177e-04    3.9017653294e-08
  60.1400000   -2.7150265268e-04    3.3904896413e-07   -1.8222910064e-03    1.7855233741e-07    1.4889495414e-03    3.9953112446e-08   -3.2580328997e-04    3.4695112304e-08
  60.1500000   -2.7213593930e-04    2.7994860073e-07   -1.8285836694e-03    1.5691367744e-07    1.4893874662e-03    4.1259919596e-08   -3.2387751092e-04    3.0142431461e-08
  60.1600000   -2.7309716545e-04    2.1632779217e-07   -1.8349748671e-03    1.3227909977e-07    1.4897858174e-03    4.2294115558e-08   -3.2194078638e-04    2.5387911561e-08
  60.1700000   -2.7426071270e-04    1.4925579699e-07   -1.8414588666e-03    1.0514172465e-07    1.4901464694e-03    4.3053536672e-08   -3.1999549193e-04    2.0461321270e-08
