  57.0100000    2.3490760306e-07    1.3944229695e-06    5.8019561744e-07   -4.4992440301e-07    4.4241453077e-08   -7.5646649130e-08   -1.3440532053e-07   -3.2360163840e-08
  57.0200000    1.2968178317e-07    1.2081940572e-06    5.8087793219e-07   -3.9969644059e-07    5.1764436204e-08   -6.9426594679e-08   -1.2007222406e-07   -3.2028650380e-08
  57.0300000    2.2806112731e-08    1.0122809868e-06    5.7292114124e-07   -3.4318712195e-07    5.8977426842e-08   -6.2720025661e-08   -1.0500112924e-07   -3.1497546980e-08
  57.0400000   -8.4272993635e-08    8.0979752282e-07    5.5647533066e-07   -2.8130314178e-07    6.5846605962e-08   -5.5570487861e-08   -8.9285656305e-08   -3.0779420523e-08
  57.0500000   -1.9010529784e-07    6.0398270088e-07    5.3182395941e-07   -2.1503987723e-07    7.2340605221e-08   -4.8024800592e-08   -7.3023394088e-08   -2.9888103241e-08
  57.0600000   -2.9325540960e-07    3.9814750692e-07    4.9938178237e-07   -1.4546551573e-07    7.8430684146e-08   -4.0132736200e-08   -5.6315310926e-08   -2.8838529803e-08
  57.0700000   -3.9232132315e-07    1.9562011530e-07    4.5969056068e-07   -7.3703959378e-08    8.4090886104e-08   -3.1946683128e-08   -3.9265134268e-08   -2.7646602939e-08
  57.0800000   -4.8595247445e-07   -3.0922013088e-10    4.1341255755e-07   -9.1669680100e-10    8.9298163335e-08   -2.3521285637e-08   -2.1978721291e-08   -2.6329016529e-08
  57.0900000   -5.7286715663e-07   -1.8644290457e-07    3.6132189810e-07    7.1715949867e-08    9.4032492062e-08   -1.4913065386e-08   -4.5634103221e-09   -2.4903091761e-08
  57.1000000   -6.5186910993e-07   -3.5972927852e-07    3.0429381589e-07    1.4301408227e-07    9.8276947393e-08   -6.1800220623e-09    1.2872641869e-08   -2.3386619092e-08
  57.1100000   -7.2186304854e-07   -5.1731355469e-07    2.4329198397e-07    2.1181743626e-07    1.0201777483e-07    2.6187594904e-09    3.0221112483e-08   -2.1797663094e-08
  57.1200000   -7.8186903222e-07   -6.5658562844e-07    1.7935407057e-07    2.7700441877e-07    1.0524442473e-07    1.1423532127e-08    4.7374182380e-08   -2.0154415011e-08
  57.1300000   -8.3103541647e-07   -7.7522384303e-07    1.1357569175e-07    3.3751058606e-07    1.0794955022e-07    2.0174307365e-08    6.4225198431e-08   -1.8475001520e-08
  57.1400000   -8.6865030785e-07   -8.7123401455e-07    4.7093021172e-08    3.9234621138e-07    1.1012900471e-07    2.8811275144e-08    8.0669320813e-08   -1.6777322393e-08
  57.1500000   -8.9415132270e-07   -9.4298308844e-07   -1.8935631029e-08    4.4061272668e-07    1.1178181087e-07    3.7275233685e-08    9.6604168240e-08   -1.5078879040e-08
  57.1600000   -9.0713359750e-07   -9.8922675938e-07   -8.3349042988e-08    4.8151770823e-07    1.1291008629e-07    4.5507998275e-08    1.1193045734e-07   -1.3396622784e-08
  57.1700000   -9.0735587678e-07   -1.0091307350e-06   -1.4500278903e-07    5.1438817413e-07    1.1351895997e-07    5.3452837956e-08    1.2655260249e-07   -1.1746794403e-08
  57.1800000   -8.9474466469e-07   -1.0022851105e-06   -2.0278901526e-07    5.3868196747e-07    1.1361647622e-07    6.1054856653e-08    1.4037930537e-07   -1.0144772866e-08
  57.1900000   -8.6939630573e-07   -9.6871175563e-07   -2.5565600055e-07    5.5399699977e-07    1.1321346947e-07    6.8261407611e-08    1.5332413019e-07   -8.6049429201e-09
  57.2000000   -8.3157698848e-07   -9.0886458201e-07   -3.0262715563e-07    5.6007827245e-07    1.1232340432e-07    7.5022454843e-08    1.6530601816e-07   -7.1405701277e-09
  57.2100000   -7.8172070228e-07   -8.2362256033e-07   -3.4281906867e-07    5.5682240310e-07    1.1096222737e-07    8.1290943934e-08    1.7624980515e-07   -5.7636783070e-09
  57.2200000   -7.2042498712e-07   -7.1427581979e-07   -3.7545828536e-07    5.4427976514e-07    1.0914818189e-07    8.7023143075e-08    1.8608668161e-07   -4.4849576491e-09
  57.2300000   -6.4844468386e-07   -5.8250487472e-07   -3.9989647378e-07    5.2265402207e-07    1.0690160979e-07    9.2178954980e-08    1.9475461342e-07   -3.3136621782e-09
  57.2400000   -5.6668359301e-07   -4.3035352633e-07   -4.1562367444e-07    4.9229915137e-07    1.0424475363e-07    9.6722207395e-08    2.0219874768e-07   -2.2575327072e-09
  57.2500000   -4.7618417860e-07   -2.6019569866e-07   -4.2227938317e-07    4.5371398232e-07    1.0120153389e-07    1.0062092285e-07    2.0837172824e-07   -1.3227580713e-09
  57.2600000   -3.7811543171e-07   -7.4696981716e-08   -4.1966114456e-07    4.0753427547e-07    9.7797325880e-08    1.0384755042e-07    2.1323401069e-07   -5.1389396607e-10
  57.2700000   -2.7375888332e-07    1.2322858351e-07   -4.0773056756e-07    3.5452255877e-07    9.4058726458e-08    1.0637916622e-07    2.1675411034e-07    1.6613138594e-10
  57.2800000   -1.6449306045e-07    3.3046574259e-07   -3.8661646778e-07    2.9555576344e-07    9.0013311125e-08    1.0819764524e-07    2.1890880442e-07    7.1605399346e-10
  57.2900000   -5.1776462043e-08    5.4374841268e-07   -3.5661517373e-07    2.3161098518e-07    8.5689414335e-08    1.0928980007e-07    2.1968327057e-07    1.1362611399e-09
  57.3000000    6.2870781629e-08    7.5971243776e-07   -3.1818775231e-07    1.6374947737e-07    8.1115863309e-08    1.0964747361e-07    2.1907119768e-07    1.4287926415e-09
  57.3100000    1.7788627969e-07    9.7494982172e-07   -2.7195433966e-07    9.3099189981e-08    7.6321760391e-08    1.0926760770e-07    2.1707482596e-07    1.5972701134e-09
  57.3200000    2.9168565420e-07    1.1860634479e-06   -2.1868547364e-07    2.0836154728e-08    7.1336244020e-08    1.0815227618e-07    2.1370495317e-07    1.6468908885e-09
  57.3300000    4.0268340621e-07    1.3897215142e-06   -1.5929061651e-07   -5.1834990238e-08    6.6188262014e-08    1.0630866417e-07    2.0898085780e-07    1.5843278228e-09
  57.3400000    5.0931415403e-07    1.5827106378e-06   -9.4804010848e-08   -1.2370107942e-07    6.0906356112e-08    1.0374903085e-07    2.0293020874e-07    1.4176718196e-09
  57.3500000    6.1005399033e-07    1.7619869119e-06   -2.6368034267e-08   -1.9356066529e-07    5.5518441484e-08    1.0049062134e-07    1.9558889335e-07    1.1563230932e-09
  57.3600000    7.0344163805e-07    1.9247238698e-06    4.4785655870e-08   -2.6024417303e-07    5.0051625058e-08    9.6555555299e-08    1.8700080844e-07    8.1089734508e-10
  57.3700000    7.8809913801e-07    2.0683568438e-06    1.1735679628e-07   -3.2263359363e-07    4.4532015573e-08    9.1970665479e-08    1.7721760157e-07    3.9310444313e-10
  57.3800000    8.6275185777e-07    2.1906227483e-06    1.8999885345e-07   -3.7968140473e-07    3.8984544866e-08    8.6767314365e-08    1.6629836051e-07   -8.4395140329e-11
  57.3900000    9.2624738655e-07    2.2895948521e-06    2.6134246815e-07   -4.3042835385e-07    3.3432837071e-08    8.0981168986e-08    1.5430926129e-07   -6.0810532394e-10
  57.4000000    9.7757320752e-07    2.3637119081e-06    3.3001968316e-07   -4.7401990095e-07    2.7899054745e-08    7.4651960594e-08    1.4132316942e-07   -1.1638670405e-09
  57.4100000    1.0158727125e-06    2.4118012050e-06    3.9468846930e-07   -5.0972087284e-07    2.2403791317e-08    6.7823191454e-08    1.2741920349e-07   -1.7369962432e-09
  57.4200000    1.0404594716e-06    2.4330952463e-06    4.5405719531e-07   -5.3692828643e-07    1.6965966249e-08    6.0541831059e-08    1.1268224530e-07   -2.3124589553e-09
  57.4300000    1.0508293496e-06    2.4272417633e-06    5.0690850341e-07   -5.5518186662e-07    1.1602761810e-08    5.2857987929e-08    9.7202447001e-08   -2.8750366096e-09
  57.4400000    1.0466703793e-06    2.3943070376e-06    5.5212214637e-07   -5.6417233966e-07    6.3295561886e-09    4.4824539601e-08    8.1074666182e-08   -3.4094863545e-09
  57.4500000    1.0278701166e-06    2.3347724383e-06    5.8869649583e-07   -5.6374710595e-07    1.1598854403e-09    3.6496788827e-08    6.4397895611e-08   -3.9007202896e-09
  57.4600000    9.9452038305e-07    2.2495244080e-06    6.1576804702e-07   -5.5391332263e-07   -3.8945659188e-09    2.7932026527e-08    4.7274669569e-08   -4.3339803375e-09
  57.4700000    9.4691918909e-07    2.1398379678e-06    6.3262883944e-07   -5.3483830936e-07   -8.8239601955e-09    1.9189160223e-08    2.9810420884e-08   -4.6949980981e-09
  57.4800000    8.8556978281e-07    2.0073542242e-06    6.3874123230e-07   -5.0684720394e-07   -1.3620277170e-08    1.0328282044e-08    1.2112863701e-08   -4.9701707254e-09
  57.4900000    8.1117681296e-07    1.8540522104e-06    6.3374977375e-07   -4.7041794564e-07   -1.8277284278e-08    1.4102434184e-09   -5.7086933735e-09   -5.1467171662e-09
  57.5000000    7.2463945485e-07    1.6822156171e-06    6.1749001691e-07   -4.2617362233e-07   -2.2790449171e-08   -7.5037784732e-09   -2.3543990682e-08   -5.2128423879e-09
  57.5100000    6.2704171502e-07    1.4943949900e-06    5.8999395459e-07   -3.7487226847e-07   -2.7156877487e-08   -1.6352714380e-08   -4.1282504462e-08   -5.1578705478e-09
  57.5200000    5.1963980453e-07    1.2933660747e-06    5.5149198412e-07   -3.1739435111e-07   -3.1375203571e-08   -2.5076029736e-08   -5.8814127538e-08   -4.9724030468e-09
  57.5300000    4.0384680435e-07    1.0820850504e-06    5.0241137334e-07   -2.5472808413e-07   -3.5445474442e-08   -3.3614161487e-08   -7.6029837068e-08   -4.6484360957e-09
  57.5400000    2.8121480974e-07    8.6364134434e-07    4.4337114335e-07   -1.8795279785e-07   -3.9369021015e-08   -4.1908932563e-08   -9.2822367933e-08   -4.1794742028e-09
  57.5500000    1.5341463013e-07    6.4120893265e-07    3.7517348820e-07   -1.1822064314e-07   -4.3148321462e-08   -4.9903966493e-08   -1.0908688012e-07   -3.5606443978e-09
  57.5600000    2.2213422647e-08    4.1799683818e-07    2.9879177574e-07   -4.6736980742e-08   -4.6786838890e-08   -5.7545084958e-08   -1.2472158784e-07   -2.7887790570e-09
  57.5700000   -1.1054953769e-07    1.9719970281e-07    2.1535542415e-07    2.5260279705e-08   -5.0288865808e-08   -6.4780685056e-08   -1.3962840729e-07   -1.8624943600e-09
  57.5800000   -2.4298855980e-07   -1.8050779980e-08    1.2613180062e-07    9.6522022389e-08   -5.3659345424e-08   -7.1562101090e-08   -1.5371356474e-07   -7.8224185133e-10
  57.5900000   -3.7319845181e-07   -2.2473283274e-07    3.2505494383e-08    1.6580957633e-07   -5.6903707313e-08   -7.7843949203e-08   -1.6688816114e-07    4.4963678239e-10
  57.6000000   -4.9928213180e-07   -4.1997920541e-07   -6.4044696196e-08    2.3191629385e-07   -6.0027676105e-08   -8.3584436841e-08   -1.7906873901e-07    1.8288952211e-09
  57.6100000   -6.1937869898e-07   -6.0111868406e-07   -1.6197063566e-07    2.9368874141e-07   -6.3037098458e-08   -8.8745662546e-08   -1.9017780236e-07    3.3493829443e-09
  57.6200000   -7.3169138462e-07   -7.6571398522e-07   -2.5968119134e-07    3.5004701988e-07   -6.5937756253e-08   -9.3293859536e-08   -2.0014429760e-07    5.0030309184e-09
  57.6300000   -8.3451506188e-07   -9.1159541963e-07   -3.5556954001e-07    4.0000400214e-07   -6.8735197312e-08   -9.7199641968e-08   -2.0890406882e-07    6.7799091773e-09
  57.6400000   -9.2626282900e-07   -1.0368898557e-06   -4.4804097261e-07    4.4268297742e-07   -7.1434550357e-08   -1.0043820008e-07   -2.1640025227e-07    8.6682604944e-09
  57.6500000   -1.0054912401e-06   -1.1400446174e-06   -5.3554067240e-07    4.7733354943e-07   -7.4040373247e-08   -1.0298946266e-07   -2.2258364959e-07    1.0654561091e-08
  57.6600000   -1.0709238150e-06   -1.2198460123e-06   -6.1658096126e-07    5.0334535076e-07   -7.6556478257e-08   -1.0483823199e-07   -2.2741303216e-07    1.2723615001e-08
  57.6700000   -1.1214723457e-06   -1.2754323040e-06   -6.8976761194e-07    5.2025941057e-07   -7.8985796286e-08   -1.0597426406e-07   -2.3085543115e-07    1.4858659003e-08
  57.6800000   -1.1562556838e-06   -1.3063010108e-06   -7.5382456328e-07    5.2777692005e-07   -8.1330235566e-08   -1.0639235812e-07   -2.3288632318e-07    1.7041462599e-08
  57.6900000   -1.1746156640e-06   -1.3123105677e-06   -8.0761676582e-07    5.2576522290e-07   -8.3590566208e-08   -1.0609234768e-07   -2.3348982288e-07    1.9252484196e-08
  57.7000000   -1.1761298490e-06   -1.2936763619e-06   -8.5017063772e-07    5.1426087481e-07   -8.5766304073e-08   -1.0507911452e-07   -2.3265879411e-07    2.1470996070e-08
  57.7100000   -1.1606207990e-06   -1.2509614381e-06   -8.8069174135e-07    4.9346976566e-07   -8.7855631684e-08   -1.0336251469e-07   -2.3039490049e-07    2.3675275690e-08
  57.7200000   -1.1281617672e-06   -1.1850620309e-06   -8.9857945760e-07    4.6376421370e-07   -8.9855309976e-08   -1.0095731342e-07   -2.2670862800e-07    2.5842756533e-08
  57.7300000   -1.0790785234e-06   -1.0971883656e-06   -9.0343822598e-07    4.2567705739e-07   -9.1760649602e-08   -9.7883059944e-08   -2.2161922104e-07    2.7950231406e-08
  57.7400000   -1.0139473250e-06   -9.8884103293e-07   -8.9508528647e-07    3.7989288272e-07   -9.3565458794e-08   -9.4163927434e-08   -2.1515460463e-07    2.9974044904e-08
  57.7500000   -9.3358896197e-07   -8.6178356758e-07   -8.7355467287e-07    3.2723642402e-07   -9.5262036854e-08   -8.9828536425e-08   -2.0735121793e-07    3.1890296105e-08
  57.7600000   -8.3905891274e-07   -7.1801165430e-07   -8.3909744216e-07    2.6865843789e-07   -9.6841178100e-08   -8.4909725377e-08   -1.9825381613e-07    3.3675061838e-08
  57.7700000   -7.3163368745e-07   -5.5971954747e-07   -7.9217807284e-07    2.0521917691e-07   -9.8292208875e-08   -7.9444312985e-08   -1.8791521694e-07    3.5304607116e-08
  57.7800000   -6.1279356357e-07   -3.8926436889e-07   -7.3346712489e-07    1.3806978250e-07   -9.9603035793e-08   -7.3472817479e-08   -1.7639599062e-07    3.6755611429e-08
  57.7900000   -4.8420188451e-07   -2.0912883024e-07   -6.6383031282e-07    6.8431938663e-08   -1.0076021501e-07   -6.7039156094e-08   -1.6376410261e-07    3.8005396439e-08
  57.8000000   -3.4768124466e-07   -2.1883130921e-08   -5.8431412383e-07   -2.4239230261e-09   -1.0174904767e-07   -6.0190330294e-08   -1.5009453482e-07    3.9032137478e-08
  57.8100000   -2.0518693571e-07    1.6985349142e-07   -4.9612828606e-07   -7.3201411021e-08   -1.0255368595e-07   -5.2976059566e-08   -1.3546881965e-07    3.9815100842e-08
  57.8200000   -5.8777903702e-08    3.6345081993e-07   -4.0062537503e-07   -1.4260163253e-07   -1.0315728053e-07   -4.5448447125e-08   -1.1997457507e-07    4.0334853054e-08
  57.8300000    8.9414148148e-08    5.5630479621e-07   -2.9927795072e-07   -2.0934684273e-07   -1.0354211857e-07   -3.7661577163e-08   -1.0370497125e-07    4.0573475600e-08
  57.8400000    2.3721715115e-07    7.4587315590e-07   -1.9365361789e-07   -2.7220386375e-07   -1.0368978727e-07   -2.9671131274e-08   -8.6758192122e-08    4.0514767688e-08
  57.8500000    3.8245206605e-07    9.2970908209e-07   -8.5388432913e-08   -3.3000689467e-07   -1.0358137511e-07   -2.1533993484e-08   -6.9236822973e-08    4.0144440861e-08
  57.8600000    5.2296661142e-07    1.1054923912e-06    2.3840793386e-08   -3.8167920642e-07   -1.0319765748e-07   -1.3307829060e-08   -5.1247249114e-08    3.9450302308e-08
  57.8700000    6.5666897564e-07    1.2710578610e-06    1.3234486795e-07   -4.2625340913e-07   -1.0251931073e-07   -5.0506870591e-09   -3.2899015990e-08    3.8422433987e-08
  57.8800000    7.8156074655e-07    1.4244203826e-06    2.3845073555e-07   -4.6288983168e-07   -1.0152713295e-07    3.1794244458e-09   -1.4304172875e-08    3.7053325537e-08
  57.8900000    8.9576866909e-07    1.5637966080e-06    3.4052961776e-07   -4.9089269373e-07   -1.0020228342e-07    1.1324939152e-08    4.4234312484e-09    3.5338036272e-08
  57.9000000    9.9757461609e-07    1.6876230094e-06    4.3702430335e-07   -5.0972377223e-07   -9.8526503476e-08    1.9329149943e-08    2.3168814906e-08    3.3274301101e-08
  57.9100000    1.0854432304e-06    1.7945700807e-06    5.2647508126e-07   -5.1901323428e-07   -9.6482376681e-08    2.7136595173e-08    4.1816557645e-08    3.0862641639e-08
  57.9200000    1.1580468812e-06    1.8835527175e-06    6.0754386897e-07   -5.1856746266e-07   -9.4053559103e-08    3.4693452134e-08    6.0251536452e-08    2.8106438087e-08
  57.9300000    1.2142873571e-06    1.9537368058e-06    6.7903611875e-07   -5.0837367427e-07   -9.1225040316e-08    4.1947902181e-08    7.8359593919e-08    2.5011995049e-08
  57.9400000    1.2533139917e-06    2.0045419869e-06    7.3992015324e-07   -4.8860122191e-07   -8.7983369075e-08    4.8850501993e-08    9.6028273942e-08    2.1588573944e-08
  57.9500000    1.2745378300e-06    2.0356408312e-06    7.8934348533e-07   -4.5959955242e-07   -8.4316899924e-08    5.5354505112e-08    1.1314748009e-07    1.7848406981e-08
  57.9600000    1.2776416592e-06    2.0469546032e-06    8.2664604290e-07   -4.2189277028e-07   -8.0216022404e-08    6.1416188905e-08    1.2961017913e-07    1.3806699214e-08
  57.9700000    1.2625855831e-06    2.0386458134e-06    8.5136988616e-07   -3.7617093561e-07   -7.5673385878e-08    6.6995144785e-08    1.4531305562e-07    9.4815677943e-09
  57.9800000    1.2296081271e-06    2.0111078843e-06    8.6326540857e-07   -3.2327817766e-07   -7.0684106902e-08    7.2054548222e-08    1.6015715542e-07    4.8940089338e-09
  57.9900000    1.1792227744e-06    1.9649522536e-06    8.6229383889e-07   -2.6419789175e-07   -6.5245960407e-08    7.6561392798e-08    1.7404850556e-07    6.7798289267e-11
  58.0000000    1.1122099693e-06    1.9009932137e-06    8.4862613114e-07   -2.0003517319e-07   -5.9359568881e-08    8.0486712883e-08    1.8689869941e-07   -4.9706095180e-09
  58.0100000    1.0296047048e-06    1.8202309024e-06    8.2263815640e-07   -1.3199686379e-07   -5.3028557620e-08    8.3805758532e-08    1.9862546059e-07   -1.0192216788e-08
  58.0200000    9.3267987481e-07    1.7238327996e-06    7.8490245248e-07   -6.1369521600e-08   -4.6259694719e-08    8.6498147587e-08    2.0915315990e-07   -1.5565637116e-08
  58.0300000    8.2292570421e-07    1.6131140817e-06    7.3617660896e-07    1.0504237967e-08   -3.9063014611e-08    8.8547984479e-08    2.1841330237e-07   -2.1057270369e-08
  58.0400000    7.0202549471e-07    1.4895172624e-06    6.7738853666e-07    8.2250707597e-08   -3.1451913365e-08    8.9943948115e-08    2.2634496597e-07   -2.6631504486e-08
  58.0500000    5.7182818118e-07    1.3545914178e-06    6.0961895358e-07    1.5249077209e-07   -2.3443217360e-08    9.0679344568e-08    2.3289520629e-07   -3.2250933555e-08
  58.0600000    4.3431816222e-07    1.2099713271e-06    5.3408140975e-07    2.1986590905e-07   -1.5057229116e-08    9.0752123665e-08    2.3801938973e-07   -3.7876603586e-08
  58.0700000    2.9158280026e-07    1.0573569050e-06    4.5210018099e-07    2.8306403618e-07   -6.3177453898e-09    9.0164865795e-08    2.4168151844e-07   -4.3468266654e-08
  58.0800000    1.4577827639e-07    8.9849310971e-07    3.6508652447e-07    3.4084467152e-07    2.7479580649e-09    8.8924738560e-08    2.4385445460e-07   -4.8984648577e-08
  58.0900000   -9.0564956675e-10    7.3515065547e-07    2.7451365499e-07    3.9206292374e-07    1.2109153122e-08    8.7043415768e-08    2.4452014044e-07   -5.4383742774e-08
  58.1000000   -1.4628140536e-07    5.6910764365e-07    1.8189094792e-07    4.3569193400e-07    2.1731752676e-08    8.4536962236e-08    2.4366971933e-07   -5.9623105280e-08
  58.1100000   -2.8819923179e-07    4.0213233280e-07    8.8737862951e-08    4.7084316597e-07    3.1578390384e-08    8.1425698328e-08    2.4130364266e-07   -6.4660181971e-08
  58.1200000   -4.2458209549e-07    2.3596720517e-07   -3.4420501814e-09    4.9678434427e-07    4.1608545372e-08    7.7734028066e-08    2.3743167809e-07   -6.9452596233e-08
  58.1300000   -5.5345919215e-07    7.2314226935e-08   -9.3186501108e-08    5.1295451483e-07    5.1778721367e-08    7.3490239145e-08    2.3207290159e-07   -7.3958504771e-08
  58.1400000   -6.7299753558e-07   -8.7178408936e-08   -1.7909875513e-07    5.1897598696e-07    6.2042609074e-08    6.8726275621e-08    2.2525561280e-07   -7.8136907843e-08
  58.1500000   -7.8153105992e-07   -2.4092827620e-07   -2.5987049206e-07    5.1466292220e-07    7.2351315977e-08    6.3477502047e-08    2.1701718171e-07   -8.1947983542e-08
  58.1600000   -8.7758673158e-07   -3.8742929053e-07   -3.3430278874e-07    5.0002634642e-07    8.2653596872e-08    5.7782412144e-08    2.0740387492e-07   -8.5353419801e-08
  58.1700000   -9.5990712204e-07   -5.2526112977e-07   -4.0132492261e-07    4.7527542818e-07    9.2896122823e-08    5.1682350079e-08    1.9647058432e-07   -8.8316715174e-08
  58.1800000   -1.0274692366e-06   -6.5309739295e-07   -4.6001064732e-07    4.4081502779e-07    1.0302376902e-07    4.5221202021e-08    1.8428054653e-07   -9.0803536282e-08
  58.1900000   -1.0794990773e-06   -7.6971273361e-07   -5.0959172964e-07    3.9723951260e-07    1.1297993244e-07    3.8445062844e-08    1.7090498144e-07   -9.2781991490e-08
  58.2000000   -1.1154818266e-06   -8.7398906204e-07   -5.4946853690e-07    3.4532289353e-07    1.2270685817e-07    3.1401901233e-08    1.5642266734e-07   -9.4222939065e-08
  58.2100000   -1.1351674031e-06   -9.6492087566e-07   -5.7921750430e-07    2.8600544114e-07    1.3214598670e-07    2.4141213427e-08    1.4091952172e-07   -9.5100275279e-08
  58.2200000   -1.1385713872e-06   -1.0416199679e-06   -5.9859541174e-07    2.2037705599e-07    1.4123832903e-07    1.6713664227e-08    1.2448807737e-07   -9.5391186097e-08
  58.2300000   -1.1259712226e-06   -1.1033195384e-06   -6.0754044626e-07    1.4965764291e-07    1.4992483822e-07    9.1707247709e-09    1.0722697022e-07   -9.5076408808e-08
  58.2400000   -1.0978978715e-06   -1.1493778496e-06   -6.0617006755e-07    7.5174805839e-08    1.5814680793e-07    1.5643035807e-09    8.9240328840e-08   -9.4140454031e-08
  58.2500000   -1.0551230560e-06   -1.1792815778e-06   -5.9477580234e-07   -1.6606902766e-09    1.6584626672e-07   -6.0536111344e-09    7.0637182024e-08   -9.2571811924e-08
  58.2600000   -9.9864235558e-07   -1.1926488790e-06   -5.7381504459e-07   -7.9381224388e-08    1.7296637586e-07   -1.3631315752e-08    5.1530805528e-08   -9.0363122597e-08
  58.2700000   -9.2965442945e-07   -1.1892322076e-06   -5.4390007079e-07   -1.5648996727e-07    1.7945184808e-07   -2.1117749243e-08    3.2038049962e-08   -8.7511322029e-08
  58.2800000   -8.4953694380e-07   -1.1689210380e-06   -5.0578459931e-07   -2.3148932770e-07    1.8524934967e-07   -2.8462847542e-08    1.2278633550e-08   -8.4017795229e-08
  58.2900000   -7.5981943995e-07   -1.1317443630e-06   -4.6034800581e-07   -3.0290964084e-07    1.9030789772e-07   -3.5617872200e-08   -7.6255734280e-09   -7.9888437369e-08
  58.3000000   -6.6215383961e-07   -1.0778729738e-06   -4.0857769527e-07   -3.6933757577e-07    1.9457926237e-07   -4.2535746955e-08   -2.7551291562e-08   -7.5133725277e-08
  58.3100000   -5.5828309806e-07   -1.0076215131e-06   -3.5154982485e-07   -4.2944371513e-07    1.9801835331e-07   -4.9171364517e-08   -4.7374566220e-08   -6.9768763114e-08
  58.3200000   -4.5000853479e-07   -9.2145014183e-07   -2.9040883078e-07   -4.8200880500e-07    2.0058358819e-07   -5.5481876450e-08   -6.6971543741e-08   -6.3813254712e-08
  58.3300000   -3.3915665560e-07   -8.1996578682e-07   -2.2634614073e-07   -5.2594804786e-07    2.0223726302e-07   -6.1426979447e-08   -8.6219226800e-08   -5.7291483333e-08
  58.3400000   -2.2754587145e-07   -7.0392271148e-07   -1.6057842785e-07   -5.6033311170e-07    2.0294588794e-07   -6.6969170685e-08   -1.0499621448e-07   -5.0232239492e-08
  58.3500000   -1.1695385084e-07   -5.7422239222e-07   -9.4325814753e-08   -5.8441133386e-07    2.0268049976e-07   -7.2073969774e-08   -1.2318347760e-07   -4.2668710533e-08
  58.3600000   -9.0861930341e-09   -4.3191240697e-07   -2.8790460536e-08   -5.9762167885e-07    2.0141697165e-07   -7.6710138906e-08   -1.4066508704e-07   -3.4638346672e-08
  58.3700000    9.4453122782e-08   -2.7818422339e-07    3.4864194716e-08   -5.9960724537e-07    1.9913627284e-07   -8.0849865854e-08   -1.5732894546e-07   -2.6182682843e-08
  58.3800000    1.9218890605e-07   -1.1436965190e-07    9.5533063337e-08   -5.9022392834e-07    1.9582471906e-07   -8.4468917476e-08   -1.7306748931e-07   -1.7347147867e-08
  58.3900000    2.8279896743e-07    5.8064145413e-08    1.5218765918e-07   -5.6954510522e-07    1.9147417975e-07   -8.7546778813e-08   -1.8777836639e-07   -8.1808131671e-09
  58.4000000    3.6513508680e-07    2.3752140045e-07    2.0389263005e-07   -5.3786221003e-07    1.8608226204e-07   -9.0066758529e-08   -2.0136510877e-07    1.2638689486e-09
  58.4100000    4.3824016822e-07    4.2228621575e-07    2.4982034733e-07   -4.9568114951e-07    1.7965244265e-07   -9.2016050959e-08   -2.1373773105e-07    1.0931364930e-08
  58.4200000    5.0136149130e-07    6.1053307294e-07    2.8926329152e-07   -4.4371455163e-07    1.7219419995e-07   -9.3385801798e-08   -2.2481333536e-07    2.0763379649e-08
  58.4300000    5.5395960107e-07    8.0033937085e-07    3.2164408185e-07   -3.8287001207e-07    1.6372306423e-07   -9.4171124421e-08   -2.3451664227e-07    3.0699205378e-08
  58.4400000    5.9571292070e-07    9.8970006618e-07    3.4652299380e-07   -3.1423452021e-07    1.5426066667e-07   -9.4371083558e-08   -2.4278049143e-07    4.0676106782e-08
  58.4500000    6.2651789868e-07    1.1765445203e-06    3.6360290796e-07   -2.3905527806e-07    1.4383472677e-07   -9.3988671642e-08   -2.4954632124e-07    5.0629705071e-08
  58.4600000    6.4648479141e-07    1.3587554048e-06    3.7273163050e-07   -1.5871728887e-07    1.3247901927e-07   -9.3030738093e-08   -2.5476454005e-07    6.0494402003e-08
  58.4700000    6.5592911655e-07    1.5341896837e-06    3.7390158702e-07   -7.4718129961e-08    1.2023326903e-07   -9.1507902449e-08   -2.5839490285e-07    7.0203806737e-08
  58.4800000    6.5535919802e-07    1.7007014986e-06    3.6724698205e-07    1.1359711458e-08    1.0714306226e-07   -8.9434443798e-08   -2.6040679629e-07    7.9691181075e-08
  58.4900000    6.4545983801e-07    1.8561667723e-06    3.5303850077e-07    9.7878364092e-08    9.3259650872e-08   -8.6828164146e-08   -2.6077948594e-07    8.8889897624e-08
  58.5000000    6.2707265167e-07    1.9985093284e-06    3.3167567714e-07    1.8317539612e-07    7.8639770089e-08   -8.3710219960e-08   -2.5950229803e-07    9.7733896995e-08
  58.5100000    6.0117346709e-07    2.1257281594e-06    3.0367718649e-07    2.6559550522e-07    6.3345402517e-08   -8.0104943869e-08   -2.5657473660e-07    1.0615815846e-07
  58.5200000    5.6884728483e-07    2.2359255772e-06    2.6966913616e-07    3.4352227309e-07    4.7443487342e-08   -7.6039649941e-08   -2.5200654646e-07    1.1409918034e-07
  58.5300000    5.3126127625e-07    2.3273357853e-06    2.3037180748e-07    4.1540954165e-07    3.1005630443e-08   -7.1544407105e-08   -2.4581771600e-07    1.2149541860e-07
  58.5400000    4.8963652061e-07    2.3983534819e-06    1.8658489084e-07    4.7981177173e-07    1.4107746506e-08   -6.6651788508e-08   -2.3803839754e-07    1.2828777365e-07
  58.5500000    4.4521900904e-07    2.4475619940e-06    1.3917168335e-07    5.3541272440e-07   -3.1703121134e-09   -6.1396653386e-08   -2.2870879396e-07    1.3442003379e-07
  58.5600000    3.9925050489e-07    2.4737604669e-06    8.9042488065e-08    5.8105204643e-07   -2.0745166694e-08   -5.5815852342e-08   -2.1787896905e-07    1.3983931103e-07
  58.5700000    3.5294003926e-07    2.4759895760e-06    3.7137481530e-08    6.1574906774e-07   -3.8530328816e-08   -4.9947977088e-08   -2.0560859299e-07    1.4449646498e-07
  58.5800000    3.0743641292e-07    2.4535552507e-06   -1.5590558105e-08    6.3872350852e-07   -5.6436675369e-08   -4.3833058792e-08   -1.9196663174e-07    1.4834651465e-07
  58.5900000    2.6380250542e-07    2.4060498465e-06   -6.8193356657e-08    6.4941249428e-07   -7.4372917203e-08   -3.7512297035e-08   -1.7703098063e-07    1.5134901664e-07
  58.6000000    2.2299184084e-07    2.3333703476e-06   -1.1974388305e-07    6.4748369876e-07   -9.2246098766e-08   -3.1027754015e-08   -1.6088803055e-07    1.5346841840e-07
  58.6100000    1.8582788971e-07    2.2357329623e-06   -1.6935228816e-07    6.3284417796e-07   -1.0996212067e-07   -2.4422074970e-08   -1.4363219892e-07    1.5467439900e-07
  58.6200000    1.5298660960e-07    2.1136838515e-06   -2.1618088218e-07    6.0564478739e-07   -1.2742625891e-07   -1.7738175229e-08   -1.2536539595e-07    1.5494215791e-07
  58.6300000    1.2498255975e-07    1.9681053986e-06   -2.5945782875e-07    5.6628001743e-07   -1.4454370742e-07   -1.1018965947e-08   -1.0619642395e-07    1.5425268408e-07
  58.6400000    1.0215888558e-07    1.8002178060e-06   -2.9848945024e-07    5.1538317135e-07   -1.6122012549e-07   -4.3070601040e-09   -8.6240373956e-08    1.5259298466e-07
  58.6500000    8.4681423762e-08    1.6115756864e-06   -3.3267079516e-07    4.5381701892e-07   -1.7736217516e-07    2.3555038085e-09   -6.5617941166e-08    1.4995627626e-07
  58.6600000    7.2536989999e-08    1.4040594393e-06   -3.6149446605e-07    3.8265996755e-07   -1.9287808105e-07    8.9275448689e-09   -4.4454718703e-08    1.4634214954e-07
  58.6700000    6.5535962029e-08    1.1798613050e-06   -3.8455749460e-07    3.0318801345e-07   -2.0767816922e-07    1.5368989360e-08   -2.2880459032e-08    1.4175665958e-07
  58.6800000    6.3319063592e-08    9.4146608020e-07   -4.0156622703e-07    2.1685274530e-07   -2.2167539978e-07    2.1641134242e-08   -1.0282855761e-09    1.3621240120e-07
  58.6900000    6.5368191444e-08    6.9162652926e-07   -4.1233915298e-07    1.2525580897e-07   -2.3478590113e-07    2.7706873637e-08    2.0966091157e-08    1.2972853516e-07
  58.7000000    7.1021098347e-08    4.3333366314e-07   -4.1680768131e-07    3.0120239840e-08   -2.4692948143e-07    3.3530927553e-08    4.2965205308e-08    1.2233076896e-07
  58.7100000    7.9489590191e-08    1.6978217728e-07   -4.1501494333e-07   -6.6740825545e-08   -2.5803011460e-07    3.9080051506e-08    6.4830665698e-08    1.1405128039e-07
  58.7200000    8.9880831364e-08   -9.5668639591e-08   -4.0711254859e-07   -1.6345748884e-07   -2.6801643370e-07    4.4323216001e-08    8.6424009599e-08    1.0492860972e-07
  58.7300000    1.0122133649e-07   -3.5953803371e-07   -3.9335556081e-07   -2.5813787626e-07   -2.7682216916e-07    4.9231786624e-08    1.0760756305e-07    9.5007505823e-08
  58.7400000    1.1248310379e-07   -6.1827042462e-07   -3.7409573135e-07   -3.4890376858e-07   -2.8438657667e-07    5.3779678086e-08    1.2824528467e-07    8.4338718693e-08
  58.7500000    1.2261129368e-07   -8.6828489749e-07   -3.4977314475e-07   -4.3392632877e-07   -2.9065484030e-07    5.7943469551e-08    1.4820362808e-07    7.2978753105e-08
  58.7600000    1.3055291999e-07   -1.1060268810e-06   -3.2090650975e-07   -5.1146143632e-07   -2.9557844052e-07    6.1702542465e-08    1.6735238592e-07    6.0989581698e-08
  58.7700000    1.3528581313e-07   -1.3280212001e-06   -2.8808227607e-07   -5.7988376579e-07   -2.9911547614e-07    6.5039151670e-08    1.8556550637e-07    4.8438299074e-08
  58.7800000    1.3584731745e-07   -1.5309257267e-06   -2.5194275965e-07   -6.3771904235e-07   -3.0123097198e-07    6.7938502377e-08    2.0272192101e-07    3.5396768864e-08
  58.7900000    1.3136198887e-07   -1.7115846697e-06   -2.1317355892e-07   -6.8367398325e-07   -3.0189713124e-07    7.0388788548e-08    2.1870630902e-07    2.1941202884e-08
  58.8000000    1.2106768133e-07   -1.8670807548e-06   -1.7249052034e-07   -7.1666307911e-07   -3.0109355624e-07    7.2381240414e-08    2.3340987136e-07    8.1517172856e-09
  58.8100000    1.0433951445e-07   -1.9947852426e-06   -1.3062644311e-07   -7.3583192614e-07   -2.9880743099e-07    7.3910114758e-08    2.4673103279e-07   -5.8881547913e-09
  58.8200000    8.0710975264e-08   -2.0924049863e-06   -8.8317726974e-08   -7.4057650324e-07   -2.9503364649e-07    7.4972683458e-08    2.5857614346e-07   -2.0091952258e-08
  58.8300000    4.9891791926e-08   -2.1580256683e-06   -4.6291375921e-08   -7.3055804997e-07   -2.8977490850e-07    7.5569196405e-08    2.6886008700e-07   -3.4370846086e-08
  58.8400000    1.1782116855e-08   -2.1901502663e-06   -5.2523749171e-09   -7.0571315227e-07   -2.8304177383e-07    7.5702839411e-08    2.7750690528e-07   -4.8634180211e-08
  58.8500000   -3.3517474950e-08   -2.1877320993e-06    3.4128193185e-08   -6.6625890544e-07   -2.7485266231e-07    7.5379647231e-08    2.8445031166e-07   -6.2790069795e-08
  58.8600000   -8.5700274800e-08   -2.1502017160e-06    7.1224209632e-08   -6.1269289811e-07   -2.6523381896e-07    7.4608419696e-08    2.8963417899e-07   -7.6745984470e-08
  58.8700000   -1.4425240682e-07   -2.0774869277e-06    1.0546445020e-07   -5.4578800217e-07   -2.5421921997e-07    7.3400618263e-08    2.9301296386e-07   -9.0409352922e-08
  58.8800000   -2.0845641624e-07   -1.9700255623e-06    1.3634139104e-07   -4.6658200769e-07   -2.4185045826e-07    7.1770232403e-08    2.9455207978e-07   -1.0368820473e-07
  58.8900000   -2.7739965426e-07   -1.8287704985e-06    1.6341860656e-07   -3.7636218695e-07   -2.2817656365e-07    6.9733651442e-08    2.9422816789e-07   -1.1649177202e-07
  58.9000000   -3.4998723996e-07   -1.6551866952e-06    1.8633677522e-07   -2.7664510803e-07   -2.1325379623e-07    6.7309511290e-08    2.9202935384e-07   -1.2873111257e-07
  58.9100000   -4.2495944888e-07   -1.4512399858e-06    2.0481815335e-07   -1.6915188408e-07   -1.9714537933e-07    6.4518531322e-08    2.8795539058e-07   -1.4031974605e-07
  58.9200000   -5.0091330940e-07   -1.2193777933e-06    2.1866948938e-07   -5.5779357167e-08   -1.7992122111e-07    6.1383335585e-08    2.8201776353e-07   -1.5117423959e-07
  58.9300000   -5.7632797794e-07   -9.6250170632e-07    2.2778339561e-07    6.1432393547e-08   -1.6165757639e-07    5.7928284402e-08    2.7423969323e-07   -1.6121483256e-07
  58.9400000   -6.4959345629e-07   -6.8393228039e-07    2.3213812190e-07    1.8033555906e-07   -1.4243667296e-07    5.4179271350e-08    2.6465609898e-07   -1.7036598607e-07
  58.9500000   -7.1904209436e-07   -3.8736644376e-07    2.3179585841e-07    2.9871263184e-07   -1.2234631523e-07    5.0163535432e-08    2.5331345878e-07   -1.7855696712e-07
  58.9600000   -7.8298237065e-07   -7.6828037654e-08    2.2689955435e-07    4.1431622579e-07   -1.0147944906e-07    4.5909452448e-08    2.4026961694e-07   -1.8572237018e-07
  58.9700000   -8.3973413200e-07    2.4338782192e-07    2.1766839361e-07    5.2491002377e-07   -7.9933693152e-08    4.1446342858e-08    2.2559351658e-07   -1.9180262653e-07
  58.9800000   -8.8766486495e-07    5.6877579436e-07    2.0439205835e-07    6.2831008720e-07   -5.7810851574e-08    3.6804256230e-08    2.0936486472e-07   -1.9674447831e-07
  58.9900000   -9.2522595644e-07    8.9468586711e-07    1.8742383215e-07    7.2242579736e-07   -3.5216399099e-08    3.2013772152e-08    1.9167369741e-07   -2.0050139939e-07
  59.0000000   -9.5098847639e-07    1.2163923976e-06    1.6717280521e-07    8.0529973556e-07   -1.2258940561e-08    2.7105793618e-08    1.7261994036e-07   -2.0303400975e-07
  59.0100000   -9.6367759885e-07    1.5291656167e-06    1.4409523294e-07    8.7514565625e-07    1.0950339726e-08    2.2111343949e-08    1.5231282863e-07   -2.0431041441e-07
  59.0200000   -9.6220495916e-07    1.8283444217e-06    1.1868534152e-07    9.3038395354e-07    3.4298248449e-08    1.7061374031e-08    1.3087033178e-07   -2.0430651205e-07
  59.0300000   -9.4569832656e-07    2.1094092642e-06    9.1465650030e-08    9.6967388762e-07    5.7670168005e-08    1.1986570591e-08    1.0841847378e-07   -2.0300625065e-07
  59.0400000   -9.1352781929e-07    2.3680540306e-06    6.2977073085e-08    9.9194192755e-07    8.0950648934e-08    6.9171654893e-09    8.5090624151e-08   -2.0040182966e-07
  59.0500000   -8.6532818694e-07    2.6002555459e-06    3.3768940061e-08    9.9640574857e-07    1.0402399757e-07    1.8827565763e-09    6.1026724261e-08   -1.9649386659e-07
  59.0600000   -8.0101647920e-07    2.8023397065e-06    4.3891704140e-09    9.8259328694e-07    1.2677489238e-07   -3.0878511850e-09    3.6372471396e-08   -1.9129146921e-07
  59.0700000   -7.2080488178e-07    2.9710428794e-06   -2.4625302017e-08    9.5035647938e-07    1.4908895658e-07   -7.9668196593e-09    1.1278455452e-08   -1.8481230178e-07
  59.0800000   -6.2520807775e-07    3.1035677339e-06   -5.2757613329e-08    8.9987937124e-07    1.7085337459e-07   -1.2727415725e-08   -1.4100733440e-08   -1.7708255731e-07
  59.0900000   -5.1504512356e-07    3.1976322809e-06   -7.9519456902e-08    8.3168042795e-07    1.9195747549e-07   -1.7344160570e-08   -3.9607433860e-08   -1.6813687679e-07
  59.1000000   -3.9143548001e-07    3.2515112963e-06   -1.0445881484e-07    7.4660880746e-07    2.1229329549e-07   -2.1792943465e-08   -6.5081873197e-08   -1.5801823478e-07
  59.1100000   -2.5578931274e-07    3.2640694039e-06   -1.2716683067e-07    6.4583470575e-07    2.3175615399e-07   -2.6051145882e-08   -9.0363137903e-08   -1.4677775289e-07
  59.1200000   -1.0979195432e-07    3.2347850624e-06   -1.4728367983e-07    5.3083375286e-07    2.5024519469e-07   -3.0097743681e-08   -1.1529017668e-07   -1.3447442601e-07
  59.1300000    4.4617145868e-08    3.1637649680e-06   -1.6450346688e-07    4.0336572621e-07    2.6766391426e-07   -3.3913394207e-08   -1.3970279326e-07   -1.2117485312e-07
  59.1400000    2.0527082869e-07    3.0517485925e-06   -1.7857791839e-07    2.6544790550e-07    2.8392066439e-07   -3.7480514476e-08   -1.6344266260e-07   -1.0695286717e-07
  59.1500000    3.6980559855e-07    2.9001025237e-06   -1.8931901122e-07    1.1932333827e-07    2.9892913318e-07   -4.0783330490e-08   -1.8635432177e-07   -9.1889131354e-08
  59.1600000    5.3569736075e-07    2.7108047616e-06   -1.9660040999e-07   -3.2575321668e-08    3.1260879952e-07   -4.3807948508e-08   -2.0828616537e-07   -7.6070679608e-08
  59.1700000    7.0030116841e-07    2.4864189490e-06   -2.0035773905e-07   -1.8766594864e-07    3.2488535577e-07   -4.6542369350e-08   -2.2909144133e-07   -5.9590418055e-08
  59.1800000    8.6089409667e-07    2.2300589749e-06   -2.0058777912e-07   -3.4326039308e-07    3.3569110279e-07   -4.8976530157e-08   -2.4862917928e-07   -4.2546560981e-08
  59.1900000    1.0147207372e-06    1.9453443838e-06   -1.9734657764e-07   -4.9661040206e-07    3.4496529387e-07   -5.1102302277e-08   -2.6676514639e-07   -2.5042063314e-08
  59.2000000    1.1590404089e-06    1.6363473152e-06   -1.9074653657e-07   -6.4495538027e-07    3.5265447987e-07   -5.2913488954e-08   -2.8337272615e-07   -7.1839655517e-09
  59.2100000    1.2911752418e-06    1.3075316204e-06   -1.8095261397e-07   -7.8557111970e-07    3.5871278160e-07   -5.4405823767e-08   -2.9833378761e-07    1.0917251917e-08
  59.2200000    1.4085584456e-06    9.6368529899e-07   -1.6817767836e-07   -9.1581859603e-07    3.6310214078e-07   -5.5576923930e-08   -3.1153947343e-07    2.9148370052e-08
  59.2300000    1.5087817177e-06    6.0984714920e-07   -1.5267722864e-07   -1.0331920741e-06    3.6579252488e-07   -5.6426269442e-08   -3.2289099591e-07    4.7394141282e-08
  59.2400000    1.5896410380e-06    2.5122888404e-07   -1.3474342809e-07   -1.1353656117e-06    3.6676210832e-07   -5.6955152154e-08   -3.3230031247e-07    6.5538032705e-08
  59.2500000    1.6491799611e-06   -1.0686605346e-07   -1.1469882462e-07   -1.2202370661e-06    3.6599738398e-07   -5.7166619969e-08   -3.3969078106e-07    8.3462982733e-08
  59.2600000    1.6857296522e-06   -4.5912561324e-07   -9.2889630927e-08   -1.2859689262e-06    3.6349326623e-07   -5.7065406156e-08   -3.4499774261e-07    1.0105216030e-07
  59.2700000    1.6979448073e-06   -8.0031290890e-07   -6.9678910627e-08   -1.3310250910e-06    3.5925311915e-07   -5.6657863380e-08   -3.4816902266e-07    1.1818974447e-07
  59.2800000    1.6848348775e-06   -1.1253491965e-06   -4.5439719161e-08   -1.3542029458e-06    3.5328876411e-07   -5.5951875253e-08   -3.4916537644e-07    1.3476169191e-07
  59.2900000    1.6457898467e-06   -1.4293946922e-06   -2.0548305055e-08   -1.3546600491e-06    3.4562044837e-07   -5.4956773738e-08   -3.4796084426e-07    1.5065649874e-07
  59.3000000    1.5806001084e-06   -1.7079258808e-06    4.6224269442e-09   -1.3319350248e-06    3.3627675812e-07   -5.3683244265e-08   -3.4454303300e-07    1.6576596909e-07
  59.3100000    1.4894700199e-06   -1.9568080091e-06    2.9709140184e-08   -1.2859619640e-06    3.2529449351e-07   -5.2143225427e-08   -3.3891332108e-07    1.7998595556e-07
  59.3200000    1.3730246592e-06   -2.1723615416e-06    5.4363817258e-08   -1.2170782864e-06    3.1271850838e-07   -5.0349812494e-08   -3.3108696201e-07    1.9321707347e-07
  59.3300000    1.2323097270e-06   -2.3514214749e-06    7.8258974343e-08   -1.1260255548e-06    2.9860151954e-07   -4.8317143456e-08   -3.2109312783e-07    2.0536541457e-07
  59.3400000    1.0687844148e-06   -2.4913883998e-06    1.0109223589e-07   -1.0139433030e-06    2.8300384863e-07   -4.6060303693e-08   -3.0897484011e-07    2.1634319395e-07
  59.3500000    8.8430718228e-07   -2.5902705737e-06    1.2259024329e-07   -8.8235584515e-07    2.6599316723e-07   -4.3595206849e-08   -2.9478883382e-07    2.2606940675e-07
  59.3600000    6.8111470954e-07   -2.6467161695e-06    1.4251177480e-07   -7.3315210951e-07    2.4764416801e-07   -4.0938483971e-08   -2.7860532518e-07    2.3447040025e-07
  59.3700000    4.6179420523e-07   -2.6600351509e-06    1.6065013627e-07   -5.6855885286e-07    2.2803822244e-07   -3.8107383637e-08   -2.6050769921e-07    2.4148043570e-07
  59.3800000    2.2924940015e-07   -2.6302104307e-06    1.7683468528e-07   -3.9110755566e-07    2.0726301745e-07   -3.5119654641e-08   -2.4059209992e-07    2.4704218980e-07
  59.3900000   -1.3339196619e-08   -2.5578980508e-06    1.9093164422e-07   -2.0359553633e-07    1.8541212527e-07   -3.1993441227e-08   -2.1896695468e-07    2.5110719277e-07
  59.4000000   -2.6255927638e-07   -2.4444163533e-06    2.0284407513e-07   -9.0418128022e-09    1.6258458594e-07   -2.8747173651e-08   -1.9575240246e-07    2.5363624392e-07
  59.4100000   -5.1481625513e-07   -2.2917243840e-06    2.1251114866e-07    1.8936156461e-07    1.3888443493e-07   -2.5399469211e-08   -1.7107964949e-07    2.5459972648e-07
  59.4200000   -7.6638655818e-07   -2.1023897391e-06    2.1990667783e-07    3.8830189984e-07    1.1442022499e-07   -2.1969030161e-08   -1.4509026148e-07    2.5397790238e-07
  59.4300000   -1.0134738710e-06   -1.8795465475e-06    2.2503707519e-07    5.8440119573e-07    8.9304511788e-08   -1.8474545922e-08   -1.1793536105e-07    2.5176111357e-07
  59.4400000   -1.2522674707e-06   -1.6268440841e-06    2.2793870195e-07    7.7427339465e-07    6.3653328514e-08   -1.4934599225e-08   -8.9774768981e-08    2.4794992523e-07
  59.4500000   -1.4790016806e-06   -1.3483870885e-06    2.2867477811e-07    9.5458271486e-07    3.7585647141e-08   -1.1367585797e-08   -6.0776110687e-08    2.4255521690e-07
  59.4600000   -1.6900155629e-06   -1.0486685831e-06    2.2733188283e-07    1.1221019832e-06    1.1222824362e-08   -7.7916193072e-09   -3.1113801519e-08    2.3559819267e-07
  59.4700000   -1.8818117797e-06   -7.3249641695e-07    2.2401618654e-07    1.2737699044e-06   -1.5311980193e-08   -4.2244608337e-09   -9.6804885967e-10    2.2711032095e-07
  59.4800000   -2.0511138391e-06   -4.0491480357e-07    2.1884949011e-07    1.4067464416e-06   -4.1894366271e-08   -6.8343991643e-10    2.9476235515e-08    2.1713320918e-07
  59.4900000   -2.1949205615e-06   -7.1122036703e-08    2.1196524084e-07    1.5184651210e-06   -6.8399284137e-08    2.8146069021e-09    6.0030539526e-08    2.0571841505e-07
  59.5000000   -2.3105571062e-06    2.6361408947e-07    2.0350445289e-07    1.6066814233e-06   -9.4701621951e-08    6.2534076486e-09    9.0503900279e-08    1.9292718190e-07
  59.5100000   -2.3957215104e-06    5.9404184035e-07    1.9361186144e-07    1.6695163665e-06   -1.2067679114e-07    9.6173088592e-09    1.2070408067e-07    1.7883011343e-07
  59.5200000   -2.4485260780e-06    9.1501060033e-07    1.8243222525e-07    1.7054943563e-06   -1.4620130734e-07    1.2891321775e-08    1.5043874604e-07    1.6350678273e-07
  59.5300000   -2.4675329043e-06    1.2215540471e-06    1.7010697082e-07    1.7135747149e-06   -1.7115337698e-07    1.6061177519e-08    1.7951668182e-07    1.4704527860e-07
  59.5400000   -2.4517828313e-06    1.5089699368e-06    1.5677119862e-07    1.6931761281e-06   -1.9541347761e-07    1.9113367641e-08    2.0774898810e-07    1.2954168754e-07
  59.5500000   -2.4008174449e-06    1.7728953511e-06    1.4255109985e-07    1.6441935350e-06   -2.1886490574e-07    2.2035173972e-08    2.3495028567e-07    1.1109952973e-07
  59.5600000   -2.3146936356e-06    2.0093759724e-06    1.2756189799e-07    1.5670070412e-06   -2.4139434519e-07    2.4814703040e-08    2.6093991080e-07    9.1829129761e-08
  59.5700000   -2.1939903978e-06    2.2149283850e-06    1.1190636742e-07    1.4624826343e-06   -2.6289239098e-07    2.7440913126e-08    2.8554307732e-07    7.1846937715e-08
  59.5800000   -2.0398078069e-06    2.3865942568e-06    9.5673833363e-08    1.3319645206e-06   -2.8325408124e-07    2.9903634217e-08    3.0859204057e-07    5.1274831041e-08
  59.5900000   -1.8537580106e-06    2.5219856188e-06    7.8939799671e-08    1.1772590630e-06   -3.0237939160e-07    3.2193584949e-08    3.2992720164e-07    3.0239320558e-08
  59.6000000   -1.6379483858e-06    2.6193204358e-06    6.1766139736e-08    1.0006106008e-06   -3.2017371264e-07    3.4302384957e-08    3.4939818143e-07    8.8707945316e-09
  59.6100000   -1.3949570037e-06    2.6774479547e-06    4.4201848012e-08    8.0466931181e-07   -3.3654831430e-07    3.6222567820e-08    3.6686485138e-07   -1.2697340087e-08
  59.6200000   -1.1278007734e-06    2.6958634033e-06    2.6284298025e-08    5.9245170085e-07   -3.5142076392e-07    3.7947573460e-08    3.8219829346e-07   -3.4329498163e-08
  59.6300000   -8.3989666802e-07    2.6747118661e-06    8.0409990027e-09    3.6729411887e-07   -3.6471533827e-07    3.9471770918e-08    3.9528172840e-07   -5.5888787353e-08
  59.6400000   -5.3501653265e-07    2.6147813096e-06   -1.0508238593e-08    1.3280022765e-07   -3.7636338788e-07    4.0790430696e-08    4.0601133704e-07   -7.7237898911e-08
  59.6500000   -2.1723619670e-07    2.5174849411e-06   -2.9348760889e-08   -1.0721694800e-07   -3.8630368539e-07    4.1899741409e-08    4.1429705697e-07   -9.8240003892e-08
  59.6600000    1.0912045050e-07    2.3848331881e-06   -4.8468288969e-08   -3.4879737409e-07   -3.9448273021e-07    4.2796790604e-08    4.2006323776e-07   -1.1875964598e-07
  59.6700000    4.3954157478e-07    2.2193959397e-06   -6.7853876742e-08   -5.8789971679e-07   -4.0085502186e-07    4.3479557341e-08    4.2324928406e-07   -1.3866364490e-07
  59.6800000    7.6939089902e-07    2.0242555978e-06   -8.7488840717e-08   -8.2046940233e-07   -4.0538330220e-07    4.3946909143e-08    4.2381014969e-07   -1.5782196424e-07
  59.6900000    1.0939735306e-06    1.8029518908e-06   -1.0734962409e-07   -1.0425077968e-06   -4.0803875372e-07    4.4198570130e-08    4.2171677682e-07   -1.7610860312e-07
  59.7000000    1.4086033381e-06    1.5594194080e-06   -1.2740275552e-07   -1.2501413971e-06   -4.0880116832e-07    4.4235121042e-08    4.1695641422e-07   -1.9340242697e-07
  59.7100000    1.7086706961e-06    1.2979188921e-06   -1.4760199701e-07   -1.4396897938e-06   -4.0765907316e-07    4.4057975484e-08    4.0953285472e-07   -2.0958800140e-07
  59.7200000    1.9897098102e-06    1.0229635799e-06   -1.6788576359e-07   -1.6077312081e-06   -4.0460981477e-07    4.3669363664e-08    3.9946657189e-07   -2.2455636836e-07
  59.7300000    2.2474644215e-06    7.3924182826e-07   -1.8817488098e-07   -1.7511644804e-06   -3.9965961028e-07    4.3072309175e-08    3.8679473229e-07   -2.3820579969e-07
  59.7400000    2.4779510809e-06    4.5153733418e-07   -2.0837075586e-07   -1.8672663446e-06   -3.9282354986e-07    4.2270612587e-08    3.7157112797e-07   -2.5044251331e-07
  59.7500000    2.6775190096e-06    1.6464839049e-07   -2.2835416375e-07   -1.9537429302e-06   -3.8412557136e-07    4.1268826524e-08    3.5386599114e-07   -2.6118131316e-07
  59.7600000    2.8429056123e-06   -1.1669252300e-07   -2.4798441187e-07   -2.0087745945e-06   -3.7359838159e-07    4.0072235896e-08    3.3376570533e-07   -2.7034619886e-07
  59.7700000    2.9712869239e-06   -3.8789738428e-07   -2.6709929332e-07   -2.0310531202e-06   -3.6128334973e-07    3.8686830233e-08    3.1137241600e-07   -2.7787092748e-07
  59.7800000    3.0603221314e-06   -6.4459821299e-07   -2.8551559033e-07   -2.0198106035e-06   -3.4723034906e-07    3.7119281070e-08    2.8680353359e-07   -2.8369947651e-07
  59.7900000    3.1081916012e-06   -8.8271833756e-07   -3.0303025385e-07   -1.9748394032e-06   -3.3149756948e-07    3.5376922825e-08    2.6019115408e-07   -2.8778647879e-07
  59.8000000    3.1136277407e-06   -1.0985381210e-06   -3.1942226936e-07   -1.8965026987e-06   -3.1415128087e-07    3.3467713527e-08    2.3168135649e-07   -2.9009756578e-07
  59.8100000    3.0759383662e-06   -1.2887541372e-06   -3.3445519992e-07   -1.7857353363e-06   -2.9526558119e-07    3.1400224248e-08    2.0143341972e-07   -2.9060965564e-07
  59.8200000    2.9950220271e-06   -1.4505307387e-06   -3.4788030919e-07   -1.6440348102e-06   -2.7492206886e-07    2.9183595657e-08    1.6961895948e-07   -2.8931115431e-07
  59.8300000    2.8713752138e-06   -1.5815432998e-06   -3.5944029674e-07   -1.4734424688e-06   -2.5320951875e-07    2.6827525277e-08    1.3642095394e-07   -2.8620208736e-07
  59.8400000    2.7060912144e-06   -1.6800123820e-06   -3.6887361311e-07   -1.2765151017e-06   -2.3022350725e-07    2.4342227450e-08    1.0203272077e-07   -2.8129417196e-07
  59.8500000    2.5008506289e-06   -1.7447283360e-06   -3.7591916156e-07   -1.0562872572e-06   -2.0606598799e-07    2.1738404790e-08    6.6656796258e-08   -2.7461076671e-07
  59.8600000    2.2579036357e-06   -1.7750660180e-06   -3.8032144789e-07   -8.1622488365e-07   -1.8084487968e-07    1.9027220062e-08    3.0503753503e-08   -2.6618680235e-07
  59.8700000    1.9800442786e-06   -1.7709893864e-06   -3.8183597330e-07   -5.6017098584e-07   -1.5467356910e-07    1.6220262207e-08   -6.2090307573e-09   -2.5606859119e-07
  59.8800000    1.6705769785e-06   -1.7330460604e-06   -3.8023482685e-07   -2.9228408659e-07   -1.2767043809e-07    1.3329508226e-08   -4.3258678489e-08   -2.4431358139e-07
  59.8900000    1.3332758545e-06   -1.6623519714e-06   -3.7531235760e-07   -1.6970516786e-08   -9.9958321587e-08    1.0367296846e-08   -8.0418139680e-08   -2.3099002791e-07
  59.9000000    9.7233728210e-07   -1.5605664327e-06   -3.6689079252e-07    2.6118836709e-07   -7.1663976169e-08    7.3462862138e-09   -1.1745758752e-07   -2.1617659863e-07
  59.9100000    5.9232637403e-07   -1.4298582012e-06   -3.5482566885e-07    5.3751281828e-07   -4.2917508003e-08    4.2794135452e-09   -1.5414581191e-07   -1.9996190304e-07
  59.9200000    1.9811803669e-07   -1.2728631380e-06   -3.3901103969e-07    8.0730397108e-07   -1.3851786745e-08    1.1798607675e-09   -1.9025165735e-07   -1.8244396188e-07
  59.9300000   -2.0516652018e-07   -1.0926342472e-06   -3.1938420916e-07    1.0659243274e-06    1.5398157655e-08   -1.9389890354e-09   -2.2554546191e-07   -1.6372958528e-07
  59.9400000   -6.1222709711e-07   -8.9258511688e-07   -2.9592995568e-07    1.3088781129e-06    4.4695757803e-08   -5.0635925560e-09   -2.5980050081e-07   -1.4393373816e-07
  59.9500000   -1.0176546098e-06   -6.7642766670e-07   -2.6868417794e-07    1.5318900822e-06    7.3903516296e-08   -8.1802952379e-09   -2.9279442962e-07   -1.2317879870e-07
  59.9600000   -1.4160031515e-06   -4.4810540707e-07   -2.3773673049e-07    1.7309814075e-06    1.0288366120e-07   -1.1275366357e-08   -3.2431070434e-07   -1.0159380639e-07
  59.9700000   -1.8018630034e-06   -2.1172338317e-07   -2.0323350371e-07    1.9025413223e-06    1.3149877979e-07   -1.4335068660e-08   -3.5413998577e-07   -7.9313628678e-08
  59.9800000   -2.1699336062e-06    2.8524002454e-08   -1.6537756091e-07    2.0433930856e-06    1.5961246400e-07   -1.7345681174e-08   -3.8208151386e-07   -5.6478117615e-08
  59.9900000   -2.5150955569e-06    2.6842594590e-07   -1.2442934259e-07    2.1508533031e-06    1.8708995385e-07   -2.0293566758e-08   -4.0794442090e-07   -3.3231198872e-08
  60.0000000   -2.8324806191e-06    5.0382785190e-07   -8.0705829307e-08    2.2227832349e-06    2.1379877154e-07   -2.3165223167e-08   -4.3154901547e-07   -9.7199592058e-09
  60.0100000   -3.1175388251e-06    7.3070213893e-07   -3.4578695117e-08    2.2576312940e-06    2.3960937135e-07   -2.5947326779e-08   -4.5272800211e-07    1.3906315741e-08
  60.0200000   -3.3661018010e-06    9.4521627763e-07    1.3528584894e-08    2.2544658162e-06    2.6439574504e-07   -2.8626796796e-08   -4.7132762794e-07    3.7497089322e-08
  60.0300000   -3.5744413997e-06    1.1437966963e-06    6.3144681410e-08    2.2129974052e-06    2.8803605457e-07   -3.1190847215e-08   -4.8720876177e-07    6.0901581107e-08
  60.0400000   -3.7393228962e-06    1.3231876566e-06    1.1375536034e-07    2.1335904615e-06    3.1041321763e-07   -3.3627044287e-08   -5.0024788144e-07    8.3969722341e-08
  60.0500000   -3.8580519993e-06    1.4805039825e-06    1.6480937360e-07    2.0172634138e-06    3.3141548644e-07   -3.5923360976e-08   -5.1033798584e-07    1.0655315704e-07
  60.0600000   -3.9285150516e-06    1.6132769740e-06    2.1572526190e-07    1.8656776935e-06    3.5093702109e-07   -3.8068237504e-08   -5.1738940325e-07    1.2850621829e-07
  60.0700000   -3.9492118690e-06    1.7194925705e-06    2.6589895766e-07    1.6811153832e-06    3.6887840422e-07   -4.0050638864e-08   -5.2133049129e-07    1.4968687123e-07
  60.0800000   -3.9192806993e-06    1.7976212860e-06    3.1471205952e-07    1.4664459244e-06    3.8514716771e-07   -4.1860103555e-08   -5.2210825278e-07    1.6995766376e-07
  60.0900000   -3.8385150197e-06    1.8466395252e-06    3.6154073405e-07    1.2250822813e-06    3.9965826410e-07   -4.3486811373e-08   -5.1968880435e-07    1.8918664894e-07
  60.1000000   -3.7073718810e-06    1.8660418388e-06    4.0576501457e-07    9.6092724425e-07    4.1233451831e-07   -4.4921632566e-08   -5.1405777181e-07    2.0724823426e-07
  60.1100000   -3.5269716161e-06    1.8558441548e-06    4.4677842429e-07    6.7831069045e-07    4.2310704130e-07   -4.6156184467e-08   -5.0522053876e-07    2.2402405106e-07
  60.1200000   -3.2990889396e-06    1.8165779109e-06    4.8399770647e-07    3.8191885837e-07    4.3191560242e-07   -4.7182879181e-08   -4.9320237114e-07    2.3940372186e-07
  60.1300000   -3.0261354578e-06    1.7492753069e-06    5.1687258196e-07    7.6716687762e-08    4.3870897732e-07   -4.7994979689e-08   -4.7804844883e-07    2.5328562064e-07
  60.1400000   -2.7111337661e-06    1.6554459920e-06    5.4489526985e-07   -2.3213535538e-07    4.4344524108e-07   -4.8586646380e-08   -4.5982372973e-07    2.6557754915e-07
  60.1500000   -2.3576834995e-06    1.5370457461e-06    5.6760963602e-07   -5.3936868184e-07    4.4609203452e-07   -4.8952982596e-08   -4.3861273552e-07    2.7619737708e-07
  60.1600000   -1.9699196030e-06    1.3964376525e-06    5.8461985460e-07   -8.3969667207e-07    4.4662675820e-07   -4.9090078334e-08   -4.1451917265e-07    2.8507358090e-07
  60.1700000   -1.5524634158e-06    1.2363466536e-06    5.9559832116e-07   -1.1279058984e-06    4.4503676523e-07   -4.8995045164e-08   -3.8766545436e-07    2.9214575752e-07
