  57.0100000    8.0472007745e-07    7.6014054240e-07   -2.1112962586e-07   -2.7391809366e-07   -9.6995403422e-09   -1.7431879101e-08   -9.4946875333e-08    6.1446477176e-09
  57.0200000    8.4349759127e-07    8.4342294641e-07   -1.6064310731e-07   -2.7537975426e-07   -1.4127409342e-08   -1.9588381974e-08   -8.1395006864e-08    1.2415265306e-08
  57.0300000    8.7167257659e-07    9.1213207147e-07   -1.0478623207e-07   -2.7264430568e-07   -1.8450824575e-08   -2.1581696448e-08   -6.7199877252e-08    1.8599066861e-08
  57.0400000    8.8874743585e-07    9.6541741773e-07   -4.4665552652e-08   -2.6571258238e-07   -2.2641078813e-08   -2.3403115932e-08   -5.2442776597e-08    2.4657234718e-08
  57.0500000    8.9437563678e-07    1.0026252479e-06    1.8523019382e-08   -2.5465430582e-07   -2.6670436589e-08   -2.5045267722e-08   -3.7209381201e-08    3.0551847299e-08
  57.0600000    8.8837017538e-07    1.0233052368e-06    8.3519441210e-08   -2.3960783385e-07   -3.0512311318e-08   -2.6502133163e-08   -2.1589259355e-08    3.6246126799e-08
  57.0700000    8.7070962382e-07    1.0272144762e-06    1.4902581737e-07   -2.2077875849e-07   -3.4141421282e-08   -2.7769040639e-08   -5.6753515843e-09    4.1704671720e-08
  57.0800000    8.4154163128e-07    1.0143186652e-06    2.1373335882e-07   -1.9843729230e-07   -3.7533970355e-08   -2.8842690763e-08    1.0436581606e-08    4.6893679867e-08
  57.0900000    8.0118378378e-07    9.8479066359e-07    2.7634927580e-07   -1.7291448256e-07   -4.0667772177e-08   -2.9721124464e-08    2.6648518309e-08    5.1781170123e-08
  57.1000000    7.5012164027e-07    9.3900640208e-07    3.3562320925e-07   -1.4459732839e-07   -4.3522401756e-08   -3.0403721979e-08    4.2860779633e-08    5.6337174593e-08
  57.1100000    6.8900401803e-07    8.7753831164e-07    3.9037253571e-07   -1.1392283565e-07   -4.6079308371e-08   -3.0891164637e-08    5.8972628349e-08    6.0533932909e-08
  57.1200000    6.1863549265e-07    8.0114631278e-07    4.3950610365e-07   -8.1371126639e-08   -4.8321940709e-08   -3.1185399566e-08    7.4882890707e-08    6.4346061373e-08
  57.1300000    5.3996617167e-07    7.1076669230e-07    4.8204590917e-07   -4.7457715223e-08   -5.0235836835e-08   -3.1289586982e-08    9.0490592173e-08    6.7750709754e-08
  57.1400000    4.5407890791e-07    6.0749885498e-07    5.1714627625e-07   -1.2725020062e-08   -5.1808719315e-08   -3.1208062989e-08    1.0569559903e-07    7.0727697943e-08
  57.1500000    3.6217406036e-07    4.9259036731e-07    5.4411019124e-07    2.2266663848e-08   -5.3030554397e-08   -3.0946264005e-08    1.2039924453e-07    7.3259637093e-08
  57.1600000    2.6555211275e-07    3.6742039905e-07    5.6240244784e-07    5.6948634377e-08   -5.3893619975e-08   -3.0510657401e-08    1.3450497843e-07    7.5332034423e-08
  57.1700000    1.6559432768e-07    2.3348185438e-07    5.7165939395e-07    9.0753525262e-08   -5.4392547286e-08   -2.9908678625e-08    1.4791898463e-07    7.6933371396e-08
  57.1800000    6.3741748166e-08    9.2362419996e-08    5.7169512332e-07    1.2312511410e-07   -5.4524345365e-08   -2.9148638920e-08    1.6055081288e-07    7.8055170515e-08
  57.1900000   -3.8527020486e-08   -5.4275137391e-08    5.6250398662e-07    1.5352807056e-07   -5.4288410324e-08   -2.8239651918e-08    1.7231398115e-07    7.8692027632e-08
  57.2000000   -1.3971901833e-07   -2.0471321842e-07    5.4425944102e-07    1.8145743205e-07   -5.3686534918e-08   -2.7191535628e-08    1.8312654874e-07    7.8841644661e-08
  57.2100000   -2.3835063332e-07   -3.5719993888e-07    5.1730924341e-07    2.0644768515e-07   -5.2722877320e-08   -2.6014718826e-08    1.9291170637e-07    7.8504826808e-08
  57.2200000   -3.3297140059e-07   -5.0996967424e-07    4.8216725467e-07    2.2808111571e-07   -5.1403943437e-08   -2.4720166209e-08    2.0159828351e-07    7.7685465053e-08
  57.2300000   -4.2218756508e-07   -6.6126335405e-07    4.3950186913e-07    2.4599556903e-07   -4.9738530890e-08   -2.3319257962e-08    2.0912127586e-07    7.6390490846e-08
  57.2400000   -5.0468486663e-07   -8.0934828112e-07    3.9012151563e-07    2.5989117806e-07   -4.7737667253e-08   -2.1823709235e-08    2.1542231629e-07    7.4629816919e-08
  57.2500000   -5.7925025097e-07   -9.5253731882e-07    3.3495745842e-07    2.6953604866e-07   -4.5414536491e-08   -2.0245469210e-08    2.2045009831e-07    7.2416266930e-08
  57.2600000   -6.4479205513e-07   -1.0892071204e-06    2.7504429445e-07    2.7477085717e-07   -4.2784401125e-08   -1.8596626799e-08    2.2416078815e-07    6.9765478479e-08
  57.2700000   -7.0035828601e-07   -1.2178153419e-06    2.1149862504e-07    2.7551208889e-07   -3.9864487814e-08   -1.6889320304e-08    2.2651836528e-07    6.6695776604e-08
  57.2800000   -7.4515269214e-07   -1.3369165927e-06    1.4549627444e-07    2.7175403552e-07   -3.6673886720e-08   -1.5135636967e-08    2.2749494301e-07    6.3228051792e-08
  57.2900000   -7.7854831704e-07   -1.4451770160e-06    7.8248598769e-08    2.6356934189e-07   -3.3233418314e-08   -1.3347531480e-08    2.2707100739e-07    5.9385613390e-08
  57.3000000   -8.0009822352e-07   -1.5413873916e-06    1.0978348879e-08    2.5110817608e-07   -2.9565510006e-08   -1.1536744319e-08    2.2523563909e-07    5.5194014862e-08
  57.3100000   -8.0954327196e-07   -1.6244746723e-06   -5.5104418234e-08    2.3459598035e-07   -2.5694046734e-08   -9.7147080984e-09    2.2198665678e-07    5.0680890488e-08
  57.3200000   -8.0681667763e-07   -1.6935118306e-06   -1.1882586440e-07    2.1432986522e-07   -2.1644222230e-08   -7.8924912835e-09    2.1733073447e-07    4.5875758400e-08
  57.3300000   -7.9204533871e-07   -1.7477260298e-06   -1.7907089607e-07    1.9067362722e-07   -1.7442377643e-08   -6.0807174868e-09    2.1128342605e-07    4.0809817279e-08
  57.3400000   -7.6554788327e-07   -1.7865050579e-06   -2.3480420562e-07    1.6405156933e-07   -1.3115838838e-08   -4.2894966113e-09    2.0386917062e-07    3.5515744324e-08
  57.3500000   -7.2782935168e-07   -1.8094020263e-06   -2.8508949732e-07    1.3494115381e-07   -8.6927474940e-09   -2.5283759759e-09    1.9512121661e-07    3.0027474115e-08
  57.3600000   -6.7957274630e-07   -1.8161383373e-06   -3.2910641689e-07    1.0386461920e-07   -4.2018801280e-09   -8.0628637803e-10    1.8508149974e-07    2.4379971507e-08
  57.3700000   -6.2162746719e-07   -1.8066049568e-06   -3.6616497479e-07    7.1379791737e-08    3.2752389460e-10    8.6850766620e-10    1.7380045748e-07    1.8608991838e-08
  57.3800000   -5.5499484833e-07   -1.7808620287e-06   -3.9571716387e-07    3.8070058380e-08    4.8659489695e-09    2.4884337611e-09    1.6133680734e-07    1.2750870303e-08
  57.3900000   -4.8081111407e-07   -1.7391368692e-06   -4.1736556429e-07    4.5339489195e-09    9.3837818887e-09    4.0466518590e-09    1.4775722527e-07    6.8422577735e-09
  57.4000000   -4.0032792224e-07   -1.6818204528e-06   -4.3086882808e-07   -2.8625704908e-08    1.3851490382e-08    5.5370745578e-09    1.3313603379e-07    9.1990659344e-10
  57.4100000   -3.1489099160e-07   -1.6094624504e-06   -4.3614395661e-07   -6.0812748966e-08    1.8239809303e-08    6.9543788828e-09    1.1755478912e-07   -4.9795859095e-09
  57.4200000   -2.2591705215e-07   -1.5227648443e-06   -4.3326539692e-07   -9.1448558593e-08    2.2519913531e-08    8.2940224137e-09    1.0110181072e-07   -1.0819989821e-08
  57.4300000   -1.3486960160e-07   -1.4225743284e-06   -4.2246099489e-07   -1.1998273007e-07    2.6663601042e-08    9.5522367977e-09    8.3871730795e-08   -1.6565691567e-08
  57.4400000   -4.3233923716e-08   -1.3098734812e-06   -4.0410493291e-07   -1.4590321843e-07    3.0643454715e-08    1.0726029040e-08    6.5964910040e-08   -2.2181903450e-08
  57.4500000    4.7508306594e-08   -1.1857708522e-06   -3.7870788013e-07   -1.6874582759e-07    3.4433010380e-08    1.1813158096e-08    4.7486890520e-08   -2.7634888820e-08
  57.4600000    1.3590418152e-07   -1.0514901279e-06   -3.4690459084e-07   -1.8810291268e-07    3.8006919003e-08    1.2812129854e-08    2.8547744080e-08   -3.2892163387e-08
  57.4700000    2.2055420872e-07   -9.0835832137e-07   -3.0943914179e-07   -2.0363099059e-07    4.1341094612e-08    1.3722162798e-08    9.2614392261e-09   -3.7922697222e-08
  57.4800000    3.0013590300e-07   -7.5779327044e-07   -2.6714835536e-07   -2.1505722769e-07    4.4412868103e-08    1.4543161445e-08   -1.0254857018e-08   -4.2697101902e-08
  57.4900000    3.7342597525e-07   -6.0129039818e-07   -2.2094350356e-07   -2.2218466037e-07    4.7201109150e-08    1.5275677519e-08   -2.9881490438e-08   -4.7187803356e-08
  57.5000000    4.3932059532e-07   -4.4040893898e-07   -1.7179098489e-07   -2.2489596653e-07    4.9686357544e-08    1.5920874378e-08   -4.9497059411e-08   -5.1369210745e-08
  57.5100000    4.9685350940e-07   -2.7675766839e-07   -1.2069213462e-07   -2.2315577807e-07    5.1850946450e-08    1.6480481284e-08   -6.8979165834e-08   -5.5217852599e-08
  57.5200000    5.4521163010e-07   -1.1198026656e-07   -6.8662749969e-08   -2.1701148543e-07    5.3679089503e-08    1.6956741255e-08   -8.8205181676e-08   -5.8712520432e-08
  57.5300000    5.8374774804e-07    5.2259593822e-08   -1.6712675655e-08   -2.0659243094e-07    5.5156992268e-08    1.7352362343e-08   -1.0705302913e-07   -6.1834372298e-08
  57.5400000    6.1199030813e-07    2.1429337034e-07    3.4174093772e-08   -1.9210763954e-07    5.6272927896e-08    1.7670466443e-08   -1.2540195711e-07   -6.4567047376e-08
  57.5500000    6.2964993462e-07    3.7246283206e-07    8.3058426263e-08   -1.7384194568e-07    5.7017305023e-08    1.7914527864e-08   -1.4313332686e-07   -6.6896740312e-08
  57.5600000    6.3662269683e-07    5.2513522277e-07    1.2906375735e-07   -1.5215073781e-07    5.7382725341e-08    1.8088323247e-08   -1.6013137089e-07   -6.8812267832e-08
  57.5700000    6.3298998094e-07    6.7071836839e-07    1.7139223239e-07   -1.2745332630e-07    5.7364026663e-08    1.8195867115e-08   -1.7628396149e-07   -7.0305109340e-08
  57.5800000    6.1901511914e-07    8.0767552237e-07    2.0933888198e-07   -1.0022508480e-07    5.6958319502e-08    1.8241360006e-08   -1.9148336862e-07   -7.1369463566e-08
  57.5900000    5.9513668728e-07    9.3453996270e-07    2.4230368298e-07   -7.0988504274e-08    5.6164997904e-08    1.8229128394e-08   -2.0562695059e-07   -7.2002220214e-08
  57.6000000    5.6195880755e-07    1.0499291544e-06    2.6980115361e-07   -4.0303324948e-08    5.4985749905e-08    1.8163570659e-08   -2.1861787600e-07   -7.2202993369e-08
  57.6100000    5.2023843210e-07    1.1525584403e-06    2.9146753310e-07   -8.7559342911e-09    5.3424548114e-08    1.8049097439e-08   -2.3036578055e-07   -7.1974073837e-08
  57.6200000    4.7087010792e-07    1.2412540962e-06    3.0706520667e-07    2.3051761075e-08    5.1487633616e-08    1.7890089453e-08   -2.4078739281e-07   -7.1320397752e-08
  57.6300000    4.1486828062e-07    1.3149657283e-06    3.1648454548e-07    5.4513800841e-08    4.9183472784e-08    1.7690836194e-08   -2.4980712608e-07   -7.0249487294e-08
  57.6400000    3.5334767084e-07    1.3727777958e-06    3.1974300909e-07    8.5031712940e-08    4.6522719429e-08    1.7455502018e-08   -2.5735763081e-07   -6.8771373589e-08
  57.6500000    2.8750198158e-07    1.4139202702e-06    3.1698173382e-07    1.1402594887e-07    4.3518156861e-08    1.7188070923e-08   -2.6338027583e-07   -6.6898517580e-08
  57.6600000    2.1858141770e-07    1.4377782433e-06    3.0845956696e-07    1.4094698892e-07    4.0184624099e-08    1.6892322593e-08   -2.6782560794e-07   -6.4645694072e-08
  57.6700000    1.4786941077e-07    1.4439003800e-06    2.9454484669e-07    1.6528584793e-07    3.6538937853e-08    1.6571782505e-08   -2.7065373021e-07   -6.2029887005e-08
  57.6800000    7.6658955061e-08    1.4320061748e-06    2.7570509082e-07    1.8658385952e-07    3.2599801225e-08    1.6229698555e-08   -2.7183464624e-07   -5.9070142156e-08
  57.6900000    6.2291076833e-09    1.4019918393e-06    2.5249484786e-07    2.0444148745e-07    2.8387703651e-08    1.5869027268e-08   -2.7134851251e-07   -5.5787435745e-08
  57.7000000   -6.2178067937e-08    1.3539347162e-06    2.2554201547e-07    2.1852598484e-07    2.3924803451e-08    1.5492394261e-08   -2.6918587323e-07   -5.2204519016e-08
  57.7100000   -1.2737949107e-07    1.2880962463e-06    1.9553292628e-07    2.2857780516e-07    1.9234817188e-08    1.5102088971e-08   -2.6534778074e-07   -4.8345752920e-08
  57.7200000   -1.8827181849e-07    1.2049231882e-06    1.6319658448e-07    2.3441554581e-07    1.4342883115e-08    1.4700063818e-08   -2.5984587332e-07   -4.4236927025e-08
  57.7300000   -2.4385035863e-07    1.1050472574e-06    1.2928830831e-07    2.3593947406e-07    9.2754274002e-09    1.4287912993e-08   -2.5270239718e-07   -3.9905095384e-08
  57.7400000   -2.9322596880e-07    9.8928290892e-07    9.4573282093e-08    2.3313335865e-07    4.0600208391e-09    1.3866888462e-08   -2.4395013699e-07   -3.5378383134e-08
  57.7500000   -3.3563956855e-07    8.5862335323e-07    5.9810191577e-08    2.2606475375e-07   -1.2747625280e-09    1.3437890593e-08   -2.3363229949e-07   -3.0685786631e-08
  57.7600000   -3.7047406393e-07    7.1423468297e-07    2.5735442522e-08    2.1488362953e-07   -6.6995118113e-09    1.3001500747e-08   -2.2180230034e-07   -2.5856996641e-08
  57.7700000   -3.9726340034e-07    5.5744811070e-07   -6.9517892589e-09    1.9981937547e-07   -1.2184124100e-08    1.2557966205e-08   -2.0852351588e-07   -2.0922183571e-08
  57.7800000   -4.1569873231e-07    3.8975038690e-07   -3.7603386564e-08    1.8117627533e-07   -1.7697975689e-08    1.2107253282e-08   -1.9386895854e-07   -1.5911820385e-08
  57.7900000   -4.2563151868e-07    2.1277222860e-07   -6.5634672684e-08    1.5932747662e-07   -2.3210088396e-08    1.1649049688e-08   -1.7792086172e-07   -1.0856471962e-08
  57.8000000   -4.2707358791e-07    2.8275038715e-08   -9.0535154733e-08    1.3470767752e-07   -2.8689282796e-08    1.1182799520e-08   -1.6077025103e-07   -5.7865920517e-09
  57.8100000   -4.2019417214e-07   -1.6186422868e-07   -1.1187739871e-07    1.0780452289e-07   -3.4104352861e-08    1.0707731285e-08   -1.4251641087e-07   -7.3235452729e-10
  57.8200000   -4.0531402762e-07   -3.5566987557e-07   -1.2932392956e-07    7.9149022092e-08   -3.9424243362e-08    1.0222904196e-08   -1.2326631247e-07    4.2765469078e-09
  57.8300000   -3.8289678684e-07   -5.5108583199e-07   -1.4263198123e-07    4.9305079566e-08   -4.4618196334e-08    9.7272300380e-09   -1.0313399513e-07    9.2110754137e-09
  57.8400000   -3.5353773234e-07   -7.4599548147e-07   -1.5165608615e-07    1.8858388999e-08   -4.9655926763e-08    9.2195166978e-09   -8.2239884477e-08    1.4043032783e-08
  57.8500000   -3.1795026358e-07   -9.3824281983e-07   -1.5634851250e-07   -1.1595096102e-08   -5.4507791927e-08    8.6985188287e-09   -6.0710071372e-08    1.8745224799e-08
  57.8600000   -2.7695033808e-07   -1.1256546957e-06   -1.5675749325e-07   -4.1460909439e-08   -5.9144936408e-08    8.1629663658e-09   -3.8675540395e-08    2.3291608281e-08
  57.8700000   -2.3143919219e-07   -1.3060639595e-06   -1.5302344012e-07   -7.0157747125e-08   -6.3539459484e-08    7.6116178834e-09   -1.6271372571e-08    2.7657450213e-08
  57.8800000   -1.8238476682e-07   -1.4773333484e-06   -1.4537319020e-07   -9.7128938863e-08   -6.7664556882e-08    7.0432957742e-09    6.3640839893e-09    3.1819473465e-08
  57.8900000   -1.3080212476e-07   -1.6373797559e-06   -1.3411250032e-07   -1.2185337054e-07   -7.1494679624e-08    6.4569316748e-09    2.9090090963e-08    3.5755958653e-08
  57.9000000   -7.7733321207e-08   -1.7841987868e-06   -1.1961691127e-07   -1.4385571821e-07   -7.5005650324e-08    5.8516081158e-09    5.1764390356e-08    3.9446880523e-08
  57.9100000   -2.4227128901e-08   -1.9158890883e-06   -1.0232136875e-07   -1.6271576684e-07   -7.8174824648e-08    5.2265974606e-09    7.4244106420e-08    4.2873998584e-08
  57.9200000    2.8681062551e-08   -2.0306764342e-06   -8.2708687151e-08   -1.7807663136e-07   -8.0981193805e-08    4.5813985803e-09    9.6386663131e-08    4.6020944992e-08
  57.9300000    7.9988672255e-08   -2.1269370805e-06   -6.1297232413e-08   -1.8965168805e-07   -8.3405512785e-08    3.9157765039e-09    1.1805069062e-07    4.8873302151e-08
  57.9400000    1.2874439911e-07   -2.2032201430e-06   -3.8628123845e-08   -1.9723014029e-07   -8.5430411273e-08    3.2297846417e-09    1.3909694669e-07    5.1418664502e-08
  57.9500000    1.7406537621e-07   -2.2582687098e-06   -1.5252185303e-08   -2.0068102608e-07   -8.7040480390e-08    2.5238038093e-09    1.5938921308e-07    5.3646683216e-08
  57.9600000    2.1515264579e-07   -2.2910393871e-06    8.2829887058e-09   -1.9995562994e-07   -8.8222379335e-08    1.7985670775e-09    1.7879520318e-07    5.5549096192e-08
  57.9700000    2.5130470524e-07   -2.3007199552e-06    3.1445563315e-08   -1.9508831571e-07   -8.8964909539e-08    1.0551685965e-09    1.9718741871e-07    5.7119746668e-08
  57.9800000    2.8192895848e-07   -2.2867448780e-06    5.3731419410e-08   -1.8619558041e-07   -8.9259081780e-08    2.9509784027e-10    2.1444400661e-07    5.8354592146e-08
  57.9900000    3.0655076560e-07   -2.2488084012e-06    7.4675082614e-08   -1.7347355295e-07   -8.9098182882e-08   -4.7976145528e-10    2.3044958660e-07    5.9251688150e-08
  58.0000000    3.2482004134e-07   -2.1868749578e-06    9.3859577864e-08   -1.5719387734e-07   -8.8477817089e-08   -1.2671233662e-09    2.4509601316e-07    5.9811163182e-08
  58.0100000    3.3651526646e-07   -2.1011867197e-06    1.1092488398e-07   -1.3769805462e-07   -8.7395952588e-08   -2.0642906848e-09    2.5828313712e-07    6.0035190308e-08
  58.0200000    3.4154491955e-07   -1.9922680285e-06    1.2557487498e-07   -1.1539043464e-07   -8.5852941920e-08   -2.8681639957e-09    2.6991947630e-07    5.9927928904e-08
  58.0300000    3.3994633417e-07   -1.8609265785e-06    1.3758259773e-07   -9.0729904242e-08   -8.3851537958e-08   -3.6752479926e-09    2.7992288596e-07    5.9495469414e-08
  58.0400000    3.3188201219e-07   -1.7082512464e-06    1.4679378152e-07   -6.4220533790e-08   -8.1396899068e-08   -4.4816648599e-09    2.8822112054e-07    5.8745748467e-08
  58.0500000    3.1763360951e-07   -1.5356064460e-06    1.5312852249e-07   -3.6401281563e-08   -7.8496587893e-08   -5.2831803046e-09    2.9475237615e-07    5.7688475659e-08
  58.0600000    2.9759367487e-07   -1.3446229359e-06    1.5658118425e-07   -7.8350479919e-09   -7.5160534542e-08   -6.0752180856e-09    2.9946572951e-07    5.6335033019e-08
  58.0700000    2.7225536448e-07   -1.1371851661e-06    1.5721847046e-07    2.0902765124e-08   -7.1401024797e-08   -6.8528880259e-09    3.0232157001e-07    5.4698372727e-08
  58.0800000    2.4220045595e-07   -9.1541510029e-07    1.5517581145e-07    4.9235908928e-08   -6.7232645594e-08   -7.6110336728e-09    3.0329188258e-07    5.2792903664e-08
  58.0900000    2.0808581131e-07   -6.8165270285e-07    1.5065208757e-07    7.6598957443e-08   -6.2672239059e-08   -8.3442562770e-09    3.0236053122e-07    5.0634371427e-08
  58.1000000    1.7062874101e-07   -4.3843310071e-07    1.4390297010e-07    1.0244872760e-07   -5.7738828813e-08   -9.0469619609e-09    2.9952341032e-07    4.8239727287e-08
  58.1100000    1.3059148395e-07   -1.8846078641e-07    1.3523292264e-07    1.2627523042e-07   -5.2453552855e-08   -9.7134083481e-09    2.9478855794e-07    4.5627010225e-08
  58.1200000    8.8765151970e-08    6.5419115246e-08    1.2498614145e-07    1.4761192684e-07   -4.6839574404e-08   -1.0337757605e-08    2.8817617254e-07    4.2815186339e-08
  58.1300000    4.5953538726e-08    3.2025205862e-07    1.1353666130e-07    1.6604509843e-07   -4.0921980079e-08   -1.0914121937e-08    2.7971855133e-07    3.9824030184e-08
  58.1400000    2.9571083640e-09    5.7300756059e-07    1.0127788360e-07    1.8122209720e-07   -3.4727677736e-08   -1.1436622564e-08    2.6945996230e-07    3.6673973985e-08
  58.1500000   -3.9442611804e-08    8.2061458481e-07    8.8611740691e-08    1.9285832988e-07   -2.8285283688e-08   -1.1899448981e-08    2.5745641408e-07    3.3385955390e-08
  58.1600000   -8.0497734667e-08    1.0599983564e-06    7.5937782708e-08    2.0074288577e-07   -2.1624990875e-08   -1.2296907711e-08    2.4377538262e-07    2.9981286428e-08
  58.1700000   -1.1950768701e-07    1.2881182662e-06    6.3642491645e-08    2.0474259510e-07   -1.4778436932e-08   -1.2623501256e-08    2.2849541833e-07    2.6481495350e-08
  58.1800000   -1.5583152353e-07    1.5020063387e-06    5.2089041401e-08    2.0480451484e-07   -7.7785632428e-09   -1.2873965548e-08    2.1170573124e-07    2.2908202034e-08
  58.1900000   -1.8889866463e-07    1.6988058468e-06    4.1607746346e-08    2.0095675953e-07   -6.5946588604e-10   -1.3043338688e-08    1.9350566032e-07    1.9282962741e-08
  58.2000000   -2.1821788276e-07    1.8758095446e-06    3.2487416179e-08    1.9330765998e-07    6.5437630767e-09   -1.3127024018e-08    1.7400407793e-07    1.5627133444e-08
  58.2100000   -2.4338437058e-07    2.0304969716e-06    2.4967911775e-08    1.8204328056e-07    1.3795201395e-08   -1.3120840717e-08    1.5331877181e-07    1.1961742826e-08
  58.2200000   -2.6408481866e-07    2.1605703763e-06    1.9233919848e-08    1.6742334853e-07    2.1058261256e-08   -1.3021081867e-08    1.3157571518e-07    8.3073740389e-09
  58.2300000   -2.8010042963e-07    2.2639887563e-06    1.5410248747e-08    1.4977564662e-07    2.8295863010e-08   -1.2824564089e-08    1.0890830315e-07    4.6840225816e-09
  58.2400000   -2.9130782296e-07    2.3389994588e-06    1.3558670352e-08    1.2948902613e-07    3.5470612571e-08   -1.2528679047e-08    8.5456530501e-08    1.1110006119e-09
  58.2500000   -2.9767796837e-07    2.3841668873e-06    1.3676368875e-08    1.0700518160e-07    4.2544987902e-08   -1.2131438287e-08    6.1366131967e-08   -2.3931730887e-09
  58.2600000   -2.9927312255e-07    2.3983978946e-06    1.5696103876e-08    8.2809317093e-08    4.9481520181e-08   -1.1631515666e-08    3.6787664689e-08   -5.8108752113e-09
  58.2700000   -2.9624188609e-07    2.3809633357e-06    1.9488016437e-08    5.7419933495e-08    5.6242977897e-08   -1.1028282311e-08    1.1875568462e-08   -9.1254815786e-09
  58.2800000   -2.8881269699e-07    2.3315155387e-06    2.4863035938e-08    3.1377978063e-08    6.2792561324e-08   -1.0321838946e-08   -1.3212809428e-08   -1.2321413394e-08
  58.2900000   -2.7728570220e-07    2.2501012188e-06    3.1577887000e-08    5.2354554134e-09    6.9094077825e-08   -9.5130377696e-09   -3.8318223175e-08   -1.5384241775e-08
  58.3000000   -2.6202346015e-07    2.1371695803e-06    3.9341416437e-08   -2.0456093054e-08    7.5112141375e-08   -8.6035089412e-09   -6.3280536907e-08   -1.8300736335e-08
  58.3100000   -2.4344058612e-07    1.9935754531e-06    4.7822286886e-08   -4.5157116047e-08    8.0812351507e-08   -7.5956682562e-09   -8.7939754322e-08   -2.1058915398e-08
  58.3200000   -2.2199263687e-07    1.8205771197e-06    5.6657662262e-08   -6.8351357852e-08    8.6161480163e-08   -6.4927312869e-09   -1.1213706052e-07   -2.3648092635e-08
  58.3300000   -1.9816451987e-07    1.6198289464e-06    6.5462829398e-08   -8.9556605005e-08    9.1127645624e-08   -5.2987049754e-09   -1.3571585171e-07   -2.6058908586e-08
  58.3400000   -1.7245871405e-07    1.3933685392e-06    7.3841441209e-08   -1.0833477381e-07    9.5680500274e-08   -4.0183880518e-09   -1.5852274562e-07   -2.8283347316e-08
  58.3500000   -1.4538353173e-07    1.1435986457e-06    8.1396141883e-08   -1.2430101171e-07    9.9791384835e-08   -2.6573551247e-09   -1.8040860236e-07   -3.0314755450e-08
  58.3600000   -1.1744176204e-07    8.7326384215e-07    8.7739364841e-08   -1.3713174985e-07    1.0343350464e-07   -1.2219392108e-09   -2.0122951170e-07   -3.2147832516e-08
  58.3700000   -8.9119896962e-08    5.8542215411e-07    9.2504001471e-08   -1.4657140636e-07    1.0658209112e-07    2.8079827544e-10   -2.2084773199e-07   -3.3778638771e-08
  58.3800000   -6.0878197156e-08    2.8341187468e-07    9.5353677500e-08   -1.5243772129e-07    1.0921454001e-07    1.8431055199e-09   -2.3913262494e-07   -3.5204558596e-08
  58.3900000   -3.3141829556e-08   -2.9185980994e-08    9.5992472591e-08   -1.5462552455e-07    1.1131056739e-07    3.4565683481e-09   -2.5596153051e-07   -3.6424297321e-08
  58.4000000   -6.2932262860e-09   -3.4858937506e-07    9.4173708840e-08   -1.5310886520e-07    1.1285233294e-07    5.1121688391e-09   -2.7122059344e-07   -3.7437821339e-08
  58.4100000    1.9334161192e-08   -6.7086051925e-07    8.9707705402e-08   -1.4794154885e-07    1.1382456469e-07    6.8003320083e-09   -2.8480555488e-07   -3.8246327711e-08
  58.4200000    4.3460613174e-08   -9.9195417866e-07    8.2468266508e-08   -1.3925592864e-07    1.1421467251e-07    8.5109840504e-09   -2.9662245644e-07   -3.8852198764e-08
  58.4300000    6.5863300410e-08   -1.3077684995e-06    7.2397744225e-08   -1.2726009558e-07    1.1401285160e-07    1.0233626308e-08   -3.0658830389e-07   -3.9258935154e-08
  58.4400000    8.6377841725e-08   -1.6141976812e-06    5.9510508888e-08   -1.1223344541e-07    1.1321216816e-07    1.1957389139e-08   -3.1463165525e-07   -3.9471087594e-08
  58.4500000    1.0489825261e-07   -1.9071858506e-06    4.3894785646e-08   -9.4520737643e-08    1.1180862807e-07    1.3671120434e-08   -3.2069313873e-07   -3.9494198734e-08
  58.4600000    1.2137531665e-07   -2.1827814051e-06    2.5712790031e-08   -7.4524795127e-08    1.0980125359e-07    1.5363451278e-08   -3.2472588517e-07   -3.9334720950e-08
  58.4700000    1.3581347548e-07   -2.4371910869e-06    5.1990592313e-09   -5.2697962563e-08    1.0719211536e-07    1.7022884975e-08   -3.2669589524e-07   -3.8999932950e-08
  58.4800000    1.4826637201e-07   -2.6668331069e-06   -1.7342861949e-08   -2.9532481718e-08    1.0398638206e-07    1.8637872148e-08   -3.2658230937e-07   -3.8497872018e-08
  58.4900000    1.5883114201e-07   -2.8683884678e-06   -4.1545439996e-08   -5.5500384685e-09    1.0019232148e-07    2.0196909657e-08   -3.2437761108e-07   -3.7837232226e-08
  58.5000000    1.6764171941e-07   -3.0388498577e-06   -6.6983773524e-08    1.8709359459e-08    9.5821315826e-08    2.1688610907e-08   -3.2008773259e-07   -3.7027281899e-08
  58.5100000    1.7486127450e-07   -3.1755672879e-06   -9.3183544807e-08    4.2698883941e-08    9.0887846464e-08    2.3101808315e-08   -3.1373206950e-07   -3.6077777211e-08
  58.5200000    1.8067402601e-07   -3.2762898098e-06   -1.1963035586e-07    6.5876609587e-08    8.5409463683e-08    2.4425632884e-08   -3.0534341854e-07   -3.4998868805e-08
  58.5300000    1.8527675686e-07   -3.3392027195e-06   -1.4578006993e-07    8.7717126472e-08    7.9406739474e-08    2.5649604042e-08   -2.9496782455e-07   -3.3801018513e-08
  58.5400000    1.8887009524e-07   -3.3629594873e-06   -1.7107004691e-07    1.0772285082e-07    7.2903215514e-08    2.6763710194e-08   -2.8266433227e-07   -3.2494897389e-08
  58.5500000    1.9165002237e-07   -3.3467079974e-06   -1.9493098237e-07    1.2543480989e-07    6.5925318636e-08    2.7758502408e-08   -2.6850466511e-07   -3.1091315241e-08
  58.5600000    1.9379962890e-07   -3.2901105902e-06   -2.1679909999e-07    1.4044264167e-07    5.8502271974e-08    2.8625162580e-08   -2.5257281666e-07   -2.9601130060e-08
  58.5700000    1.9548155284e-07   -3.1933573994e-06   -2.3612846498e-07    1.5239356621e-07    5.0665983258e-08    2.9355592666e-08   -2.3496454850e-07   -2.8035153346e-08
  58.5800000    1.9683115247e-07   -3.0571727852e-06   -2.5240311891e-07    1.6100023684e-07    4.2450928427e-08    2.9942477781e-08   -2.1578682343e-07   -2.6404090757e-08
  58.5900000    1.9795070607e-07   -2.8828145682e-06   -2.6514876546e-07    1.6604724307e-07    3.3894004036e-08    3.0379355693e-08   -1.9515716249e-07   -2.4718456902e-08
  58.6000000    1.9890478279e-07   -2.6720659408e-06   -2.7394380616e-07    1.6739607074e-07    2.5034376856e-08    3.0660687114e-08   -1.7320291092e-07   -2.2988505168e-08
  58.6100000    1.9971688437e-07   -2.4272199921e-06   -2.7842938753e-07    1.6498852845e-07    1.5913315584e-08    3.0781905565e-08   -1.5006047855e-07   -2.1224173694e-08
  58.6200000    2.0036749722e-07   -2.1510569973e-06   -2.7831833959e-07    1.5884847315e-07    6.5740090854e-09    3.0739458926e-08   -1.2587446247e-07   -1.9435015957e-08
  58.6300000    2.0079362468e-07   -1.8468145446e-06   -2.7340271508e-07    1.4908181208e-07   -2.9386236833e-09    3.0530871481e-08   -1.0079676066e-07   -1.7630144631e-08
  58.6400000    2.0088981677e-07   -1.5181508719e-06   -2.6355983636e-07    1.3587479274e-07   -1.2578154128e-08    3.0154765404e-08   -7.4985607152e-08   -1.5818193485e-08
  58.6500000    2.0051067084e-07   -1.1691017138e-06   -2.4875664119e-07    1.1949058644e-07   -2.2296844087e-08    2.9610892863e-08   -4.8604577808e-08   -1.4007276238e-08
  58.6600000    1.9947477507e-07   -8.0403122511e-07   -2.2905228113e-07    1.0026422703e-07   -3.2045885589e-08    2.8900146663e-08   -2.1821538839e-08   -1.2204942612e-08
  58.6700000    1.9756999800e-07   -4.2757750176e-07   -2.0459887062e-07    7.8596033033e-08   -4.1775638954e-08    2.8024588262e-08    5.1924172841e-09   -1.0418166247e-08
  58.6800000    1.9456002450e-07   -4.4593366894e-08   -1.7564035842e-07    5.4943560742e-08   -5.1435874032e-08    2.6987432984e-08    3.2264067071e-08   -8.6533143454e-09
  58.6900000    1.9019193304e-07    3.3991674337e-07   -1.4250959021e-07    2.9812364323e-08   -6.0976017745e-08    2.5793055582e-08    5.9219186373e-08   -6.9161194108e-09
  58.7000000    1.8420465922e-07    7.2086311275e-07   -1.0562350364e-07    3.7456319884e-09   -7.0345432650e-08    2.4446966256e-08    8.5883656415e-08   -5.2117021596e-09
  58.7100000    1.7633813336e-07    1.0931392905e-06   -6.5476691978e-08   -2.2687016405e-08   -7.9493655173e-08    2.2955793858e-08    1.1208461476e-07   -3.5445478491e-09
  58.7200000    1.6634285443e-07    1.4516919652e-06   -2.2633308045e-08   -4.8901391696e-08   -8.8370678583e-08    2.1327249374e-08    1.3765157391e-07   -1.9185215830e-09
  58.7300000    1.5398962570e-07    1.7915912197e-06    2.2282407321e-08   -7.4310982753e-08   -9.6927217788e-08    1.9570086383e-08    1.6241753113e-07   -3.3687509907e-10
  58.7400000    1.3907925513e-07    2.1081001102e-06    6.8596845123e-08   -9.8339382457e-08   -1.0511497652e-07    1.7694045683e-08    1.8622006981e-07    1.1977356596e-09
  58.7500000    1.2145188647e-07    2.3967426568e-06    1.1559879496e-07   -1.2043259139e-07   -1.1288691131e-07    1.5709815619e-08    2.0890243650e-07    2.6832226498e-09
  58.7600000    1.0099573888e-07    2.6533691496e-06    1.6255195853e-07   -1.4007096419e-07   -1.2019750475e-07    1.3628941028e-08    2.3031456606e-07    4.1180378533e-09
  58.7700000    7.7655032425e-08    2.8742178699e-06    2.0870802517e-07   -1.5678059083e-07   -1.2700302478e-07    1.1463777858e-08    2.5031408810e-07    5.5011506134e-09
  58.7800000    5.1436804707e-08    3.0559722582e-06    2.5332002358e-07   -1.7014379243e-07   -1.3326176928e-07    9.2273884890e-09    2.6876728285e-07    6.8320030965e-09
  58.7900000    2.2416451381e-08    3.1958126080e-06    2.9565567803e-07   -1.7980860287e-07   -1.3893433279e-07    6.9334877369e-09    2.8554996845e-07    8.1104616142e-09
  58.8000000   -9.2582153063e-09    3.2914615388e-06    3.3501049617e-07   -1.8549695727e-07   -1.4398382761e-07    4.5963231301e-09    3.0054834789e-07    9.3367868481e-09
  58.8100000   -4.3364547706e-08    3.3412224086e-06    3.7072038293e-07   -1.8701144765e-07   -1.4837613261e-07    2.2305944348e-09    3.1365977909e-07    1.0511583164e-08
  58.8200000   -7.9604354843e-08    3.3440100521e-06    4.0217345866e-07   -1.8424051834e-07   -1.5208009464e-07   -1.4864869594e-10    3.2479348763e-07    1.1635738901e-08
  58.8300000   -1.1760511691e-07    3.2993732845e-06    4.2882092004e-07   -1.7716192706e-07   -1.5506774779e-07   -2.5261021211e-09    3.3387118480e-07    1.2710386257e-08
  58.8400000   -1.5692296412e-07    3.2075087220e-06    4.5018670742e-07   -1.6584442400e-07   -1.5731449944e-07   -4.8863275470e-09    3.4082762325e-07    1.3736845655e-08
  58.8500000   -1.9704760819e-07    3.0692655914e-06    4.6587578458e-07   -1.5044758941e-07   -1.5879930546e-07   -7.2138496431e-09    3.4561106492e-07    1.4716579199e-08
  58.8600000   -2.3740904409e-07    2.8861413215e-06    4.7558093569e-07   -1.3121982216e-07   -1.5950483138e-07   -9.4932696767e-09    3.4818365765e-07    1.5651131367e-08
  58.8700000   -2.7738602871e-07    2.6602678450e-06    4.7908789776e-07   -1.0849450312e-07   -1.5941760058e-07   -1.1709367362e-08    3.4852173244e-07    1.6542080127e-08
  58.8800000   -3.1631610727e-07    2.3943887185e-06    4.7627878054e-07   -8.2684365906e-08   -1.5852810729e-07   -1.3847219307e-08    3.4661600266e-07    1.7390987588e-08
  58.8900000   -3.5350709912e-07    2.0918272319e-06    4.6713376750e-07   -5.4274212682e-08   -1.5683093111e-07   -1.5892299766e-08    3.4247165503e-07    1.8199346147e-08
  58.9000000   -3.8824981453e-07    1.7564458461e-06    4.5173098186e-07   -2.3812082234e-08   -1.5432480698e-07   -1.7830591006e-08    3.3610838333e-07    1.8968543956e-08
  58.9100000   -4.1983168195e-07    1.3925974182e-06    4.3024464897e-07    8.1009499222e-09   -1.5101269706e-07   -1.9648680999e-08    3.2756029285e-07    1.9699812618e-08
  58.9200000   -4.4755116253e-07    1.0050689192e-06    4.0294158263e-07    4.0822238915e-08   -1.4690183079e-07   -2.1333863705e-08    3.1687572587e-07    2.0394184945e-08
  58.9300000   -4.7073248662e-07    5.9901819009e-07    3.7017606802e-07    7.3679894378e-08   -1.4200370788e-07   -2.2874235729e-08    3.0411699365e-07    2.1052476360e-08
  58.9400000   -4.8874059396e-07    1.7990473731e-07    3.3238329595e-07    1.0598595323e-07   -1.3633410993e-07   -2.4258786606e-08    2.8936001746e-07    2.1675222157e-08
  58.9500000   -5.0099575814e-07   -2.4658457932e-07    2.9007148299e-07    1.3704998080e-07   -1.2991305966e-07   -2.5477478287e-08    2.7269386220e-07    2.2262676416e-08
  58.9600000   -5.0698775525e-07   -6.7461394278e-07    2.4381288796e-07    1.6619292971e-07   -1.2276476696e-07   -2.6521321052e-08    2.5422021638e-07    2.2814779065e-08
  58.9700000   -5.0628911666e-07   -1.0982799560e-06    1.9423385231e-07    1.9276094127e-07   -1.1491755582e-07   -2.7382446832e-08    2.3405275492e-07    2.3331134702e-08
  58.9800000   -4.9856726174e-07   -1.5116948053e-06    1.4200416340e-07    2.1613881101e-07   -1.0640376431e-07   -2.8054178226e-08    2.1231645252e-07    2.3811013009e-08
  58.9900000   -4.8359515936e-07   -1.9090700609e-06    8.7825887940e-08    2.3576293042e-07   -9.7259617127e-08   -2.8531064698e-08    1.8914678186e-07    2.4253318053e-08
  59.0000000   -4.6126028174e-07   -2.2847998613e-06    3.2421932291e-08    2.5113330699e-07   -8.7525084126e-08   -2.8808950231e-08    1.6468888484e-07    2.4656610360e-08
  59.0100000   -4.3157159855e-07   -2.6335423065e-06   -2.3475445645e-08    2.6182452939e-07   -7.7243701936e-08   -2.8884991659e-08    1.3909664744e-07    2.5019094688e-08
  59.0200000   -3.9466442402e-07   -2.9502977549e-06   -7.9135975878e-08    2.6749545192e-07   -6.6462394557e-08   -2.8757697706e-08    1.1253173404e-07    2.5338637992e-08
  59.0300000   -3.5080298278e-07   -3.2304829300e-06   -1.3384231186e-07    2.6789729616e-07   -5.5231254085e-08   -2.8426937644e-08    8.5162546441e-08    2.5612774327e-08
  59.0400000   -3.0038050103e-07   -3.4699996168e-06   -1.8690044609e-07    2.6288012218e-07   -4.3603318199e-08   -2.7893960621e-08    5.7163162227e-08    2.5838730615e-08
  59.0500000   -2.4391687225e-07   -3.6652969807e-06   -2.3764933701e-07    2.5239742244e-07   -3.1634301395e-08   -2.7161387709e-08    2.8712214866e-08    2.6013456885e-08
  59.0600000   -1.8205374977e-07   -3.8134264334e-06   -2.8546970326e-07    2.3650880845e-07   -1.9382347226e-08   -2.6233200382e-08   -8.2522868397e-12    2.6133640202e-08
  59.0700000   -1.1554725398e-07   -3.9120882003e-06   -3.2979172558e-07    2.1538063996e-07   -6.9077350037e-09   -2.5114720599e-08   -2.8813954037e-08    2.6195754301e-08
  59.0800000   -4.5258206679e-08   -3.9596688455e-06   -3.7010169399e-07    1.8928464287e-07    5.7274202227e-09   -2.3812583774e-08   -5.7519566824e-08    2.6196091750e-08
  59.0900000    2.7859813298e-08   -3.9552690719e-06   -4.0594738662e-07    1.5859446381e-07    1.8459482591e-08   -2.2334691833e-08   -8.5939905923e-08    2.6130805717e-08
  59.1000000    1.0277452514e-07   -3.8987213226e-06   -4.3694229019e-07    1.2378021765e-07    3.1223618309e-08   -2.0690176485e-08   -1.1389114761e-07    2.5995954545e-08
  59.1100000    1.7839080140e-07   -3.7905968144e-06   -4.6276847760e-07    8.5401107830e-08    4.3954125624e-08   -1.8889329432e-08   -1.4119200926e-07    2.5787565987e-08
  59.1200000    2.5356813554e-07   -3.6322018532e-06   -4.8317831160e-07    4.4096264713e-08    5.6584784979e-08   -1.6943544178e-08   -1.6766494619e-07    2.5501665218e-08
  59.1300000    3.2713933125e-07   -3.4255632936e-06   -4.9799493149e-07    5.7393530351e-10    6.9049212686e-08   -1.4865231860e-08   -1.9313729764e-07    2.5134340754e-08
  59.1400000    3.9793013658e-07   -3.1734034317e-06   -5.0711153994e-07   -4.4400833624e-08    8.1281205922e-08   -1.2667756162e-08   -2.1744242543e-07    2.4681813341e-08
  59.1500000    4.6477948632e-07   -2.8791044273e-06   -5.1048972484e-07   -9.0019676492e-08    9.3215107144e-08   -1.0365332810e-08   -2.4042081777e-07    2.4140472590e-08
  59.1600000    5.2655989541e-07   -2.5466628749e-06   -5.0815677373e-07   -1.3544547807e-07    1.0478615996e-07   -7.9729363322e-09   -2.6192111906e-07    2.3506939135e-08
  59.1700000    5.8219767819e-07   -2.1806350259e-06   -5.0020219232e-07   -1.7982760603e-07    1.1593086677e-07   -5.5062013565e-09   -2.8180115521e-07    2.2778135148e-08
  59.1800000    6.3069263304e-07   -1.7860734226e-06   -4.8677349795e-07   -2.2231766870e-07    1.2658734578e-07   -2.9813268182e-09   -2.9992885303e-07    2.1951325425e-08
  59.1900000    6.7113670630e-07   -1.3684558915e-06   -4.6807151991e-07   -2.6208539468e-07    1.3669567131e-07   -4.1494648049e-10   -3.1618313903e-07    2.1024190822e-08
  59.2000000    7.0273145242e-07   -9.3360780042e-07   -4.4434522599e-07   -2.9833441804e-07    1.4619821951e-07    2.1759581573e-09   -3.3045473761e-07    1.9994862405e-08
  59.2100000    7.2480371174e-07   -4.8761883522e-07   -4.1588634471e-07   -3.3031763859e-07    1.5504000417e-07    4.7741966494e-09   -3.4264691081e-07    1.8861977509e-08
  59.2200000    7.3681940831e-07   -3.6755348361e-08   -3.8302381099e-07   -3.5735183103e-07    1.6316899202e-07    7.3624692191e-09   -3.5267610899e-07    1.7624745719e-08
  59.2300000    7.3839504113e-07    4.1263028226e-07   -3.4611829293e-07   -3.7883133793e-07    1.7053640479e-07    9.9234884344e-09   -3.6047254564e-07    1.6282977656e-08
  59.2400000    7.2930671149e-07    8.5419207002e-07   -3.0555676863e-07   -3.9424041620e-07    1.7709702418e-07    1.2440103928e-08   -3.6598067942e-07    1.4837135077e-08
  59.2500000    7.0949640787e-07    1.2816831049e-06   -2.6174744071e-07   -4.0316415791e-07    1.8280945547e-07    1.4895409461e-08   -3.6915960018e-07    1.3288359759e-08
  59.2600000    6.7907552017e-07    1.6890472350e-06   -2.1511485844e-07   -4.0529766180e-07    1.8763639226e-07    1.7272865158e-08   -3.6998333514e-07    1.1638515335e-08
  59.2700000    6.3832534680e-07    2.0705082553e-06   -1.6609554631e-07   -4.0045326126e-07    1.9154484508e-07    1.9556402072e-08   -3.6844102850e-07    9.8902105841e-09
  59.2800000    5.8769472490e-07    2.4206553416e-06   -1.1513404753e-07   -3.8856578546e-07    1.9450635898e-07    2.1730544149e-08   -3.6453706233e-07    8.0468169146e-09
  59.2900000    5.2779459078e-07    2.7345233204e-06   -6.2679415587e-08   -3.6969554289e-07    1.9649720786e-07    2.3780501271e-08   -3.5829105393e-07    6.1124915531e-09
  59.3000000    4.5938976753e-07    3.0076666368e-06   -9.1822443680e-09   -3.4402911162e-07    1.9749856089e-07    2.5692281382e-08   -3.4973776243e-07    4.0921815820e-09
  59.3100000    3.8338796350e-07    3.2362257481e-06    4.4907851077e-08   -3.1187782264e-07    1.9749662301e-07    2.7452772754e-08   -3.3892688389e-07    1.9916319610e-09
  59.3200000    3.0082617294e-07    3.4169850560e-06    9.9144290389e-08   -2.7367393372e-07    1.9648274878e-07    2.9049847829e-08   -3.2592276743e-07   -1.8262872588e-10
  59.3300000    2.1285479467e-07    3.5474213287e-06    1.5308521305e-07   -2.2996456592e-07    1.9445353510e-07    3.0472438665e-08   -3.1080402890e-07   -2.4232870451e-09
  59.3400000    1.2071965105e-07    3.6257419061e-06    2.0629475503e-07   -1.8140351628e-07    1.9141087713e-07    3.1710614515e-08   -2.9366307209e-07   -4.7222628903e-09
  59.3500000    2.5742260686e-08    3.6509120740e-06    2.5834415200e-07   -1.2874096981e-07    1.8736200726e-07    3.2755647958e-08   -2.7460550332e-07   -7.0707498940e-09
  59.3600000   -7.0701251817e-08    3.6226711023e-06    3.0881261104e-07   -7.2811424678e-08    1.8231948596e-07    3.3600072255e-08   -2.5374949509e-07   -9.4592194671e-09
  59.3700000   -1.6720233069e-07    3.5415367163e-06    3.5728810128e-07   -1.4519902592e-08    1.7630118232e-07    3.4237739026e-08   -2.3122502158e-07   -1.1877488848e-08
  59.3800000   -2.6234273100e-07    3.4087978576e-06    4.0336814111e-07    4.5173257029e-08    1.6933023027e-07    3.4663861542e-08   -2.0717306488e-07   -1.4314740943e-08
  59.3900000   -3.5471753852e-07    3.2264958378e-06    4.4666071094e-07    1.0526876435e-07    1.6143492126e-07    3.4875042329e-08   -1.8174470919e-07   -1.6759585908e-08
  59.4000000   -4.4295793377e-07    2.9973941319e-06    4.8678533252e-07    1.6474566502e-07    1.5264860650e-07    3.4869294215e-08   -1.5510017879e-07   -1.9200123711e-08
  59.4100000   -5.2575345905e-07    2.7249372368e-06    5.2337438978e-07    2.2257917586e-07    1.4300955660e-07    3.4646064236e-08   -1.2740783911e-07   -2.1623996583e-08
  59.4200000   -6.0187318589e-07    2.4131991648e-06    5.5607483526e-07    2.7775878026e-07    1.3256078326e-07    3.4206228266e-08   -9.8843105598e-08   -2.4018456369e-08
  59.4300000   -6.7018559258e-07    2.0668224786e-06    5.8455021232e-07    3.2930633231e-07    1.2134985752e-07    3.3552093118e-08   -6.9587330543e-08   -2.6370455273e-08
  59.4400000   -7.2967668365e-07    1.6909485460e-06    6.0848312697e-07    3.7629370656e-07    1.0942867290e-07    3.2687384018e-08   -3.9826638920e-08   -2.8666702506e-08
  59.4500000   -7.7946610897e-07    1.2911403350e-06    6.2757816440e-07    4.1785981075e-07    9.6853209525e-08    3.1617204257e-08   -9.7507566586e-09   -3.0893758831e-08
  59.4600000   -8.1882097100e-07    8.7329872380e-07    6.4156520452e-07    4.5322652906e-07    8.3683265391e-08    3.0348029475e-08    2.0448241386e-08   -3.3038119301e-08
  59.4700000   -8.4716702497e-07    4.4357370156e-07    6.5020316110e-07    4.8171342376e-07    6.9982155783e-08    2.8887640475e-08    5.0577140926e-08   -3.5086296601e-08
  59.4800000   -8.6409723825e-07    8.2718312765e-09    6.5328404730e-07    5.0275081620e-07    5.5816409579e-08    2.7245078256e-08    8.0442841003e-08   -3.7024918940e-08
  59.4900000   -8.6937745580e-07   -4.2623867615e-07    6.5063739606e-07    5.1589104656e-07    4.1255431176e-08    2.5430598956e-08    1.0985359413e-07   -3.8840825288e-08
  59.5000000   -8.6294910168e-07   -8.5362371434e-07    6.4213479706e-07    5.2081769637e-07    2.6371153648e-08    2.3455591007e-08    1.3862024151e-07   -4.0521138680e-08
  59.5100000   -8.4492895643e-07   -1.2676784498e-06    6.2769455879e-07    5.1735260585e-07    1.1237676334e-08    2.1332506097e-08    1.6655744603e-07   -4.2053382403e-08
  59.5200000   -8.1560595877e-07   -1.6624203836e-06    6.0728637284e-07    5.0546047435e-07   -4.0691145222e-09    1.9074779370e-08    1.9348487158e-07   -4.3425561983e-08
  59.5300000   -7.7543522054e-07   -2.0321789354e-06    5.8093575234e-07    4.8525101864e-07   -1.9471934929e-08    1.6696742633e-08    2.1922837242e-07   -4.4626259248e-08
  59.5400000   -7.2502930445e-07   -2.3716800212e-06    5.4872821933e-07    4.5697859541e-07   -3.4892504286e-08    1.4213520296e-08    2.4362110764e-07   -4.5644722883e-08
  59.5500000   -6.6514693802e-07   -2.6761244702e-06    5.1081300560e-07    4.2103927958e-07   -5.0251950403e-08    1.1640952718e-08    2.6650462625e-07   -4.6470955747e-08
  59.5600000   -5.9667952392e-07   -2.9412589559e-06    4.6740612237e-07    3.7796539740e-07   -6.5471220822e-08    8.9954739304e-09    2.8772990143e-07   -4.7095795798e-08
  59.5700000   -5.2063556353e-07   -3.1634383921e-06    4.1879269654e-07    3.2841764698e-07   -8.0471490320e-08    6.2940169054e-09    3.0715829142e-07   -4.7510999610e-08
  59.5800000   -4.3812340900e-07   -3.3396787805e-06    3.6532840681e-07    2.7317487542e-07   -9.5174593446e-08    3.5538942461e-09    3.2466245627e-07   -4.7709321097e-08
  59.5900000   -3.5033260583e-07   -3.4676997483e-06    3.0743986604e-07    2.1312167550e-07   -1.0950341778e-07    7.9269605871e-10    3.4012718370e-07   -4.7684575346e-08
  59.6000000   -2.5851423995e-07   -3.5459560951e-06    2.4562389205e-07    1.4923407408e-07   -1.2338232654e-07   -1.9718248999e-09    3.5345014030e-07   -4.7431710740e-08
  59.6100000   -1.6396057568e-07   -3.5736578928e-06    1.8044547072e-07    8.2563442000e-08   -1.3673755280e-07   -4.7218720838e-09    3.6454254526e-07   -4.6946861785e-08
  59.6200000   -6.7984464693e-08   -3.5507788019e-06    1.1253447476e-07    1.4218918720e-08   -1.4949760420e-07   -7.4397088480e-09    3.7332975701e-07   -4.6227402585e-08
  59.6300000    2.8101175220e-08   -3.4780525546e-06    4.2581008086e-08   -5.4651245895e-08   -1.6159364456e-07   -1.0107788632e-08    3.7975177900e-07   -4.5271999012e-08
  59.6400000    1.2300347876e-07   -3.3569576415e-06   -2.8670643298e-08   -1.2287925253e-07   -1.7295985953e-07   -1.2708845730e-08    3.8376362620e-07   -4.4080623555e-08
  59.6500000    2.1546888973e-07   -3.1896905285e-06   -1.0042940085e-07   -1.8929782388e-07   -1.8353382403e-07   -1.5226015196e-08    3.8533568189e-07   -4.2654610558e-08
  59.6600000    3.0430133786e-07   -2.9791277602e-06   -1.7186607797e-07   -2.5276039526e-07   -1.9325683915e-07   -1.7642947703e-08    3.8445385154e-07   -4.0996657911e-08
  59.6700000    3.8837897642e-07   -2.7287777497e-06   -2.4212330620e-07   -3.1216115861e-07   -2.0207425242e-07   -1.9943896254e-08    3.8111970529e-07   -3.9110845050e-08
  59.6800000    4.6666925879e-07   -2.4427228546e-06   -3.1032656186e-07   -3.6645453361e-07   -2.0993576650e-07   -2.2113821272e-08    3.7535046732e-07   -3.7002637195e-08
  59.6900000    5.3824207674e-07   -2.1255528008e-06   -3.7559616428e-07   -4.1467378317e-07   -2.1679571572e-07   -2.4138487852e-08    3.6717891907e-07   -3.4678868571e-08
  59.7000000    6.0228086942e-07   -1.7822906309e-06   -4.3706004170e-07   -4.5594835238e-07   -2.2261332664e-07   -2.6004554119e-08    3.5665321396e-07   -3.2147739880e-08
  59.7100000    6.5809142699e-07   -1.4183121342e-06   -4.9386708865e-07   -4.8951973466e-07   -2.2735295331e-07   -2.7699649254e-08    3.4383657157e-07   -2.9418779527e-08
  59.7200000    7.0510845792e-07   -1.0392602930e-06   -5.4520092116e-07   -5.1475550043e-07   -2.3098427821e-07   -2.9212459754e-08    3.2880690160e-07   -2.6502821503e-08
  59.7300000    7.4289975205e-07   -6.5095611057e-07   -5.9029368255e-07   -5.3116119394e-07   -2.3348249950e-07   -3.0532783483e-08    3.1165629931e-07   -2.3411955712e-08
  59.7400000    7.7116801212e-07   -2.5930709302e-07   -6.2843973094e-07   -5.3839001790e-07   -2.3482848034e-07   -3.1651614869e-08    2.9249048710e-07   -2.0159472571e-08
  59.7500000    7.8975038567e-07    1.2978494212e-07   -6.5900894917e-07   -5.3624998027e-07   -2.3500886789e-07   -3.2561173963e-08    2.7142813586e-07   -1.6759804733e-08
  59.7600000    7.9861578558e-07    5.1051536706e-07   -6.8145929024e-07   -5.2470838704e-07   -2.3401619642e-07   -3.3254976378e-08    2.4860012264e-07   -1.3228471308e-08
  59.7700000    7.9786015329e-07    8.7726604908e-07   -6.9534842172e-07   -5.0389369361e-07   -2.3184894665e-07   -3.3727856164e-08    2.2414871117e-07   -9.5819717369e-09
  59.7800000    7.8769984283e-07    1.2246910548e-06   -7.0034414296e-07   -4.7409446261e-07   -2.2851157225e-07   -3.3976010888e-08    1.9822663724e-07   -5.8377254257e-09
  59.7900000    7.6846330109e-07    1.5477973639e-06   -6.9623331825e-07   -4.3575566512e-07   -2.2401451500e-07   -3.3997014123e-08    1.7099615168e-07   -2.0139785238e-09
  59.8000000    7.4058130491e-07    1.8420193986e-06   -6.8292911728e-07   -3.8947215416e-07   -2.1837416509e-07   -3.3789829393e-08    1.4262799738e-07    1.8703126693e-09
  59.8100000    7.0457602927e-07    2.1032860840e-06   -6.6047635157e-07   -3.3597956113e-07   -2.1161281171e-07   -3.3354828183e-08    1.1330030953e-07    5.7955610854e-09
  59.8200000    6.6104915606e-07    2.3280795416e-06   -6.2905476411e-07   -2.7614264181e-07   -2.0375853982e-07   -3.2693772124e-08    8.3197508713e-08    9.7416811784e-09
  59.8300000    6.1066937415e-07    2.5134844021e-06   -5.8898006375e-07   -2.1094138612e-07   -1.9484513015e-07   -3.1809809620e-08    5.2509106321e-08    1.3688187118e-08
  59.8400000    5.5415951959e-07    2.6572271324e-06   -5.4070269974e-07   -1.4145492967e-07   -1.8491189859e-07   -3.0707460279e-08    2.1428513259e-08    1.7614312163e-08
  59.8500000    4.9228358204e-07    2.7577046496e-06   -4.8480424612e-07   -6.8843765600e-08   -1.7400351117e-07   -2.9392569845e-08   -9.8481791632e-09    2.1499142642e-08
  59.8600000    4.2583398903e-07    2.8140020212e-06   -4.2199142779e-07    5.6696438751e-09   -1.6216980121e-07   -2.7872301315e-08   -4.1123471592e-08    2.5321713603e-08
  59.8700000    3.5561926678e-07    2.8258989024e-06   -3.5308780637e-07    8.0821445895e-08   -1.4946551620e-07   -2.6155069347e-08   -7.2199684275e-08    2.9061169006e-08
  59.8800000    2.8245236323e-07    2.7938647741e-06   -2.7902322082e-07    1.5532780049e-07   -1.3595007298e-07   -2.4250498466e-08   -1.0288022201e-07    3.2696858687e-08
  59.8900000    2.0713991224e-07    2.7190431722e-06   -2.0082109181e-07    2.2790679433e-07   -1.2168727045e-07   -2.2169367685e-08   -1.3297082234e-07    3.6208476817e-08
  59.9000000    1.3047244593e-07    2.6032251738e-06   -1.1958379712e-07    2.9730043448e-07   -1.0674498612e-07   -1.9923541809e-08   -1.6228079970e-07    3.9576180914e-08
  59.9100000    5.3215895536e-08    2.4488127584e-06   -3.6476293224e-08    3.6229640764e-07   -9.1194852384e-08   -1.7525903767e-08   -1.9062423856e-07    4.2780721664e-08
  59.9200000   -2.3895693440e-08    2.2587727364e-06    4.7291706583e-08    4.2174915221e-07   -7.5111906913e-08   -1.4990277497e-08   -2.1782118973e-07    4.5803559317e-08
  59.9300000   -1.0016605170e-07    2.0365820311e-06    1.3048479885e-07    4.7459994525e-07   -5.8574232764e-08   -1.2331344745e-08   -2.4369879859e-07    4.8626966175e-08
  59.9400000   -1.7494120315e-07    1.7861653700e-06    2.1186171718e-07    5.1989558203e-07   -4.1662565254e-08   -9.5645618099e-09   -2.6809241574e-07    5.1234174800e-08
  59.9500000   -2.4761261721e-07    1.5118264629e-06    2.9019579713e-07    5.5680541524e-07   -2.4459924029e-08   -6.7060726362e-09   -2.9084662083e-07    5.3609445012e-08
  59.9600000   -3.1761903128e-07    1.2181738703e-06    3.6429553800e-07    5.8463630937e-07   -7.0511774270e-09   -3.7726034013e-09   -3.1181623518e-07    5.5738196220e-08
  59.9700000   -3.8444703332e-07    9.1004287699e-07    4.3302493166e-07    6.0284539062e-07    1.0477359641e-08   -7.8137166662e-10   -3.3086722085e-07    5.7607086491e-08
  59.9800000   -4.4763050810e-07    5.9241468179e-07    4.9532326198e-07    6.1105024588e-07    2.8038356542e-08    2.2500154187e-09   -3.4787753587e-07    5.9204106535e-08
  59.9900000   -5.0674911875e-07    2.7033431639e-07    5.5022387937e-07    6.0903645715e-07    4.5543901829e-08    5.3036543653e-09   -3.6273790595e-07    6.0518665717e-08
  60.0000000   -5.6142594749e-07   -5.1171383795e-08    5.9687171994e-07    5.9676226436e-07    6.2905928069e-08    8.3614666465e-09   -3.7535252414e-07    6.1541654453e-08
  60.0100000   -6.1132453010e-07   -3.6717429461e-07    6.3453906533e-07    5.7436030555e-07    8.0036667804e-08    1.1405287915e-08   -3.8563963399e-07    6.2265522422e-08
  60.0200000   -6.5614540929e-07   -6.7292274212e-07    6.6263943711e-07    5.4213639860e-07    9.6849079406e-08    1.4416979985e-08   -3.9353207044e-07    6.2684322741e-08
  60.0300000   -6.9562251355e-07   -9.6391519988e-07    6.8073912089e-07    5.0056527678e-07    1.1325728818e-07    1.7378533072e-08   -3.9897766819e-07    6.2793756163e-08
  60.0400000   -7.2951943104e-07   -1.2359686735e-06    6.8856624516e-07    4.5028349489e-07    1.2917701779e-07    2.0272172709e-08   -4.0193959607e-07    6.2591222864e-08
  60.0500000   -7.5762595002e-07   -1.4852808011e-06    6.8601709956e-07    3.9207943661e-07    1.4452602125e-07    2.3080455658e-08   -4.0239658447e-07    6.2075833882e-08
  60.0600000   -7.7975487626e-07   -1.7084846239e-06    6.7315961272e-07    3.2688074484e-07    1.5922448695e-07    2.5786379684e-08   -4.0034305859e-07    6.1248425360e-08
  60.0700000   -7.9573946649e-07   -1.9026952452e-06    6.5023383726e-07    2.5573923698e-07    1.7319545967e-07    2.8373478447e-08   -3.9578917025e-07    6.0111572741e-08
  60.0800000   -8.0543147193e-07   -2.0655476499e-06    6.1764940795e-07    1.7981366496e-07    1.8636521590e-07    3.0825908898e-08   -3.8876073941e-07    5.8669585945e-08
  60.0900000   -8.0870007219e-07   -2.1952252425e-06    5.7598000873e-07    1.0035051259e-07    1.9866366564e-07    3.3128548167e-08   -3.7929907510e-07    5.6928479909e-08
  60.1000000   -8.0543168723e-07   -2.2904786829e-06    5.2595483206e-07    1.8663240556e-08    2.1002470063e-07    3.5267092262e-08   -3.6746072168e-07    5.4895962313e-08
  60.1100000   -7.9553080985e-07   -2.3506349031e-06    4.6844727354e-07   -6.3889735612e-08    2.2038654726e-07    3.7228118312e-08   -3.5331710432e-07    5.2581388130e-08
  60.1200000   -7.7892176766e-07   -2.3755962574e-06    4.0446087755e-07   -1.4592796244e-07    2.2969208411e-07    3.8999177720e-08   -3.3695406020e-07    4.9995721692e-08
  60.1300000   -7.5555158626e-07   -2.3658300153e-06    3.3511293510e-07   -2.2607232230e-07    2.3788914973e-07    4.0568862665e-08   -3.1847131929e-07    4.7151472226e-08
  60.1400000   -7.2539373049e-07   -2.3223485048e-06    2.6161583448e-07   -3.0296849110e-07    2.4493083164e-07    4.1926876506e-08   -2.9798185347e-07    4.4062627864e-08
  60.1500000   -6.8845275947e-07   -2.2466804097e-06    1.8525662219e-07   -3.7531011480e-07    2.5077571055e-07    4.3064098627e-08   -2.7561117319e-07    4.0744582675e-08
  60.1600000   -6.4476971279e-07   -2.1408338922e-06    1.0737502306e-07   -4.4186121152e-07    2.5538809688e-07    4.3972625319e-08   -2.5149654636e-07    3.7214051895e-08
  60.1700000   -5.9442811524e-07   -2.0072523079e-06    2.9340353796e-08   -5.0147753462e-07    2.5873824072e-07    4.4645842418e-08   -2.2578611060e-07    3.3488983376e-08
