  25.0100000   -1.0414042104e-07    1.3747866543e-07    8.1156722916e-07   -3.5913665856e-07    1.7826262414e-07    4.6146057301e-08    8.8354991490e-07    5.9405861565e-08
  25.0200000    4.7460637590e-08    1.1603798737e-07    7.7999596324e-07   -3.3069971627e-07    1.4095117065e-07    4.9410058751e-08    8.8219674744e-07    4.8942476474e-08
  25.0300000    2.0101017527e-07    1.0141297441e-07    7.3297915173e-07   -2.9917793754e-07    1.0497406341e-07    5.2271998381e-08    8.7685524913e-07    3.8342554028e-08
  25.0400000    3.5405299669e-07    9.3456188184e-08    6.7264542498e-07   -2.6527435938e-07    7.0468971249e-08    5.4728671964e-08    8.6773696353e-07    2.7687392222e-08
  25.0500000    5.0427822840e-07    9.1889908067e-08    6.0128299295e-07   -2.2968210462e-07    3.7553695484e-08    5.6779424833e-08    8.5506138436e-07    1.7057182051e-08
  25.0600000    6.4954228037e-07    9.6320098887e-08    5.2127813230e-07   -1.9307357341e-07    6.3266867885e-09    5.8426061448e-08    8.3905415950e-07    6.5303786244e-09
  25.0700000    7.8788778909e-07    1.0625171757e-07    4.3505451605e-07   -1.5609069871e-07   -2.3132313598e-08    5.9672752830e-08    8.1994537801e-07   -3.8168926974e-09
  25.0800000    9.1755868199e-07    1.2110493516e-07    3.4501586680e-07   -1.1933640057e-07   -5.0761507221e-08    6.0525932171e-08    7.9796793528e-07   -1.3911401518e-08
  25.0900000    1.0370115654e-06    1.4023189520e-07    2.5349296609e-07   -8.3367160743e-08   -7.6516203013e-08    6.0994157646e-08    7.7335600614e-07   -2.3683315490e-08
  25.1000000    1.1449234546e-06    1.6293362374e-07    1.6269591312e-07   -4.8686950839e-08   -1.0036788103e-07    6.1087997716e-08    7.4634360425e-07   -3.3066708476e-08
  25.1100000    1.2401962079e-06    1.8847673146e-07    7.4672332473e-08   -1.5742419826e-08   -1.2230319666e-07    6.0819890897e-08    7.1716325676e-07   -4.1999973847e-08
  25.1200000    1.3219577404e-06    2.1610964928e-07   -8.7279109833e-09    1.5080637251e-08   -1.4232293282e-07    6.0203987440e-08    6.8604477684e-07   -5.0426245309e-08
  25.1300000    1.3895603451e-06    2.4507806438e-07   -8.5881208232e-08    4.3459492311e-08   -1.6044092034e-07    5.9256018525e-08    6.5321416350e-07   -5.8293723391e-08
  25.1400000    1.4425763114e-06    2.7463931466e-07   -1.5541167706e-07    6.9135505741e-08   -1.7668291305e-07    5.7993121596e-08    6.1889257976e-07   -6.5555981357e-08
  25.1500000    1.4807911134e-06    3.0407558215e-07   -2.1620563571e-07    9.1913937653e-08   -1.9108546274e-07    5.6433692626e-08    5.8329547833e-07   -7.2172211713e-08
  25.1600000    1.5041943930e-06    3.3270570548e-07   -2.6741930730e-07    1.1166267083e-07   -2.0369478619e-07    5.4597224152e-08    5.4663181051e-07   -7.8107421427e-08
  25.1700000    1.5129690531e-06    3.5989546882e-07   -3.0847987747e-07    1.2830992310e-07   -2.1456564658e-07    5.2504142330e-08    5.0910335086e-07   -8.3332564413e-08
  25.1800000    1.5074785861e-06    3.8506631642e-07   -3.3908058543e-07    1.4184107143e-07   -2.2376023059e-07    5.0175649244e-08    4.7090412448e-07   -8.7824662366e-08
  25.1900000    1.4882530382e-06    4.0770242806e-07   -3.5917008124e-07    1.5229463701e-07   -2.3134707381e-07    4.7633556757e-08    4.3221994137e-07   -9.1566810703e-08
  25.2000000    1.4559737184e-06    4.2735615443e-07   -3.6893697158e-07    1.5975769270e-07   -2.3739999931e-07    4.4900138016e-08    3.9322801200e-07   -9.4548195526e-08
  25.2100000    1.4114569638e-06    4.4365185605e-07   -3.6878996350e-07    1.6436063437e-07   -2.4199711408e-07    4.1997969494e-08    3.5409667574e-07   -9.6764030926e-08
  25.2200000    1.3556371424e-06    4.5628815987e-07   -3.5933455865e-07    1.6627161536e-07   -2.4521983900e-07    3.8949784319e-08    3.1498519120e-07   -9.8215453187e-08
  25.2300000    1.2895491146e-06    4.6503872789e-07   -3.4134689979e-07    1.6569067508e-07   -2.4715198825e-07    3.5778325720e-08    2.7604363231e-07   -9.8909376290e-08
  25.2400000    1.2143104025e-06    4.6975166172e-07   -3.1574560183e-07    1.6284369279e-07   -2.4787891474e-07    3.2506212005e-08    2.3741283347e-07   -9.8858301923e-08
  25.2500000    1.1311032051e-06    4.7034761398e-07   -2.8356234141e-07    1.5797635113e-07   -2.4748670479e-07    2.9155806423e-08    1.9922442038e-07   -9.8080073955e-08
  25.2600000    1.0411565294e-06    4.6681678375e-07   -2.4591189132e-07    1.5134817588e-07   -2.4606143462e-07    2.5749083676e-08    1.6160090683e-07   -9.6597647972e-08
  25.2700000    9.4572854633e-07    4.5921491453e-07   -2.0396230545e-07    1.4322673747e-07   -2.4368850747e-07    2.2307533254e-08    1.2465580804e-07   -9.4438758180e-08
  25.2800000    8.4608936286e-07    4.4765841863e-07   -1.5890592103e-07    1.3388218504e-07   -2.4045201466e-07    1.8852031370e-08    8.8493861098e-08   -9.1635605346e-08
  25.2900000    7.4350440520e-07    4.3231886594e-07   -1.1193170875e-07    1.2358211055e-07   -2.3643420937e-07    1.5402749642e-08    5.3211245095e-08   -8.8224489843e-08
  25.3000000    6.3921857477e-07    4.1341686006e-07   -6.4199501111e-08    1.1258689615e-07   -2.3171501040e-07    1.1979066370e-08    1.8895834960e-08   -8.4245442659e-08
  25.3100000    5.3444124106e-07    3.9121555152e-07   -1.6816579284e-08    1.0114550232e-07   -2.2637159134e-07    8.5994763643e-09   -1.4372492048e-08   -7.9741820800e-08
  25.3200000    4.3033230555e-07    3.6601392297e-07    2.9183185899e-08    8.9491902277e-08   -2.2047800951e-07    5.2815344229e-09   -4.6521537936e-08   -7.4759891042e-08
  25.3300000    3.2798935424e-07    3.3813990107e-07    7.2857122437e-08    7.7842001956e-08   -2.1410492127e-07    2.0417719406e-09   -7.7486454594e-08   -6.9348407419e-08
  25.3400000    2.2843609962e-07    3.0794350736e-07    1.1336856501e-07    6.6391196641e-08   -2.0731933049e-07   -1.1043517159e-09   -1.0720940284e-07   -6.3558172752e-08
  25.3500000    1.3261215014e-07    2.7579010900e-07    1.4999833973e-07    5.5312515572e-08   -2.0018441785e-07   -4.1424839574e-09   -1.3563919047e-07   -5.7441605802e-08
  25.3600000    4.1364177814e-08    2.4205393381e-07    1.8215307310e-07    4.4755391798e-08   -1.9275939547e-07   -7.0594334677e-09   -1.6273093004e-07   -5.1052285299e-08
  25.3700000   -4.4561448016e-08    2.0711183168e-07    2.0937024114e-07    3.4844951130e-08   -1.8509942797e-07   -9.8431844679e-09   -1.8844568240e-07   -4.4444538716e-08
  25.3800000   -1.2452446924e-07    1.7133748960e-07    2.3132012777e-07    2.5681857998e-08   -1.7725560248e-07   -1.2482920763e-08   -2.1275012483e-07   -3.7672976495e-08
  25.3900000   -1.9799504936e-07    1.3509602747e-07    2.4780484586e-07    1.7342718807e-08   -1.6927492755e-07   -1.4969044971e-08   -2.3561620416e-07   -3.0792095935e-08
  25.4000000   -2.6455649955e-07    9.8739185687e-08    2.5875464124e-07    9.8808625916e-09   -1.6120037678e-07   -1.7293172550e-08   -2.5702082615e-07   -2.3855860857e-08
  25.4100000   -3.2390646700e-07    6.2600920850e-08    2.6422170644e-07    3.3275588376e-09   -1.5307096463e-07   -1.9448133854e-08   -2.7694556101e-07   -1.6917301182e-08
  25.4200000   -3.7585660359e-07    2.6993677097e-08    2.6437184318e-07   -2.3064385071e-09   -1.4492186355e-07   -2.1427959840e-08   -2.9537633952e-07   -1.0028147691e-08
  25.4300000   -4.2033078474e-07   -7.7947954087e-09    2.5947426349e-07   -7.0289990325e-09   -1.3678452572e-07   -2.3227867191e-08   -3.1230321459e-07   -3.2384536876e-09
  25.4400000   -4.5736185455e-07   -4.1504126512e-08    2.4988984378e-07   -1.0864605175e-08   -1.2868684740e-07   -2.4844242465e-08   -3.2772008916e-07    3.4037222407e-09
  25.4500000   -4.8708709786e-07   -7.3903318361e-08    2.3605822802e-07   -1.3852092455e-08   -1.2065335153e-07   -2.6274595655e-08   -3.4162451695e-07    9.8526268208e-09
  25.4600000   -5.0974240820e-07   -1.0479228106e-07    2.1848408382e-07   -1.6042375681e-08   -1.1270536974e-07   -2.7517544510e-08   -3.5401749308e-07    1.6065111331e-08
  25.4700000   -5.2565536382e-07   -1.3400277896e-07    1.9772282257e-07   -1.7496068563e-08   -1.0486125376e-07   -2.8572766219e-08   -3.6490328110e-07    2.2000880206e-08
  25.4800000   -5.3523726640e-07   -1.6139891160e-07    1.7436621644e-07   -1.8281159661e-08   -9.7136587248e-08   -2.9440952032e-08   -3.7428924306e-07    2.7622719835e-08
  25.4900000   -5.3897427580e-07   -1.8687708709e-07    1.4902806772e-07   -1.8470738104e-08   -8.9544403523e-08   -3.0123768267e-08   -3.8218573087e-07    3.2896695949e-08
  25.5000000   -5.3741784263e-07   -2.1036559488e-07    1.2233031267e-07   -1.8140874166e-08   -8.2095411167e-08   -3.0623801838e-08   -3.8860594690e-07    3.7792328262e-08
  25.5100000   -5.3117447995e-07   -2.3182373296e-07    9.4889829044e-08   -1.7368587613e-08   -7.4798216182e-08   -3.0944506454e-08   -3.9356585656e-07    4.2282719631e-08
  25.5200000   -5.2089515799e-07   -2.5124066991e-07    6.7306077483e-08   -1.6230061566e-08   -6.7659538833e-08   -3.1090151136e-08   -3.9708411726e-07    4.6344673426e-08
  25.5300000   -5.0726437272e-07   -2.6863388315e-07    4.0149868864e-08   -1.4799051727e-08   -6.0684436716e-08   -3.1065761828e-08   -3.9918200124e-07    4.9958760830e-08
  25.5400000   -4.9098907218e-07   -2.8404742064e-07    1.3953320053e-08   -1.3145482071e-08   -5.3876504230e-08   -3.0877060242e-08   -3.9988336125e-07    5.3109372550e-08
  25.5500000   -4.7278764257e-07   -2.9754991119e-07   -1.0798780709e-08   -1.1334363341e-08   -4.7238084491e-08   -3.0530405564e-08   -3.9921457486e-07    5.5784724781e-08
  25.5600000   -4.5337907903e-07   -3.0923235072e-07   -3.3676207403e-08   -9.4248892959e-09   -4.0770461453e-08   -3.0032738779e-08   -3.9720451916e-07    5.7976852747e-08
  25.5700000   -4.3347243824e-07   -3.1920578664e-07   -5.4308997204e-08   -7.4697903626e-09   -3.4474034306e-08   -2.9391513196e-08   -3.9388457138e-07    5.9681569797e-08
  25.5800000   -4.1375680534e-07   -3.2759889332e-07   -7.2391635870e-08   -5.5149602575e-09   -2.8348494535e-08   -2.8614642933e-08   -3.8928856148e-07    6.0898392687e-08
  25.5900000   -3.9489183365e-07   -3.3455545105e-07   -8.7685808028e-08   -3.5992654854e-09   -2.2392980885e-08   -2.7710444059e-08   -3.8345277163e-07    6.1630454614e-08
  25.6000000   -3.7749901293e-07   -3.4023179522e-07   -1.0002156217e-07   -1.7545708740e-09   -1.6606225570e-08   -2.6687563240e-08   -3.7641592376e-07    6.1884366374e-08
  25.6100000   -3.6215375469e-07   -3.4479427737e-07   -1.0929718424e-07   -5.9785079477e-12   -1.0986676203e-08   -2.5554939481e-08   -3.6821916245e-07    6.1670097431e-08
  25.6200000   -3.4937838794e-07   -3.4841671037e-07   -1.1547769118e-07    1.6278224785e-09   -5.5326322933e-09   -2.4321726509e-08   -3.5890603421e-07    6.1000808396e-08
  25.6300000   -3.3963614601e-07   -3.5127787831e-07   -1.1859214652e-07    3.1340233048e-09   -2.4233232910e-10   -2.2997252982e-08   -3.4852246496e-07    5.9892638751e-08
  25.6400000   -3.3332620387e-07   -3.5355912585e-07   -1.1872991860e-07    4.5050931183e-09    4.8859498418e-09   -2.1590964729e-08   -3.3711672412e-07    5.8364554796e-08
  25.6500000   -3.3077978560e-07   -3.5544201203e-07   -1.1603592476e-07    5.7380588257e-09    9.8538286907e-09   -2.0112377245e-08   -3.2473938858e-07    5.6438098073e-08
  25.6600000   -3.3225743340e-07   -3.5710607739e-07   -1.1070514447e-07    6.8338014688e-09    1.4662738891e-08   -1.8571012622e-08   -3.1144328063e-07    5.4137173668e-08
  25.6700000   -3.3794733067e-07   -3.5872677652e-07   -1.0297645139e-07    7.7962361833e-09    1.9313888175e-08   -1.6976371547e-08   -2.9728341450e-07    5.1487806151e-08
  25.6800000   -3.4796480527e-07   -3.6047344114e-07   -9.3125917428e-08    8.6315856043e-09    2.3808216439e-08   -1.5337877426e-08   -2.8231691222e-07    4.8517888815e-08
  25.6900000   -3.6235289576e-07   -3.6250751530e-07   -8.1459830399e-08    9.3476194008e-09    2.8146366542e-08   -1.3664840995e-08   -2.6660291627e-07    4.5256942314e-08
  25.7000000   -3.8108392706e-07   -3.6498088963e-07   -6.8307482004e-08    9.9529950780e-09    3.2328666144e-08   -1.1966411238e-08   -2.5020247599e-07    4.1735834266e-08
  25.7100000   -4.0406216405e-07   -3.6803436081e-07   -5.4013860390e-08    1.0456605121e-08    3.6355112112e-08   -1.0251552237e-08   -2.3317843335e-07    3.7986536022e-08
  25.7200000   -4.3112729139e-07   -3.7179636440e-07   -3.8932496619e-08    1.0867043485e-08    4.0225379147e-08   -8.5289956625e-09   -2.1559528186e-07    3.4041848859e-08
  25.7300000   -4.6205881673e-07   -3.7638180845e-07   -2.3418485091e-08    1.1192144743e-08    4.3938826930e-08   -6.8072187133e-09   -1.9751901056e-07    2.9935143587e-08
  25.7400000   -4.9658118418e-07   -3.8189112034e-07   -7.8217788024e-09    1.1438667869e-08    4.7494502090e-08   -5.0944118721e-09   -1.7901694026e-07    2.5700109462e-08
  25.7500000   -5.3436953168e-07   -3.8840947445e-07    7.5190300711e-09    1.1612028324e-08    5.0891173440e-08   -3.3984550959e-09   -1.6015753804e-07    2.1370493830e-08
  25.7600000   -5.7505603388e-07   -3.9600620998e-07    2.2282457911e-08    1.1716135068e-08    5.4127343649e-08   -1.7268862399e-09   -1.4101022444e-07    1.6979854389e-08
  25.7700000   -6.1823664628e-07   -4.0473442488e-07    3.6169310272e-08    1.1753396929e-08    5.7201296723e-08   -8.6890450354e-11   -1.2164514966e-07    1.2561333708e-08
  25.7800000   -6.6347819397e-07   -4.1463078253e-07    4.8907180696e-08    1.1724747555e-08    6.0111109192e-08    1.5147269965e-09   -1.0213298286e-07    8.1474193159e-09
  25.7900000   -7.1032562020e-07   -4.2571548402e-07    6.0254331040e-08    1.1629798069e-08    6.2854712400e-08    3.0715464884e-09   -8.2544667734e-08    3.7697272570e-09
  25.8000000   -7.5830938621e-07   -4.3799241334e-07    7.0002798787e-08    1.1467060506e-08    6.5429899041e-08    4.5775605508e-09   -6.2951175061e-08   -5.4119584638e-10
  25.8100000   -8.0695277169e-07   -4.5144946505e-07    7.7980795959e-08    1.1234234383e-08    6.7834393030e-08    6.0271760008e-09   -4.3423256249e-08   -4.7560674431e-09
  25.8200000   -8.5577914552e-07   -4.6605907391e-07    8.4054425919e-08    1.0928541185e-08    7.0065873226e-08    7.4152248376e-09   -2.4031171492e-08   -8.8470407313e-09
  25.8300000   -9.0431889014e-07   -4.8177883642e-07    8.8128587195e-08    1.0547099000e-08    7.2122014108e-08    8.7369766108e-09   -4.8444274722e-09   -1.2787875199e-08
  25.8400000   -9.5211605944e-07   -4.9855233577e-07    9.0147260110e-08    1.0087311523e-08    7.4000534648e-08    9.9881314016e-09    1.4068497380e-08   -1.6554062551e-08
  25.8500000   -9.9873459786e-07   -5.1631010337e-07    9.0093079105e-08    9.5472607199e-09    7.5699230419e-08    1.1164841649e-08    3.2640422753e-08   -2.0122977510e-08
  25.8600000   -1.0437640612e-06   -5.3497069779e-07    8.7986289297e-08    8.9261033457e-09    7.7216008110e-08    1.2263693318e-08    5.0805747945e-08   -2.3473966227e-08
  25.8700000   -1.0868247643e-06   -5.5444190156e-07    8.3883128981e-08    8.2244442719e-09    7.8548936006e-08    1.3281718636e-08    6.8500721079e-08   -2.6588456324e-08
  25.8800000   -1.1275723241e-06   -5.7462201642e-07    7.7873679386e-08    7.4446095842e-09    7.9696258317e-08    1.4216388356e-08    8.5663698089e-08   -2.9450017629e-08
  25.8900000   -1.1657015112e-06   -5.9540127407e-07    7.0079238362e-08    6.5909662907e-09    8.0656445303e-08    1.5065607717e-08    1.0223542257e-07   -3.2044440910e-08
  25.9000000   -1.2009493759e-06   -6.1666328381e-07    6.0649312379e-08    5.6700966329e-09    8.1428212532e-08    1.5827712151e-08    1.1815926934e-07   -3.4359751263e-08
  25.9100000   -1.2330977154e-06   -6.3828654342e-07    4.9758263256e-08    4.6909703402e-09    8.2010556865e-08    1.6501461847e-08    1.3338149647e-07   -3.6386249392e-08
  25.9200000   -1.2619747398e-06   -6.6014598927e-07    3.7601696851e-08    3.6649862446e-09    8.2402765577e-08    1.7086033936e-08    1.4785147066e-07   -3.8116518825e-08
  25.9300000   -1.2874560161e-06   -6.8211458911e-07    2.4392630054e-08    2.6059685349e-09    8.2604459754e-08    1.7581009512e-08    1.6152191330e-07   -3.9545400072e-08
  25.9400000   -1.3094646876e-06   -7.0406487344e-07    1.0357559739e-08    1.5300714824e-09    8.2615594362e-08    1.7986365342e-08    1.7434907103e-07   -4.0669985539e-08
  25.9500000   -1.3279710258e-06   -7.2587051074e-07   -4.2675541089e-09    4.5560780920e-10    8.2436490140e-08    1.8302462011e-08    1.8629294685e-07   -4.1489566505e-08
  25.9600000   -1.3429912579e-06   -7.4740779804e-07   -1.9241305254e-08   -5.9718127821e-10    8.2067832108e-08    1.8530032129e-08    1.9731744562e-07   -4.2005571169e-08
  25.9700000   -1.3545858084e-06   -7.6855715169e-07   -3.4320753482e-08   -1.6064882641e-09    8.1510700491e-08    1.8670164663e-08    2.0739054030e-07   -4.2221514498e-08
  25.9800000   -1.3628569348e-06   -7.8920444227e-07   -4.9265314179e-08   -2.5492649736e-09    8.0766558579e-08    1.8724297703e-08    2.1648440776e-07   -4.2142896229e-08
  25.9900000   -1.3679458568e-06   -8.0924230889e-07   -6.3840342484e-08   -3.4016998876e-09    7.9837277933e-08    1.8694189390e-08    2.2457553849e-07   -4.1777126058e-08
  26.0000000   -1.3700294312e-06   -8.2857136229e-07   -7.7820671085e-08   -4.1396968421e-09    7.8725136021e-08    1.8581917408e-08    2.3164484305e-07   -4.1133409211e-08
  26.0100000   -1.3693163837e-06   -8.4710120016e-07   -9.0993688903e-08   -4.7393606680e-09    7.7432813163e-08    1.8389849690e-08    2.3767770055e-07   -4.0222626380e-08
  26.0200000   -1.3660433155e-06   -8.6475137828e-07   -1.0316231828e-07   -5.1775694291e-09    7.5963406170e-08    1.8120638321e-08    2.4266402375e-07   -3.9057233072e-08
  26.0300000   -1.3604703235e-06   -8.8145218495e-07   -1.1414753737e-07   -5.4325034853e-09    7.4320418126e-08    1.7777195418e-08    2.4659827603e-07   -3.7651105383e-08
  26.0400000   -1.3528765708e-06   -8.9714526778e-07   -1.2379062115e-07   -5.4841727441e-09    7.2507756717e-08    1.7362677526e-08    2.4947947762e-07   -3.6019425767e-08
  26.0500000   -1.3435556596e-06   -9.1178413380e-07   -1.3195498171e-07   -5.3149614038e-09    7.0529732944e-08    1.6880465890e-08    2.5131116386e-07   -3.4178527811e-08
  26.0600000   -1.3328110046e-06   -9.2533441074e-07   -1.3852764723e-07   -4.9101153735e-09    6.8391054038e-08    1.6334148899e-08    2.5210136747e-07   -3.2145754967e-08
  26.0700000   -1.3209512475e-06   -9.3777403432e-07   -1.4342035936e-07   -4.2581725665e-09    6.6096821816e-08    1.5727503485e-08    2.5186252884e-07   -2.9939324576e-08
  26.0800000   -1.3082857330e-06   -9.4909319525e-07   -1.4657026910e-07   -3.3513717297e-09    6.3652518035e-08    1.5064476867e-08    2.5061140166e-07   -2.7578152908e-08
  26.0900000   -1.2951201985e-06   -9.5929415054e-07   -1.4794026731e-07   -2.1860023815e-09    6.1064004265e-08    1.4349160266e-08    2.4836895386e-07   -2.5081740581e-08
  26.1000000   -1.2817526430e-06   -9.6839087279e-07   -1.4751893968e-07   -7.6261887126e-10    5.8337504350e-08    1.3585777991e-08    2.4516021643e-07   -2.2469987325e-08
  26.1100000   -1.2684694657e-06   -9.7640854717e-07   -1.4532015728e-07    9.1372094171e-10    5.5479598862e-08    1.2778666569e-08    2.4101414093e-07   -1.9763073767e-08
  26.1200000   -1.2555419422e-06   -9.8338289743e-07   -1.4138231910e-07    2.8333965395e-09    5.2497217377e-08    1.1932250837e-08    2.3596340806e-07   -1.6981300420e-08
  26.1300000   -1.2432230355e-06   -9.8935940572e-07   -1.3576733125e-07    4.9822106039e-09    4.9397620505e-08    1.1051028831e-08    2.3004424822e-07   -1.4144945809e-08
  26.1400000   -1.2317446031e-06   -9.9439240555e-07   -1.2855918378e-07    7.3414403191e-09    4.6188386155e-08    1.0139551480e-08    2.2329622043e-07   -1.1274133776e-08
  26.1500000   -1.2213149925e-06   -9.9854406568e-07   -1.1986238562e-07    9.8880306663e-09    4.2877412215e-08    9.2023989973e-09    2.1576199365e-07   -8.3887061411e-09
  26.1600000   -1.2121170966e-06   -1.0018832531e-06   -1.0980006155e-07    1.2594843278e-08    3.9472886914e-08    8.2441710991e-09    2.0748710412e-07   -5.5080836334e-09
  26.1700000   -1.2043068244e-06   -1.0044843756e-06   -9.8511925924e-08    1.5430992806e-08    3.5983277877e-08    7.2694612339e-09    1.9851969480e-07   -2.6511555123e-09
  26.1800000   -1.1980120334e-06   -1.0064261177e-06   -8.6152026765e-08    1.8362244900e-08    3.2417324206e-08    6.2828371936e-09    1.8891026385e-07    1.6383976194e-10
  26.1900000   -1.1933318648e-06   -1.0077901853e-06   -7.2886371615e-08    2.1351522905e-08    2.8784013464e-08    5.2888288498e-09    1.7871137774e-07    2.9194065543e-09
  26.2000000   -1.1903365485e-06   -1.0086599707e-06   -5.8890476873e-08    2.4359437018e-08    2.5092572076e-08    4.2919041678e-09    1.6797739659e-07    5.5989062754e-09
  26.2100000   -1.1890676228e-06   -1.0091192858e-06   -4.4346823926e-08    2.7344891350e-08    2.1352442125e-08    3.2964624834e-09    1.5676419652e-07    8.1866372151e-09
  26.2200000   -1.1895385423e-06   -1.0092510593e-06   -2.9442277868e-08    3.0265698534e-08    1.7573270621e-08    2.3068034075e-09    1.4512885621e-07    1.0667910335e-08
  26.2300000   -1.1917356220e-06   -1.0091361272e-06   -1.4365547803e-08    3.3079302431e-08    1.3764887433e-08    1.3271235635e-09    1.3312938427e-07    1.3029119376e-08
  26.2400000   -1.1956193822e-06   -1.0088520043e-06    6.9535838984e-10    3.5743408007e-08    9.9372797822e-09    3.6149094759e-10    1.2082440892e-07    1.5257815077e-08
  26.2500000   -1.2011261752e-06   -1.0084718261e-06    1.5555594674e-08    3.8216685962e-08    6.1005851816e-09   -5.8615851669e-10    1.0827289477e-07    1.7342731164e-08
  26.2600000   -1.2081700746e-06   -1.0080632831e-06    3.0035838481e-08    4.0459481239e-08    2.2650561363e-09   -1.5120459712e-09    9.5533851389e-08    1.9273856084e-08
  26.2700000   -1.2166450288e-06   -1.0076877375e-06    4.3964522861e-08    4.2434450127e-08   -1.5589496519e-09   -2.4125548742e-09    8.2666035670e-08    2.1042436801e-08
  26.2800000   -1.2264271646e-06   -1.0073993815e-06    5.7179932010e-08    4.4107213769e-08   -5.3610089472e-09   -3.2842480197e-09    6.9727684743e-08    2.2641016187e-08
  26.2900000   -1.2373772828e-06   -1.0072446066e-06    6.9532125028e-08    4.5446946139e-08   -9.1306341046e-09   -4.1238764302e-09    5.6776231195e-08    2.4063446667e-08
  26.3000000   -1.2493434670e-06   -1.0072614130e-06    8.0884630827e-08    4.6426894942e-08   -1.2857324099e-08   -4.9283936373e-09    4.3868049317e-08    2.5304884910e-08
  26.3100000   -1.2621637283e-06   -1.0074790299e-06    9.1115999861e-08    4.7024877806e-08   -1.6530577616e-08   -5.6949598747e-09    3.1058189468e-08    2.6361795690e-08
  26.3200000   -1.2756687225e-06   -1.0079176549e-06    1.0012105652e-07    4.7223686601e-08   -2.0139925817e-08   -6.4209521997e-09    1.8400143332e-08    2.7231933510e-08
  26.3300000   -1.2896844222e-06   -1.0085883124e-06    1.0781198575e-07    4.7011417751e-08   -2.3674952880e-08   -7.1039831810e-09    5.9456027440e-09    2.7914327118e-08
  26.3400000   -1.3040347533e-06   -1.0094929321e-06    1.1411908044e-07    4.6381700613e-08   -2.7125340006e-08   -7.7418841277e-09   -6.2557424387e-09    2.8409242375e-08
  26.3500000   -1.3185441817e-06   -1.0106244642e-06    1.1899137611e-07    4.5333889456e-08   -3.0480890579e-08   -8.3327382831e-09   -1.8156415076e-08    2.8718143781e-08
  26.3600000   -1.3330401514e-06   -1.0119672176e-06    1.2239687812e-07    4.3873092808e-08   -3.3731554153e-08   -8.8748607893e-09   -2.9711341137e-08    2.8843660502e-08
  26.3700000   -1.3473553980e-06   -1.0134972977e-06    1.2432267497e-07    4.2010179708e-08   -3.6867476711e-08   -9.3668202702e-09   -4.0878013337e-08    2.8789534121e-08
  26.3800000   -1.3613300603e-06   -1.0151831590e-06    1.2477472382e-07    3.9761682705e-08   -3.9879016580e-08   -9.8074355410e-09   -5.1616644401e-08    2.8560551457e-08
  26.3900000   -1.3748136658e-06   -1.0169862859e-06    1.2377743090e-07    3.7149541574e-08   -4.2756793171e-08   -1.0195769576e-08   -6.1890312029e-08    2.8162500192e-08
  26.4000000   -1.3876668410e-06   -1.0188619429e-06    1.2137298339e-07    3.4200878261e-08   -4.5491714946e-08   -1.0531144989e-08   -7.1665065447e-08    2.7602091930e-08
  26.4100000   -1.3997628476e-06   -1.0207600520e-06    1.1762048744e-07    3.0947614272e-08   -4.8075014244e-08   -1.0813125751e-08   -8.0910031552e-08    2.6886893921e-08
  26.4200000   -1.4109888525e-06   -1.0226260986e-06    1.1259489120e-07    2.7426023854e-08   -5.0498290379e-08   -1.1041526234e-08   -8.9597498898e-08    2.6025253905e-08
  26.4300000   -1.4212469721e-06   -1.0244021152e-06    1.0638573343e-07    2.3676244957e-08   -5.2753530884e-08   -1.1216406651e-08   -9.7702978390e-08    2.5026230987e-08
  26.4400000   -1.4304550370e-06   -1.0260276979e-06    9.9095714208e-08    1.9741711533e-08   -5.4833162099e-08   -1.1338071013e-08   -1.0520525551e-07    2.3899513777e-08
  26.4500000   -1.4385471793e-06   -1.0274410812e-06    9.0839146908e-08    1.5668551139e-08   -5.6730076668e-08   -1.1407055284e-08   -1.1208639949e-07    2.2655334751e-08
  26.4600000   -1.4454740934e-06   -1.0285801235e-06    8.1740254240e-08    1.1504928670e-08   -5.8437673261e-08   -1.1424124829e-08   -1.1833179031e-07    2.1304396624e-08
  26.4700000   -1.4512031177e-06   -1.0293834026e-06    7.1931404800e-08    7.3003899208e-09   -5.9949874898e-08   -1.1390270526e-08   -1.2393010578e-07    1.9857779800e-08
  26.4800000   -1.4557180441e-06   -1.0297911874e-06    6.1551252568e-08    3.1051471492e-09   -6.1261185476e-08   -1.1306694151e-08   -1.2887329735e-07    1.8326875221e-08
  26.4900000   -1.4590187588e-06   -1.0297464402e-06    5.0742833683e-08   -1.0306181798e-09   -6.2366703673e-08   -1.1174807970e-08   -1.3315654719e-07    1.6723291666e-08
  26.5000000   -1.4611206239e-06   -1.0291957110e-06    3.9651650472e-08   -5.0574210490e-09   -6.3262158842e-08   -1.0996216253e-08   -1.3677820322e-07    1.5058775992e-08
  26.5100000   -1.4620537431e-06   -1.0280900117e-06    2.8423740563e-08   -8.9272037360e-09   -6.3943935626e-08   -1.0772710101e-08   -1.3973972679e-07    1.3345136768e-08
  26.5200000   -1.4618619638e-06   -1.0263855422e-06    1.7203772761e-08   -1.2593942746e-08   -6.4409106793e-08   -1.0506256298e-08   -1.4204559373e-07    1.1594170173e-08
  26.5300000   -1.4606018368e-06   -1.0240444001e-06    6.1332466045e-09   -1.6014310970e-08   -6.4655454595e-08   -1.0198979409e-08   -1.4370318137e-07    9.8175737842e-09
  26.5400000   -1.4583413629e-06   -1.0210351415e-06   -4.6513430558e-09   -1.9148221814e-08   -6.4681487185e-08   -9.8531595840e-09   -1.4472268380e-07    8.0268973600e-09
  26.5500000   -1.4551586843e-06   -1.0173332594e-06   -1.5020109250e-08   -2.1959376343e-08   -6.4486468964e-08   -9.4712089779e-09   -1.4511696967e-07    6.2334439621e-09
  26.5600000   -1.4511406600e-06   -1.0129215353e-06   -2.4851400301e-08   -2.4415724482e-08   -6.4070429884e-08   -9.0556661822e-09   -1.4490144954e-07    4.4482358570e-09
  26.5700000   -1.4463813905e-06   -1.0077903039e-06   -3.4033178441e-08   -2.6489874262e-08   -6.3434175209e-08   -8.6091751022e-09   -1.4409393990e-07    2.6819273693e-09
  26.5800000   -1.4409807319e-06   -1.0019375365e-06   -4.2464292168e-08   -2.8159412203e-08   -6.2579304582e-08   -8.1344744613e-09   -1.4271449848e-07    9.4477053970e-10
  26.5900000   -1.4350427065e-06   -9.9536888929e-07   -5.0055630436e-08   -2.9407171809e-08   -6.1508218154e-08   -7.6343864901e-09   -1.4078527784e-07   -7.5345484642e-10
  26.6000000   -1.4286740264e-06   -9.8809756085e-07   -5.6730989108e-08   -3.0221407290e-08   -6.0224112120e-08   -7.1117949863e-09   -1.3833034590e-07   -2.4034851214e-09
  26.6100000   -1.4219825411e-06   -9.8014411848e-07   -6.2427884307e-08   -3.0595907455e-08   -5.8730990768e-08   -6.5696342165e-09   -1.3537552500e-07   -3.9966009271e-09
  26.6200000   -1.4150757795e-06   -9.7153612993e-07   -6.7098054642e-08   -3.0530006095e-08   -5.7033654148e-08   -6.0108743351e-09   -1.3194820882e-07   -5.5246898052e-09
  26.6300000   -1.4080595424e-06   -9.6230775617e-07   -7.0707843765e-08   -3.0028541794e-08   -5.5137692534e-08   -5.4385036576e-09   -1.2807719510e-07   -6.9802621053e-09
  26.6400000   -1.4010365557e-06   -9.5249922808e-07   -7.3238363890e-08   -2.9101719643e-08   -5.3049480345e-08   -4.8555179437e-09   -1.2379247974e-07   -8.3564821777e-09
  26.6500000   -1.3941052203e-06   -9.4215627206e-07   -7.4685431678e-08   -2.7764912388e-08   -5.0776157271e-08   -4.2649043599e-09   -1.1912511656e-07   -9.6471977860e-09
  26.6600000   -1.3873584553e-06   -9.3132941757e-07   -7.5059371644e-08   -2.6038394013e-08   -4.8325606639e-08   -3.6696225493e-09   -1.1410698930e-07   -1.0846956020e-08
  26.6700000   -1.3808826523e-06   -9.2007326410e-07   -7.4384547730e-08   -2.3947006413e-08   -4.5706445084e-08   -3.0725953087e-09   -1.0877066911e-07   -1.1951009411e-08
  26.6800000   -1.3747567701e-06   -9.0844570610e-07   -7.2698811278e-08   -2.1519758951e-08   -4.2927978162e-08   -2.4766986202e-09   -1.0314921269e-07   -1.2955335026e-08
  26.6900000   -1.3690515357e-06   -8.9650715557e-07   -7.0052705781e-08   -1.8789391114e-08   -4.0000192229e-08   -1.8847339902e-09   -9.7276000109e-08   -1.3856630780e-08
  26.7000000   -1.3638287627e-06   -8.8431964310e-07   -6.6508538744e-08   -1.5791892739e-08   -3.6933699725e-08   -1.2994309944e-09   -9.1184556132e-08   -1.4652319010e-08
  26.7100000   -1.3591408691e-06   -8.7194602755e-07   -6.2139355460e-08   -1.2565979077e-08   -3.3739718227e-08   -7.2343075211e-10   -8.4908385118e-08   -1.5340537565e-08
  26.7200000   -1.3550304409e-06   -8.5944912240e-07   -5.7027705537e-08   -9.1525237570e-09   -3.0430020979e-08   -1.5926528708e-10   -7.8480809556e-08   -1.5920130878e-08
  26.7300000   -1.3515300035e-06   -8.4689088159e-07   -5.1264372123e-08   -5.5940242803e-09   -2.7016900395e-08    3.9063439815e-10   -7.1934816789e-08   -1.6390635654e-08
  26.7400000   -1.3486619220e-06   -8.3433158272e-07   -4.4946991282e-08   -1.9340010681e-09   -2.3513109936e-08    9.2396850714e-10   -6.5302906169e-08   -1.6752264699e-08
  26.7500000   -1.3464383787e-06   -8.2182909168e-07   -3.8178618152e-08    1.7835959686e-09   -1.9931830272e-08    1.4385634825e-09   -5.8616946888e-08   -1.7005887541e-08
  26.7600000   -1.3448615480e-06   -8.0943813580e-07   -3.1066187335e-08    5.5149260442e-09   -1.6286608351e-08    1.9323897907e-09   -5.1908044946e-08   -1.7152996793e-08
  26.7700000   -1.3439238437e-06   -7.9720965320e-07   -2.3719054701e-08    9.2168752276e-09   -1.2591297334e-08    2.4035630064e-09   -4.5206426080e-08   -1.7195694337e-08
  26.7800000   -1.3436082926e-06   -7.8519019686e-07   -1.6247415322e-08    1.2847544818e-08   -8.8600128956e-09    2.8503531320e-09   -3.8541302826e-08   -1.7136641679e-08
  26.7900000   -1.3438890080e-06   -7.7342143824e-07   -8.7608488114e-09    1.6366806809e-08   -5.1070674762e-09    3.2711911497e-09   -3.1940778336e-08   -1.6979049841e-08
  26.8000000   -1.3447317798e-06   -7.6193973548e-07   -1.3668111931e-09    1.9736757290e-08   -1.3469083998e-09    3.6646766767e-09   -2.5431744783e-08   -1.6726617170e-08
  26.8100000   -1.3460946982e-06   -7.5077578015e-07    5.8307746126e-09    2.2922164115e-08    2.4059399592e-09    4.0295692919e-09   -1.9039796911e-08   -1.6383520056e-08
  26.8200000   -1.3479289314e-06   -7.3995434178e-07    1.2732861698e-08    2.5890861521e-08    6.1369342914e-09    4.3648069139e-09   -1.2789139116e-08   -1.5954344929e-08
  26.8300000   -1.3501794802e-06   -7.2949410882e-07    1.9246501859e-08    2.8614094682e-08    9.8315869501e-09    4.6695025559e-09   -6.7025303844e-09   -1.5444073317e-08
  26.8400000   -1.3527860278e-06   -7.1940759828e-07    2.5286045522e-08    3.1066804383e-08    1.3475516863e-08    4.9429356679e-09   -8.0122105103e-10   -1.4858020630e-08
  26.8500000   -1.3556838320e-06   -7.0970118514e-07    3.0774122439e-08    3.3227853492e-08    1.7054518778e-08    5.1845679955e-09    4.8951051206e-09   -1.4201805876e-08
  26.8600000   -1.3588046152e-06   -7.0037519003e-07    3.5642572918e-08    3.5080211006e-08    2.0554627106e-08    5.3940369571e-09    1.0368364568e-08   -1.3481302765e-08
  26.8700000   -1.3620775069e-06   -6.9142408286e-07    3.9833168343e-08    3.6611078534e-08    2.3962171290e-08    5.5711442554e-09    1.5602109997e-08   -1.2702596815e-08
  26.8800000   -1.3654299482e-06   -6.8283672638e-07    4.3298238057e-08    3.7811914354e-08    2.7263847927e-08    5.7158698831e-09    2.0581554838e-08   -1.1871950687e-08
  26.8900000   -1.3687886347e-06   -6.7459674820e-07    4.6001132546e-08    3.8678469313e-08    3.0446771118e-08    5.8283559962e-09    2.5293572338e-08   -1.0995742999e-08
  26.9000000   -1.3720804018e-06   -6.6668292225e-07    4.7916489460e-08    3.9210698964e-08    3.3498527066e-08    5.9089074488e-09    2.9726724671e-08   -1.0080443981e-08
  26.9100000   -1.3752330892e-06   -6.5906963769e-07    4.9030376876e-08    3.9412665176e-08    3.6407247387e-08    5.9579877238e-09    3.3871234203e-08   -9.1325647284e-09
  26.9200000   -1.3781764001e-06   -6.5172745229e-07    4.9340306480e-08    3.9292368191e-08    3.9161642391e-08    5.9762057898e-09    3.7718986896e-08   -8.1586233883e-09
  26.9300000   -1.3808426810e-06   -6.4462361583e-07    4.8855011747e-08    3.8861528542e-08    4.1751071317e-08    5.9643255838e-09    4.1263504172e-08   -7.1650956799e-09
  26.9400000   -1.3831676505e-06   -6.3772269578e-07    4.7594147333e-08    3.8135342889e-08    4.4165572840e-08    5.9232394380e-09    4.4499926009e-08   -6.1583918352e-09
  26.9500000   -1.3850910838e-06   -6.3098719812e-07    4.5587847201e-08    3.7132179268e-08    4.6395926828e-08    5.8539708354e-09    4.7424962949e-08   -5.1448003781e-09
  26.9600000   -1.3865574266e-06   -6.2437818822e-07    4.2876076793e-08    3.5873247892e-08    4.8433677859e-08    5.7576674104e-09    5.0036862149e-08   -4.1304725674e-09
  26.9700000   -1.3875163241e-06   -6.1785596659e-07    3.9507963598e-08    3.4382243427e-08    5.0271193075e-08    5.6355884410e-09    5.2335368263e-08   -3.1213845972e-09
  26.9800000   -1.3879230957e-06   -6.1138069168e-07    3.5540947707e-08    3.2684980648e-08    5.1901682362e-08    5.4890983918e-09    5.4321650267e-08   -2.1233046568e-09
  26.9900000   -1.3877391189e-06   -6.0491299148e-07    3.1039864789e-08    3.0808980219e-08    5.3319238706e-08    5.3196509478e-09    5.5998266692e-08   -1.1417637133e-09
  27.0000000   -1.3869321337e-06   -5.9841461051e-07    2.6075956669e-08    2.8783060992e-08    5.4518855504e-08    5.1287865425e-09    5.7369093580e-08   -1.8203280267e-10
  27.0100000   -1.3854764563e-06   -5.9184894888e-07    2.0725773457e-08    2.6636941947e-08    5.5496451660e-08    4.9181181689e-09    5.8439250756e-08    7.5089473108e-10
  27.0200000   -1.3833531556e-06   -5.8518165146e-07    1.5070088950e-08    2.4400813719e-08    5.6248899353e-08    4.6893225126e-09    5.9215051035e-08    1.6523378468e-09
  27.0300000   -1.3805500918e-06   -5.7838103764e-07    9.1927333433e-09    2.2104942789e-08    5.6774020431e-08    4.4441285685e-09    5.9703901360e-08    2.5179332194e-09
  27.0400000   -1.3770618886e-06   -5.7141861658e-07    3.1794340516e-09    1.9779278146e-08    5.7070604807e-08    4.1843087637e-09    5.9914257901e-08    3.3436640556e-09
  27.0500000   -1.3728898821e-06   -5.6426942539e-07   -2.8833772558e-09    1.7453070840e-08    5.7138417251e-08    3.9116659509e-09    5.9855516502e-08    4.1258527896e-09
  27.0600000   -1.3680419157e-06   -5.5691238630e-07   -8.9096812874e-09    1.5154515167e-08    5.6978188811e-08    3.6280243983e-09    5.9537961612e-08    4.8611979612e-09
  27.0700000   -1.3625321231e-06   -5.4933057370e-07   -1.4815025746e-08    1.2910424666e-08    5.6591619442e-08    3.3352166679e-09    5.8972662735e-08    5.5467649094e-09
  27.0800000   -1.3563806375e-06   -5.4151142367e-07   -2.0517590452e-08    1.0745923817e-08    5.5981358900e-08    3.0350795287e-09    5.8171418246e-08    6.1799908151e-09
  27.0900000   -1.3496132085e-06   -5.3344685424e-07   -2.5939219493e-08    8.6841839584e-09    5.5151002440e-08    2.7294381256e-09    5.7146646966e-08    6.7587042447e-09
  27.1000000   -1.3422608152e-06   -5.2513335218e-07   -3.1006347169e-08    6.7461760484e-09    5.4105068508e-08    2.4200957059e-09    5.5911323469e-08    7.2811057202e-09
  27.1100000   -1.3343591997e-06   -5.1657197384e-07   -3.5650907391e-08    4.9504994845e-09    5.2848973141e-08    2.1088321091e-09    5.4478897392e-08    7.7457832078e-09
  27.1200000   -1.3259483216e-06   -5.0776828501e-07   -3.9811083752e-08    3.3132025099e-09    5.1389004118e-08    1.7973821777e-09    5.2863207600e-08    8.1516998277e-09
  27.1300000   -1.3170719050e-06   -4.9873225190e-07   -4.3431989541e-08    1.8476601173e-09    4.9732293095e-08    1.4874437605e-09    5.1078402401e-08    8.4981916583e-09
  27.1400000   -1.3077767843e-06   -4.8947801921e-07   -4.6466254707e-08    5.6450069468e-10    4.7886778061e-08    1.1806498296e-09    4.9138869262e-08    8.7849564958e-09
  27.1500000   -1.2981123688e-06   -4.8002374425e-07   -4.8874474401e-08   -5.2842415593e-10    4.5861158342e-08    8.7857857181e-10    4.7059155269e-08    9.0120550162e-09
  27.1600000   -1.2881300277e-06   -4.7039125448e-07   -5.0625574844e-08   -1.4260630998e-09    4.3664862256e-08    5.8273800052e-10    4.4853894649e-08    9.1798815541e-09
  27.1700000   -1.2778824631e-06   -4.6060572978e-07   -5.1697034414e-08   -2.1261130936e-09    4.1308000610e-08    2.9455298318e-10    4.2537745287e-08    9.2891700782e-09
  27.1800000   -1.2674231205e-06   -4.5069536009e-07   -5.2074992547e-08   -2.6289426361e-09    3.8801311912e-08    1.5376279410e-11    4.0125302724e-08    9.3409648648e-09
  27.1900000   -1.2568055801e-06   -4.4069091033e-07   -5.1754276096e-08   -2.9375259238e-09    3.6156111810e-08   -2.5353484075e-10    3.7631063009e-08    9.3366160229e-09
  27.2000000   -1.2460829343e-06   -4.3062530813e-07   -5.0738260066e-08   -3.0572519425e-09    3.3384244045e-08   -5.1101099295e-10    3.5069336786e-08    9.2777576362e-09
  27.2100000   -1.2353072563e-06   -4.2053318195e-07   -4.9038696083e-08   -2.9957921198e-09    3.0498024203e-08   -7.5597608047e-10    3.2454194130e-08    9.1662896312e-09
  27.2200000   -1.2245290210e-06   -4.1045044635e-07   -4.6675344055e-08   -2.7629153287e-09    2.7510176643e-08   -9.8746637013e-10    2.9799430606e-08    9.0043588800e-09
  27.2300000   -1.2137965721e-06   -4.0041374195e-07   -4.3675611917e-08   -2.3702642276e-09    2.4433780492e-08   -1.2046056733e-09    2.7118483437e-08    8.7943375952e-09
  27.2400000   -1.2031556742e-06   -3.9046005316e-07   -4.0074035518e-08   -1.8311396497e-09    2.1282202389e-08   -1.4066314532e-09    2.4424417930e-08    8.5388068858e-09
  27.2500000   -1.1926490063e-06   -3.8062621981e-07   -3.5911705231e-08   -1.1602264406e-09    1.8069041191e-08   -1.5928887618e-09    2.1729847215e-08    8.2405353080e-09
  27.2600000   -1.1823157964e-06   -3.7094845364e-07   -3.1235654037e-08   -3.7339536443e-10    1.4808062952e-08   -1.7628203001e-09    1.9046926089e-08    7.9024565620e-09
  27.2700000   -1.1721914378e-06   -3.6146195458e-07   -2.6098130984e-08    5.1259650647e-10    1.1513139506e-08   -1.9159884869e-09    1.6387290636e-08    7.5276393625e-09
  27.2800000   -1.1623071929e-06   -3.5220048195e-07   -2.0555890147e-08    1.4803754073e-09    8.1981823183e-09   -2.0520540653e-09    1.3762036665e-08    7.1192853302e-09
  27.2900000   -1.1526898992e-06   -3.4319596990e-07   -1.4669398746e-08    2.5121771030e-09    4.8770771633e-09   -2.1707859877e-09    1.1181679457e-08    6.6806815159e-09
  27.3000000   -1.1433617913e-06   -3.3447820586e-07   -8.5020577933e-09    3.5901086468e-09    1.5636315708e-09   -2.2720620594e-09    8.6561481764e-09    6.2152042520e-09
  27.3100000   -1.1343403121e-06   -3.2607450268e-07   -2.1193935050e-09    4.6964381356e-09   -1.7284941776e-09   -2.3558630297e-09    6.1947450389e-09    5.7262815968e-09
  27.3200000   -1.1256380282e-06   -3.1800943160e-07    4.4117827299e-09    5.8137810289e-09   -4.9858477804e-09   -2.4222612198e-09    3.8061329204e-09    5.2173672672e-09
  27.3300000   -1.1172625795e-06   -3.1030461833e-07    1.1024125871e-08    6.9253687174e-09   -8.1952341711e-09   -2.4714319180e-09    1.4983268715e-09    4.6919464242e-09
  27.3400000   -1.1092166700e-06   -3.0297853855e-07    1.7650553068e-08    8.0152197324e-09   -1.1343784210e-08   -2.5036457432e-09   -7.2132836734e-10    4.1534860593e-09
  27.3500000   -1.1014981312e-06   -2.9604640456e-07    2.4225024157e-08    9.0683324703e-09   -1.4419001436e-08   -2.5192556032e-09   -2.8461517960e-09    3.6054281158e-09
  27.3600000   -1.0941000292e-06   -2.8952006269e-07    3.0683233520e-08    1.0070892562e-08   -1.7408824842e-08   -2.5187082735e-09   -4.8701444278e-09    3.0511760460e-09
  27.3700000   -1.0870108027e-06   -2.8340797610e-07    3.6963253257e-08    1.1010381817e-08   -2.0301668093e-08   -2.5025209344e-09   -6.7879832264e-09    2.4940685338e-09
  27.3800000   -1.0802144931e-06   -2.7771518548e-07    4.3006192711e-08    1.1875709024e-08   -2.3086473673e-08   -2.4712944163e-09   -8.5950237236e-09    1.9373652143e-09
  27.3900000   -1.0736909660e-06   -2.7244341831e-07    4.8756728648e-08    1.2657321848e-08   -2.5752752229e-08   -2.4256932703e-09   -1.0287285120e-08    1.3842321707e-09
  27.4000000   -1.0674161965e-06   -2.6759114186e-07    5.4163607459e-08    1.3347258059e-08   -2.8290632887e-08   -2.3664404845e-09   -1.1861457060e-08    8.3772242429e-10
  27.4100000   -1.0613625827e-06   -2.6315370201e-07    5.9180066665e-08    1.3939227056e-08   -3.0690893754e-08   -2.2943286787e-09   -1.3314884018e-08    3.0077158069e-10
  27.4200000   -1.0554993342e-06   -2.5912350247e-07    6.3764215457e-08    1.4428602007e-08   -3.2945000182e-08   -2.2101965055e-09   -1.4645547314e-08   -2.2382192017e-10
  27.4300000   -1.0497927936e-06   -2.5549020543e-07    6.7879293215e-08    1.4812454050e-08   -3.5045144074e-08   -2.1149247798e-09   -1.5852057055e-08   -7.3341362897e-10
  27.4400000   -1.0442068982e-06   -2.5224096219e-07    7.1493907539e-08    1.5089490072e-08   -3.6984251721e-08   -2.0094338579e-09   -1.6933636901e-08   -1.2255091282e-09
  27.4500000   -1.0387035604e-06   -2.4936067236e-07    7.4582163970e-08    1.5260045596e-08   -3.8756033129e-08   -1.8946856657e-09   -1.7890101437e-08   -1.6977860984e-09
  27.4600000   -1.0332431392e-06   -2.4683226124e-07    7.7123746100e-08    1.5325991705e-08   -4.0354980026e-08   -1.7716559253e-09   -1.8721831206e-08   -2.1480975704e-09
  27.4700000   -1.0277848564e-06   -2.4463699096e-07    7.9103910380e-08    1.5290675461e-08   -4.1776397970e-08   -1.6413456767e-09   -1.9429764864e-08   -2.5744756309e-09
  27.4800000   -1.0222872812e-06   -2.4275477695e-07    8.0513452332e-08    1.5158796261e-08   -4.3016408339e-08   -1.5047709729e-09   -2.0015356456e-08   -2.9751433596e-09
  27.4900000   -1.0167087665e-06   -2.4116449505e-07    8.1348565524e-08    1.4936297799e-08   -4.4071966155e-08   -1.3629494695e-09   -2.0480572574e-08   -3.3485062154e-09
  27.5000000   -1.0110079147e-06   -2.3984430387e-07    8.1610661599e-08    1.4630252280e-08   -4.4940856249e-08   -1.2169056306e-09   -2.0827843053e-08   -3.6931835490e-09
  27.5100000   -1.0051440111e-06   -2.3877197702e-07    8.1306167971e-08    1.4248696871e-08   -4.5621704715e-08   -1.0676567815e-09   -2.1060046413e-08   -4.0079755840e-09
  27.5200000   -9.9907746054e-07   -2.3792522412e-07    8.0446211047e-08    1.3800481087e-08   -4.6113960794e-08   -9.1620724114e-10   -2.1180488458e-08   -4.2918802757e-09
  27.5300000   -9.9277020585e-07   -2.3728199892e-07    7.9046351561e-08    1.3295142441e-08   -4.6417902435e-08   -7.6354819170e-10   -2.1192856908e-08   -4.5441056903e-09
  27.5400000   -9.8618613381e-07   -2.3682077644e-07    7.7126184343e-08    1.2742719011e-08   -4.6534622796e-08   -6.1065026175e-10   -2.1101202743e-08   -4.7640454742e-09
  27.5500000   -9.7929142060e-07   -2.3652086479e-07    7.4709014490e-08    1.2153594265e-08   -4.6466009945e-08   -4.5845058187e-10   -2.0909906510e-08   -4.9512929826e-09
  27.5600000   -9.7205492541e-07   -2.3636263407e-07    7.1821427974e-08    1.1538343776e-08   -4.6214739795e-08   -3.0786524653e-10   -2.0623649541e-08   -5.1056313897e-09
  27.5700000   -9.6444845421e-07   -2.3632777181e-07    6.8492861811e-08    1.0907588112e-08   -4.5784240371e-08   -1.5976580253e-10   -2.0247384325e-08   -5.2270236197e-09
  27.5800000   -9.5644709967e-07   -2.3639950547e-07    6.4755229438e-08    1.0271787637e-08   -4.5178686988e-08   -1.4989029772e-11   -1.9786301245e-08   -5.3156268579e-09
  27.5900000   -9.4802944873e-07   -2.3656273752e-07    6.0642454068e-08    9.6411883702e-09   -4.4402950929e-08    1.2567791884e-10   -1.9245802558e-08   -5.3717636428e-09
  27.6000000   -9.3917784160e-07   -2.3680424314e-07    5.6190080359e-08    9.0255809271e-09   -4.3462589447e-08    2.6148697292e-10   -1.8631467872e-08   -5.3959293627e-09
  27.6100000   -9.2987852300e-07   -2.3711278349e-07    5.1434828691e-08    8.4342573586e-09   -4.2363801139e-08    3.9174459829e-10   -1.7949019113e-08   -5.3887792029e-09
  27.6200000   -9.2012179063e-07   -2.3747918047e-07    4.6414209870e-08    7.8758568158e-09   -4.1113392331e-08    5.1581149849e-10   -1.7204309316e-08   -5.3511286833e-09
  27.6300000   -9.0990210397e-07   -2.3789638779e-07    4.1166156473e-08    7.3582646826e-09   -3.9718740205e-08    6.3309824931e-10   -1.6403271251e-08   -5.2839275101e-09
  27.6400000   -8.9921813564e-07   -2.3835951192e-07    3.5728619169e-08    6.8885389096e-09   -3.8187753350e-08    7.4307426006e-10   -1.5551899711e-08   -5.1882686273e-09
  27.6500000   -8.8807283111e-07   -2.3886582072e-07    3.0139291625e-08    6.4728179676e-09   -3.6528822162e-08    8.4526866229e-10   -1.4656226263e-08   -5.0653702786e-09
  27.6600000   -8.7647335082e-07   -2.3941469599e-07    2.4435227527e-08    6.1162803132e-09   -3.4750785028e-08    9.3927365138e-10   -1.3722286538e-08   -4.9165675203e-09
  27.6700000   -8.6443104982e-07   -2.4000755139e-07    1.8652615943e-08    5.8230848720e-09   -3.2862872488e-08    1.0247349942e-09   -1.2756097803e-08   -4.7432973675e-09
  27.6800000   -8.5196137846e-07   -2.4064777509e-07    1.2826509021e-08    5.5963529071e-09   -3.0874671870e-08    1.1013597883e-09   -1.1763625333e-08   -4.5470969452e-09
  27.6900000   -8.3908378040e-07   -2.4134058354e-07    6.9906119967e-09    5.4381503458e-09   -2.8796068083e-08    1.1689182104e-09   -1.0750765893e-08   -4.3295908472e-09
  27.7000000   -8.2582150575e-07   -2.4209288619e-07    1.1771028746e-09    5.3494823847e-09   -2.6637199901e-08    1.2272393666e-09   -9.7233267751e-09   -4.0924657465e-09
  27.7100000   -8.1220145702e-07   -2.4291312185e-07   -4.5835477683e-09    5.3303330242e-09   -2.4408414330e-08    1.2762097429e-09   -8.6869885322e-09   -3.8374844646e-09
  27.7200000   -7.9825396431e-07   -2.4381108065e-07   -1.0262637556e-08    5.3796700449e-09   -2.2120209753e-08    1.3157831647e-09   -7.6473023866e-09   -3.5664580727e-09
  27.7300000   -7.8401254878e-07   -2.4479769134e-07   -1.5833372330e-08    5.4954997346e-09   -1.9783190283e-08    1.3459594346e-09   -6.6096568647e-09   -3.2812364465e-09
  27.7400000   -7.6951364762e-07   -2.4588481690e-07   -2.1270904416e-08    5.6749147119e-09   -1.7408019659e-08    1.3668015223e-09   -5.5792604170e-09   -2.9837002537e-09
  27.7500000   -7.5479635808e-07   -2.4708504366e-07   -2.6552352589e-08    5.9141736663e-09   -1.5005361885e-08    1.3784221666e-09   -4.5611304311e-09   -2.6757491962e-09
  27.7600000   -7.3990211463e-07   -2.4841142563e-07   -3.1656814278e-08    6.2087609076e-09   -1.2585848832e-08    1.3809868719e-09   -3.5600657916e-09   -2.3593013730e-09
  27.7700000   -7.2487439626e-07   -2.4987728308e-07   -3.6565368463e-08    6.5534706362e-09   -1.0160015901e-08    1.3747143689e-09   -2.5806451646e-09   -2.0362612951e-09
  27.7800000   -7.0975838537e-07   -2.5149593221e-07   -4.1260973583e-08    6.9425177825e-09   -7.7382672776e-09    1.3598629761e-09   -1.6271998443e-09   -1.7085328375e-09
  27.7900000   -6.9460064616e-07   -2.5328050535e-07   -4.5728469373e-08    7.3695985845e-09   -5.3308208232e-09    1.3367372852e-09   -7.0381454785e-10   -1.3779897214e-09
  27.8000000   -6.7944879169e-07   -2.5524367031e-07   -4.9954470931e-08    7.8280198358e-09   -2.9476762651e-09    1.3056846463e-09    1.8569953221e-10   -1.0464848024e-09
  27.8100000   -6.6435115006e-07   -2.5739746283e-07   -5.3927287930e-08    8.3107848959e-09   -5.9856582585e-10    1.2670893203e-09    1.0377987862e-09   -7.1583145837e-10
  27.8200000   -6.4935641209e-07   -2.5975305095e-07   -5.7636826685e-08    8.8106967241e-09    1.7070901839e-09    1.2213701727e-09    1.8492314913e-09   -3.8779099219e-10
  27.8300000   -6.3451332648e-07   -2.6232053940e-07   -6.1074488499e-08    9.3204704166e-09    3.9602100897e-09    1.1689763552e-09    2.6170247796e-09   -6.4077324515e-11
  27.8400000   -6.1987036531e-07   -2.6510880346e-07   -6.4233062388e-08    9.8328317183e-09    6.1520963836e-09    1.1103819930e-09    3.3385150802e-09    2.5366529659e-10
  27.8500000   -6.0547541232e-07   -2.6812534651e-07   -6.7106613963e-08    1.0340602887e-08    8.2744671981e-09    1.0460882442e-09    4.0113294447e-09    5.6385538304e-10
  27.8600000   -5.9137548626e-07   -2.7137611372e-07   -6.9690383282e-08    1.0836809992e-08    1.0319487684e-08    9.7662080513e-10    4.6333990733e-09    8.6498857434e-10
  27.8700000   -5.7761643783e-07   -2.7486541025e-07   -7.1980664814e-08    1.1314764355e-08    1.2279793271e-08    9.0251598591e-10    5.2029673148e-09    1.1556469821e-09
  27.8800000   -5.6424268931e-07   -2.7859579211e-07   -7.3974735243e-08    1.1768154063e-08    1.4148528250e-08    8.2432395353e-10    5.7185707771e-09    1.4344883924e-09
  27.8900000   -5.5129700198e-07   -2.8256796637e-07   -7.5670732109e-08    1.2191091660e-08    1.5919356226e-08    7.4261019482e-10    6.1790621925e-09    1.7002738134e-09
  27.9000000   -5.3882025271e-07   -2.8678077451e-07   -7.7067592941e-08    1.2578228132e-08    1.7586492842e-08    6.5793947674e-10    6.5835898174e-09    1.9518501069e-09
  27.9100000   -5.2685123336e-07   -2.9123111662e-07   -7.8164972793e-08    1.2924779902e-08    1.9144708529e-08    5.7088411765e-10    6.9315997100e-09    2.1881669686e-09
  27.9200000   -5.1542645344e-07   -2.9591399132e-07   -7.8963167049e-08    1.3226574649e-08    2.0589367973e-08    4.8201641878e-10    7.2228367683e-09    2.4082790847e-09
  27.9300000   -5.0458003146e-07   -3.0082246584e-07   -7.9463090507e-08    1.3480118678e-08    2.1916414847e-08    3.9189825939e-10    7.4573279104e-09    2.6113422219e-09
  27.9400000   -4.9434354147e-07   -3.0594774558e-07   -7.9666200742e-08    1.3682603960e-08    2.3122391636e-08    3.0109803582e-10    7.6353856192e-09    2.7966165845e-09
  27.9500000   -4.8474592586e-07   -3.1127920995e-07   -7.9574493691e-08    1.3831942635e-08    2.4204456807e-08    2.1016217486e-10    7.7575918538e-09    2.9634732047e-09
  27.9600000   -4.7581340096e-07   -3.1680450692e-07   -7.9190481561e-08    1.3926767108e-08    2.5160374837e-08    1.1962550908e-10    7.8247928728e-09    3.1113887086e-09
  27.9700000   -4.6756944277e-07   -3.2250963303e-07   -7.8517172191e-08    1.3966455886e-08    2.5988517260e-08    3.0016121350e-11    7.8380917547e-09    3.2399509047e-09
  27.9800000   -4.6003474664e-07   -3.2837905771e-07   -7.7558068263e-08    1.3951089323e-08    2.6687867279e-08   -5.8161277284e-11    7.7988320891e-09    3.3488529762e-09
  27.9900000   -4.5322721619e-07   -3.3439585981e-07   -7.6317216517e-08    1.3881486230e-08    2.7258009370e-08   -1.4442873612e-10    7.7085803768e-09    3.4378984979e-09
  28.0000000   -4.4716201942e-07   -3.4054185406e-07   -7.4799174738e-08    1.3759129855e-08    2.7699119984e-08   -2.2831673608e-10    7.5691367215e-09    3.5069922157e-09
  28.0100000   -4.4185160889e-07   -3.4679776148e-07   -7.3009058155e-08    1.3586162359e-08    2.8011966153e-08   -3.0939451388e-10    7.3824938690e-09    3.5561486146e-09
  28.0200000   -4.3730580847e-07   -3.5314338323e-07   -7.0952596033e-08    1.3365349866e-08    2.8197880897e-08   -3.8724693958e-10    7.1508424058e-09    3.5854736170e-09
  28.0300000   -4.3353189987e-07   -3.5955774671e-07   -6.8636126403e-08    1.3100021749e-08    2.8258747555e-08   -4.6148946335e-10    6.8765400822e-09    3.5951849355e-09
  28.0400000   -4.3053472183e-07   -3.6601931032e-07   -6.6066652276e-08    1.2794018925e-08    2.8196992059e-08   -5.3177071872e-10    6.5621172079e-09    3.5855896903e-09
  28.0500000   -4.2831680038e-07   -3.7250615326e-07   -6.3251878957e-08    1.2451659380e-08    2.8015556148e-08   -5.9776624710e-10    6.2102374956e-09    3.5570840776e-09
  28.0600000   -4.2687848326e-07   -3.7899613250e-07   -6.0200256030e-08    1.2077652278e-08    2.7717872890e-08   -6.5918510737e-10    5.8236975785e-09    3.5101603149e-09
  28.0700000   -4.2621810102e-07   -3.8546709054e-07   -5.6921011171e-08    1.1677066081e-08    2.7307843438e-08   -7.1576675209e-10    5.4054149279e-09    3.4453852106e-09
  28.0800000   -4.2633212496e-07   -3.9189704729e-07   -5.3424177989e-08    1.1255217071e-08    2.6789814085e-08   -7.6728492503e-10    4.9583889144e-09    3.3634110232e-09
  28.0900000   -4.2721532959e-07   -3.9826436571e-07   -4.9720621955e-08    1.0817642999e-08    2.6168543279e-08   -8.1354575911e-10    4.4857067601e-09    3.2649677878e-09
  28.1000000   -4.2886097015e-07   -4.0454790703e-07   -4.5822081217e-08    1.0370023599e-08    2.5449173385e-08   -8.5438720067e-10    3.9905175404e-09    3.1508489590e-09
  28.1100000   -4.3126097622e-07   -4.1072723864e-07   -4.1741165394e-08    9.9180988817e-09    2.4637209049e-08   -8.8968605823e-10    3.4760157115e-09    3.0219137715e-09
  28.1200000   -4.3440612677e-07   -4.1678275639e-07   -3.7491368503e-08    9.4676132023e-09    2.3738461530e-08   -9.1934459158e-10    2.9454216168e-09    2.8790821881e-09
  28.1300000   -4.3828623945e-07   -4.2269583789e-07   -3.3087066089e-08    9.0242526302e-09    2.2759042716e-08   -9.4330548589e-10    2.4019659224e-09    2.7233247019e-09
  28.1400000   -4.4289034164e-07   -4.2844899298e-07   -2.8543524332e-08    8.5935702885e-09    2.1705315071e-08   -9.6153711944e-10    1.8488823669e-09    2.5556624556e-09
  28.1500000   -4.4820686664e-07   -4.3402595427e-07   -2.3876845579e-08    8.1809376336e-09    2.0583860668e-08   -9.7404589695e-10    1.2893754552e-09    2.3771619423e-09
  28.1600000   -4.5422381810e-07   -4.3941180614e-07   -1.9103968397e-08    7.7914835149e-09    1.9401445158e-08   -9.8086282935e-10    7.2661917784e-10    2.1889114169e-09
  28.1700000   -4.6092895313e-07   -4.4459306697e-07   -1.4242612932e-08    7.4300298334e-09    1.8164985459e-08   -9.8205496814e-10    1.6373054353e-10    1.9920460469e-09
  28.1800000   -4.6830992746e-07   -4.4955776448e-07   -9.3112391374e-09    7.1010603236e-09    1.6881507182e-08   -9.7771259854e-10   -3.9623603012e-10    1.7877114121e-09
  28.1900000   -4.7635444692e-07   -4.5429548409e-07   -4.3289815451e-09    6.8086607481e-09    1.5558121398e-08   -9.6795467686e-10   -9.5031019280e-10    1.5770790062e-09
  28.2000000   -4.8505041712e-07   -4.5879744343e-07    6.8441427049e-10    6.5565042643e-09    1.4201970766e-08   -9.5292910967e-10   -1.4956169875e-09    1.3613340819e-09
  28.2100000   -4.9438607800e-07   -4.6305649043e-07    5.7086859149e-09    6.3477835208e-09    1.2820214701e-08   -9.3280431744e-10   -2.0293873328e-09    1.1416522390e-09
  28.2200000   -5.0435009894e-07   -4.6706713445e-07    1.0723131427e-08    6.1852022813e-09    1.1419979530e-08   -9.0777553122e-10   -2.5489782704e-09    9.1922792310e-10
  28.2300000   -5.1493171849e-07   -4.7082552254e-07    1.5706694336e-08    6.0709805468e-09    1.0008330336e-08   -8.7805086521e-10   -3.0518761585e-09    6.9524061614e-10
  28.2400000   -5.2612078441e-07   -4.7432945157e-07    2.0638085345e-08    6.0067697916e-09    8.5922396832e-09   -8.4387295260e-10   -3.5357065147e-09    4.7086532820e-10
  28.2500000   -5.3790790133e-07   -4.7757831071e-07    2.5495901682e-08    5.9937094015e-09    7.1785494734e-09   -8.0549007846e-10   -3.9982567343e-09    2.4725078918e-10
  28.2600000   -5.5028441347e-07   -4.8057304885e-07    3.0258705131e-08    6.0323952203e-09    5.7739559015e-09   -7.6316767065e-10   -4.4374662549e-09    2.5530957422e-11
  28.2700000   -5.6324250060e-07   -4.8331610689e-07    3.4905176741e-08    6.1228634064e-09    4.3849480955e-09   -7.1719013661e-10   -4.8514528303e-09   -1.9318835319e-10
  28.2800000   -5.7677520822e-07   -4.8581137267e-07    3.9414217691e-08    6.2646405295e-09    3.0178193595e-09   -6.6785202095e-10   -5.2385059142e-09   -4.0783262441e-10
  28.2900000   -5.9087647033e-07   -4.8806405934e-07    4.3765098576e-08    6.4566979899e-09    1.6786088019e-09   -6.1545741369e-10   -5.5971005926e-09   -6.1736446286e-10
  28.3000000   -6.0554107488e-07   -4.9008065872e-07    4.7937552203e-08    6.6975285476e-09    3.7309475681e-10   -5.6031867910e-10   -5.9259008647e-09   -8.2078583614e-10
  28.3100000   -6.2076471711e-07   -4.9186883982e-07    5.1911922212e-08    6.9851205526e-09   -8.9323713763e-10   -5.0275914052e-10   -6.2237607579e-09   -1.0171438917e-09
  28.3200000   -6.3654392889e-07   -4.9343730930e-07    5.5669290236e-08    7.3170015294e-09   -2.1152128519e-09   -4.4310048081e-10   -6.4897326417e-09   -1.2055322075e-09
  28.3300000   -6.5287608597e-07   -4.9479576090e-07    5.9191591967e-08    7.6902817763e-09   -3.2879904226e-09   -3.8167172097e-10   -6.7230613733e-09   -1.3850990990e-09
  28.3400000   -6.6975933803e-07   -4.9595471391e-07    6.2461718985e-08    8.1016441347e-09   -4.4070777714e-09   -3.1880074938e-10   -6.9231929178e-09   -1.5550482918e-09
  28.3500000   -6.8719257692e-07   -4.9692544012e-07    6.5463678663e-08    8.5474303133e-09   -5.4683419725e-09   -2.5481581074e-10   -7.0897697769e-09   -1.7146315149e-09
  28.3600000   -7.0517534116e-07   -4.9771982364e-07    6.8182652044e-08    9.0236382799e-09   -6.4680420723e-09   -1.9004780458e-10   -7.2226347128e-09   -1.8631803910e-09
  28.3700000   -7.2370779641e-07   -4.9835025280e-07    7.0605125448e-08    9.5259910514e-09   -7.4028124374e-09   -1.2481665044e-10   -7.3218175525e-09   -2.0000709325e-09
  28.3800000   -7.4279060840e-07   -4.9882950798e-07    7.2718976833e-08    1.0049955399e-08   -8.2696946429e-09   -5.9438834302e-11   -7.3875460085e-09   -2.1247505618e-09
  28.3900000   -7.6242489133e-07   -4.9917065863e-07    7.4513580720e-08    1.0590829862e-08   -9.0661367322e-09    5.7720605689e-12   -7.4202315995e-09   -2.2367381538e-09
  28.4000000   -7.8261211742e-07   -4.9938694113e-07    7.5979857325e-08    1.1143714311e-08   -9.7899973066e-09    7.0519156129e-11   -7.4204674104e-09   -2.3356069391e-09
  28.4100000   -8.0335400182e-07   -4.9949167270e-07    7.7110357726e-08    1.1703624508e-08   -1.0439553166e-08    1.3450078480e-10   -7.3890197743e-09   -2.4210162156e-09
  28.4200000   -8.2465243843e-07   -4.9949815747e-07    7.7899342287e-08    1.2265512928e-08   -1.1013489677e-08    1.9744264870e-10   -7.3268275128e-09   -2.4926834731e-09
  28.4300000   -8.4650937178e-07   -4.9941956828e-07    7.8342795242e-08    1.2824307134e-08   -1.1510916230e-08    2.5906696168e-10   -7.2349842072e-09   -2.5503960369e-09
  28.4400000   -8.6892673871e-07   -4.9926889557e-07    7.8438479264e-08    1.3374967816e-08   -1.1931346868e-08    3.1911936355e-10   -7.1147404885e-09   -2.5940161936e-09
  28.4500000   -8.9190631835e-07   -4.9905885903e-07    7.8185973032e-08    1.3912529727e-08   -1.2274702877e-08    3.7735605456e-10   -6.9674897711e-09   -2.6234678229e-09
  28.4600000   -9.1544969142e-07   -4.9880183422e-07    7.7586668474e-08    1.4432121166e-08   -1.2541307760e-08    4.3354715153e-10   -6.7947582451e-09   -2.6387547519e-09
  28.4700000   -9.3955810721e-07   -4.9850981045e-07    7.6643798883e-08    1.4929054616e-08   -1.2731869654e-08    4.8747550640e-10   -6.5981887286e-09   -2.6399379436e-09
  28.4800000   -9.6423241531e-07   -4.9819430794e-07    7.5362414722e-08    1.5398815552e-08   -1.2847479954e-08    5.3894727434e-10   -6.3795383456e-09   -2.6271549936e-09
  28.4900000   -9.8947296792e-07   -4.9786637851e-07    7.3749360588e-08    1.5837137184e-08   -1.2889593867e-08    5.8777383003e-10   -6.1406642732e-09   -2.6005938429e-09
  28.5000000   -1.0152795265e-06   -4.9753654422e-07    7.1813267325e-08    1.6240013601e-08   -1.2860015407e-08    6.3379605070e-10   -5.8835098613e-09   -2.5605224664e-09
  28.5100000   -1.0416512074e-06   -4.9721476862e-07    6.9564506717e-08    1.6603742608e-08   -1.2760891589e-08    6.7686167652e-10   -5.6100938537e-09   -2.5072613929e-09
  28.5200000   -1.0685863886e-06   -4.9691046453e-07    6.7015120527e-08    1.6924947651e-08   -1.2594681837e-08    7.1684165963e-10   -5.3224943307e-09   -2.4411913065e-09
  28.5300000   -1.0960826559e-06   -4.9663245586e-07    6.4178779454e-08    1.7200607328e-08   -1.2364149157e-08    7.5362366863e-10   -5.0228412208e-09   -2.3627481630e-09
  28.5400000   -1.1241367266e-06   -4.9638901012e-07    6.1070709035e-08    1.7428088737e-08   -1.2072335911e-08    7.8711378238e-10   -4.7132992090e-09   -2.2724267537e-09
  28.5500000   -1.1527444072e-06   -4.9618780016e-07    5.7707605879e-08    1.7605154365e-08   -1.1722542572e-08    8.1723050061e-10   -4.3960528905e-09   -2.1707642022e-09
  28.5600000   -1.1819005356e-06   -4.9603596677e-07    5.4107520867e-08    1.7729983504e-08   -1.1318309415e-08    8.4391074761e-10   -4.0733018571e-09   -2.0583585005e-09
  28.5700000   -1.2115989446e-06   -4.9594010036e-07    5.0289811519e-08    1.7801190998e-08   -1.0863386456e-08    8.6711342255e-10   -3.7472368234e-09   -1.9358394514e-09
  28.5800000   -1.2418324264e-06   -4.9590627345e-07    4.6274985323e-08    1.7817826615e-08   -1.0361726654e-08    8.8681309717e-10   -3.4200332531e-09   -1.8038836744e-09
  28.5900000   -1.2725926912e-06   -4.9594007654e-07    4.2084598925e-08    1.7779398277e-08   -9.8174329929e-09    9.0299906241e-10   -3.0938395921e-09   -1.6632038543e-09
  28.6000000   -1.3038703588e-06   -4.9604663966e-07    3.7741150551e-08    1.7685851726e-08   -9.2347636793e-09    9.1567367841e-10   -2.7707551084e-09   -1.5145483054e-09
  28.6100000   -1.3356549449e-06   -4.9623067649e-07    3.3267921325e-08    1.7537586085e-08   -8.6180915026e-09    9.2485853109e-10   -2.4528368005e-09   -1.3586943936e-09
  28.6200000   -1.3679348166e-06   -4.9649651446e-07    2.8688841802e-08    1.7335461284e-08   -7.9718790717e-09    9.3059097198e-10   -2.1420674149e-09   -1.1964420431e-09
  28.6300000   -1.4006972302e-06   -4.9684812892e-07    2.4028388843e-08    1.7080747977e-08   -7.3006595458e-09    9.3292396070e-10   -1.8403494182e-09   -1.0286223321e-09
  28.6400000   -1.4339282979e-06   -4.9728919268e-07    1.9311401762e-08    1.6775164097e-08   -6.6090073870e-09    9.3191467518e-10   -1.5495066041e-09   -8.5607270188e-10
  28.6500000   -1.4676129974e-06   -4.9782311683e-07    1.4562932720e-08    1.6420820379e-08   -5.9015153145e-09    9.2764697075e-10   -1.2712590344e-09   -6.7965004569e-10
  28.6600000   -1.5017351997e-06   -4.9845306323e-07    9.8081374901e-09    1.6020253728e-08   -5.1827680388e-09    9.2020281264e-10   -1.0072227809e-09   -5.0022443175e-10
  28.6700000   -1.5362776518e-06   -4.9918202890e-07    5.0720642530e-09    1.5576341680e-08   -4.4573196988e-09    9.0968598482e-10   -7.5889326514e-10   -3.1866930631e-10
  28.6800000   -1.5712220041e-06   -5.0001282123e-07    3.7955287249e-10    1.5092328814e-08   -3.7296680344e-09    8.9620951826e-10   -5.2764600342e-10   -1.3585517544e-10
  28.6900000   -1.6065488485e-06   -5.0094814627e-07   -4.2449358644e-09    1.4571776306e-08   -3.0042329117e-09    8.7988949963e-10   -3.1471762414e-10    4.7345675153e-11
  28.7000000   -1.6422376888e-06   -5.0199060660e-07   -8.7774906914e-09    1.4018534852e-08   -2.2853409234e-09    8.6085668321e-10   -1.2121561984e-10    2.3006862156e-10
  28.7100000   -1.6782670181e-06   -5.0314272675e-07   -1.3194850583e-08    1.3436727171e-08   -1.5771870189e-09    8.3924882678e-10    5.1900473507e-11    4.1145649649e-10
  28.7200000   -1.7146143097e-06   -5.0440699300e-07   -1.7474583473e-08    1.2830705262e-08   -8.8383344964e-10    8.1520668629e-10    2.0382570349e-10    5.9066763723e-10
  28.7300000   -1.7512560497e-06   -5.0578585099e-07   -2.1595231791e-08    1.2205006603e-08   -2.0917358424e-10    7.8888412749e-10    3.3389540507e-10    7.6687867900e-10
  28.7400000   -1.7881677690e-06   -5.0728174041e-07   -2.5536420519e-08    1.1564323824e-08    4.4306813761e-10    7.6043649659e-10    4.4161172053e-10    9.3929358296e-10
  28.7500000   -1.8253240657e-06   -5.0889709251e-07   -2.9278990378e-08    1.0913474939e-08    1.0693719805e-09    7.3002030300e-10    5.2663376741e-10    1.1071267513e-09
  28.7600000   -1.8626986432e-06   -5.1063433095e-07   -3.2805109391e-08    1.0257351902e-08    1.6664298092e-09    6.9780203673e-10    5.8876839056e-10    1.2696310396e-09
  28.7700000   -1.9002643037e-06   -5.1249588315e-07   -3.6098416551e-08    9.6008956320e-09    2.2311501795e-09    6.6394872211e-10    6.2799634247e-10    1.4260876311e-09
  28.7800000   -1.9379930176e-06   -5.1448417602e-07   -3.9144075475e-08    8.9490225418e-09    2.7606878514e-09    6.2862765997e-10    6.4444986699e-10    1.5758139861e-09
  28.7900000   -1.9758559192e-06   -5.1660162435e-07   -4.1928903697e-08    8.3066330013e-09    3.2524485194e-09    5.9200465281e-10    6.3841698279e-10    1.7181613010e-09
  28.8000000   -2.0138233605e-06   -5.1885061397e-07   -4.4441431550e-08    7.6785237578e-09    3.7040947020e-09    5.5425076551e-10    6.1034235994e-10    1.8525206329e-09
  28.8100000   -2.0518649024e-06   -5.2123349956e-07   -4.6671948221e-08    7.0693985616e-09    4.1135553165e-09    5.1553469754e-10    5.6082271128e-10    1.9783297856e-09
  28.8200000   -2.0899493840e-06   -5.2375257241e-07   -4.8612604393e-08    6.4837732332e-09    4.4790400164e-09    4.7602197479e-10    4.9060694240e-10    2.0950600128e-09
  28.8300000   -2.1280449004e-06   -5.2641005052e-07   -5.0257415262e-08    5.9259852289e-09    4.7990352174e-09    4.3588182777e-10    4.0057154654e-10    2.2022367325e-09
  28.8400000   -2.1661188617e-06   -5.2920805190e-07   -5.1602300291e-08    5.4001344172e-09    5.0723153775e-09    3.9527487223e-10    2.9174089834e-10    2.2994349787e-09
  28.8500000   -2.2041380025e-06   -5.3214856804e-07   -5.2645091298e-08    4.9100418312e-09    5.2979391174e-09    3.5436046942e-10    1.6526363400e-10    2.3862736848e-09
  28.8600000   -2.2420684081e-06   -5.3523343246e-07   -5.3385521778e-08    4.4592547672e-09    5.4752554843e-09    3.1329369750e-10    2.2417005626e-11    2.4624220585e-09
  28.8700000   -2.2798755380e-06   -5.3846429757e-07   -5.3825243628e-08    4.0509839798e-09    5.6038921736e-09    2.7222541331e-10   -1.3541492362e-10    2.5276005316e-09
  28.8800000   -2.3175242506e-06   -5.4184260530e-07   -5.3967746895e-08    3.6880900217e-09    5.6837749626e-09    2.3130254549e-10   -3.0673697366e-10    2.5815861270e-09
  28.8900000   -2.3549788388e-06   -5.4536953937e-07   -5.3818361222e-08    3.3730681867e-09    5.7150978185e-09    1.9066624894e-10   -4.8996109369e-10    2.6242059882e-09
  28.9000000   -2.3922030388e-06   -5.4904603450e-07   -5.3384156029e-08    3.1079964682e-09    5.6983380865e-09    1.5045266287e-10   -6.8341592064e-10    2.6553365276e-09
  28.9100000   -2.4291600615e-06   -5.5287272103e-07   -5.2673900866e-08    2.8945644034e-09    5.6342388007e-09    1.1078561449e-10   -8.8534436534e-10    2.6749144358e-09
  28.9200000   -2.4658126411e-06   -5.5684989973e-07   -5.1697958952e-08    2.7340415219e-09    5.5238042702e-09    7.1788690130e-11   -1.0939305018e-09    2.6829180948e-09
  28.9300000   -2.5021230266e-06   -5.6097753558e-07   -5.0468183840e-08    2.6272459376e-09    5.3682942416e-09    3.3581692724e-11   -1.3073028716e-09    2.6793930638e-09
  28.9400000   -2.5380530634e-06   -5.6525519697e-07   -4.8997824448e-08    2.5745795564e-09    5.1692019015e-09   -3.7295536279e-12   -1.5235426352e-09    2.6644197127e-09
  28.9500000   -2.5735641939e-06   -5.6968208708e-07   -4.7301396805e-08    2.5759992625e-09    4.9282593873e-09   -4.0046926560e-11   -1.7407096852e-09    2.6381446628e-09
  28.9600000   -2.6086174930e-06   -5.7425699646e-07   -4.5394534008e-08    2.6310322637e-09    4.6474133150e-09   -7.5273785672e-11   -1.9568334416e-09    2.6007555875e-09
  28.9700000   -2.6431737334e-06   -5.7897827644e-07   -4.3293860560e-08    2.7387704496e-09    4.3288132081e-09   -1.0932360692e-10   -2.1699345655e-09    2.5524907928e-09
  28.9800000   -2.6771934289e-06   -5.8384386402e-07   -4.1016870801e-08    2.8978931657e-09    3.9748022998e-09   -1.4212054524e-10   -2.3780452400e-09    2.4936317892e-09
  28.9900000   -2.7106368530e-06   -5.8885124975e-07   -3.8581715753e-08    3.1066803970e-09    3.5878957141e-09   -1.7359422981e-10   -2.5792060213e-09    2.4245101134e-09
  29.0000000   -2.7434641320e-06   -5.9399748866e-07   -3.6007086825e-08    3.3630243511e-09    3.1707661303e-09   -2.0367825847e-10   -2.7714886315e-09    2.3454989786e-09
  29.0100000   -2.7756352642e-06   -5.9927919785e-07   -3.3312034712e-08    3.6644664916e-09    2.7262358849e-09   -2.3232053889e-10   -2.9530017385e-09    2.2570081015e-09
  29.0200000   -2.8071102057e-06   -6.0469255865e-07   -3.0515818640e-08    4.0081871552e-09    2.2572430789e-09   -2.5947259622e-10   -3.1219006555e-09    2.1594935074e-09
  29.0300000   -2.8378489298e-06   -6.1023331724e-07   -2.7637722190e-08    4.3910752048e-09    1.7668436317e-09   -2.8509425646e-10   -3.2764085366e-09    2.0534442119e-09
  29.0400000   -2.8678114833e-06   -6.1589682045e-07   -2.4696909782e-08    4.8097385360e-09    1.2581781816e-09   -3.0914917708e-10   -3.4148165423e-09    1.9393805277e-09
  29.0500000   -2.8969580739e-06   -6.2167800722e-07   -2.1712257964e-08    5.2605284810e-09    7.3446202934e-10   -3.3161729439e-10   -3.5355004749e-09    1.8178573783e-09
  29.0600000   -2.9252491493e-06   -6.2757144721e-07   -1.8702192643e-08    5.7395921683e-09    1.9896239051e-10   -3.5247770038e-10   -3.6369185324e-09    1.6894504673e-09
  29.0700000   -2.9526454596e-06   -6.3357136330e-07   -1.5684558659e-08    6.2429006985e-09   -3.4501273815e-10   -3.7171825794e-10   -3.7176417927e-09    1.5547788967e-09
  29.0800000   -2.9791081611e-06   -6.3967162189e-07   -1.2676455337e-08    6.7662754499e-09   -8.9414084577e-10   -3.8933546533e-10   -3.7763475694e-09    1.4144626506e-09
  29.0900000   -3.0045989043e-06   -6.4586582094e-07   -9.6941134479e-09    7.3054653239e-09   -1.4450981100e-09   -4.0532875737e-10   -3.8118288308e-09    1.2691562510e-09
  29.1000000   -3.0290799082e-06   -6.5214726934e-07   -6.7527901417e-09    7.8561319949e-09   -1.9945776943e-09   -4.1970645573e-10   -3.8230051664e-09    1.1195245670e-09
  29.1100000   -3.0525140670e-06   -6.5850904256e-07   -3.8666332217e-09    8.4139388153e-09   -2.5393052443e-09   -4.3248231709e-10   -3.8089285528e-09    9.6624604896e-10
  29.1200000   -3.0748650450e-06   -6.6494401676e-07   -1.0485894791e-09    8.9745522645e-09   -3.0760608112e-09   -4.4367466956e-10   -3.7687914964e-09    8.1000621054e-10
  29.1300000   -3.0960973617e-06   -6.7144488574e-07    1.6896537361e-09    9.5337108733e-09   -3.6016955599e-09   -4.5330592006e-10   -3.7019290344e-09    6.5150580261e-10
  29.1400000   -3.1161765233e-06   -6.7800423221e-07    4.3377906566e-09    1.0087250393e-08   -4.1131355726e-09   -4.6140586436e-10   -3.6078241553e-09    4.9144326710e-10
  29.1500000   -3.1350690877e-06   -6.8461452633e-07    6.8868807033e-09    1.0631113671e-08   -4.6074144914e-09   -4.6800670490e-10   -3.4861171139e-09    3.3051582643e-10
  29.1600000   -3.1527427784e-06   -6.9126817414e-07    9.3294529930e-09    1.1161442952e-08   -5.0816767418e-09   -4.7314480318e-10   -3.3365949496e-09    1.6941899170e-10
  29.1700000   -3.1691665786e-06   -6.9795756685e-07    1.1659483309e-08    1.1674568653e-08   -5.5331927295e-09   -4.7686753545e-10   -3.1592088321e-09    8.8510576157e-12
  29.1800000   -3.1843108442e-06   -7.0467508602e-07    1.3872412387e-08    1.2167031065e-08   -5.9593773707e-09   -4.7921152300e-10   -2.9540690231e-09   -1.5051019920e-10
  29.1900000   -3.1981473676e-06   -7.1141316429e-07    1.5965148386e-08    1.2635653127e-08   -6.3577936722e-09   -4.8022545940e-10   -2.7214405310e-09   -3.0799210020e-10
  29.2000000   -3.2106495011e-06   -7.1816431245e-07    1.7936007686e-08    1.3077516874e-08   -6.7261667193e-09   -4.7996314450e-10   -2.4617527159e-09   -4.6294084573e-10
  29.2100000   -3.2217922240e-06   -7.2492111377e-07    1.9784708023e-08    1.3490028039e-08   -7.0624009900e-09   -4.7847388994e-10   -2.1755873811e-09   -6.1471436748e-10
  29.2200000   -3.2315522382e-06   -7.3167629284e-07    2.1512285352e-08    1.3870876475e-08   -7.3645802849e-09   -4.7581612795e-10   -1.8636834687e-09   -7.6269403417e-10
  29.2300000   -3.2399080473e-06   -7.3842272059e-07    2.3121032669e-08    1.4218120531e-08   -7.6309799070e-09   -4.7204229277e-10   -1.5269360519e-09   -9.0628237835e-10
  29.2400000   -3.2468400152e-06   -7.4515344331e-07    2.4614405840e-08    1.4530113934e-08   -7.8600673939e-09   -4.6721235456e-10   -1.1663862397e-09   -1.0449107198e-09
  29.2500000   -3.2523304511e-06   -7.5186168453e-07    2.5996937385e-08    1.4805605674e-08   -8.0505237520e-09   -4.6138648160e-10   -7.8321835697e-10   -1.1780320863e-09
  29.2600000   -3.2563636544e-06   -7.5854086961e-07    2.7274097062e-08    1.5043649275e-08   -8.2012269285e-09   -4.5462188651e-10   -3.7875995515e-10   -1.3051359876e-09
  29.2700000   -3.2589259844e-06   -7.6518464593e-07    2.8452226641e-08    1.5243668986e-08   -8.3112699049e-09   -4.4698279794e-10    4.5533227966e-11   -1.4257373863e-09
  29.2800000   -3.2600058763e-06   -7.7178687602e-07    2.9538346514e-08    1.5405431175e-08   -8.3799634550e-09   -4.3852164537e-10    4.8807338000e-10   -1.5393873182e-09
  29.2900000   -3.2595938988e-06   -7.7834164671e-07    3.0540086540e-08    1.5529026047e-08   -8.4068290974e-09   -4.2930503074e-10    9.4716427167e-10   -1.6456672212e-09
  29.3000000   -3.2576827699e-06   -7.8484328693e-07    3.1465476551e-08    1.5614867387e-08   -8.3916025113e-09   -4.1939199519e-10    1.4209802929e-09   -1.7442016833e-09
  29.3100000   -3.2542673813e-06   -7.9128633625e-07    3.2322869109e-08    1.5663671353e-08   -8.3342416501e-09   -4.0884022630e-10    1.9076147271e-09   -1.8346502154e-09
  29.3200000   -3.2493447765e-06   -7.9766556102e-07    3.3120750449e-08    1.5676447392e-08   -8.2349052638e-09   -3.9770730984e-10    2.4050501603e-09   -1.9167097735e-09
  29.3300000   -3.2429141923e-06   -8.0397595037e-07    3.3867614494e-08    1.5654466431e-08   -8.0939639220e-09   -3.8605291768e-10    2.9111994136e-09   -1.9901191404e-09
  29.3400000   -3.2349769983e-06   -8.1021268833e-07    3.4571819869e-08    1.5599244338e-08   -7.9119984212e-09   -3.7392849820e-10    3.4238909506e-09   -2.0546546449e-09
  29.3500000   -3.2255366997e-06   -8.1637115364e-07    3.5241432644e-08    1.5512499646e-08   -7.6897857556e-09   -3.6139105354e-10    3.9408954804e-09   -2.1101372566e-09
  29.3600000   -3.2145989050e-06   -8.2244691753e-07    3.5884128149e-08    1.5396150798e-08   -7.4282972274e-09   -3.4849014270e-10    4.4599331693e-09   -2.1564267208e-09
  29.3700000   -3.2021712523e-06   -8.2843569691e-07    3.6507032452e-08    1.5252274382e-08   -7.1286878080e-09   -3.3527797814e-10    4.9786728468e-09   -2.1934248581e-09
  29.3800000   -3.1882633894e-06   -8.3433336944e-07    3.7116603000e-08    1.5083075635e-08   -6.7922968581e-09   -3.2180439018e-10    5.4947726967e-09   -2.2210737654e-09
  29.3900000   -3.1728868778e-06   -8.4013591879e-07    3.7718547375e-08    1.4890869208e-08   -6.4206273388e-09   -3.0811344136e-10    6.0058464597e-09   -2.2393592061e-09
  29.4000000   -3.1560551472e-06   -8.4583944530e-07    3.8317703700e-08    1.4678016780e-08   -6.0153465928e-09   -2.9425202977e-10    6.5095252433e-09   -2.2483055825e-09
  29.4100000   -3.1377833802e-06   -8.5144014996e-07    3.8917966177e-08    1.4446930100e-08   -5.5782725114e-09   -2.8025557434e-10    7.0034344644e-09   -2.2479800154e-09
  29.4200000   -3.1180884575e-06   -8.5693428314e-07    3.9522205563e-08    1.4200020808e-08   -5.1113617015e-09   -2.6616996231e-10    7.4852129570e-09   -2.2384859815e-09
  29.4300000   -3.0969888486e-06   -8.6231814085e-07    4.0132221725e-08    1.3939703071e-08   -4.6166996260e-09   -2.5203011355e-10    7.9525312889e-09   -2.2199685096e-09
  29.4400000   -3.0745044722e-06   -8.6758805995e-07    4.0748701242e-08    1.3668302970e-08   -4.0964858226e-09   -2.3786629057e-10    8.4031034565e-09   -2.1926085611e-09
  29.4500000   -3.0506566476e-06   -8.7274036785e-07    4.1371178813e-08    1.3388106962e-08   -3.5530324786e-09   -2.2371281789e-10    8.8346837161e-09   -2.1566205456e-09
  29.4600000   -3.0254679213e-06   -8.7777139312e-07    4.1998039207e-08    1.3101285572e-08   -2.9887325828e-09   -2.0960208510e-10    9.2450945689e-09   -2.1122602853e-09
  29.4700000   -2.9989619765e-06   -8.8267743729e-07    4.2626534023e-08    1.2809889155e-08   -2.4060627715e-09   -1.9555389378e-10    9.6322339112e-09   -2.0598148745e-09
  29.4800000   -2.9711635035e-06   -8.8745475916e-07    4.3252779622e-08    1.2515817821e-08   -1.8075691202e-09   -1.8159595041e-10    9.9940734797e-09   -1.9995918090e-09
  29.4900000   -2.9420980766e-06   -8.9209955443e-07    4.3871807457e-08    1.2220827519e-08   -1.1958396705e-09   -1.6774996456e-10    1.0328686758e-08   -1.9319473013e-09
  29.5000000   -2.9117920178e-06   -8.9660797471e-07    4.4477607058e-08    1.1926486937e-08   -5.7351609540e-10   -1.5403417680e-10    1.0634243329e-08   -1.8572543954e-09
  29.5100000   -2.8802722693e-06   -9.0097606222e-07    4.5063230407e-08    1.1634188048e-08    5.6748078245e-11   -1.4046423518e-10    1.0909020961e-08   -1.7759101566e-09
  29.5200000   -2.8475662788e-06   -9.0519982522e-07    4.5620807019e-08    1.1345126611e-08    6.9228057215e-10   -1.2705522258e-10    1.1151427059e-08   -1.6883415047e-09
  29.5300000   -2.8137018570e-06   -9.0927515145e-07    4.6141704630e-08    1.1060303755e-08    1.3304100898e-09   -1.1381563511e-10    1.1359987199e-08   -1.5949928796e-09
  29.5400000   -2.7787070695e-06   -9.1319786401e-07    4.6616604746e-08    1.0780519110e-08    1.9684800468e-09   -1.0076084886e-10    1.1533367560e-08   -1.4963295555e-09
  29.5500000   -2.7426100951e-06   -9.1696368544e-07    4.7035621826e-08    1.0506368386e-08    2.6038620400e-09   -8.7893605630e-11    1.1670365620e-08   -1.3928362572e-09
  29.5600000   -2.7054391568e-06   -9.2056826499e-07    4.7388420454e-08    1.0238248945e-08    3.2339634064e-09   -7.5220131822e-11    1.1769943712e-08   -1.2850070442e-09
  29.5700000   -2.6672223511e-06   -9.2400717634e-07    4.7664369954e-08    9.9763871527e-09    3.8562510485e-09   -6.2746106434e-11    1.1831201997e-08   -1.1733499662e-09
  29.5800000   -2.6279875890e-06   -9.2727593208e-07    4.7852664458e-08    9.7208172688e-09    4.4682438759e-09   -5.0472168469e-11    1.1853397844e-08   -1.0583920673e-09
  29.5900000   -2.5877624846e-06   -9.3036997026e-07    4.7942475594e-08    9.4714097115e-09    5.0675446764e-09   -3.8397166859e-11    1.1835963140e-08   -9.4065536725e-10
  29.6000000   -2.5465742687e-06   -9.3328469517e-07    4.7923098341e-08    9.2278740172e-09    5.6518373051e-09   -2.6523068382e-11    1.1778477569e-08   -8.2067066975e-10
  29.6100000   -2.5044497202e-06   -9.3601547576e-07    4.7784110981e-08    8.9898044944e-09    6.2188992249e-09   -1.4846213016e-11    1.1680694485e-08   -6.9897203521e-10
  29.6200000   -2.4614150855e-06   -9.3855766630e-07    4.7515493829e-08    8.7566526398e-09    6.7666151333e-09   -3.3631957476e-12    1.1542541493e-08   -5.7609625766e-10
  29.6300000   -2.4174960097e-06   -9.4090660437e-07    4.7107780382e-08    8.5278062764e-09    7.2929815339e-09    7.9321626607e-12    1.1364097594e-08   -4.5257402258e-10
  29.6400000   -2.3727175136e-06   -9.4305766958e-07    4.6552233182e-08    8.3025468510e-09    7.7961181665e-09    1.9041161609e-11    1.1145623554e-08   -3.2893464359e-10
  29.6500000   -2.3271039266e-06   -9.4500626836e-07    4.5840932921e-08    8.0801239788e-09    8.2742748873e-09    2.9973045562e-11    1.0887541145e-08   -2.0570090849e-10
  29.6600000   -2.2806788806e-06   -9.4674784845e-07    4.4966932896e-08    7.8597382406e-09    8.7258309796e-09    4.0735032617e-11    1.0590441904e-08   -8.3383188313e-11
  29.6700000   -2.2334652903e-06   -9.4827794889e-07    4.3924358042e-08    7.6406062193e-09    9.1493166057e-09    5.1329215711e-11    1.0255076253e-08    3.7519837411e-11
  29.6800000   -2.1854853277e-06   -9.4959219311e-07    4.2708538832e-08    7.4219508563e-09    9.5433932888e-09    6.1765181840e-11    9.8823584421e-09    1.5651554269e-10
  29.6900000   -2.1367604557e-06   -9.5068632125e-07    4.1316070891e-08    7.2030179067e-09    9.9068906795e-09    7.2051029854e-11    9.4733568480e-09    2.7313577442e-10
  29.7000000   -2.0873114204e-06   -9.5155620838e-07    3.9744943460e-08    6.9831420727e-09    1.0238783979e-08    8.2193134733e-11    9.0292893511e-09    3.8692305765e-10
  29.7100000   -2.0371582906e-06   -9.5219786552e-07    3.7994584506e-08    6.7617124288e-09    1.0538201290e-08    9.2194783641e-11    8.5515194719e-09    4.9743609527e-10
  29.7200000   -1.9863204926e-06   -9.5260749019e-07    3.6065905167e-08    6.5382318673e-09    1.0804432893e-08    1.0206479653e-10    8.0415513554e-09    6.0426678782e-10
  29.7300000   -1.9348168606e-06   -9.5278145300e-07    3.3961379547e-08    6.3123115601e-09    1.1036931782e-08    1.1180782495e-10    7.5010297210e-09    7.0701421015e-10
  29.7400000   -1.8826656836e-06   -9.5271631983e-07    3.1685044434e-08    6.0836981544e-09    1.1235303891e-08    1.2143020708e-10    6.9317143309e-09    8.0531162615e-10
  29.7500000   -1.8298847844e-06   -9.5240886360e-07    2.9242512345e-08    5.8522865258e-09    1.1399317302e-08    1.3093436444e-10    6.3354882185e-09    8.9881096757e-10
  29.7600000   -1.7764915626e-06   -9.5185608787e-07    2.6640975882e-08    5.6181248570e-09    1.1528900262e-08    1.4031844152e-10    5.7143459528e-09    9.8719054528e-10
  29.7700000   -1.7225031291e-06   -9.5105522314e-07    2.3889185509e-08    5.3814216927e-09    1.1624121825e-08    1.4959016237e-10    5.0703802503e-09    1.0701612214e-09
  29.7800000   -1.6679363270e-06   -9.5000373068e-07    2.0997411855e-08    5.1425585450e-09    1.1685221682e-08    1.5874927670e-10    4.4057747291e-09    1.1474526800e-09
  29.7900000   -1.6128078703e-06   -9.4869933307e-07    1.7977401381e-08    4.9020941261e-09    1.1712573298e-08    1.6779418495e-10    3.7227968845e-09    1.2188359224e-09
  29.8000000   -1.5571344257e-06   -9.4713998973e-07    1.4842301575e-08    4.6607497389e-09    1.1706699080e-08    1.7672196621e-10    3.0237903919e-09    1.2840939428e-09
  29.8100000   -1.5009327201e-06   -9.4532390447e-07    1.1606579971e-08    4.4194393936e-09    1.1668261070e-08    1.8553003121e-10    2.3111535704e-09    1.3430575955e-09
  29.8200000   -1.4442196251e-06   -9.4324954833e-07    8.2859589571e-09    4.1792079206e-09    1.1598046119e-08    1.9421346575e-10    1.5873449720e-09    1.3955747061e-09
  29.8300000   -1.3870122695e-06   -9.4091563449e-07    4.8972871049e-09    3.9412910268e-09    1.1496975801e-08    2.0276133090e-10    8.5485457224e-10    1.4415292622e-09
  29.8400000   -1.3293281629e-06   -9.3832112791e-07    1.4584396752e-09    3.7070446650e-09    1.1366086858e-08    2.1117133066e-10    1.1620978571e-10    1.4808358486e-09
  29.8500000   -1.2711852686e-06   -9.3546521834e-07   -2.0118293307e-09    3.4779669955e-09    1.1206525319e-08    2.1942760524e-10   -6.2604619169e-10    1.5134367881e-09
  29.8600000   -1.2126021195e-06   -9.3234734730e-07   -5.4939762102e-09    3.2556778412e-09    1.1019545200e-08    2.2752199311e-10   -1.3693595842e-09    1.5393034748e-09
  29.8700000   -1.1535979323e-06   -9.2896719018e-07   -8.9678484491e-09    3.0418883957e-09    1.0806491689e-08    2.3544281635e-10   -2.1111763259e-09    1.5584399838e-09
  29.8800000   -1.0941926677e-06   -9.2532463669e-07   -1.2412801951e-08    2.8383918647e-09    1.0568798799e-08    2.4317231356e-10   -2.8489696081e-09    1.5708777258e-09
  29.8900000   -1.0344071611e-06   -9.2141978400e-07   -1.5807861603e-08    2.6470434223e-09    1.0307982508e-08    2.5069449072e-10   -3.5802182270e-09    1.5766805793e-09
  29.9000000   -9.7426318330e-07   -9.1725293998e-07   -1.9131866220e-08    2.4697376959e-09    1.0025619322e-08    2.5799237424e-10   -4.3024460158e-09    1.5759359456e-09
  29.9100000   -9.1378351987e-07   -9.1282460822e-07   -2.2363632709e-08    2.3083686094e-09    9.7233452690e-09    2.6504719093e-10   -5.0132254615e-09    1.5687585545e-09
  29.9200000   -8.5299206152e-07   -9.0813548191e-07   -2.5482086879e-08    2.1648289041e-09    9.4028543572e-09    2.7183582594e-10   -5.7101746834e-09    1.5552896133e-09
  29.9300000   -7.9191383301e-07   -9.0318642118e-07   -2.8466442770e-08    2.0409696025e-09    9.0658720883e-09    2.7834170315e-10   -6.3909829754e-09    1.5356977737e-09
  29.9400000   -7.3057509492e-07   -8.9797846135e-07   -3.1296330921e-08    1.9385818862e-09    8.7141509323e-09    2.8453448456e-10   -7.0534153251e-09    1.5101735236e-09
  29.9500000   -6.6900333967e-07   -8.9251280077e-07   -3.3951938890e-08    1.8593681671e-09    8.3494738939e-09    2.9039717948e-10   -7.6953145299e-09    1.4789279585e-09
  29.9600000   -6.0722735953e-07   -8.8679080019e-07   -3.6414174592e-08    1.8049412060e-09    7.9736267990e-09    2.9590103907e-10   -8.3146182790e-09    1.4421986943e-09
  29.9700000   -5.4527725831e-07   -8.8081395406e-07   -3.8664770514e-08    1.7767545414e-09    7.5883967713e-09    3.0102309850e-10   -8.9093669419e-09    1.4002389110e-09
  29.9800000   -4.8318447196e-07   -8.7458391644e-07   -4.0686412207e-08    1.7761238128e-09    7.1955614338e-09    3.0573375423e-10   -9.4777074206e-09    1.3533203285e-09
  29.9900000   -4.2098176095e-07   -8.6810247544e-07   -4.2462884916e-08    1.8041764590e-09    6.7968851253e-09    3.1000813959e-10   -1.0017903820e-08    1.3017375890e-09
  30.0000000   -3.5870321278e-07   -8.6137158868e-07   -4.3979138445e-08    1.8618600604e-09    6.3940975423e-09    3.1381939229e-10   -1.0528339455e-08    1.2457896608e-09
  30.0100000   -2.9638421222e-07   -8.5439333593e-07   -4.5221398274e-08    1.9499055385e-09    5.9888983984e-09    3.1714176839e-10   -1.1007525828e-08    1.1858030913e-09
  30.0200000   -2.3406141404e-07   -8.4716994858e-07   -4.6177273559e-08    2.0688116028e-09    5.5829391869e-09    3.1994777477e-10   -1.1454111739e-08    1.1221026908e-09
  30.0300000   -1.7177270860e-07   -8.3970382370e-07   -4.6835789706e-08    2.2188469510e-09    5.1778225986e-09    3.2221251363e-10   -1.1866874953e-08    1.0550314229e-09
  30.0400000   -1.0955716167e-07   -8.3199751761e-07   -4.7187497416e-08    2.4000471580e-09    4.7750862193e-09    3.2390868163e-10   -1.2244745181e-08    9.8494029338e-10
  30.0500000   -4.7454941238e-08   -8.2405376756e-07   -4.7224486047e-08    2.6121679124e-09    4.3762019912e-09    3.2500876587e-10   -1.2586793935e-08    9.1219057612e-10
  30.0600000    1.4492744887e-08   -8.1587548100e-07   -4.6940450957e-08    2.8547213971e-09    3.9825725065e-09    3.2549457904e-10   -1.2892239150e-08    8.3714078755e-10
  30.0700000    7.6243717472e-08   -8.0746578753e-07   -4.6330690723e-08    3.1269661044e-09    3.5955145352e-09    3.2533812888e-10   -1.3160447535e-08    7.6016013519e-10
  30.0800000    1.3775495576e-07   -7.9882800840e-07   -4.5392166068e-08    3.4278911451e-09    3.2162589071e-09    3.2452307411e-10   -1.3390944274e-08    6.8161627814e-10
  30.0900000    1.9898266945e-07   -7.8996570615e-07   -4.4123453513e-08    3.7562394486e-09    2.8459470168e-09    3.2302394205e-10   -1.3583405056e-08    6.0187534425e-10
  30.1000000    2.5988241964e-07   -7.8088269786e-07   -4.2524789731e-08    4.1105114617e-09    2.4856271786e-09    3.2082643059e-10   -1.3737652233e-08    5.2130692540e-10
  30.1100000    3.2040923845e-07   -7.7158306695e-07   -4.0598006963e-08    4.4889806231e-09    2.1362449309e-09    3.1791432313e-10   -1.3853665669e-08    4.4027313191e-10
  30.1200000    3.8051773332e-07   -7.6207119772e-07   -3.8346543624e-08    4.8896811292e-09    1.7986459568e-09    3.1427403837e-10   -1.3931578141e-08    3.5913771368e-10
  30.1300000    4.4016224810e-07   -7.5235177549e-07   -3.5775406522e-08    5.3104545547e-09    1.4735653601e-09    3.0989347161e-10   -1.3971662206e-08    2.7825107552e-10
  30.1400000    4.9929696052e-07   -7.4242982952e-07   -3.2891076802e-08    5.7489485720e-09    1.1616384915e-09    3.0476833651e-10   -1.3974341633e-08    1.9796237523e-10
  30.1500000    5.5787604471e-07   -7.3231074441e-07   -2.9701517575e-08    6.2026502781e-09    8.6338620110e-10    2.9888845616e-10   -1.3940184159e-08    1.1860595077e-10
  30.1600000    6.1585378476e-07   -7.2200029177e-07   -2.6216081176e-08    6.6688818418e-09    5.7922043027e-10    2.9225138648e-10   -1.3869895518e-08    4.0510159076e-11
  30.1700000    6.7318475121e-07   -7.1150463354e-07   -2.2445434309e-08    7.1448727295e-09    3.0944530260e-10    2.8486163736e-10   -1.3764315046e-08   -3.6011637933e-11
  30.1800000    7.2982390688e-07   -7.0083036662e-07   -1.8401511010e-08    7.6277326756e-09    5.4254766972e-11    2.7672001122e-10   -1.3624407230e-08   -1.1065366989e-10
  30.1900000    7.8572677036e-07   -6.8998452399e-07   -1.4097414364e-08    8.1145068137e-09   -1.8626027827e-10    2.6783597574e-10   -1.3451264438e-08   -1.8312800169e-10
  30.2000000    8.4084954661e-07   -6.7897459161e-07   -9.5473383861e-09    8.6021952182e-09   -4.1212377331e-10    2.5821982349e-10   -1.3246097892e-08   -2.5316032194e-10
  30.2100000    8.9514926431e-07   -6.6780854877e-07   -4.7664683322e-09    9.0877907690e-09   -6.2345456788e-10    2.4788806477e-10   -1.3010226909e-08   -3.2049682770e-10
  30.2200000    9.4858390979e-07   -6.5649484933e-07    2.2907713001e-10    9.5682817295e-09   -8.2047908380e-10    2.3685555224e-10   -1.2745079638e-08   -3.8488813300e-10
  30.2300000    1.0011125715e-06   -6.4504245007e-07    5.4223628231e-09    1.0040708277e-08   -1.0035177843e-09    2.2514654748e-10   -1.2452175362e-08   -4.4611585216e-10
  30.2400000    1.0526955427e-06   -6.3346080098e-07    1.0795733028e-08    1.0502163283e-08   -1.1729827770e-09    2.1278961506e-10   -1.2133122250e-08   -5.0397411299e-10
  30.2500000    1.1032944529e-06   -6.2175988905e-07    1.6330877796e-08    1.0949844665e-08   -1.3293783952e-09    1.9981023043e-10   -1.1789613414e-08   -5.5827537566e-10
  30.2600000    1.1528723943e-06   -6.0995018935e-07    2.2008952521e-08    1.1381065376e-08   -1.4732898212e-09    1.8624447562e-10   -1.1423413491e-08   -6.0885014182e-10
  30.2700000    1.2013939961e-06   -5.9804269469e-07    2.7810676130e-08    1.1793267671e-08   -1.6053840265e-09    1.7213135825e-10   -1.1036352928e-08   -6.5554804180e-10
  30.2800000    1.2488255455e-06   -5.8604889526e-07    3.3716372825e-08    1.2184078989e-08   -1.7263965964e-09    1.5750763580e-10   -1.0630309466e-08   -6.9824678240e-10
  30.2900000    1.2951350911e-06   -5.7398077122e-07    3.9706129851e-08    1.2551292949e-08   -1.8371277007e-09    1.4242292884e-10   -1.0207214592e-08   -7.3682852946e-10
  30.3000000    1.3402924847e-06   -5.6185077713e-07    4.5759837501e-08    1.2892926696e-08   -1.9384406237e-09    1.2692456966e-10   -9.7690372710e-09   -7.7121060887e-10
  30.3100000    1.3842694786e-06   -5.4967182090e-07    5.1857289741e-08    1.3207198234e-08   -2.0312491230e-09    1.1106353436e-10   -9.3177692518e-09   -8.0132480522e-10
  30.3200000    1.4270397993e-06   -5.3745723970e-07    5.7978263359e-08    1.3492586018e-08   -2.1165137099e-09    9.4893421579e-11   -8.8554264945e-09   -8.2712068164e-10
  30.3300000    1.4685791573e-06   -5.2522076448e-07    6.4102626455e-08    1.3747788485e-08   -2.1952330173e-09    7.8475243108e-11   -8.3840319164e-09   -8.4857102717e-10
  30.3400000    1.5088653243e-06   -5.1297650826e-07    7.0210366242e-08    1.3971783030e-08   -2.2684335906e-09    6.1867201494e-11   -7.9056114516e-09   -8.6566232808e-10
  30.3500000    1.5478781634e-06   -5.0073889633e-07    7.6281704500e-08    1.4163793258e-08   -2.3371682320e-09    4.5138559830e-11   -7.4221787362e-09   -8.7840804723e-10
  30.3600000    1.5855996294e-06   -4.8852264856e-07    8.2297154125e-08    1.4323322030e-08   -2.4024986314e-09    2.8351169756e-11   -6.9357351356e-09   -8.8684155897e-10
  30.3700000    1.6220137905e-06   -4.7634271166e-07    8.8237595892e-08    1.4450143734e-08   -2.4655025974e-09    1.1574228173e-11   -6.4482515510e-09   -8.9100446807e-10
  30.3800000    1.6571068302e-06   -4.6421424696e-07    9.4084331769e-08    1.4544286559e-08   -2.5272498249e-09   -5.1231784052e-12   -5.9616670921e-09   -8.9096338234e-10
  30.3900000    1.6908670351e-06   -4.5215254200e-07    9.9819158847e-08    1.4606046119e-08   -2.5888037502e-09   -2.1665816323e-11   -5.4778788240e-09   -8.8680438510e-10
  30.4000000    1.7232847728e-06   -4.4017296079e-07    1.0542443894e-07    1.4635972596e-08   -2.6512141009e-09   -3.7981391602e-11   -4.9987324479e-09   -8.7862168905e-10
  30.4100000    1.7543524668e-06   -4.2829090410e-07    1.1088311084e-07    1.4634867798e-08   -2.7155004291e-09   -5.3997530070e-11   -4.5260154852e-09   -8.6652981502e-10
  30.4200000    1.7840645507e-06   -4.1652172883e-07    1.1617881475e-07    1.4603759698e-08   -2.7826593777e-09   -6.9639172187e-11   -4.0614453788e-09   -8.5065926094e-10
  30.4300000    1.8124174235e-06   -4.0488068696e-07    1.2129589763e-07    1.4543906116e-08   -2.8536455191e-09   -8.4828731469e-11   -3.6066772302e-09   -8.3115338555e-10
  30.4400000    1.8394093951e-06   -3.9338287781e-07    1.2621948257e-07    1.4456764725e-08   -2.9293652809e-09   -9.9494920407e-11   -3.1632797439e-09   -8.0816687012e-10
  30.4500000    1.8650406290e-06   -3.8204315884e-07    1.3093550239e-07    1.4343976056e-08   -3.0106760689e-09   -1.1355958818e-10   -2.7327411768e-09   -7.8186795948e-10
  30.4600000    1.8893130461e-06   -3.7087609519e-07    1.3543076703e-07    1.4207366807e-08   -3.0983796284e-09   -1.2695134545e-10   -2.3164550365e-09   -7.5243746422e-10
  30.4700000    1.9122303004e-06   -3.5989588937e-07    1.3969299129e-07    1.4048884059e-08   -3.1932079364e-09   -1.3960081082e-10   -1.9157208154e-09   -7.2006150640e-10
  30.4800000    1.9337976230e-06   -3.4911631134e-07    1.4371084765e-07    1.3870623693e-08   -3.2958281845e-09   -1.5142818040e-10   -1.5317401816e-09   -6.8493760406e-10
  30.4900000    1.9540217975e-06   -3.3855064359e-07    1.4747399621e-07    1.3674770510e-08   -3.4068287431e-09   -1.6237451751e-10   -1.1656060965e-09   -6.4727560148e-10
  30.5000000    1.9729110474e-06   -3.2821162071e-07    1.5097315542e-07    1.3463595779e-08   -3.5267212617e-09   -1.7236903581e-10   -8.1830808778e-10   -6.0728530046e-10
  30.5100000    1.9904749135e-06   -3.1811134414e-07    1.5420010217e-07    1.3239425369e-08   -3.6559301757e-09   -1.8134895607e-10   -4.9072185105e-10   -5.6518646054e-10
  30.5200000    2.0067241954e-06   -3.0826125505e-07    1.5714771777e-07    1.3004629786e-08   -3.7947956310e-09   -1.8925271333e-10   -1.8361448935e-10   -5.2120261971e-10
  30.5300000    2.0216708304e-06   -2.9867204715e-07    1.5981003781e-07    1.2761562007e-08   -3.9435633418e-09   -1.9602606924e-10    1.0236852417e-10   -4.7555897357e-10
