# thinned to dt=0.05 from the every-step stream; the last 1 time units are kept whole (the death window)
#       time         integral Re         integral Im         integral Re         integral Im         integral Re         integral Im         integral Re         integral Im
#       r =            14.000000           14.000000           20.000000           20.000000           26.000000           26.000000           30.000000           30.000000
   0.0100000   -6.3073291553e-10   -7.0533351870e-11   -2.4252874105e-10   -1.1486747518e-10   -1.2587448162e-09   -4.4132646541e-09   -7.8357790157e-11    7.1118485547e-11
   0.0600000    1.3247780867e-09   -1.3005841337e-09   -6.1371054165e-10   -8.4132628580e-10   -1.8876807015e-09   -3.6502618512e-09   -7.8127978888e-11    3.8397539264e-10
   0.1100000    3.8120270031e-09   -2.2048091503e-09   -6.6907978253e-10   -1.4997402751e-09   -1.4084686716e-09   -2.8210514740e-09   -5.5665461644e-11    5.4903863462e-10
   0.1600000    6.6407455011e-09   -2.4532467263e-09   -3.5214017981e-10   -1.9001413732e-09    6.3666049844e-12   -1.8572400740e-09   -1.7239582212e-11    5.9443668159e-10
   0.2100000    9.3787483338e-09   -1.8485606396e-09    3.6245169780e-10   -1.7536535423e-09    2.0737222544e-09   -6.9573119922e-10    3.1335716431e-11    5.4498398779e-10
   0.2600000    1.1469024005e-08   -4.0601501626e-10    1.4210558316e-09   -8.1395807968e-10    4.4399300116e-09    6.5401527255e-10    8.5109978675e-11    4.2195059121e-10
   0.3100000    1.2393521732e-08    1.6390374718e-09    2.6345244003e-09    9.1120595067e-10    6.7278286552e-09    2.0701260520e-09    1.4009709663e-10    2.4334463126e-10
   0.3600000    1.1819384865e-08    3.8985124482e-09    3.6639398268e-09    3.0024137336e-09    8.5869665073e-09    3.3235592233e-09    1.9318058181e-10    2.4392091658e-11
   0.4100000    9.6965223796e-09    5.9498667239e-09    4.0754832854e-09    4.6666091133e-09    9.7414245628e-09    4.1306532593e-09    2.4200340487e-10   -2.2206547528e-10
   0.4600000    6.2882651644e-09    7.4576731618e-09    3.4571668493e-09    5.0344920512e-09    1.0028423287e-08    4.2376918654e-09    2.8482113847e-10   -4.8525539060e-10
   0.5100000    2.1181716978e-09    8.2473138145e-09    1.5738806663e-09    3.6207702314e-09    9.4211345176e-09    3.5101127379e-09    3.2038199569e-10   -7.5630051040e-10
   0.5600000   -2.1591883806e-09    8.3088000258e-09   -1.4670842804e-09    6.8749211385e-10    8.0308976874e-09    1.9957776079e-09    3.4780056151e-10   -1.0280501829e-09
   0.6100000   -5.9160901078e-09    7.7510319408e-09   -5.0865217153e-09   -2.7758674787e-09    6.0872302609e-09   -6.1043555662e-11    3.6647405499e-10   -1.2949832380e-09
   0.6600000   -8.6787788627e-09    6.7481343636e-09   -8.2303883388e-09   -5.5243514971e-09    3.8982983754e-09   -2.2634223867e-09    3.7603012806e-10   -1.5530831801e-09
   0.7100000   -1.0191305159e-08    5.5036331111e-09   -9.6068341799e-09   -6.6891998594e-09    1.7985292869e-09   -4.1532540773e-09    3.7627341943e-10   -1.7997063752e-09
   0.7600000   -1.0419102316e-08    4.2292340628e-09   -8.1898200976e-09   -6.1027974336e-09    9.2910033728e-11   -5.3253321045e-09    3.6714849174e-10   -2.0333959476e-09
   0.8100000   -9.5116626190e-09    3.1206661435e-09   -3.8090737647e-09   -4.1048221425e-09   -9.9168275889e-10   -5.5309649969e-09    3.4878052557e-10   -2.2536837187e-09
   0.8600000   -7.7431453313e-09    2.3234693228e-09    2.5303356340e-09   -1.0989587348e-09   -1.3390465510e-09   -4.7408512818e-09    3.2144774785e-10   -2.4608739961e-09
   0.9100000   -5.4482430802e-09    1.8980236171e-09    8.8954713187e-09    2.6640414692e-09   -9.5468359453e-10   -3.1488464446e-09    2.8562818451e-10   -2.6558005518e-09
   0.9600000   -2.9648151001e-09    1.8039186968e-09    1.3208086400e-08    6.8944345003e-09    4.5537527746e-11   -1.1159358057e-09    2.4202174122e-10   -2.8396271028e-09
   1.0100000   -5.9010372180e-10    1.9217442177e-09    1.4155950195e-08    1.0933120784e-08    1.4649933407e-09    9.2837805755e-10    1.9158170437e-10   -3.0136357687e-09
   1.0600000    1.4500794385e-09    2.1108052593e-09    1.1708128862e-08    1.3677517083e-08    3.0668784792e-09    2.5980541481e-09    1.3551177593e-10   -3.1790769938e-09
   1.1100000    3.0169074297e-09    2.2759100550e-09    6.9631273918e-09    1.3895070550e-08    4.6162653295e-09    3.6433462958e-09    7.5289071244e-11   -3.3370502975e-09
   1.1600000    4.0548026741e-09    2.4041738549e-09    1.4978753104e-09    1.0757805181e-08    5.9155803932e-09    3.9989041793e-09    1.2641182154e-11   -3.4884050926e-09
   1.2100000    4.5710021847e-09    2.5509689916e-09   -3.3335199388e-09    4.3526711643e-09    6.8276889080e-09    3.7761989773e-09   -5.0503280334e-11   -3.6337237577e-09
   1.2600000    4.6104815807e-09    2.7897017349e-09   -6.7783943286e-09   -4.0383933826e-09    7.2845576316e-09    3.2064674729e-09   -1.1203630253e-10   -3.7732892465e-09
   1.3100000    4.2390622539e-09    3.1622593051e-09   -8.6751890913e-09   -1.2092485982e-08    7.2834029683e-09    2.5552041609e-09   -1.6976829739e-10   -3.9071209457e-09
   1.3600000    3.5395402071e-09    3.6581372354e-09   -9.2216731076e-09   -1.7160943147e-08    6.8742654215e-09    2.0366485494e-09   -2.2149267369e-10   -4.0349862905e-09
   1.4100000    2.6140501598e-09    4.2236707403e-09   -8.7078430556e-09   -1.7353318199e-08    6.1440897716e-09    1.7550618401e-09   -2.6509235296e-10   -4.1564485652e-09
   1.4600000    1.5839063421e-09    4.7840850877e-09   -7.3210514046e-09   -1.2423758210e-08    5.2014964903e-09    1.6892850704e-09   -2.9862829613e-10   -4.2709535489e-09
   1.5100000    5.8062843048e-10    5.2618235131e-09   -5.0916603315e-09   -3.9091328222e-09    4.1644492285e-09    1.7222309083e-09   -3.2044693911e-10   -4.3778326221e-09
   1.5600000   -2.7144652422e-10    5.5872800768e-09   -2.0141510675e-09    5.5361448241e-09    3.1511399958e-09    1.7020677466e-09   -3.2925159865e-10   -4.4763962361e-09
   1.6100000   -8.7564441674e-10    5.7080134529e-09    1.7284443388e-09    1.3164590677e-08    2.2726187720e-09    1.5120942389e-09   -3.2420022405e-10   -4.5659990085e-09
   1.6600000   -1.1785920925e-09    5.6037703160e-09    5.6125601811e-09    1.7036880192e-08    1.6254199029e-09    1.1242001106e-09   -3.0493591878e-10   -4.6460522310e-09
   1.7100000   -1.1760006479e-09    5.3030496864e-09    8.8382022498e-09    1.6578777874e-08    1.2830966633e-09    6.1740809932e-10   -2.7164705590e-10   -4.7161127803e-09
   1.7600000   -9.0857644530e-10    4.8864819457e-09    1.0597028153e-08    1.2686709569e-08    1.2867764204e-09    1.5556496762e-10   -2.2504364236e-10   -4.7758958215e-09
   1.8100000   -4.5211892170e-10    4.4634550678e-09    1.0395654272e-08    7.2513524359e-09    1.6367724989e-09   -6.7949785944e-11   -1.6635843878e-10   -4.8253081784e-09
   1.8600000    9.6384908409e-11    4.1280208430e-09    8.2594371807e-09    2.2054094102e-09    2.2879255537e-09    1.0089208854e-10   -9.7299015010e-11   -4.8644355808e-09
   1.9100000    6.3426355098e-10    3.9225131704e-09    4.7168995753e-09   -1.3354549461e-09    3.1515101512e-09    7.1805368052e-10   -1.9971237913e-11   -4.8935653048e-09
   1.9600000    1.0688731328e-09    3.8376841684e-09    5.9554857053e-10   -3.2239681273e-09    4.1052294870e-09    1.7129663744e-09    6.3207288179e-11   -4.9131315447e-09
   2.0100000    1.3297198730e-09    3.8480540313e-09   -3.2336575937e-09   -3.7634548700e-09    5.0109143046e-09    2.9006259301e-09    1.4961407560e-10   -4.9236910159e-09
   2.0600000    1.3767258358e-09    3.9459770329e-09   -6.0385563794e-09   -3.2120597099e-09    5.7372207279e-09    4.0306844145e-09    2.3651522937e-10   -4.9258984156e-09
   2.1100000    1.2066076117e-09    4.1360445646e-09   -7.3294920912e-09   -1.8144080309e-09    6.1827194664e-09    4.8581909271e-09    3.2118382612e-10   -4.9204437049e-09
   2.1600000    8.5555069335e-10    4.3938846573e-09   -6.9479278798e-09   -7.9311089561e-11    6.2942831015e-09    5.2135776094e-09    4.0100450359e-10   -4.9080369415e-09
   2.2100000    3.8749036228e-10    4.6433934662e-09   -5.1348302825e-09    1.3106459554e-09    6.0763452526e-09    5.0500801498e-09    4.7357162256e-10   -4.8893644867e-09
   2.2600000   -1.3522011538e-10    4.8008523182e-09   -2.4888835793e-09    2.0134351104e-09    5.5885928516e-09    4.4541930210e-09    5.3674701330e-10   -4.8650798987e-09
   2.3100000   -6.7228987796e-10    4.8574759164e-09    2.2883962347e-10    2.3556312515e-09    4.9325538594e-09    3.6168387324e-09    5.8875694204e-10   -4.8357949225e-09
   2.3600000   -1.1761345216e-09    4.9033329894e-09    2.3663963668e-09    3.0028738829e-09    4.2302219326e-09    2.7751917846e-09    6.2819850531e-10   -4.8020694098e-09
   2.4100000   -1.5266958714e-09    5.0330487384e-09    3.6011511100e-09    4.2652075904e-09    3.5998253802e-09    2.1441101170e-09    6.5410824011e-10   -4.7644250271e-09
   2.4600000   -1.5284389321e-09    5.2136827341e-09    4.0113929483e-09    5.7462987868e-09    3.1343200745e-09    1.8584772285e-09    6.6595017083e-10   -4.7233325931e-09
   2.5100000   -1.0493038318e-09    5.2823890169e-09    3.9479757482e-09    6.6526613715e-09    2.8872048867e-09    1.9434380402e-09    6.6361599331e-10   -4.6792279280e-09
   2.5600000   -2.1477258597e-10    5.1281436967e-09    3.7449797170e-09    6.4137565580e-09    2.8681956464e-09    2.3198188755e-09    6.4741068419e-10   -4.6325365307e-09
   2.6100000    5.7209708105e-10    4.8778245032e-09    3.4609846759e-09    5.0639670993e-09    3.0482900384e-09    2.8408604305e-09    6.1802237648e-10   -4.5836495579e-09
   2.6600000    8.9775735059e-10    4.8347679622e-09    2.8849838444e-09    3.1770036857e-09    3.3719263112e-09    3.3461374559e-09    5.7647998196e-10   -4.5329431391e-09
   2.7100000    6.8750418494e-10    5.1640801821e-09    1.8173660314e-09    1.5402064611e-09    3.7719792964e-09    3.7142846335e-09    5.2410362866e-10   -4.4807697066e-09
   2.7600000    2.7189109389e-10    5.6535250488e-09    3.4575445891e-10    8.2878182879e-10    4.1836455020e-09    3.8973985234e-09    4.6245390262e-10   -4.4274902508e-09
   2.8100000    5.1302244096e-11    5.8690911400e-09   -1.1580128715e-09    1.3713706491e-09    4.5541916297e-09    3.9270892380e-09    3.9326066993e-10   -4.3734446678e-09
   2.8600000    7.7146325405e-11    5.5899518569e-09   -2.2779504809e-09    2.9913881117e-09    4.8472462799e-09    3.8921989759e-09    3.1838502092e-10   -4.3189990499e-09
   2.9100000    1.8324727496e-11    5.0302253106e-09   -2.7649099023e-09    4.9846653809e-09    5.0423036807e-09    3.8978626557e-09    2.3973943396e-10   -4.2645213478e-09
   2.9600000   -3.8276768428e-10    4.5671106863e-09   -2.5663451472e-09    6.3566517727e-09    5.1314577201e-09    4.0212949929e-09    1.5924684199e-10   -4.2104271925e-09
   3.0100000   -8.3382888429e-10    4.3241265119e-09   -1.7605155933e-09    6.2971641824e-09    5.1156869551e-09    4.2804443058e-09    7.8776631090e-11   -4.1571738983e-09
   3.0600000   -6.3608077222e-10    4.1946961159e-09   -5.2930815166e-10    4.6357303057e-09    5.0025430776e-09    4.6263191309e-09    1.1723531587e-13   -4.1052993525e-09
   3.1100000    4.9549785551e-10    4.2961870058e-09    8.3258765485e-10    1.9862919922e-09    4.8059453124e-09    4.9610919327e-09   -7.5072206713e-11   -4.0553959866e-09
   3.1600000    1.7766493448e-09    5.1122601469e-09    1.9653435083e-09   -5.0007983313e-10    4.5475075471e-09    5.1750716235e-09   -1.4529354574e-10   -4.0081435878e-09
   3.2100000    1.8457415046e-09    6.8183941719e-09    2.5806598362e-09   -1.6377538785e-09    4.2575671745e-09    5.1887764628e-09   -2.0922801847e-10   -3.9642879058e-09
   3.2600000    2.2807959918e-10    8.4701415951e-09    2.6040194922e-09   -7.4326818571e-10    3.9744975026e-09    4.9850494130e-09   -2.6575757321e-10   -3.9246108679e-09
   3.3100000   -1.8106252698e-09    8.3771549550e-09    2.2003430522e-09    2.0209322724e-09    3.7407987779e-09    4.6195704946e-09   -3.1396260985e-10   -3.8899211129e-09
   3.3600000   -2.3717254100e-09    5.8683929934e-09    1.6440544141e-09    5.6813729076e-09    3.5963091538e-09    4.2059657253e-09   -3.5313396840e-10   -3.8609901950e-09
   3.4100000   -1.1462714306e-09    2.7093448369e-09    1.1319595152e-09    8.8876447071e-09    3.5697686702e-09    3.8805029021e-09   -3.8276966302e-10   -3.8385088950e-09
   3.4600000   -1.1815145659e-10    2.1071616051e-09    6.9661264756e-10    1.0525056716e-08    3.6713085619e-09    3.7585012190e-09   -4.0258417696e-10   -3.8230254738e-09
   3.5100000   -1.3587674355e-09    5.5678867417e-09    2.8262941459e-10    1.0173999502e-08    3.8881375608e-09    3.8970884881e-09   -4.1249772387e-10   -3.8148697386e-09
   3.5600000   -4.0636410895e-09    1.0664649585e-08   -1.1267080066e-10    8.2058619601e-09    4.1853588118e-09    4.2768415471e-09   -4.1261922544e-10   -3.8141390096e-09
   3.6100000   -4.6439871017e-09    1.2613498775e-08   -3.8764800795e-10    5.5280295242e-09    4.5121334387e-09    4.8082655125e-09   -4.0325827030e-10   -3.8206312174e-09
   3.6600000   -6.5102809630e-10    8.8305810631e-09   -4.1958757506e-10    3.1461262420e-09    4.8120535217e-09    5.3603839022e-09   -3.8490355253e-10   -3.8338516926e-09
   3.7100000    5.6173000843e-09    2.0042425726e-09   -1.8570384623e-10    1.7545810433e-09    5.0351271049e-09    5.8019120760e-09   -3.5820319362e-10   -3.8530007699e-09
   3.7600000    8.6393042855e-09   -1.9805461210e-09    2.0256456869e-10    1.5243649625e-09    5.1481966991e-09    6.0411878467e-09   -3.2396836185e-10   -3.8770517473e-09
   3.8100000    5.5449967984e-09    2.6853839515e-10    5.7842391805e-10    2.1495801894e-09    5.1413061646e-09    6.0519688156e-09   -2.8314186179e-10   -3.9047792365e-09
   3.8600000   -2.6322712621e-10    6.1686456509e-09    8.3080925065e-10    3.0858083511e-09    5.0283579302e-09    5.8773363544e-09   -2.3676204369e-10   -3.9348583585e-09
   3.9100000   -2.6751890972e-09    9.9071611035e-09    9.4944446029e-10    3.8406163619e-09    4.8423318691e-09    5.6114028415e-09   -1.8595299816e-10   -3.9659703789e-09
   3.9600000   -8.6715009820e-11    8.7424997322e-09    9.8061788753e-10    4.1889106609e-09    4.6263602538e-09    5.3656679721e-09   -1.3185974573e-10   -3.9968812529e-09
   4.0100000    2.5051458128e-09    5.8502287650e-09    9.5528418679e-10    4.2401096026e-09    4.4234332372e-09    5.2319207527e-09   -7.5655212227e-11   -4.0265649957e-09
   4.0600000   -2.0239571472e-10    6.2208036454e-09    8.6747899892e-10    4.3365432877e-09    4.2673506032e-09    5.2540768259e-09   -1.8456176004e-11   -4.0542749142e-09
   4.1100000   -6.4181327139e-09    1.0198258412e-08    7.1707735497e-10    4.8296348868e-09    4.1770097301e-09    5.4178669449e-09    3.8693308442e-11   -4.0795871726e-09
   4.1600000   -8.4067420372e-09    1.2539241388e-08    5.5655538040e-10    5.8527787471e-09    4.1551815016e-09    5.6609840217e-09    9.4860137105e-11   -4.1024317861e-09
   4.2100000   -1.8457565760e-09    8.7180396807e-09    4.7665023055e-10    7.2264819640e-09    4.1914437778e-09    5.8990824224e-09    1.4927218619e-10   -4.1230828288e-09
   4.2600000    7.7217260218e-09    1.1998962751e-09    5.3632270823e-10    8.5462426900e-09    4.2678107526e-09    6.0580622298e-09    2.0130438754e-10   -4.1421112446e-09
   4.3100000    1.0090452704e-08   -2.4065989832e-09    7.0847319314e-10    9.3786823946e-09    4.3651246622e-09    6.1008509041e-09    2.5052764342e-10   -4.1602904728e-09
   4.3600000    2.1485512466e-09    1.9911271027e-09    8.9711261634e-10    9.4390740220e-09    4.4680938765e-09    6.0395673061e-09    2.9668154907e-10   -4.1785281063e-09
   4.4100000   -7.7489769396e-09    9.6501717028e-09    1.0058542929e-09    8.6710747749e-09    4.5677205893e-09    5.9293436321e-09    3.3967389837e-10   -4.1977252614e-09
   4.4600000   -8.8826091458e-09    1.2083607649e-08    9.9073649556e-10    7.2306225987e-09    4.6606909432e-09    5.8464170774e-09    3.7956545457e-10   -4.2186853422e-09
   4.5100000   -6.9797609328e-10    7.2019750408e-09    8.5963073193e-10    5.4208282318e-09    4.7464532865e-09    5.8590755310e-09    4.1651311383e-10   -4.2419905625e-09
   4.5600000    6.2710528366e-09    2.1965764495e-09    6.4331995835e-10    3.6194568860e-09    4.8234774720e-09    6.0018662774e-09    4.5075144761e-10   -4.2679419412e-09
   4.6100000    2.8939081627e-09    4.8551301865e-09    3.8485358838e-10    2.2121402014e-09    4.8865169927e-09    6.2623771719e-09    4.8255515855e-10   -4.2964782259e-09
   4.6600000   -7.1837465323e-09    1.3300137665e-08    1.5561676438e-10    1.5253776672e-09    4.9261720092e-09    6.5851357317e-09    5.1217120209e-10   -4.3272025843e-09
   4.7100000   -1.1290637827e-08    1.7161137758e-08    5.8411802143e-11    1.7597719413e-09    4.9312686940e-09    6.8908444060e-09    5.3981051610e-10   -4.3593560861e-09
   4.7600000   -2.8490960188e-09    9.9467423753e-09    1.8115539276e-10    2.9413946451e-09    4.8933600570e-09    7.1038355746e-09    5.6560661063e-10   -4.3919015667e-09
   4.8100000    9.9990421354e-09   -1.9241935388e-09    5.2140934991e-10    4.9072261687e-09    4.8118310982e-09    7.1780420503e-09    5.8958868786e-10   -4.4235967246e-09
   4.8600000    1.3131919982e-08   -5.3006453643e-09    9.5296149430e-10    7.3211796461e-09    4.6973045051e-09    7.1123558247e-09    6.1169237436e-10   -4.4530931984e-09
   4.9100000    2.9084635123e-09    4.3707090106e-09    1.2833570408e-09    9.7124985119e-09    4.5718984678e-09    6.9503366197e-09    6.3174637528e-10   -4.4790663325e-09
   4.9600000   -9.0391812857e-09    1.6681651550e-08    1.3687930491e-09    1.1550049392e-08    4.4651352015e-09    6.7648833127e-09    6.4951384846e-10   -4.5003274521e-09
   5.0100000   -8.9164072182e-09    1.7529609161e-08    1.1947998471e-09    1.2372610123e-08    4.4066145141e-09    6.6335693358e-09    6.6467991026e-10   -4.5159267305e-09
   5.0600000    3.0811525642e-09    5.6713307117e-09    8.6382373213e-10    1.1950164766e-08    4.4171431792e-09    6.6132513004e-09    6.7692271893e-10   -4.5252619130e-09
   5.1100000    1.2589387363e-08   -5.1563534508e-09    5.1761984054e-10    1.0394059490e-08    4.5015240400e-09    6.7225206691e-09    6.8592819239e-10   -4.5281145224e-09
   5.1600000    7.6037455229e-09   -1.9193708479e-09    2.6860934941e-10    8.1379889146e-09    4.6456292073e-09    6.9374207506e-09    6.9142654271e-10   -4.5246986337e-09
   5.2100000   -7.3083947522e-09    1.2278563296e-08    1.8084984858e-10    5.7879444291e-09    4.8193693080e-09    7.2012170778e-09    6.9323537857e-10   -4.5156476568e-09
   5.2600000   -1.5930815456e-08    2.1509837000e-08    2.7976822444e-10    3.9189360034e-09    4.9848640658e-09    7.4444113447e-09    6.9126295449e-10   -4.5019782125e-09
   5.3100000   -9.0302501214e-09    1.5564776898e-08    5.5066262050e-10    2.9171445779e-09    5.1076275140e-09    7.6080013231e-09    6.8555149497e-10   -4.4850213208e-09
   5.3600000    5.0659599628e-09    1.8044337366e-09    9.2033692599e-10    2.9224453840e-09    5.1667035614e-09    7.6624508832e-09    6.7625730736e-10   -4.4663179926e-09
   5.4100000    1.0412156055e-08   -3.8162736820e-09    1.2556433670e-09    3.8600674343e-09    5.1602311773e-09    7.6164354184e-09    6.6366642482e-10   -4.4475145514e-09
   5.4600000    2.0713939540e-09    4.2823952355e-09    1.4084331994e-09    5.5083312445e-09    5.1044654542e-09    7.5128460219e-09    6.4818814074e-10   -4.4302638493e-09
   5.5100000   -8.6723893713e-09    1.5143532930e-08    1.2903995737e-09    7.5535157027e-09    5.0266600884e-09    7.4135746853e-09    6.3029429149e-10   -4.4160929105e-09
   5.5600000   -8.3647252598e-09    1.5060581198e-08    9.2338726457e-10    9.6248066923e-09    4.9547623713e-09    7.3780497842e-09    6.1053246462e-10   -4.4063043827e-09
   5.6100000    2.5572876287e-09    4.2846159399e-09    4.2521580572e-10    1.1334856327e-08    4.9078861374e-09    7.4424624965e-09    5.8949503919e-10   -4.4018997039e-09
   5.6600000    1.0897590744e-08   -3.5782416261e-09   -5.1579783351e-11    1.2345251427e-08    4.8912470124e-09    7.6065272640e-09    5.6775768324e-10   -4.4035222363e-09
   5.7100000    7.0267398798e-09    1.6623566589e-09   -3.7406477837e-10    1.2447493336e-08    4.8971497826e-09    7.8324624715e-09    5.4589143607e-10   -4.4114291671e-09
   5.7600000   -3.7713397260e-09    1.4480047865e-08   -4.4430702505e-10    1.1631577239e-08    4.9109028295e-09    8.0572742078e-09    5.2439919653e-10   -4.4254801257e-09
   5.8100000   -8.3338897000e-09    2.0428411554e-08   -1.9803117735e-10    1.0116513076e-08    4.9187559402e-09    8.2146219916e-09    5.0372369761e-10   -4.4451850866e-09
   5.8600000   -1.7639064149e-09    1.3226212359e-08    3.7403902556e-10    8.3217017803e-09    4.9143799060e-09    8.2592258500e-09    4.8423711281e-10   -4.4697517841e-09
   5.9100000    7.1157294965e-09    1.4744508650e-09    1.1812669903e-09    6.7657381052e-09    4.9010784575e-09    8.1849460264e-09    4.6621497651e-10   -4.4981524934e-09
   5.9600000    6.9860138190e-09   -2.1754202106e-09    2.0138107261e-09    5.9029477223e-09    4.8895999784e-09    8.0295648976e-09    4.4985069911e-10   -4.5292213148e-09
   6.0100000   -2.3680555989e-09    4.5669831722e-09    2.5968412440e-09    5.9503301333e-09    4.8926308734e-09    7.8634241948e-09    4.3525627611e-10   -4.5617516624e-09
   6.0600000   -1.0340840482e-08    1.2573735953e-08    2.7083223593e-09    6.7879255021e-09    4.9188274624e-09    7.7653789883e-09    4.2248598054e-10   -4.5945573109e-09
   6.1100000   -8.3526215219e-09    1.3229794561e-08    2.2903809211e-09    8.0040455954e-09    4.9687738184e-09    7.7946114576e-09    4.1153709288e-10   -4.6265863930e-09
   6.1600000    7.0521789471e-10    7.9283920009e-09    1.4811160808e-09    9.0890940621e-09    5.0339225922e-09    7.9686376143e-09    4.0236034201e-10   -4.6569560326e-09
   6.2100000    6.8804607936e-09    4.5767643035e-09    5.5292957037e-10    9.6911632393e-09    5.0990546992e-09    8.2563768216e-09    3.9490283616e-10   -4.6850024629e-09
   6.2600000    4.7260162717e-09    7.2130218743e-09   -1.9305909468e-10    9.7888327870e-09    5.1468054768e-09    8.5889364991e-09    3.8909007260e-10   -4.7103023864e-09
   6.3100000   -1.8914007942e-09    1.1934110849e-08   -5.1712841352e-10    9.6707053970e-09    5.1629304884e-09    8.8841657301e-09    3.8485962278e-10   -4.7326838784e-09
   6.3600000   -5.7638927153e-09    1.2786796795e-08   -2.9722430883e-10    9.7265461342e-09    5.1407545184e-09    9.0752963935e-09    3.8216992819e-10   -4.7521669336e-09
   6.4100000   -4.3188401571e-09    8.9949384676e-09    4.3563074455e-10    1.0175090450e-08    5.0838124955e-09    9.1330075385e-09    3.8098636025e-10   -4.7689591895e-09
   6.4600000   -5.6614578083e-10    4.9468029264e-09    1.4834464328e-09    1.0892484946e-08    5.0057004404e-09    9.0726578337e-09    3.8132098174e-10   -4.7833837347e-09
   6.5100000    1.8980587939e-09    4.4690836622e-09    2.5177226183e-09    1.1444986294e-08    4.9269896450e-09    8.9452965804e-09    3.8319002994e-10   -4.7958252178e-09
   6.5600000    2.4267689393e-09    7.1076885374e-09    3.1818187086e-09    1.1320154545e-08    4.8698891066e-09    8.8167494534e-09    3.8663664977e-10   -4.8066793802e-09
   6.6100000    2.0851234881e-09    9.9055521003e-09    3.2220516569e-09    1.0252467142e-08    4.8516839224e-09    8.7437789639e-09    3.9171627580e-10   -4.8162961289e-09
   6.6600000    1.1942312090e-09    1.0996621068e-08    2.5740215278e-09    8.4839314828e-09    4.8793051915e-09    8.7561350272e-09    3.9849083849e-10   -4.8249462149e-09
   6.7100000   -5.1053729784e-10    1.0563495316e-08    1.3600091880e-09    6.8027390929e-09    4.9468097127e-09    8.8502109498e-09    4.0700026564e-10   -4.8328164770e-09
   6.7600000   -2.2647606796e-09    9.4397729330e-09   -1.7813689211e-10    6.2754624849e-09    5.0370627232e-09    8.9952155111e-09    4.1729475209e-10   -4.8399652780e-09
   6.8100000   -2.5183009658e-09    8.2521586616e-09   -1.7474118405e-09    7.7303439540e-09    5.1273153757e-09    9.1478985361e-09    4.2937469476e-10   -4.8463720552e-09
   6.8600000   -1.0198659968e-09    7.7277747928e-09   -3.0374894601e-09    1.1212173939e-08    5.1968660179e-09    9.2697996771e-09    4.4323517102e-10   -4.8519408393e-09
   6.9100000    4.6911020151e-10    8.4223375020e-09   -3.7432573662e-09    1.5722480781e-08    5.2337764094e-09    9.3409130584e-09    4.5882710939e-10   -4.8565407867e-09
   6.9600000    2.2590737134e-10    9.5769231106e-09   -3.6206728462e-09    1.9478102462e-08    5.2384377567e-09    9.3656166544e-09    4.7606316443e-10   -4.8600449530e-09
   7.0100000   -1.2473701998e-09    9.2497146177e-09   -2.5797625469e-09    2.0662484505e-08    5.2224027409e-09    9.3698120439e-09    4.9482023861e-10   -4.8623655270e-09
   7.0600000   -1.8842697545e-09    6.6703459491e-09   -7.6485054363e-10    1.8338218227e-08    5.2033776968e-09    9.3906959977e-09    5.1493861753e-10   -4.8634697352e-09
   7.1100000   -7.4314890957e-10    4.1340159259e-09    1.4367847790e-09    1.3043776307e-08    5.1981682229e-09    9.4627491621e-09    5.3623436354e-10   -4.8634338903e-09
   7.1600000    7.5788790618e-10    5.2753226830e-09    3.4732305001e-09    6.7276749552e-09    5.2165462871e-09    9.6043709794e-09    5.5850021076e-10   -4.8624130458e-09
   7.2100000    5.8480240400e-10    1.0854695041e-08    4.7673640979e-09    2.0044635191e-09    5.2581074736e-09    9.8095183969e-09    5.8151690473e-10   -4.8606414769e-09
   7.2600000   -1.4398193692e-09    1.6919398861e-08    4.8847675797e-09    1.0476145949e-09    5.3132095968e-09    1.0047453062e-08    6.0504335145e-10   -4.8584255724e-09
   7.3100000   -3.3872392744e-09    1.8083298212e-08    3.7045200888e-09    4.5973689008e-09    5.3672774571e-09    1.0271348517e-08    6.2884382070e-10   -4.8560874319e-09
   7.3600000   -3.2765089371e-09    1.2818347319e-08    1.5491102641e-09    1.1513899948e-08    5.4068330272e-09    1.0433585743e-08    6.5269444865e-10   -4.8539505222e-09
   7.4100000   -9.7858443313e-10    5.1279420593e-09   -8.0667496953e-10    1.9099436315e-08    5.4248882211e-09    1.0502846547e-08    6.7638035209e-10   -4.8522805536e-09
   7.4600000    1.8418764516e-09    8.5279780511e-10   -2.3279311040e-09    2.4123003953e-08    5.4236876874e-09    1.0476910862e-08    6.9969664728e-10   -4.8512681498e-09
   7.5100000    3.2063866112e-09    2.5216993967e-09   -2.1117600358e-09    2.4186138207e-08    5.4139159413e-09    1.0385909485e-08    7.2246919858e-10   -4.8510176293e-09
   7.5600000    2.1429871623e-09    7.7511921493e-09    1.5656801385e-10    1.8865483661e-08    5.4104173178e-09    1.0283767514e-08    7.4452827017e-10   -4.8515049154e-09
   7.6100000   -8.8071645884e-10    1.2094283591e-08    3.9178265459e-09    1.0081547937e-08    5.4261984104e-09    1.0229984249e-08    7.6573569090e-10   -4.8526409391e-09
   7.6600000   -4.1921506716e-09    1.2962152023e-08    7.8231905230e-09    1.4321785325e-09    5.4669443854e-09    1.0267935528e-08    7.8596861587e-10   -4.8542456528e-09
   7.7100000   -5.6523161275e-09    1.1058754188e-08    1.0212878253e-08   -3.2936642195e-09    5.5282817231e-09    1.0407703903e-08    8.0512438603e-10   -4.8561107962e-09
   7.7600000   -3.9219561843e-09    8.8608361049e-09    9.7953130483e-09   -1.7817895305e-09    5.5969527684e-09    1.0620474106e-08    8.2311142434e-10   -4.8580188342e-09
   7.8100000    3.1754928979e-10    8.2701634358e-09    6.2214759805e-09    5.7266790131e-09    5.6555543901e-09    1.0847290801e-08    8.3984942675e-10   -4.8597958823e-09
   7.8600000    4.3698330652e-09    9.5056616742e-09    3.1140527921e-10    1.6450038698e-08    5.6890090326e-09    1.1019881934e-08    8.5527230338e-10   -4.8613221086e-09
   7.9100000    5.2688789408e-09    1.1575057818e-08   -6.1443154009e-09    2.6189437852e-08    5.6901371079e-09    1.1086100068e-08    8.6931808920e-10   -4.8625656182e-09
   7.9600000    2.1237283234e-09    1.3319814051e-08   -1.0938805427e-08    3.1085539684e-08    5.6620879176e-09    1.1030533566e-08    8.8194806697e-10   -4.8635847816e-09
   8.0100000   -2.9301553002e-09    1.3995930624e-08   -1.2211859790e-08    2.9261004250e-08    5.6168734033e-09    1.0882174793e-08    8.9312013116e-10   -4.8645001200e-09
   8.0600000   -6.1389035149e-09    1.3196643191e-08   -9.2108271861e-09    2.1642448647e-08    5.5708438604e-09    1.0705760310e-08    9.0282169074e-10   -4.8655073653e-09
   8.1100000   -4.8996699861e-09    1.0693920063e-08   -2.7608742534e-09    1.1584774054e-08    5.5388400341e-09    1.0579637611e-08    9.1104465763e-10   -4.8668254343e-09
   8.1600000    2.0043212532e-10    6.7674866647e-09    4.8471175896e-09    3.4319465924e-09    5.5295171607e-09    1.0568656112e-08    9.1779954030e-10   -4.8686705670e-09
   8.2100000    5.5910821841e-09    2.7858211178e-09    1.0650900857e-08    6.3532606399e-10    5.5431253094e-09    1.0702245027e-08    9.2311794008e-10   -4.8712300621e-09
   8.2600000    7.1018577198e-09    1.0653759303e-09    1.2240093089e-08    4.2762247791e-09    5.5722790095e-09    1.0966286186e-08    9.2705561939e-10   -4.8746489803e-09
   8.3100000    2.9951460526e-09    3.4300107585e-09    8.8610441500e-09    1.2656790606e-08    5.6048992159e-09    1.1311427581e-08    9.2967606414e-10   -4.8790196314e-09
   8.3600000   -4.4409090380e-09    9.3598415718e-09    1.8503640029e-09    2.2108163125e-08    5.6281956941e-09    1.1673524406e-08    9.3106565486e-10   -4.8843712927e-09
   8.4100000   -1.0142042063e-08    1.5615504516e-08   -5.8474154900e-09    2.8602320556e-08    5.6325732737e-09    1.1997130131e-08    9.3131914036e-10   -4.8906915296e-09
   8.4600000   -9.9170881476e-09    1.8282347795e-08   -1.0884735768e-08    2.9442584358e-08    5.6141788977e-09    1.2251599873e-08    9.3053779762e-10   -4.8979571632e-09
   8.5100000   -3.9914474641e-09    1.5860465855e-08   -1.0916648911e-08    2.4346169742e-08    5.5760326020e-09    1.2433392284e-08    9.2884123656e-10   -4.9061316962e-09
   8.5600000    2.6188155640e-09    1.0668786735e-08   -5.6070006930e-09    1.5517743307e-08    5.5270034006e-09    1.2555131643e-08    9.2634781221e-10   -4.9151927080e-09
   8.6100000    3.8676920684e-09    7.0666083722e-09    3.1831498533e-09    6.6929713417e-09    5.4789888178e-09    1.2628598451e-08    9.2319623489e-10   -4.9251558533e-09
   8.6600000   -2.0734704704e-09    7.8276064726e-09    1.2098418562e-08    1.5236035206e-09    5.4429489311e-09    1.2651938346e-08    9.1952565413e-10   -4.9360436033e-09
   8.7100000   -1.0664241225e-08    1.1754368014e-08    1.7602108768e-08    1.9900215127e-09    5.4247328745e-09    1.2609247689e-08    9.1551038755e-10   -4.9479037453e-09
   8.7600000   -1.4357930498e-08    1.4649717349e-08    1.7388751033e-08    7.5866171259e-09    5.4223599051e-09    1.2483691605e-08    9.1133661680e-10   -4.9607772085e-09
   8.8100000   -8.9732827506e-09    1.2949852580e-08    1.1346864483e-08    1.5686485020e-08    5.4259887461e-09    1.2277277312e-08    9.0722023676e-10   -4.9746905315e-09
   8.8600000    2.5516063265e-09    7.0553232575e-09    1.6688596534e-09    2.2872811279e-08    5.4209823932e-09    1.2025587681e-08    9.0341301919e-10   -4.9896536944e-09
   8.9100000    1.2543090623e-08    1.4851301083e-09   -7.9887914741e-09    2.6513826524e-08    5.3932899661e-09    1.1796563598e-08    9.0019228814e-10   -5.0056486649e-09
   8.9600000    1.4968676965e-08    1.4092253687e-09   -1.3992493296e-08    2.5804808074e-08    5.3352836570e-09    1.1670378777e-08    8.9785944926e-10   -5.0226561739e-09
   9.0100000    9.9770264204e-09    8.1484025400e-09   -1.4235015603e-08    2.1884012084e-08    5.2497036461e-09    1.1707250026e-08    8.9669878509e-10   -5.0406671062e-09
   9.0600000    2.7667251168e-09    1.7470735674e-08   -8.9759836578e-09    1.7123857672e-08    5.1500300147e-09    1.1918360828e-08    8.9697021399e-10   -5.0597009462e-09
   9.1100000   -1.5423986252e-09    2.2574338706e-08   -6.4952961040e-10    1.4002262525e-08    5.0569165340e-09    1.2255925033e-08    8.9888761908e-10   -5.0798007576e-09
   9.1600000   -1.9945597341e-09    1.9661647944e-08    7.2335636863e-09    1.4026531579e-08    4.9917387123e-09    1.2630452478e-08    9.0257481588e-10   -5.1010472165e-09
   9.2100000   -1.5567985927e-09    1.1341217784e-08    1.1567582865e-08    1.7117390021e-08    4.9697016680e-09    1.2950027662e-08    9.0807044180e-10   -5.1234939847e-09
   9.2600000   -3.6305649456e-09    4.5676298697e-09    1.0884291788e-08    2.1700107913e-08    4.9948310582e-09    1.3163736976e-08    9.1531226896e-10   -5.1471735490e-09
   9.3100000   -8.7834212530e-09    4.6325576969e-09    5.8588107465e-09    2.5470048352e-08    5.0587297313e-09    1.3286717687e-08    9.2413704185e-10   -5.1719786365e-09
   9.3600000   -1.4086967905e-08    1.0529320624e-08   -1.0767645213e-09    2.6479420576e-08    5.1433288497e-09    1.3390962222e-08    9.3433019175e-10   -5.1976461223e-09
   9.4100000   -1.5071472990e-08    1.5988622765e-08   -6.8208745957e-09    2.4026658269e-08    5.2263942348e-09    1.3562495002e-08    9.4564104311e-10   -5.2237287965e-09
   9.4600000   -8.9369523058e-09    1.5311960540e-08   -8.9161701383e-09    1.8943914125e-08    5.2880082606e-09    1.3844091064e-08    9.5784693859e-10   -5.2495501862e-09
   9.5100000    2.7211394730e-09    8.6495523748e-09   -6.5286624243e-09    1.3193874796e-08    5.3154600355e-09    1.4193851062e-08    9.7080567990e-10   -5.2742860301e-09
   9.5600000    1.3625599315e-08    1.8795226891e-09   -7.0201646079e-10    9.0086516433e-09    5.3053444644e-09    1.4485970016e-08    9.8450343215e-10   -5.2970053328e-09
   9.6100000    1.6237651139e-08    1.2638653688e-09    6.1653366775e-09    7.9859510536e-09    5.2624862365e-09    1.4561441409e-08    9.9908989099e-10   -5.3167969480e-09
   9.6600000    7.5024377857e-09    7.8238042355e-09    1.1343986007e-08    1.0537164348e-08    5.1963848828e-09    1.4310699728e-08    1.0148450232e-09   -5.3329089744e-09
   9.7100000   -7.5144328970e-09    1.6493635357e-08    1.2852701492e-08    1.5866415002e-08    5.1171144400e-09    1.3749168969e-08    1.0322073566e-09   -5.3448444206e-09
   9.7600000   -1.8232950683e-08    2.0620648083e-08    1.0177694679e-08    2.2369119314e-08    5.0321817719e-09    1.3044019560e-08    1.0516719924e-09   -5.3524730688e-09
   9.8100000   -1.6527006543e-08    1.7583002840e-08    4.3960869487e-09    2.8180261423e-08    4.9456258326e-09    1.2468416809e-08    1.0737467812e-09   -5.3560802423e-09
   9.8600000   -3.6045518117e-09    1.0584838237e-08   -2.2987667721e-09    3.1682572895e-08    4.8593596501e-09    1.2293678013e-08    1.0988193723e-09   -5.3563605414e-09
   9.9100000    1.0651553330e-08    5.4572496578e-09   -7.4673709946e-09    3.1941903360e-08    4.7761379519e-09    1.2662973001e-08    1.1270806954e-09   -5.3543469975e-09
   9.9600000    1.5726026665e-08    5.7484541090e-09   -9.3570588893e-09    2.9036035949e-08    4.7025102400e-09    1.3507038363e-08    1.1584503061e-09   -5.3512597701e-09
  10.0100000    8.7538803572e-09    1.0383707690e-08   -7.5367597264e-09    2.4102978695e-08    4.6504528435e-09    1.4549343378e-08    1.1925123594e-09   -5.3483376502e-09
  10.0600000   -4.2198927844e-09    1.5273688637e-08   -2.9763776783e-09    1.8939124948e-08    4.6362799667e-09    1.5410797858e-08    1.2285190627e-09   -5.3466351222e-09
  10.1100000   -1.4291360121e-08    1.6767872787e-08    2.4475032225e-09    1.5262521421e-08    4.6772590802e-09    1.5775217847e-08    1.2654102859e-09   -5.3468523650e-09
  10.1600000   -1.6611857267e-08    1.4033093424e-08    6.7600962958e-09    1.4053065625e-08    4.7863062970e-09    1.5541863227e-08    1.3019115410e-09   -5.3492309022e-09
  10.2100000   -1.2090283273e-08    9.1792077082e-09    8.6161212779e-09    1.5330489275e-08    4.9668537591e-09    1.4888759896e-08    1.3366398174e-09   -5.3534454066e-09
  10.2600000   -4.1512806063e-09    5.7346280206e-09    7.6637844496e-09    1.8365392595e-08    5.2096956063e-09    1.4205913777e-08    1.3682289680e-09   -5.3587054644e-09
  10.3100000    4.4024561619e-09    6.4550753167e-09    4.5113031831e-09    2.2047993376e-08    5.4933369560e-09    1.3917437602e-08    1.3954851732e-09   -5.3638557926e-09
  10.3600000    1.1188482484e-08    1.1332654654e-08    4.2836667786e-10    2.5219878901e-08    5.7882574129e-09    1.4269041945e-08    1.4174676276e-09   -5.3675864470e-09
  10.4100000    1.2802122365e-08    1.7042522289e-08   -3.0900171733e-09    2.6994742004e-08    6.0639886280e-09    1.5182941289e-08    1.4336087541e-09   -5.3686350568e-09
  10.4600000    6.0449110046e-09    1.8954700579e-08   -4.8171852796e-09    2.7098479008e-08    6.2964697339e-09    1.6259962782e-08    1.4437304937e-09   -5.3660286779e-09
  10.5100000   -8.1876766014e-09    1.4944357605e-08   -4.2193875536e-09    2.6043781898e-08    6.4731192731e-09    1.6943709218e-08    1.4480554444e-09   -5.3592482146e-09
  10.5600000   -2.2865963390e-08    7.8258863702e-09   -1.6190619284e-09    2.4880955138e-08    6.5934585603e-09    1.6783056362e-08    1.4471334595e-09   -5.3483252622e-09
  10.6100000   -2.8268856491e-08    3.5157786818e-09    2.0080527960e-09    2.4556194729e-08    6.6654059288e-09    1.5673377943e-08    1.4417638800e-09   -5.3338282772e-09
  10.6600000   -1.8984481473e-08    5.8731702151e-09    5.4723952051e-09    2.5301138098e-08    6.6990747250e-09    1.3955164786e-08    1.4329005140e-09   -5.3167806072e-09
  10.7100000    1.3809823971e-09    1.2947865262e-08    7.7700618069e-09    2.6522258070e-08    6.7011921534e-09    1.2306741280e-08    1.4215094000e-09   -5.2985205710e-09
  10.7600000    2.1740484615e-08    1.8572867138e-08    8.2743082650e-09    2.7254851475e-08    6.6733248741e-09    1.1462593498e-08    1.4084902951e-09   -5.2804995001e-09
  10.8100000    3.0065532166e-08    1.8059386596e-08    6.7820844218e-09    2.6800535980e-08    6.6142406828e-09    1.1877123926e-08    1.3946047117e-09   -5.2641449156e-09
  10.8600000    2.0515827366e-08    1.2486495612e-08    3.5567686148e-09    2.5109323443e-08    6.5250876654e-09    1.3491433733e-08    1.3804204448e-09   -5.2506963666e-09
  10.9100000   -2.6643440712e-09    7.3906670561e-09   -6.3280973670e-10    2.2775135936e-08    6.4135858513e-09    1.5723359531e-08    1.3663358079e-09   -5.2411560042e-09
  10.9600000   -2.6362127016e-08    7.2794755756e-09   -4.6191823061e-09    2.0791087071e-08    6.2938083846e-09    1.7702894440e-08    1.3525847796e-09   -5.2362623311e-09
  10.9700000   -2.9741614263e-08    7.8931306869e-09   -5.2795859666e-09    2.0532158326e-08    6.2702546791e-09    1.7994273964e-08    1.3498862268e-09   -5.2358871599e-09
  10.9800000   -3.2395699050e-08    8.6605381262e-09   -5.8723154910e-09    2.0337945916e-08    6.2470794680e-09    1.8238575992e-08    1.3472098216e-09   -5.2357246701e-09
  10.9900000   -3.4234499415e-08    9.5421922373e-09   -6.3892396658e-09    2.0215290935e-08    6.2243922390e-09    1.8432151862e-08    1.3445535786e-09   -5.2357685897e-09
  11.0000000   -3.5187559156e-08    1.0494370171e-08   -6.8230627437e-09    2.0170213469e-08    6.2022444016e-09    1.8572324595e-08    1.3419156381e-09   -5.2360304459e-09
  11.0100000   -3.5206671095e-08    1.1470981172e-08   -7.1675167828e-09    2.0207708950e-08    6.1806826375e-09    1.8657402828e-08    1.3393021617e-09   -5.2365077395e-09
  11.0200000   -3.4268331880e-08    1.2425785519e-08   -7.4174135095e-09    2.0331611906e-08    6.1597377510e-09    1.8686778009e-08    1.3367109028e-09   -5.2372000787e-09
  11.0300000   -3.2375497250e-08    1.3314331510e-08   -7.5687033649e-09    2.0544466640e-08    6.1394147002e-09    1.8660887118e-08    1.3341441429e-09   -5.2381106999e-09
  11.0400000   -2.9558691126e-08    1.4095937055e-08   -7.6185524152e-09    2.0847420688e-08    6.1196997468e-09    1.8581247657e-08    1.3316019598e-09   -5.2392437190e-09
  11.0500000   -2.5876346532e-08    1.4735435332e-08   -7.5653792908e-09    2.1240154346e-08    6.1005364415e-09    1.8450414574e-08    1.3290866560e-09   -5.2405995479e-09
  11.0600000   -2.1414293755e-08    1.5204685932e-08   -7.4088750165e-09    2.1720737661e-08    6.0818636515e-09    1.8271943198e-08    1.3265984701e-09   -5.2421745478e-09
  11.0700000   -1.6284255874e-08    1.5483673046e-08   -7.1499780367e-09    2.2285634903e-08    6.0635960218e-09    1.8050343733e-08    1.3241459267e-09   -5.2439746176e-09
  11.0800000   -1.0621614063e-08    1.5561348664e-08   -6.7908969057e-09    2.2929706776e-08    6.0456142199e-09    1.7790968874e-08    1.3217193962e-09   -5.2459946501e-09
  11.0900000   -4.5822106727e-09    1.5436011555e-08   -6.3350561911e-09    2.3646217329e-08    6.0278048617e-09    1.7499931100e-08    1.3193252365e-09   -5.2482388437e-09
  11.1000000    1.6617300227e-09    1.5115243390e-08   -5.7870740130e-09    2.4426906669e-08    6.0100204315e-09    1.7183973223e-08    1.3169651822e-09   -5.2507049379e-09
  11.1100000    7.9262743203e-09    1.4615491387e-08   -5.1526977501e-09    2.5262129899e-08    5.9920994634e-09    1.6850368917e-08    1.3146413760e-09   -5.2533902862e-09
  11.1200000    1.4021108340e-08    1.3961253673e-08   -4.4387543254e-09    2.6140951932e-08    5.9738899521e-09    1.6506741900e-08    1.3123550996e-09   -5.2562949104e-09
  11.1300000    1.9755354556e-08    1.3183911800e-08   -3.6530919591e-09    2.7051367784e-08    5.9552323580e-09    1.6160949164e-08    1.3101094230e-09   -5.2594175775e-09
  11.1400000    2.4943582243e-08    1.2320231927e-08   -2.8044912756e-09    2.7980509551e-08    5.9359572734e-09    1.5820893917e-08    1.3079067674e-09   -5.2627537095e-09
  11.1500000    2.9411847819e-08    1.1410781887e-08   -1.9025811122e-09    2.8914863113e-08    5.9159175520e-09    1.5494429424e-08    1.3057538983e-09   -5.2663041532e-09
  11.1600000    3.3003721447e-08    1.0497984785e-08   -9.5776903127e-10    2.9840558798e-08    5.8949731872e-09    1.5189120194e-08    1.3036472067e-09   -5.2700614404e-09
  11.1700000    3.5585787119e-08    9.6242578778e-09    1.8870411742e-11    3.0743621783e-08    5.8730029639e-09    1.4912153144e-08    1.3015903741e-09   -5.2740226851e-09
  11.1800000    3.7052621358e-08    8.8301506956e-09    1.0157010557e-09    3.1610279452e-08    5.8499089732e-09    1.4670172889e-08    1.2995885599e-09   -5.2781832322e-09
  11.1900000    3.7331018200e-08    8.1525644280e-09    2.0206244284e-09    3.2427171594e-08    5.8256337224e-09    1.4469132890e-08    1.2976428437e-09   -5.2825402987e-09
  11.2000000    3.6383158430e-08    7.6230922528e-09    3.0212233838e-09    3.3181692296e-08    5.8001481476e-09    1.4314172378e-08    1.2957593466e-09   -5.2870815103e-09
  11.2100000    3.4208797834e-08    7.2666458875e-09    4.0048840832e-09    3.3862184486e-08    5.7734485984e-09    1.4209533639e-08    1.2939352284e-09   -5.2918057667e-09
  11.2200000    3.0846171664e-08    7.1004782459e-09    4.9589441102e-09    3.4458171476e-08    5.7455826969e-09    1.4158439952e-08    1.2921813102e-09   -5.2967038502e-09
  11.2300000    2.6371579549e-08    7.1333483361e-09    5.8708390617e-09    3.4960543471e-08    5.7166551424e-09    1.4163044282e-08    1.2904963149e-09   -5.3017657339e-09
  11.2400000    2.0897748691e-08    7.3652534996e-09    6.7282802217e-09    3.5361726796e-08    5.6868062511e-09    1.4224363195e-08    1.2888803346e-09   -5.3069811526e-09
  11.2500000    1.4570851020e-08    7.7873965255e-09    7.5194214784e-09    3.5655766522e-08    5.6562300307e-09    1.4342238077e-08    1.2873418271e-09   -5.3123442133e-09
  11.2600000    7.5663821584e-09    8.3826630382e-09    8.2330303030e-09    3.5838430094e-08    5.6251737224e-09    1.4515361939e-08    1.2858770729e-09   -5.3178403326e-09
  11.2700000    8.3972391721e-11    9.1263938371e-09    8.8587128339e-09    3.5907252041e-08    5.5939218488e-09    1.4741284524e-08    1.2844902683e-09   -5.3234559001e-09
  11.2800000   -7.6588026271e-09    9.9875120705e-09    9.3870332285e-09    3.5861512544e-08    5.5628142971e-09    1.5016432678e-08    1.2831893217e-09   -5.3291836924e-09
  11.2900000   -1.5433216203e-08    1.0929903097e-08    9.8097426830e-09    3.5702237028e-08    5.5322288010e-09    1.5336195053e-08    1.2819679998e-09   -5.3350044044e-09
  11.3000000   -2.3006702853e-08    1.1913994272e-08    1.0119951476e-08    3.5432100740e-08    5.5025926859e-09    1.5694987163e-08    1.2808299943e-09   -5.3409054813e-09
  11.3100000   -3.0150319433e-08    1.2898551201e-08    1.0312265988e-08    3.5055356146e-08    5.4743584486e-09    1.6086378397e-08    1.2797837690e-09   -5.3468693311e-09
  11.3200000   -3.6646329823e-08    1.3842459858e-08    1.0382930200e-08    3.4577702515e-08    5.4480107578e-09    1.6503197239e-08    1.2788185579e-09   -5.3528817825e-09
  11.3300000   -4.2295272016e-08    1.4706481634e-08    1.0329970051e-08    3.4006198804e-08    5.4240496212e-09    1.6937673748e-08    1.2779432033e-09   -5.3589211810e-09
  11.3400000   -4.6922595422e-08    1.5455028012e-08    1.0153255022e-08    3.3349075183e-08    5.4029900361e-09    1.7381588502e-08    1.2771540247e-09   -5.3649710158e-09
  11.3500000   -5.0384493802e-08    1.6057626965e-08    9.8545911938e-09    3.2615633288e-08    5.3853545589e-09    1.7826442693e-08    1.2764453954e-09   -5.3710099525e-09
  11.3600000   -5.2572694174e-08    1.6490323273e-08    9.4376899097e-09    3.1816084057e-08    5.3716546513e-09    1.8263604379e-08    1.2758210123e-09   -5.3770216927e-09
  11.3700000   -5.3418029659e-08    1.6736539349e-08    8.9082098581e-09    3.0961351118e-08    5.3623909023e-09    1.8684516293e-08    1.2752788635e-09   -5.3829849274e-09
  11.3800000   -5.2892915789e-08    1.6787889843e-08    8.2736480818e-09    3.0062997504e-08    5.3580190614e-09    1.9080825195e-08    1.2748154369e-09   -5.3888808244e-09
  11.3900000   -5.1012162822e-08    1.6644374296e-08    7.5432888104e-09    2.9133059766e-08    5.3589867228e-09    1.9444581556e-08    1.2744278923e-09   -5.3946777546e-09
  11.4000000   -4.7832515655e-08    1.6314380829e-08    6.7280334386e-09    2.8183883874e-08    5.3656755496e-09    1.9768390839e-08    1.2741114648e-09   -5.4003655241e-09
  11.4100000   -4.3450840314e-08    1.5814249966e-08    5.8402590494e-09    2.7228030361e-08    5.3784162347e-09    2.0045567892e-08    1.2738603951e-09   -5.4059202365e-09
  11.4200000   -3.8000969694e-08    1.5167486303e-08    4.8935642203e-09    2.6278114561e-08    5.3974805918e-09    2.0270267589e-08    1.2736687720e-09   -5.4113186452e-09
  11.4300000   -3.1649221535e-08    1.4403645487e-08    3.9025971651e-09    2.5346709155e-08    5.4230609018e-09    2.0437627299e-08    1.2735335478e-09   -5.4165402366e-09
  11.4400000   -2.4589010783e-08    1.3557043140e-08    2.8827216100e-09    2.4446200188e-08    5.4552769856e-09    2.0543838717e-08    1.2734469935e-09   -5.4215620064e-09
  11.4500000   -1.7034588442e-08    1.2665199337e-08    1.8498173123e-09    2.3588651408e-08    5.4941643175e-09    2.0586270579e-08    1.2734021628e-09   -5.4263640992e-09
  11.4600000   -9.2140001873e-09    1.1767128259e-08    8.1991713461e-10    2.2785719426e-08    5.5396540351e-09    2.0563501956e-08    1.2733892762e-09   -5.4309305747e-09
  11.4700000   -1.3618853956e-09    1.0901650402e-08   -1.9103149418e-10    2.2048484251e-08    5.5916006569e-09    2.0475376434e-08    1.2734019616e-09   -5.4352381125e-09
  11.4800000    6.2881139875e-09    1.0105710187e-08   -1.1674577863e-09    2.1387343072e-08    5.6497645867e-09    2.0322992856e-08    1.2734348506e-09   -5.4392675530e-09
  11.4900000    1.3510614368e-08    9.4127700083e-09   -2.0945036912e-09    2.0811892148e-08    5.7138071262e-09    2.0108711701e-08    1.2734670832e-09   -5.4430060065e-09
  11.5000000    2.0095606677e-08    8.8513594360e-09   -2.9582116379e-09    2.0330770242e-08    5.7833073937e-09    1.9836121254e-08    1.2734982178e-09   -5.4464331594e-09
  11.5100000    2.5854869230e-08    8.4439534304e-09   -3.7458056534e-09    1.9951565433e-08    5.8577506131e-09    1.9509938789e-08    1.2735180173e-09   -5.4495410117e-09
  11.5200000    3.0627644331e-08    8.2060178881e-09   -4.4458851809e-09    1.9680672265e-08    5.9365477835e-09    1.9135971639e-08    1.2735130795e-09   -5.4523132026e-09
  11.5300000    3.4285361464e-08    8.1454693746e-09   -5.0486311689e-09    1.9523229980e-08    6.0190436049e-09    1.8720977033e-08    1.2734758131e-09   -5.4547368225e-09
  11.5400000    3.6735314330e-08    8.2623975653e-09   -5.5459084830e-09    1.9482996817e-08    6.1045041807e-09    1.8272547263e-08    1.2733925229e-09   -5.4568110199e-09
  11.5500000    3.7923072731e-08    8.5491904264e-09   -5.9314381502e-09    1.9562275069e-08    6.1921621668e-09    1.7798947905e-08    1.2732579460e-09   -5.4585208919e-09
  11.5600000    3.7833713589e-08    8.9910206489e-09   -6.2008134815e-09    1.9761893218e-08    6.2812022281e-09    1.7308981622e-08    1.2730535353e-09   -5.4598660667e-09
  11.5700000    3.6491827180e-08    9.5665507555e-09   -6.3515812723e-09    2.0081100637e-08    6.3707868951e-09    1.6811796938e-08    1.2727737565e-09   -5.4608457481e-09
  11.5800000    3.3960150745e-08    1.0249028939e-08   -6.3832073868e-09    2.0517655541e-08    6.4600624176e-09    1.6316719896e-08    1.2724126749e-09   -5.4614552434e-09
  11.5900000    3.0337199507e-08    1.1007523562e-08   -6.2970901689e-09    2.1067794378e-08    6.5481773893e-09    1.5833072537e-08    1.2719518918e-09   -5.4616988082e-09
  11.6000000    2.5753796357e-08    1.1808355710e-08   -6.0964601059e-09    2.1726298426e-08    6.6343077414e-09    1.5369963691e-08    1.2713889898e-09   -5.4615830731e-09
  11.6100000    2.0368589720e-08    1.2616599731e-08   -5.7863208794e-09    2.2486526699e-08    6.7176586328e-09    1.4936145531e-08    1.2707145315e-09   -5.4611147748e-09
  11.6200000    1.4362824690e-08    1.3397672038e-08   -5.3733164393e-09    2.3340579338e-08    6.7974784397e-09    1.4539803037e-08    1.2699160305e-09   -5.4603028939e-09
  11.6300000    7.9345175687e-09    1.4118799475e-08   -4.8656002423e-09    2.4279410546e-08    6.8730836427e-09    1.4188429399e-08    1.2689946089e-09   -5.4591611445e-09
  11.6400000    1.2922980458e-09    1.4750432782e-08   -4.2726862351e-09    2.5292887687e-08    6.9438626047e-09    1.3888633202e-08    1.2679415928e-09   -5.4577031270e-09
  11.6500000   -5.3511660749e-09    1.5267418591e-08   -3.6052983777e-09    2.6370047277e-08    7.0092913497e-09    1.3646030321e-08    1.2667500821e-09   -5.4559435678e-09
  11.6600000   -1.1785565683e-08    1.5650037463e-08   -2.8751474548e-09    2.7499231902e-08    7.0689531991e-09    1.3465123443e-08    1.2654216270e-09   -5.4539024182e-09
  11.6700000   -1.7809268415e-08    1.5884748117e-08   -2.0947522270e-09    2.8668209023e-08    7.1225126715e-09    1.3349220020e-08    1.2639495238e-09   -5.4516045341e-09
  11.6800000   -2.3235227221e-08    1.5964567522e-08   -1.2772846396e-09    2.9864399557e-08    7.1697777641e-09    1.3300340618e-08    1.2623364491e-09   -5.4490653507e-09
  11.6900000   -2.7896562471e-08    1.5889248423e-08   -4.3629404177e-10    3.1075004818e-08    7.2106630743e-09    1.3319204620e-08    1.2605851979e-09   -5.4463127383e-09
  11.7000000   -3.1651131102e-08    1.5665135097e-08    4.1446399923e-10    3.2287196577e-08    7.2451911062e-09    1.3405195716e-08    1.2586923754e-09   -5.4433703685e-09
  11.7100000   -3.4385667537e-08    1.5304680889e-08    1.2612473068e-09    3.3488246991e-08    7.2735214285e-09    1.3556386995e-08    1.2566667927e-09   -5.4402651618e-09
  11.7200000   -3.6018705891e-08    1.4825772125e-08    2.0905491601e-09    3.4665641010e-08    7.2959153913e-09    1.3769558443e-08    1.2545141841e-09   -5.4370275453e-09
  11.7300000   -3.6502788902e-08    1.4250745654e-08    2.8892763502e-09    3.5807234267e-08    7.3127541155e-09    1.4040286247e-08    1.2522369630e-09   -5.4336856904e-09
  11.7400000   -3.5825609931e-08    1.3605398176e-08    3.6450097708e-09    3.6901341907e-08    7.3245154234e-09    1.4363009356e-08    1.2498475624e-09   -5.4302668423e-09
  11.7500000   -3.4010000045e-08    1.2917699744e-08    4.3461587669e-09    3.7936830888e-08    7.3317731203e-09    1.4731164683e-08    1.2473572848e-09   -5.4267970175e-09
  11.7600000   -3.1113096504e-08    1.2216539106e-08    4.9821824108e-09    3.8903212706e-08    7.3351664592e-09    1.5137298072e-08    1.2447746831e-09   -5.4233075249e-09
  11.7700000   -2.7224380847e-08    1.1530454888e-08    5.5437487882e-09    3.9790692644e-08    7.3354211043e-09    1.5573228162e-08    1.2421196027e-09   -5.4198255373e-09
  11.7800000   -2.2462896982e-08    1.0886473259e-08    6.0229022916e-09    4.0590247446e-08    7.3332920497e-09    1.6030210114e-08    1.2393988971e-09   -5.4163811062e-09
  11.7900000   -1.6973684093e-08    1.0308921229e-08    6.4132021933e-09    4.1293692451e-08    7.3295726519e-09    1.6499110092e-08    1.2366328113e-09   -5.4129977875e-09
  11.8000000   -1.0923398698e-08    9.8185758610e-09    6.7098511320e-09    4.1893702732e-08    7.3250599555e-09    1.6970599520e-08    1.2338393641e-09   -5.4097033117e-09
  11.8100000   -4.4954277315e-09    9.4318538751e-09    6.9097706493e-09    4.2383919903e-08    7.3205517560e-09    1.7435346562e-08    1.2310349852e-09   -5.4065168826e-09
  11.8200000    2.1154915118e-09    9.1603089313e-09    7.0116897528e-09    4.2758949772e-08    7.3168082119e-09    1.7884193197e-08    1.2282451426e-09   -5.4034633030e-09
  11.8300000    8.7089399169e-09    9.0102565699e-09    7.0161313285e-09    4.3014453010e-08    7.3145353190e-09    1.8308359333e-08    1.2254870740e-09   -5.4005588527e-09
  11.8400000    1.5084585733e-08    8.9827949492e-09    6.9254442696e-09    4.3147184505e-08    7.3143952732e-09    1.8699607859e-08    1.2227801965e-09   -5.3978211906e-09
  11.8500000    2.1048003641e-08    9.0739341684e-09    6.7437534610e-09    4.3155071096e-08    7.3169427949e-09    1.9050433923e-08    1.2201517692e-09   -5.3952633653e-09
  11.8600000    2.6416300053e-08    9.2749397292e-09    6.4768577322e-09    4.3037248602e-08    7.3226259301e-09    1.9354203369e-08    1.2176205927e-09   -5.3928975960e-09
  11.8700000    3.1023378199e-08    9.5729464816e-09    6.1321295091e-09    4.2794119461e-08    7.3317828756e-09    1.9605293939e-08    1.2152134466e-09   -5.3907334486e-09
  11.8800000    3.4724789078e-08    9.9516172721e-09    5.7183741903e-09    4.2427377658e-08    7.3446258041e-09    1.9799213426e-08    1.2129485343e-09   -5.3887731838e-09
  11.8900000    3.7401947231e-08    1.0392031609e-08    5.2456120499e-09    4.1940119714e-08    7.3612206846e-09    1.9932678670e-08    1.2108550347e-09   -5.3870248810e-09
  11.9000000    3.8965670319e-08    1.0873544875e-08    4.7248793817e-09    4.1336751831e-08    7.3814832350e-09    2.0003694105e-08    1.2089490602e-09   -5.3854831676e-09
  11.9100000    3.9358789065e-08    1.1374759369e-08    4.1680153051e-09    4.0623094144e-08    7.4051845758e-09    2.0011605822e-08    1.2072502518e-09   -5.3841405149e-09
  11.9200000    3.8558046563e-08    1.1874376528e-08    3.5873738075e-09    3.9806328037e-08    7.4319475713e-09    1.9957092417e-08    1.2057854206e-09   -5.3829930610e-09
  11.9300000    3.6574835417e-08    1.2352160189e-08    2.9955472370e-09    3.8894969409e-08    7.4612452242e-09    1.9842148049e-08    1.2045725645e-09   -5.3820332839e-09
  11.9400000    3.3455077530e-08    1.2789667137e-08    2.4051158077e-09    3.7898796963e-08    7.4923994514e-09    1.9670054873e-08    1.2036251278e-09   -5.3812365024e-09
  11.9500000    2.9278108174e-08    1.3170959024e-08    1.8283565948e-09    3.6828799677e-08    7.5246100580e-09    1.9445298418e-08    1.2029657522e-09   -5.3805957784e-09
  11.9600000    2.4154550074e-08    1.3483050176e-08    1.2769847713e-09    3.5697059337e-08    7.5569724998e-09    1.9173498154e-08    1.2026096667e-09   -5.3800852718e-09
