# thinned to dt=0.05 from the every-step stream; the last 1 time units are kept whole (the death window)
#       time              L2_Ham              L2_Mom
   0.0000000    6.5838765760e-04    0.0000000000e+00
   0.0500000    8.1929761995e-04    4.8892335423e-09
   0.1000000    8.1930069670e-04    9.6557347772e-09
   0.1500000    8.1930383788e-04    1.4378320567e-08
   0.2000000    8.1930702766e-04    1.9061315611e-08
   0.2500000    8.1931024718e-04    2.3707621101e-08
   0.3000000    8.1931347816e-04    2.8325286824e-08
   0.3500000    8.1931670616e-04    3.2928606418e-08
   0.4000000    8.1931992230e-04    3.7512803099e-08
   0.4500000    8.1932312352e-04    4.2089586666e-08
   0.5000000    8.1932631148e-04    4.6676480453e-08
   0.5500000    8.1932949076e-04    5.1286230927e-08
   0.6000000    8.1933266736e-04    5.5928580633e-08
   0.6500000    8.1933584841e-04    6.0604043348e-08
   0.7000000    8.1933904317e-04    6.5309396284e-08
   0.7500000    8.1934226394e-04    7.0076258691e-08
   0.8000000    8.1934552545e-04    7.4913356878e-08
   0.8500000    8.1934884172e-04    7.9808663073e-08
   0.9000000    8.1935222187e-04    8.4751230427e-08
   0.9500000    8.1935566795e-04    8.9739439852e-08
   1.0000000    8.1935917606e-04    9.4761898811e-08
   1.0500000    8.1936273918e-04    9.9813578344e-08
   1.1000000    8.1936634914e-04    1.0490150591e-07
   1.1500000    8.1936999692e-04    1.1002051864e-07
   1.2000000    8.1937367263e-04    1.1516663136e-07
   1.2500000    8.1937736635e-04    1.2034034100e-07
   1.3000000    8.1938106982e-04    1.2553817396e-07
   1.3500000    8.1938477792e-04    1.3075177537e-07
   1.4000000    8.1938848858e-04    1.3597674915e-07
   1.4500000    8.1939220143e-04    1.4121189705e-07
   1.5000000    8.1939591665e-04    1.4645323616e-07
   1.5500000    8.1939963484e-04    1.5169747549e-07
   1.6000000    8.1940335685e-04    1.5694434883e-07
   1.6500000    8.1940708349e-04    1.6219558508e-07
   1.7000000    8.1941081537e-04    1.6744909962e-07
   1.7500000    8.1941455281e-04    1.7269832396e-07
   1.8000000    8.1941829556e-04    1.7794124755e-07
   1.8500000    8.1942204272e-04    1.8317880858e-07
   1.9000000    8.1942579292e-04    1.8840912049e-07
   1.9500000    8.1942954461e-04    1.9363184546e-07
   2.0000000    8.1943329622e-04    1.9884554818e-07
   2.0500000    8.1943704619e-04    2.0404685116e-07
   2.1000000    8.1944079309e-04    2.0923521696e-07
   2.1500000    8.1944453560e-04    2.1440927635e-07
   2.2000000    8.1944827255e-04    2.1956696484e-07
   2.2500000    8.1945200286e-04    2.2470883628e-07
   2.3000000    8.1945572552e-04    2.2983261203e-07
   2.3500000    8.1945943962e-04    2.3493614390e-07
   2.4000000    8.1946314435e-04    2.4001865355e-07
   2.4500000    8.1946683899e-04    2.4508002208e-07
   2.5000000    8.1947052284e-04    2.5011908132e-07
   2.5500000    8.1947419523e-04    2.5513535535e-07
   2.6000000    8.1947785549e-04    2.6012655998e-07
   2.6500000    8.1948150298e-04    2.6509150327e-07
   2.7000000    8.1948513714e-04    2.7003056638e-07
   2.7500000    8.1948875750e-04    2.7494217953e-07
   2.8000000    8.1949236371e-04    2.7982545429e-07
   2.8500000    8.1949595544e-04    2.8468045320e-07
   2.9000000    8.1949953239e-04    2.8950544634e-07
   2.9500000    8.1950309425e-04    2.9430034126e-07
   3.0000000    8.1950664075e-04    2.9906574261e-07
   3.0500000    8.1951017171e-04    3.0380133491e-07
   3.1000000    8.1951368702e-04    3.0850621929e-07
   3.1500000    8.1951718666e-04    3.1317906134e-07
   3.2000000    8.1952067078e-04    3.1781885916e-07
   3.2500000    8.1952413964e-04    3.2242575647e-07
   3.3000000    8.1952759359e-04    3.2700016675e-07
   3.3500000    8.1953103280e-04    3.3154174710e-07
   3.4000000    8.1953445704e-04    3.3604954991e-07
   3.4500000    8.1953786566e-04    3.4052340277e-07
   3.5000000    8.1954125791e-04    3.4496371358e-07
   3.5500000    8.1954463350e-04    3.4937001889e-07
   3.6000000    8.1954799305e-04    3.5374181946e-07
   3.6500000    8.1955133798e-04    3.5807785850e-07
   3.7000000    8.1955466968e-04    3.6237770806e-07
   3.7500000    8.1955798858e-04    3.6664124491e-07
   3.8000000    8.1956129401e-04    3.7086861965e-07
   3.8500000    8.1956458543e-04    3.7506006619e-07
   3.9000000    8.1956786409e-04    3.7921561986e-07
   3.9500000    8.1957113353e-04    3.8333422016e-07
   4.0000000    8.1957439784e-04    3.8741523266e-07
   4.0500000    8.1957765887e-04    3.9145814693e-07
   4.1000000    8.1958091478e-04    3.9546242418e-07
   4.1500000    8.1958416134e-04    3.9942764818e-07
   4.2000000    8.1958739530e-04    4.0335306493e-07
   4.2500000    8.1959061670e-04    4.0723818472e-07
   4.3000000    8.1959382825e-04    4.1108265735e-07
   4.3500000    8.1959703193e-04    4.1488647459e-07
   4.4000000    8.1960022605e-04    4.1864894460e-07
   4.4500000    8.1960340574e-04    4.2236849922e-07
   4.5000000    8.1960656685e-04    4.2604497096e-07
   4.5500000    8.1960971040e-04    4.2967801171e-07
   4.6000000    8.1961284326e-04    4.3326720965e-07
   4.6500000    8.1961597399e-04    4.3681244739e-07
   4.7000000    8.1961910730e-04    4.4031345186e-07
   4.7500000    8.1962224179e-04    4.4376951610e-07
   4.8000000    8.1962537292e-04    4.4717961086e-07
   4.8500000    8.1962849808e-04    4.5054236007e-07
   4.9000000    8.1963161893e-04    4.5385650090e-07
   4.9500000    8.1963473940e-04    4.5712142318e-07
   5.0000000    8.1963786178e-04    4.6033642079e-07
   5.0500000    8.1964098499e-04    4.6350127037e-07
   5.1000000    8.1964410598e-04    4.6661587251e-07
   5.1500000    8.1964722270e-04    4.6967932120e-07
   5.2000000    8.1965033545e-04    4.7269049330e-07
   5.2500000    8.1965344574e-04    4.7564792239e-07
   5.3000000    8.1965655373e-04    4.7855013993e-07
   5.3500000    8.1965965696e-04    4.8139636025e-07
   5.4000000    8.1966275185e-04    4.8418653076e-07
   5.4500000    8.1966583671e-04    4.8692005685e-07
   5.5000000    8.1966891350e-04    4.8959554519e-07
   5.5500000    8.1967198668e-04    4.9221168299e-07
   5.6000000    8.1967506020e-04    4.9476676534e-07
   5.6500000    8.1967813540e-04    4.9725979732e-07
   5.7000000    8.1968121115e-04    4.9969007762e-07
   5.7500000    8.1968428570e-04    5.0205711815e-07
   5.8000000    8.1968735862e-04    5.0436005769e-07
   5.8500000    8.1969043143e-04    5.0659830425e-07
   5.9000000    8.1969350646e-04    5.0877189657e-07
   5.9500000    8.1969658437e-04    5.1088120361e-07
   6.0000000    8.1969966257e-04    5.1292678661e-07
   6.0500000    8.1970273646e-04    5.1490873085e-07
   6.1000000    8.1970580289e-04    5.1682668248e-07
   6.1500000    8.1970886246e-04    5.1867951696e-07
   6.2000000    8.1971191811e-04    5.2046597639e-07
   6.2500000    8.1971497223e-04    5.2218513525e-07
   6.3000000    8.1971802585e-04    5.2383574640e-07
   6.3500000    8.1972107976e-04    5.2541691029e-07
   6.4000000    8.1972413442e-04    5.2692804848e-07
   6.4500000    8.1972718839e-04    5.2836862799e-07
   6.5000000    8.1973023868e-04    5.2973805516e-07
   6.5500000    8.1973328371e-04    5.3103503470e-07
   6.6000000    8.1973632441e-04    5.3225871769e-07
   6.6500000    8.1973936114e-04    5.3340849539e-07
   6.7000000    8.1974239147e-04    5.3448374517e-07
   6.7500000    8.1974541305e-04    5.3548445527e-07
   6.8000000    8.1974842752e-04    5.3641024876e-07
   6.8500000    8.1975143911e-04    5.3726056518e-07
   6.9000000    8.1975445019e-04    5.3803460942e-07
   6.9500000    8.1975746042e-04    5.3873277673e-07
   7.0000000    8.1976046933e-04    5.3935480942e-07
   7.0500000    8.1976347670e-04    5.3989999497e-07
   7.1000000    8.1976648034e-04    5.4036831090e-07
   7.1500000    8.1976947654e-04    5.4075899668e-07
   7.2000000    8.1977246383e-04    5.4107175434e-07
   7.2500000    8.1977544405e-04    5.4130728070e-07
   7.3000000    8.1977841885e-04    5.4146581836e-07
   7.3500000    8.1978138677e-04    5.4154694944e-07
   7.4000000    8.1978434526e-04    5.4155085694e-07
   7.4500000    8.1978729435e-04    5.4147747111e-07
   7.5000000    8.1979023682e-04    5.4132560421e-07
   7.5500000    8.1979317473e-04    5.4109529968e-07
   7.6000000    8.1979610657e-04    5.4078628668e-07
   7.6500000    8.1979902840e-04    5.4039758926e-07
   7.7000000    8.1980193766e-04    5.3992927653e-07
   7.7500000    8.1980483530e-04    5.3938089584e-07
   7.8000000    8.1980772379e-04    5.3875103852e-07
   7.8500000    8.1981060355e-04    5.3803889235e-07
   7.9000000    8.1981347244e-04    5.3724510884e-07
   7.9500000    8.1981632833e-04    5.3636984723e-07
   8.0000000    8.1981917081e-04    5.3541179803e-07
   8.0500000    8.1982200036e-04    5.3436948329e-07
   8.1000000    8.1982481710e-04    5.3324187623e-07
   8.1500000    8.1982762089e-04    5.3202822123e-07
   8.2000000    8.1983041157e-04    5.3072783505e-07
   8.2500000    8.1983318949e-04    5.2934033205e-07
   8.3000000    8.1983595620e-04    5.2786460058e-07
   8.3500000    8.1983871347e-04    5.2629955098e-07
   8.4000000    8.1984146144e-04    5.2464600118e-07
   8.4500000    8.1984419850e-04    5.2290382088e-07
   8.5000000    8.1984692318e-04    5.2107128203e-07
   8.5500000    8.1984963498e-04    5.1914842496e-07
   8.6000000    8.1985233306e-04    5.1713587263e-07
   8.6500000    8.1985501520e-04    5.1503176020e-07
   8.7000000    8.1985767847e-04    5.1283412413e-07
   8.7500000    8.1986032020e-04    5.1054294668e-07
   8.8000000    8.1986293784e-04    5.0815701143e-07
   8.8500000    8.1986552896e-04    5.0567459079e-07
   8.9000000    8.1986809271e-04    5.0309630428e-07
   8.9500000    8.1987063073e-04    5.0042153036e-07
   9.0000000    8.1987314665e-04    4.9764770375e-07
   9.0500000    8.1987564469e-04    4.9477481001e-07
   9.1000000    8.1987812836e-04    4.9180371066e-07
   9.1500000    8.1988059932e-04    4.8873300319e-07
   9.2000000    8.1988305700e-04    4.8556179180e-07
   9.2500000    8.1988549932e-04    4.8229167124e-07
   9.3000000    8.1988792383e-04    4.7892304993e-07
   9.3500000    8.1989032848e-04    4.7545400802e-07
   9.4000000    8.1989271191e-04    4.7188590843e-07
   9.4500000    8.1989507325e-04    4.6822087455e-07
   9.5000000    8.1989741160e-04    4.6445717256e-07
   9.5500000    8.1989972569e-04    4.6059537504e-07
   9.6000000    8.1990201429e-04    4.5663846388e-07
   9.6500000    8.1990427722e-04    4.5258593856e-07
   9.7000000    8.1990651542e-04    4.4843768366e-07
   9.7500000    8.1990872984e-04    4.4419794415e-07
   9.8000000    8.1991091957e-04    4.3986808616e-07
   9.8500000    8.1991308093e-04    4.3544574110e-07
   9.9000000    8.1991520846e-04    4.3093307546e-07
   9.9500000    8.1991729787e-04    4.2633281463e-07
  10.0000000    8.1991934899e-04    4.2164519827e-07
  10.0500000    8.1992136741e-04    4.1687587170e-07
  10.1000000    8.1992336292e-04    4.1203210769e-07
  10.1500000    8.1992534478e-04    4.0711487276e-07
  10.2000000    8.1992731622e-04    4.0212595152e-07
  10.2500000    8.1992927151e-04    3.9707201119e-07
  10.3000000    8.1993119793e-04    3.9195592368e-07
  10.3500000    8.1993308216e-04    3.8677930674e-07
  10.4000000    8.1993491739e-04    3.8154954078e-07
  10.4500000    8.1993670685e-04    3.7627236904e-07
  10.5000000    8.1993846168e-04    3.7095295327e-07
  10.5500000    8.1994019427e-04    3.6560229115e-07
  10.6000000    8.1994191085e-04    3.6022723851e-07
  10.6500000    8.1994360751e-04    3.5482976729e-07
  10.7000000    8.1994527259e-04    3.4941679160e-07
  10.7500000    8.1994689386e-04    3.4399688116e-07
  10.8000000    8.1994846560e-04    3.3858009221e-07
  10.8500000    8.1994999116e-04    3.3317671926e-07
  10.9000000    8.1995147971e-04    3.2779620974e-07
  10.9500000    8.1995293988e-04    3.2245652875e-07
  11.0000000    8.1995437424e-04    3.1717369039e-07
  11.0500000    8.1995577815e-04    3.1195580946e-07
  11.1000000    8.1995714340e-04    3.0681976556e-07
  11.1500000    8.1995846395e-04    3.0178299357e-07
  11.2000000    8.1995973934e-04    2.9685484335e-07
  11.2500000    8.1996097356e-04    2.9205611612e-07
  11.3000000    8.1996217093e-04    2.8741550597e-07
  11.3500000    8.1996333243e-04    2.8294819534e-07
  11.4000000    8.1996445496e-04    2.7867017297e-07
  11.4500000    8.1996553369e-04    2.7461482362e-07
  11.5000000    8.1996656565e-04    2.7080693410e-07
  11.5500000    8.1996755185e-04    2.6726045688e-07
  11.6000000    8.1996849614e-04    2.6400685469e-07
  11.6500000    8.1996940181e-04    2.6107525289e-07
  11.7000000    8.1997026869e-04    2.5848365337e-07
  11.7500000    8.1997109320e-04    2.5626269868e-07
  11.8000000    8.1997187095e-04    2.5443856586e-07
  11.8500000    8.1997259930e-04    2.5302810953e-07
  11.9000000    8.1997327803e-04    2.5205756875e-07
  11.9500000    8.1997390805e-04    2.5154873040e-07
  12.0000000    8.1997448987e-04    2.5151328101e-07
  12.0500000    8.1997502301e-04    2.5196999965e-07
  12.1000000    8.1997550668e-04    2.5293698451e-07
  12.1500000    8.1997594102e-04    2.5441722974e-07
  12.2000000    8.1997632761e-04    2.5641286199e-07
  12.2500000    8.1997666836e-04    2.5893069604e-07
  12.3000000    8.1997696289e-04    2.6196797744e-07
  12.3500000    8.1997720706e-04    2.6551778240e-07
  12.4000000    8.1997739442e-04    2.6957960318e-07
  12.4500000    8.1997752022e-04    2.7414699745e-07
  12.5000000    8.1997758464e-04    2.7920636529e-07
  12.5500000    8.1997759236e-04    2.8474985348e-07
  12.6000000    8.1997754892e-04    2.9076286190e-07
  12.6500000    8.1997745700e-04    2.9722110583e-07
  12.7000000    8.1997731510e-04    3.0411150441e-07
  12.7500000    8.1997711888e-04    3.1142043219e-07
  12.8000000    8.1997686397e-04    3.1912033790e-07
  12.8500000    8.1997654855e-04    3.2719393405e-07
  12.9000000    8.1997617413e-04    3.3563337603e-07
  12.9500000    8.1997574366e-04    3.4441662970e-07
  13.0000000    8.1997525769e-04    3.5352204962e-07
  13.0500000    8.1997471187e-04    3.6294124093e-07
  13.1000000    8.1997409865e-04    3.7265757313e-07
  13.1500000    8.1997341321e-04    3.8264744431e-07
  13.2000000    8.1997265837e-04    3.9290079898e-07
  13.2500000    8.1997184350e-04    4.0340987378e-07
  13.3000000    8.1997097683e-04    4.1415747537e-07
  13.3500000    8.1997005746e-04    4.2513193509e-07
  13.4000000    8.1996907458e-04    4.3632855575e-07
  13.4500000    8.1996801587e-04    4.4773580524e-07
  13.5000000    8.1996687843e-04    4.5933946145e-07
  13.5500000    8.1996567181e-04    4.7113300087e-07
  13.6000000    8.1996440929e-04    4.8310990398e-07
  13.6500000    8.1996309478e-04    4.9525760031e-07
  13.7000000    8.1996171787e-04    5.0756809210e-07
  13.7500000    8.1996026233e-04    5.2003885725e-07
  13.8000000    8.1995872009e-04    5.3266108843e-07
  13.8500000    8.1995709725e-04    5.4542613516e-07
  13.9000000    8.1995540610e-04    5.5833113632e-07
  13.9500000    8.1995365213e-04    5.7137013630e-07
  14.0000000    8.1995182999e-04    5.8453615113e-07
  14.0500000    8.1994993178e-04    5.9782844156e-07
  14.1000000    8.1994795720e-04    6.1124564170e-07
  14.1500000    8.1994591379e-04    6.2478038669e-07
  14.2000000    8.1994380727e-04    6.3843186760e-07
  14.2500000    8.1994163296e-04    6.5220253458e-07
  14.3000000    8.1993937811e-04    6.6608051349e-07
  14.3500000    8.1993703250e-04    6.8005721924e-07
  14.4000000    8.1993459625e-04    6.9413916673e-07
  14.4500000    8.1993207818e-04    7.0831996634e-07
  14.5000000    8.1992948815e-04    7.2258767833e-07
  14.5500000    8.1992683111e-04    7.3695023053e-07
  14.6000000    8.1992410637e-04    7.5141212514e-07
  14.6500000    8.1992131019e-04    7.6596423212e-07
  14.7000000    8.1991843786e-04    7.8060695880e-07
  14.7500000    8.1991548374e-04    7.9534464124e-07
  14.8000000    8.1991244156e-04    8.1017038862e-07
  14.8500000    8.1990930641e-04    8.2507697600e-07
  14.9000000    8.1990607754e-04    8.4006857230e-07
  14.9500000    8.1990275975e-04    8.5514935136e-07
  15.0000000    8.1989936124e-04    8.7031231894e-07
  15.0500000    8.1989588836e-04    8.8555585176e-07
  15.1000000    8.1989234204e-04    9.0088921333e-07
  15.1500000    8.1988872003e-04    9.1631132976e-07
  15.2000000    8.1988502182e-04    9.3181631674e-07
  15.2500000    8.1988124898e-04    9.4740945701e-07
  15.3000000    8.1987739798e-04    9.6309301624e-07
  15.3500000    8.1987345369e-04    9.7886097503e-07
  15.4000000    8.1986939594e-04    9.9471241056e-07
  15.4500000    8.1986521882e-04    1.0106496201e-06
  15.5000000    8.1986094329e-04    1.0266717079e-06
  15.5500000    8.1985660491e-04    1.0427784221e-06
  15.6000000    8.1985222386e-04    1.0589728572e-06
  15.6500000    8.1984778659e-04    1.0752597125e-06
  15.7000000    8.1984325947e-04    1.0916386000e-06
  15.7500000    8.1983862034e-04    1.1081040704e-06
  15.8000000    8.1983387285e-04    1.1246573865e-06
  15.8500000    8.1982903016e-04    1.1413026327e-06
  15.9000000    8.1982409311e-04    1.1580384361e-06
  15.9500000    8.1981905419e-04    1.1748680897e-06
  16.0000000    8.1981392169e-04    1.1917967594e-06
  16.0500000    8.1980872671e-04    1.2088197609e-06
  16.1000000    8.1980349236e-04    1.2259333954e-06
  16.1500000    8.1979819742e-04    1.2431415321e-06
  16.2000000    8.1979278576e-04    1.2604446030e-06
  16.2500000    8.1978722312e-04    1.2778401590e-06
  16.3000000    8.1978153897e-04    1.2953319889e-06
  16.3500000    8.1977579907e-04    1.3129266134e-06
  16.4000000    8.1977003374e-04    1.3306236718e-06
  16.4500000    8.1976420512e-04    1.3484196623e-06
  16.5000000    8.1975825476e-04    1.3663172981e-06
  16.5500000    8.1975217382e-04    1.3843177986e-06
  16.6000000    8.1974600742e-04    1.4024173165e-06
  16.6500000    8.1973978904e-04    1.4206213438e-06
  16.7000000    8.1973349309e-04    1.4389364966e-06
  16.7500000    8.1972707090e-04    1.4573553721e-06
  16.8000000    8.1972052182e-04    1.4758758838e-06
  16.8500000    8.1971389998e-04    1.4945048630e-06
  16.9000000    8.1970724110e-04    1.5132361157e-06
  16.9500000    8.1970050649e-04    1.5320665212e-06
  17.0000000    8.1969362601e-04    1.5510081901e-06
  17.0500000    8.1968659099e-04    1.5700586748e-06
  17.1000000    8.1967947535e-04    1.5892079851e-06
  17.1500000    8.1967235228e-04    1.6084634765e-06
  17.2000000    8.1966521012e-04    1.6278254000e-06
  17.2500000    8.1965797358e-04    1.6472834162e-06
  17.3000000    8.1965059979e-04    1.6668445629e-06
  17.3500000    8.1964312445e-04    1.6865170772e-06
  17.4000000    8.1963560344e-04    1.7062966057e-06
  17.4500000    8.1962803409e-04    1.7261850823e-06
  17.5000000    8.1962036103e-04    1.7461837438e-06
  17.5500000    8.1961255328e-04    1.7662832556e-06
  17.6000000    8.1960464399e-04    1.7864800641e-06
  17.6500000    8.1959667994e-04    1.8067783324e-06
  17.7000000    8.1958865281e-04    1.8271788390e-06
  17.7500000    8.1958050779e-04    1.8476814423e-06
  17.8000000    8.1957221819e-04    1.8682882493e-06
  17.8500000    8.1956382654e-04    1.8889965384e-06
  17.9000000    8.1955539738e-04    1.9097987058e-06
  17.9500000    8.1954694297e-04    1.9306927176e-06
  18.0000000    8.1953841600e-04    1.9516815546e-06
  18.0500000    8.1952977480e-04    1.9727657094e-06
  18.1000000    8.1952103535e-04    1.9939456516e-06
  18.1500000    8.1951224723e-04    2.0152226232e-06
  18.2000000    8.1950342974e-04    2.0365935642e-06
  18.2500000    8.1949454921e-04    2.0580555005e-06
  18.3000000    8.1948555998e-04    2.0796109461e-06
  18.3500000    8.1947645308e-04    2.1012583360e-06
  18.4000000    8.1946725513e-04    2.1229897560e-06
  18.4500000    8.1945798845e-04    2.1448046469e-06
  18.5000000    8.1944864696e-04    2.1667040888e-06
  18.5500000    8.1943921263e-04    2.1886811327e-06
  18.6000000    8.1942968316e-04    2.2107355966e-06
  18.6500000    8.1942007549e-04    2.2328703368e-06
  18.7000000    8.1941040632e-04    2.2550783719e-06
  18.7500000    8.1940067874e-04    2.2773595202e-06
  18.8000000    8.1939088882e-04    2.2997189745e-06
  18.8500000    8.1938103730e-04    2.3221506276e-06
  18.9000000    8.1937112760e-04    2.3446497242e-06
  18.9500000    8.1936115509e-04    2.3672165332e-06
  19.0000000    8.1935110550e-04    2.3898472425e-06
  19.0500000    8.1934096735e-04    2.4125416753e-06
  19.1000000    8.1933074377e-04    2.4353010183e-06
  19.1500000    8.1932044908e-04    2.4581210285e-06
  19.2000000    8.1931009399e-04    2.4809980972e-06
  19.2500000    8.1929967602e-04    2.5039275089e-06
  19.3000000    8.1928918428e-04    2.5269030851e-06
  19.3500000    8.1927861192e-04    2.5499245744e-06
  19.4000000    8.1926796386e-04    2.5729929907e-06
  19.4500000    8.1925725407e-04    2.5961067059e-06
  19.5000000    8.1924649567e-04    2.6192662541e-06
  19.5500000    8.1923569120e-04    2.6424686024e-06
  19.6000000    8.1922483034e-04    2.6657072385e-06
  19.6500000    8.1921389717e-04    2.6889825449e-06
  19.7000000    8.1920288208e-04    2.7122924800e-06
  19.7500000    8.1919178929e-04    2.7356287825e-06
  19.8000000    8.1918063386e-04    2.7589900529e-06
  19.8500000    8.1916943103e-04    2.7823737053e-06
  19.9000000    8.1915818611e-04    2.8057737783e-06
  19.9500000    8.1914689235e-04    2.8291944940e-06
  20.0000000    8.1913553816e-04    2.8526348302e-06
  20.0500000    8.1912411868e-04    2.8760838380e-06
  20.1000000    8.1911264177e-04    2.8995434678e-06
  20.1500000    8.1910112078e-04    2.9230168396e-06
  20.2000000    8.1908955789e-04    2.9464954039e-06
  20.2500000    8.1907793430e-04    2.9699784676e-06
  20.3000000    8.1906622156e-04    2.9934664217e-06
  20.3500000    8.1905440880e-04    3.0169488779e-06
  20.4000000    8.1904252207e-04    3.0404256045e-06
  20.4500000    8.1903061368e-04    3.0639004741e-06
  20.5000000    8.1901872422e-04    3.0873644462e-06
  20.5500000    8.1900684719e-04    3.1108137016e-06
  20.6000000    8.1899492839e-04    3.1342459876e-06
  20.6500000    8.1898290472e-04    3.1576521673e-06
  20.7000000    8.1897075253e-04    3.1810349152e-06
  20.7500000    8.1895850611e-04    3.2043958187e-06
  20.8000000    8.1894623155e-04    3.2277277723e-06
  20.8500000    8.1893397842e-04    3.2510354589e-06
  20.9000000    8.1892174801e-04    3.2743130383e-06
  20.9500000    8.1890949890e-04    3.2975415949e-06
  21.0000000    8.1889717896e-04    3.3207288304e-06
  21.0500000    8.1888475735e-04    3.3438794117e-06
  21.1000000    8.1887223701e-04    3.3669746615e-06
  21.1500000    8.1885964843e-04    3.3900180576e-06
  21.2000000    8.1884703500e-04    3.4130140436e-06
  21.2500000    8.1883443512e-04    3.4359471967e-06
  21.3000000    8.1882186328e-04    3.4588216023e-06
  21.3500000    8.1880929847e-04    3.4816373337e-06
  21.4000000    8.1879669050e-04    3.5043782554e-06
  21.4500000    8.1878398693e-04    3.5270533086e-06
  21.5000000    8.1877116679e-04    3.5496663758e-06
  21.5500000    8.1875825622e-04    3.5721988606e-06
  21.6000000    8.1874531376e-04    3.5946532148e-06
  21.6500000    8.1873239575e-04    3.6170321019e-06
  21.7000000    8.1871952476e-04    3.6393188262e-06
  21.7500000    8.1870667945e-04    3.6615105891e-06
  21.8000000    8.1869380842e-04    3.6836084810e-06
  21.8500000    8.1868085757e-04    3.7056108868e-06
  21.9000000    8.1866779925e-04    3.7275236566e-06
  21.9500000    8.1865465155e-04    3.7493383516e-06
  22.0000000    8.1864147379e-04    3.7710499720e-06
  22.0500000    8.1862833380e-04    3.7926654230e-06
  22.1000000    8.1861526166e-04    3.8141713951e-06
  22.1500000    8.1860222064e-04    3.8355639399e-06
  22.2000000    8.1858912503e-04    3.8568520776e-06
  22.2500000    8.1857590058e-04    3.8780180907e-06
  22.3000000    8.1856254385e-04    3.8990586160e-06
  22.3500000    8.1854913308e-04    3.9199871660e-06
  22.4000000    8.1853577744e-04    3.9407824027e-06
  22.4500000    8.1852253827e-04    3.9614342925e-06
  22.5000000    8.1850938245e-04    3.9819603619e-06
  22.5500000    8.1849620415e-04    4.0023492171e-06
  22.6000000    8.1848289912e-04    4.0225945221e-06
  22.6500000    8.1846943874e-04    4.0427164387e-06
  22.7000000    8.1845589001e-04    4.0627089475e-06
  22.7500000    8.1844236586e-04    4.0825574716e-06
  22.8000000    8.1842894486e-04    4.1022603768e-06
  22.8500000    8.1841561892e-04    4.1218085416e-06
  22.9000000    8.1840230414e-04    4.1412023427e-06
  22.9500000    8.1838890585e-04    4.1604426035e-06
  23.0000000    8.1837538824e-04    4.1795202262e-06
  23.0500000    8.1836179675e-04    4.1984434641e-06
  23.1000000    8.1834822101e-04    4.2172076350e-06
  23.1500000    8.1833472818e-04    4.2357916834e-06
  23.2000000    8.1832131570e-04    4.2542052181e-06
  23.2500000    8.1830791645e-04    4.2724537057e-06
  23.3000000    8.1829444837e-04    4.2905257205e-06
  23.3500000    8.1828087300e-04    4.3084316127e-06
  23.4000000    8.1826722450e-04    4.3261699734e-06
  23.4500000    8.1825358683e-04    4.3437207273e-06
  23.5000000    8.1824003347e-04    4.3610844093e-06
  23.5500000    8.1822657419e-04    4.3782600158e-06
  23.6000000    8.1821314818e-04    4.3952419731e-06
  23.6500000    8.1819967075e-04    4.4120400041e-06
  23.7000000    8.1818609956e-04    4.4286492373e-06
  23.7500000    8.1817246610e-04    4.4450613672e-06
  23.8000000    8.1815884744e-04    4.4612811886e-06
  23.8500000    8.1814530458e-04    4.4772932096e-06
  23.9000000    8.1813183890e-04    4.4930948400e-06
  23.9500000    8.1811840019e-04    4.5087056729e-06
  24.0000000    8.1810493244e-04    4.5241072147e-06
  24.0500000    8.1809141335e-04    4.5392860178e-06
  24.1000000    8.1807786059e-04    4.5542657810e-06
  24.1500000    8.1806431025e-04    4.5690394586e-06
  24.2000000    8.1805079082e-04    4.5835847748e-06
  24.2500000    8.1803731161e-04    4.5979114120e-06
  24.3000000    8.1802386632e-04    4.6120245934e-06
  24.3500000    8.1801044103e-04    4.6259085587e-06
  24.4000000    8.1799702259e-04    4.6395601945e-06
  24.4500000    8.1798360682e-04    4.6529953446e-06
  24.5000000    8.1797020158e-04    4.6662129957e-06
  24.5500000    8.1795681919e-04    4.6791856756e-06
  24.6000000    8.1794346183e-04    4.6919105373e-06
  24.6500000    8.1793011459e-04    4.7044095321e-06
  24.7000000    8.1791675681e-04    4.7166682964e-06
  24.7500000    8.1790338290e-04    4.7286709490e-06
  24.8000000    8.1789001423e-04    4.7404444173e-06
  24.8500000    8.1787669035e-04    4.7519878222e-06
  24.9000000    8.1786344219e-04    4.7632666139e-06
  24.9500000    8.1785026834e-04    4.7742843883e-06
  25.0000000    8.1783713569e-04    4.7850624660e-06
  25.0500000    8.1782400331e-04    4.7955968705e-06
  25.1000000    8.1781084876e-04    4.8058677135e-06
  25.1500000    8.1779767813e-04    4.8158627149e-06
  25.2000000    8.1778451930e-04    4.8255944545e-06
  25.2500000    8.1777140894e-04    4.8350696566e-06
  25.3000000    8.1775837723e-04    4.8442745845e-06
  25.3500000    8.1774543273e-04    4.8532107768e-06
  25.4000000    8.1773255521e-04    4.8618824892e-06
  25.4500000    8.1771970314e-04    4.8702839486e-06
  25.5000000    8.1770683677e-04    4.8784128244e-06
  25.5500000    8.1769394369e-04    4.8862557582e-06
  25.6000000    8.1768104526e-04    4.8938154555e-06
  25.6500000    8.1766817974e-04    4.9011115845e-06
  25.7000000    8.1765537903e-04    4.9081160031e-06
  25.7500000    8.1764265684e-04    4.9148040986e-06
  25.8000000    8.1763001239e-04    4.9212059528e-06
  25.8500000    8.1761743690e-04    4.9273199205e-06
  25.9000000    8.1760491159e-04    4.9331223676e-06
  25.9500000    8.1759241000e-04    4.9386332559e-06
  26.0000000    8.1757991711e-04    4.9438586114e-06
  26.0500000    8.1756745018e-04    4.9487806129e-06
  26.1000000    8.1755505544e-04    4.9534026010e-06
  26.1500000    8.1754277570e-04    4.9577254976e-06
  26.2000000    8.1753061437e-04    4.9617475909e-06
  26.2500000    8.1751852929e-04    4.9654652798e-06
  26.3000000    8.1750646215e-04    4.9688576684e-06
  26.3500000    8.1749437781e-04    4.9719266479e-06
  26.4000000    8.1748228672e-04    4.9746840700e-06
  26.4500000    8.1747023713e-04    4.9771175327e-06
  26.5000000    8.1745828341e-04    4.9792289148e-06
  26.5500000    8.1744644979e-04    4.9810209768e-06
  26.6000000    8.1743471158e-04    4.9824791893e-06
  26.6500000    8.1742301224e-04    4.9836084336e-06
  26.7000000    8.1741131164e-04    4.9844122411e-06
  26.7500000    8.1739962639e-04    4.9848867287e-06
  26.8000000    8.1738802531e-04    4.9850382779e-06
  26.8500000    8.1737658226e-04    4.9848534771e-06
  26.9000000    8.1736532555e-04    4.9843286514e-06
  26.9500000    8.1735422468e-04    4.9834779905e-06
  27.0000000    8.1734321847e-04    4.9822714469e-06
  27.0500000    8.1733225312e-04    4.9806965402e-06
  27.1000000    8.1732130353e-04    4.9787889230e-06
  27.1500000    8.1731037313e-04    4.9765386954e-06
  27.2000000    8.1729948316e-04    4.9739369073e-06
  27.2500000    8.1728866444e-04    4.9710093620e-06
  27.3000000    8.1727794936e-04    4.9677261227e-06
  27.3500000    8.1726735576e-04    4.9640653248e-06
  27.4000000    8.1725687483e-04    4.9600587899e-06
  27.4500000    8.1724648189e-04    4.9556854983e-06
  27.5000000    8.1723616506e-04    4.9509211884e-06
  27.5500000    8.1722594590e-04    4.9458054156e-06
  27.6000000    8.1721587001e-04    4.9403419062e-06
  27.6500000    8.1720596834e-04    4.9345118682e-06
  27.7000000    8.1719622315e-04    4.9283336535e-06
  27.7500000    8.1718657969e-04    4.9217936235e-06
  27.8000000    8.1717699722e-04    4.9148755912e-06
  27.8500000    8.1716748824e-04    4.9076155347e-06
  27.9000000    8.1715811211e-04    4.9000003148e-06
  27.9500000    8.1714892689e-04    4.8919761116e-06
  28.0000000    8.1713993245e-04    4.8835581334e-06
  28.0500000    8.1713105791e-04    4.8747700458e-06
  28.1000000    8.1712221019e-04    4.8655916546e-06
  28.1500000    8.1711333994e-04    4.8560330645e-06
  28.2000000    8.1710448438e-04    4.8461015414e-06
  28.2500000    8.1709576516e-04    4.8357670232e-06
  28.3000000    8.1708732314e-04    4.8250636359e-06
  28.3500000    8.1707922672e-04    4.8140213992e-06
  28.4000000    8.1707142795e-04    4.8025706164e-06
  28.4500000    8.1706379632e-04    4.7907009338e-06
  28.5000000    8.1705620626e-04    4.7784549141e-06
  28.5500000    8.1704861687e-04    4.7658027741e-06
  28.6000000    8.1704108200e-04    4.7527482273e-06
  28.6500000    8.1703369320e-04    4.7393308019e-06
  28.7000000    8.1702651244e-04    4.7255352293e-06
  28.7500000    8.1701954677e-04    4.7113536712e-06
  28.8000000    8.1701277995e-04    4.6967714475e-06
  28.8500000    8.1700621980e-04    4.6817528294e-06
  28.9000000    8.1699989737e-04    4.6663456661e-06
  28.9500000    8.1699381467e-04    4.6505800443e-06
  29.0000000    8.1698790185e-04    4.6343744492e-06
  29.0500000    8.1698204165e-04    4.6177339605e-06
  29.1000000    8.1697616236e-04    4.6007174841e-06
  29.1500000    8.1697032399e-04    4.5832865826e-06
  29.2000000    8.1696471373e-04    4.5654526843e-06
  29.2500000    8.1695954282e-04    4.5472489933e-06
  29.3000000    8.1695490724e-04    4.5286251244e-06
  29.3500000    8.1695070798e-04    4.5095857402e-06
  29.4000000    8.1694669379e-04    4.4901650520e-06
  29.4500000    8.1694260091e-04    4.4703434628e-06
  29.5000000    8.1693831172e-04    4.4501053716e-06
  29.5500000    8.1693394440e-04    4.4294286642e-06
  29.6000000    8.1692980757e-04    4.4083176971e-06
  29.6500000    8.1692623926e-04    4.3868091685e-06
  29.7000000    8.1692341514e-04    4.3648771334e-06
  29.7500000    8.1692122387e-04    4.3425318673e-06
  29.8000000    8.1691930847e-04    4.3198548618e-06
  29.8500000    8.1691726885e-04    4.2967892458e-06
  29.9000000    8.1691487932e-04    4.2732289185e-06
  29.9500000    8.1691221089e-04    4.2492408157e-06
  30.0000000    8.1690961968e-04    4.2248652027e-06
  30.0500000    8.1690756349e-04    4.2000187145e-06
  30.1000000    8.1690633907e-04    4.1747239263e-06
  30.1500000    8.1690593958e-04    4.1490161174e-06
  30.2000000    8.1690609095e-04    4.1228578070e-06
  30.2500000    8.1690640052e-04    4.0963422382e-06
  30.3000000    8.1690656168e-04    4.0695111002e-06
  30.3500000    8.1690652801e-04    4.0422217699e-06
  30.4000000    8.1690654271e-04    4.0144841307e-06
  30.4500000    8.1690698949e-04    3.9863622843e-06
  30.5000000    8.1690815693e-04    3.9577349871e-06
  30.5500000    8.1691007589e-04    3.9286134403e-06
  30.6000000    8.1691250953e-04    3.8991366415e-06
  30.6500000    8.1691506472e-04    3.8692817466e-06
  30.7000000    8.1691741673e-04    3.8390486544e-06
  30.7500000    8.1691954972e-04    3.8084654879e-06
  30.8000000    8.1692176273e-04    3.7774592072e-06
  30.8500000    8.1692444728e-04    3.7460253040e-06
  30.9000000    8.1692788921e-04    3.7140679569e-06
  30.9500000    8.1693213037e-04    3.6814419251e-06
  31.0000000    8.1693690523e-04    3.6483299927e-06
  31.0500000    8.1694185120e-04    3.6148973037e-06
  31.1000000    8.1694684994e-04    3.5811330366e-06
  31.1500000    8.1695207993e-04    3.5471655323e-06
  31.2000000    8.1695782131e-04    3.5129516591e-06
  31.2500000    8.1696428598e-04    3.4782333116e-06
  31.3000000    8.1697143717e-04    3.4429397421e-06
  31.3500000    8.1697890411e-04    3.4070509440e-06
  31.4000000    8.1698628619e-04    3.3705580667e-06
  31.4500000    8.1699355689e-04    3.3336154499e-06
  31.5000000    8.1700104210e-04    3.2964334314e-06
  31.5500000    8.1700913158e-04    3.2591843094e-06
  31.6000000    8.1701806469e-04    3.2217503676e-06
  31.6500000    8.1702773168e-04    3.1838434283e-06
  31.7000000    8.1703765709e-04    3.1453917262e-06
  31.7500000    8.1704743196e-04    3.1061464300e-06
  31.8000000    8.1705713959e-04    3.0660250298e-06
  31.8500000    8.1706726940e-04    3.0257071153e-06
  31.9000000    8.1707838614e-04    2.9853864301e-06
  31.9500000    8.1709083125e-04    2.9447538138e-06
  32.0000000    8.1710441320e-04    2.9041524918e-06
  32.0500000    8.1711839635e-04    2.8633460424e-06
  32.1000000    8.1713203068e-04    2.8214450789e-06
  32.1500000    8.1714509865e-04    2.7787726857e-06
  32.2000000    8.1715800339e-04    2.7358314271e-06
  32.2500000    8.1717155282e-04    2.6923623564e-06
  32.3000000    8.1718651190e-04    2.6488612249e-06
  32.3500000    8.1720297806e-04    2.6057503299e-06
  32.4000000    8.1722020551e-04    2.5622291147e-06
  32.4500000    8.1723719469e-04    2.5181612570e-06
  32.5000000    8.1725343336e-04    2.4738275548e-06
  32.5500000    8.1726926506e-04    2.4284051966e-06
  32.6000000    8.1728579053e-04    2.3821655790e-06
  32.6500000    8.1730417276e-04    2.3365314887e-06
  32.7000000    8.1732468091e-04    2.2910483172e-06
  32.7500000    8.1734640324e-04    2.2451879305e-06
  32.8000000    8.1736792805e-04    2.1996491878e-06
  32.8500000    8.1738831936e-04    2.1534004813e-06
  32.9000000    8.1740774929e-04    2.1057046671e-06
  32.9500000    8.1742746796e-04    2.0584092784e-06
  33.0000000    8.1744894536e-04    2.0117509768e-06
  33.0500000    8.1747271759e-04    1.9645299737e-06
  33.1000000    8.1749800717e-04    1.9176775188e-06
  33.1500000    8.1752338983e-04    1.8713764189e-06
  33.2000000    8.1754780803e-04    1.8242381235e-06
  33.2500000    8.1757131925e-04    1.7769170441e-06
  33.3000000    8.1759515590e-04    1.7300669355e-06
  33.3500000    8.1762081009e-04    1.6829758544e-06
  33.4000000    8.1764881219e-04    1.6367203244e-06
  33.4500000    8.1767837751e-04    1.5918140388e-06
  33.5000000    8.1770804469e-04    1.5465904418e-06
  33.5500000    8.1773666302e-04    1.5016902989e-06
  33.6000000    8.1776427327e-04    1.4582131469e-06
  33.6500000    8.1779218203e-04    1.4148118269e-06
  33.7000000    8.1782188217e-04    1.3723658510e-06
  33.7500000    8.1785390656e-04    1.3323998391e-06
  33.8000000    8.1788759914e-04    1.2932586603e-06
  33.8500000    8.1792160156e-04    1.2553137854e-06
  33.9000000    8.1795481830e-04    1.2203750341e-06
  33.9500000    8.1798737198e-04    1.1870100218e-06
  34.0000000    8.1802046647e-04    1.1551079423e-06
  34.0500000    8.1805527083e-04    1.1272200797e-06
  34.1000000    8.1809209332e-04    1.1033618946e-06
  34.1500000    8.1813022933e-04    1.0817825400e-06
  34.2000000    8.1816838184e-04    1.0630931971e-06
  34.2500000    8.1820574593e-04    1.0496939158e-06
  34.3000000    8.1824278964e-04    1.0416841857e-06
  34.3500000    8.1828073584e-04    1.0372751468e-06
  34.4000000    8.1832056723e-04    1.0373028445e-06
  34.4500000    8.1836244261e-04    1.0432542679e-06
  34.5000000    8.1840549703e-04    1.0536661025e-06
  34.5500000    8.1844845927e-04    1.0682561742e-06
  34.6000000    8.1849087114e-04    1.0889645243e-06
  34.6500000    8.1853339618e-04    1.1149897501e-06
  34.7000000    8.1857706394e-04    1.1445867689e-06
  34.7500000    8.1862254513e-04    1.1786478826e-06
  34.8000000    8.1866962446e-04    1.2177453747e-06
  34.8500000    8.1871722653e-04    1.2607018221e-06
  34.9000000    8.1876449549e-04    1.3067151121e-06
  34.9500000    8.1881162764e-04    1.3562291964e-06
  35.0000000    8.1885951973e-04    1.4093692269e-06
  35.0500000    8.1890911672e-04    1.4649916146e-06
  35.1000000    8.1896074611e-04    1.5233551521e-06
  35.1500000    8.1901364628e-04    1.5850623604e-06
  35.2000000    8.1906664913e-04    1.6483582243e-06
  35.2500000    8.1911930213e-04    1.7131453975e-06
  35.3000000    8.1917203516e-04    1.7808687653e-06
  35.3500000    8.1922575133e-04    1.8508209736e-06
  35.4000000    8.1928123447e-04    1.9225414663e-06
  35.4500000    8.1933838761e-04    1.9961581564e-06
  35.5000000    8.1939633885e-04    2.0712007765e-06
  35.5500000    8.1945442118e-04    2.1476170448e-06
  35.6000000    8.1951262677e-04    2.2252821848e-06
  35.6500000    8.1957149706e-04    2.3047593337e-06
  35.7000000    8.1963183819e-04    2.3862917382e-06
  35.7500000    8.1969395121e-04    2.4686868825e-06
  35.8000000    8.1975726420e-04    2.5522442515e-06
  35.8500000    8.1982104899e-04    2.6371933668e-06
  35.9000000    8.1988501283e-04    2.7228293143e-06
  35.9500000    8.1994933790e-04    2.8101806211e-06
  36.0000000    8.2001463363e-04    2.8991297344e-06
  36.0500000    8.2008140139e-04    2.9887909570e-06
  36.1000000    8.2014947380e-04    3.0799853329e-06
  36.1500000    8.2021836405e-04    3.1720142353e-06
  36.2000000    8.2028778931e-04    3.2644989826e-06
  36.2500000    8.2035780954e-04    3.3588782793e-06
  36.3000000    8.2042885968e-04    3.4544138389e-06
  36.3500000    8.2050135945e-04    3.5505042364e-06
  36.4000000    8.2057521277e-04    3.6480529256e-06
  36.4500000    8.2064996267e-04    3.7465560057e-06
  36.5000000    8.2072520322e-04    3.8459548754e-06
  36.5500000    8.2080086887e-04    3.9467359487e-06
  36.6000000    8.2087738582e-04    4.0483668590e-06
  36.6500000    8.2095529560e-04    4.1509326426e-06
  36.7000000    8.2103470243e-04    4.2545343243e-06
  36.7500000    8.2111525921e-04    4.3590717177e-06
  36.8000000    8.2119647014e-04    4.4650621754e-06
  36.8500000    8.2127806815e-04    4.5720371209e-06
  36.9000000    8.2136034596e-04    4.6795255933e-06
  36.9500000    8.2144391674e-04    4.7882441143e-06
  37.0000000    8.2152914064e-04    4.8981761003e-06
  37.0500000    8.2161593343e-04    5.0089495862e-06
  37.1000000    8.2170383917e-04    5.1208039971e-06
  37.1500000    8.2179229159e-04    5.2337154712e-06
  37.2000000    8.2188111688e-04    5.3476034223e-06
  37.2500000    8.2197061555e-04    5.4625439123e-06
  37.3000000    8.2206118960e-04    5.5784268580e-06
  37.3500000    8.2215316262e-04    5.6952540645e-06
  37.4000000    8.2224662687e-04    5.8131709726e-06
  37.4500000    8.2234132616e-04    5.9323217704e-06
  37.5000000    8.2243699966e-04    6.0526288235e-06
  37.5500000    8.2253363676e-04    6.1736480802e-06
  37.6000000    8.2263128025e-04    6.2954511363e-06
  37.6500000    8.2272996372e-04    6.4186745353e-06
  37.7000000    8.2282977798e-04    6.5431862588e-06
  37.7500000    8.2293076694e-04    6.6684543537e-06
  37.8000000    8.2303288584e-04    6.7946795509e-06
  37.8500000    8.2313603480e-04    6.9220451059e-06
  37.9000000    8.2324009377e-04    7.0503456031e-06
  37.9500000    8.2334505583e-04    7.1798491377e-06
  38.0000000    8.2345106723e-04    7.3106965993e-06
  38.0500000    8.2355834333e-04    7.4423077079e-06
  38.1000000    8.2366711567e-04    7.5746957345e-06
  38.1500000    8.2377747236e-04    7.7084671695e-06
  38.2000000    8.2388921583e-04    7.8435279877e-06
  38.2500000    8.2400197901e-04    7.9795772185e-06
  38.3000000    8.2411540471e-04    8.1166830559e-06
  38.3500000    8.2422937767e-04    8.2547793609e-06
  38.4000000    8.2434424203e-04    8.3938277115e-06
  38.4500000    8.2446052157e-04    8.5341405143e-06
  38.5000000    8.2457846021e-04    8.6758830165e-06
  38.5500000    8.2469801155e-04    8.8186355430e-06
  38.6000000    8.2481892763e-04    8.9621054640e-06
  38.6500000    8.2494084504e-04    9.1066814099e-06
  38.7000000    8.2506364202e-04    9.2525931789e-06
  38.7500000    8.2518754297e-04    9.3998601491e-06
  38.8000000    8.2531279420e-04    9.5484701423e-06
  38.8500000    8.2543945240e-04    9.6977269369e-06
  38.9000000    8.2556735066e-04    9.8476578388e-06
  38.9500000    8.2569622644e-04    9.9994650536e-06
  39.0000000    8.2582604942e-04    1.0152920352e-05
  39.0500000    8.2595710364e-04    1.0306921382e-05
  39.1000000    8.2608969086e-04    1.0461729635e-05
  39.1500000    8.2622387411e-04    1.0617926692e-05
  39.2000000    8.2635945072e-04    1.0775500932e-05
  39.2500000    8.2649612561e-04    1.0934447453e-05
  39.3000000    8.2663377248e-04    1.1094640965e-05
  39.3500000    8.2677253814e-04    1.1255587155e-05
  39.4000000    8.2691270579e-04    1.1417321047e-05
  39.4500000    8.2705446062e-04    1.1580859484e-05
  39.5000000    8.2719775260e-04    1.1746232220e-05
  39.5500000    8.2734234685e-04    1.1912237724e-05
  39.6000000    8.2748799277e-04    1.2079069637e-05
  39.6500000    8.2763459251e-04    1.2247445355e-05
  39.7000000    8.2778228621e-04    1.2416963334e-05
  39.7500000    8.2793140297e-04    1.2587816148e-05
  39.8000000    8.2808222951e-04    1.2760319976e-05
  39.8500000    8.2823476931e-04    1.2933691918e-05
  39.9000000    8.2838879602e-04    1.3107918706e-05
  39.9500000    8.2854406482e-04    1.3283763226e-05
  40.0000000    8.2870041851e-04    1.3461008067e-05
  40.0500000    8.2885787914e-04    1.3639401801e-05
  40.1000000    8.2901665534e-04    1.3819362498e-05
  40.1500000    8.2917694260e-04    1.4000453932e-05
  40.2000000    8.2933875879e-04    1.4182258089e-05
  40.2500000    8.2950193666e-04    1.4365899433e-05
  40.3000000    8.2966628226e-04    1.4551342167e-05
  40.3100000    8.2969929116e-04    1.4588497332e-05
  40.3200000    8.2973235096e-04    1.4625655147e-05
  40.3300000    8.2976546458e-04    1.4662819535e-05
  40.3400000    8.2979863521e-04    1.4700000763e-05
  40.3500000    8.2983186620e-04    1.4737213939e-05
  40.3600000    8.2986516081e-04    1.4774476776e-05
  40.3700000    8.2989852212e-04    1.4811806963e-05
  40.3800000    8.2993195282e-04    1.4849219554e-05
  40.3900000    8.2996545516e-04    1.4886724798e-05
  40.4000000    8.2999903084e-04    1.4924326733e-05
  40.4100000    8.3003268099e-04    1.4962022788e-05
  40.4200000    8.3006640618e-04    1.4999804426e-05
  40.4300000    8.3010020645e-04    1.5037658731e-05
  40.4400000    8.3013408132e-04    1.5075570655e-05
  40.4500000    8.3016802987e-04    1.5113525553e-05
  40.4600000    8.3020205081e-04    1.5151511584e-05
  40.4700000    8.3023614249e-04    1.5189521578e-05
  40.4800000    8.3027030297e-04    1.5227554069e-05
  40.4900000    8.3030453007e-04    1.5265613318e-05
  40.5000000    8.3033882137e-04    1.5303708364e-05
  40.5100000    8.3037317428e-04    1.5341851241e-05
  40.5200000    8.3040758604e-04    1.5380054712e-05
  40.5300000    8.3044205378e-04    1.5418329887e-05
  40.5400000    8.3047657456e-04    1.5456684152e-05
  40.5500000    8.3051114544e-04    1.5495119768e-05
  40.5600000    8.3054576356e-04    1.5533633363e-05
  40.5700000    8.3058042619e-04    1.5572216430e-05
  40.5800000    8.3061513085e-04    1.5610856726e-05
  40.5900000    8.3064987538e-04    1.5649540347e-05
  40.6000000    8.3068465803e-04    1.5688254127e-05
  40.6100000    8.3071947750e-04    1.5726987957e-05
  40.6200000    8.3075433304e-04    1.5765736626e-05
  40.6300000    8.3078922446e-04    1.5804500888e-05
  40.6400000    8.3082415212e-04    1.5843287559e-05
  40.6500000    8.3085911698e-04    1.5882108636e-05
  40.6600000    8.3089412051e-04    1.5920979559e-05
  40.6700000    8.3092916467e-04    1.5959916920e-05
  40.6800000    8.3096425180e-04    1.5998935960e-05
  40.6900000    8.3099938458e-04    1.6038048275e-05
  40.7000000    8.3103456591e-04    1.6077260073e-05
  40.7100000    8.3106979880e-04    1.6116571276e-05
  40.7200000    8.3110508627e-04    1.6155975575e-05
  40.7300000    8.3114043125e-04    1.6195461445e-05
  40.7400000    8.3117583652e-04    1.6235013921e-05
  40.7500000    8.3121130459e-04    1.6274616867e-05
  40.7600000    8.3124683768e-04    1.6314255359e-05
  40.7700000    8.3128243770e-04    1.6353917823e-05
  40.7800000    8.3131810618e-04    1.6393597586e-05
  40.7900000    8.3135384436e-04    1.6433293626e-05
  40.8000000    8.3138965314e-04    1.6473010423e-05
  40.8100000    8.3142553317e-04    1.6512756959e-05
  40.8200000    8.3146148489e-04    1.6552545055e-05
  40.8300000    8.3149750854e-04    1.6592387341e-05
  40.8400000    8.3153360426e-04    1.6632295181e-05
  40.8500000    8.3156977212e-04    1.6672276907e-05
  40.8600000    8.3160601211e-04    1.6712336628e-05
  40.8700000    8.3164232419e-04    1.6752473809e-05
  40.8800000    8.3167870828e-04    1.6792683644e-05
  40.8900000    8.3171516424e-04    1.6832958161e-05
  40.9000000    8.3175169186e-04    1.6873287836e-05
  40.9100000    8.3178829080e-04    1.6913663445e-05
  40.9200000    8.3182496058e-04    1.6954077820e-05
  40.9300000    8.3186170053e-04    1.6994527218e-05
  40.9400000    8.3189850973e-04    1.7035012073e-05
  40.9500000    8.3193538703e-04    1.7075536993e-05
  40.9600000    8.3197233098e-04    1.7116110031e-05
  40.9700000    8.3200933982e-04    1.7156741331e-05
  40.9800000    8.3204641151e-04    1.7197441408e-05
  40.9900000    8.3208354371e-04    1.7238219337e-05
  41.0000000    8.3212073383e-04    1.7279081172e-05
  41.0100000    8.3215797906e-04    1.7320028857e-05
  41.0200000    8.3219527647e-04    1.7361059821e-05
  41.0300000    8.3223262310e-04    1.7402167325e-05
  41.0400000    8.3227001608e-04    1.7443341490e-05
  41.0500000    8.3230745272e-04    1.7484570857e-05
  41.0600000    8.3234493073e-04    1.7525844187e-05
  41.0700000    8.3238244830e-04    1.7567152217e-05
  41.0800000    8.3242000428e-04    1.7608489073e-05
  41.0900000    8.3245759828e-04    1.7649853104e-05
  41.1000000    8.3249523075e-04    1.7691247001e-05
  41.1100000    8.3253290303e-04    1.7732677201e-05
  41.1200000    8.3257061735e-04    1.7774152683e-05
  41.1300000    8.3260837673e-04    1.7815683371e-05
  41.1400000    8.3264618487e-04    1.7857278434e-05
  41.1500000    8.3268404597e-04    1.7898944774e-05
  41.1600000    8.3272196455e-04    1.7940685962e-05
  41.1700000    8.3275994516e-04    1.7982501813e-05
  41.1800000    8.3279799220e-04    1.8024388637e-05
  41.1900000    8.3283610964e-04    1.8066340139e-05
  41.2000000    8.3287430087e-04    1.8108348763e-05
  41.2100000    8.3291256854e-04    1.8150407251e-05
  41.2200000    8.3295091446e-04    1.8192510115e-05
  41.2300000    8.3298933959e-04    1.8234654750e-05
  41.2400000    8.3302784408e-04    1.8276841999e-05
  41.2500000    8.3306642730e-04    1.8319076044e-05
  41.2600000    8.3310508799e-04    1.8361363668e-05
  41.2700000    8.3314382439e-04    1.8403713005e-05
  41.2800000    8.3318263433e-04    1.8446132025e-05
  41.2900000    8.3322151541e-04    1.8488627009e-05
  41.3000000    8.3326046506e-04    1.8531201312e-05
