# time  R_areal_min  r_at_R_areal_min
0.0000000000000000e+00  7.6114519389029589e-01  5.3308506591349936e-01
5.0000000000000000e-01  7.6113805891817288e-01  5.3308506591349936e-01
1.0000000000000000e+00  7.6113089704298509e-01  5.3308506591349936e-01
1.5000000000000000e+00  7.6113027463315952e-01  5.3308506591349936e-01
2.0000000000000000e+00  7.6114466088291766e-01  5.3308506591349936e-01
2.4999999999999898e+00  7.6118311283519979e-01  5.3308506591349936e-01
2.9999999999999800e+00  7.6125459117011385e-01  5.3308506591349936e-01
3.4999999999999698e+00  7.6136775633634890e-01  5.3308506591349936e-01
3.9999999999999600e+00  7.6153104756238665e-01  5.3308506591349936e-01
4.4999999999999503e+00  7.6175265076569865e-01  5.3308506591349936e-01
4.9999999999999396e+00  7.6203980317509079e-01  5.3308506591349936e-01
5.4999999999999298e+00  7.6239816336663202e-01  5.3308506591349936e-01
5.9999999999999201e+00  7.6283268668253890e-01  5.3308506591349936e-01
6.4999999999999103e+00  7.6334746610353310e-01  5.3308506591349936e-01
6.9999999999998996e+00  7.6394557816389119e-01  5.3308506591349936e-01
7.4999999999998801e+00  7.6462968275127463e-01  5.3308506591349936e-01
7.9999999999998703e+00  8.1773267951615725e-01  5.6940209869651870e-01
8.4999999999998597e+00  8.1864451701507479e-01  5.6940209869651870e-01
8.9999999999998508e+00  8.1965519363924788e-01  5.6940209869651870e-01
9.4999999999998401e+00  8.2076880910741001e-01  5.6940209869651870e-01
9.9999999999998295e+00  8.2199005103936695e-01  5.6940209869651870e-01
1.0499999999999799e+01  8.2332529667001630e-01  5.6940209869651870e-01
1.0999999999999799e+01  8.2478434962365699e-01  5.6940209869651870e-01
1.1499999999999799e+01  8.2637975547769427e-01  5.6940209869651870e-01
1.1999999999999799e+01  8.2812627261855887e-01  5.6940209869651870e-01
1.2499999999999799e+01  8.3004197188360040e-01  5.6940209869651870e-01
1.2999999999999799e+01  8.3214694298364855e-01  5.6940209869651870e-01
1.3499999999999799e+01  8.3446330518756873e-01  5.6940209869651870e-01
1.3999999999999700e+01  8.3701499645351640e-01  5.6940209869651870e-01
1.4499999999999700e+01  8.3982900632441260e-01  5.6940209869651870e-01
1.4999999999999700e+01  7.8918547532719208e-01  5.3308506591349936e-01
1.5499999999999700e+01  7.9242722396428866e-01  5.3308506591349936e-01
1.5999999999999700e+01  7.9601522651911727e-01  5.3308506591349936e-01
1.6499999999999801e+01  7.9999268495469344e-01  5.3308506591349936e-01
1.6999999999999901e+01  8.0440926057578788e-01  5.3308506591349936e-01
1.7499999999999901e+01  8.0932330974835676e-01  5.3308506591349936e-01
1.8000000000000000e+01  8.1480294542948473e-01  5.3308506591349936e-01
1.8500000000000099e+01  8.2092781889177457e-01  5.3308506591349936e-01
1.9000000000000199e+01  8.2779055436854843e-01  5.3308506591349936e-01
1.9500000000000199e+01  8.3549798302706602e-01  5.3308506591349936e-01
2.0000000000000298e+01  8.4417350580636685e-01  5.3308506591349936e-01
