# thinned to dt=0.05 from the every-step stream; the last 1 time units are kept whole (the death window)
#       time         integral Re         integral Im         integral Re         integral Im         integral Re         integral Im         integral Re         integral Im
#       r =            14.000000           14.000000           20.000000           20.000000           26.000000           26.000000           30.000000           30.000000
   0.0100000   -1.7335385474e-10   -1.4570329165e-09   -3.5016678727e-11   -1.8018999549e-10    5.4657274339e-09    3.2274639477e-09    2.0048548099e-12   -1.7015737549e-10
   0.0600000    1.2663451896e-09   -1.2768381785e-09    1.2364059768e-10   -4.4944799172e-10    4.6578576152e-09    2.9769071030e-09   -3.4190773077e-11   -3.3501932853e-10
   0.1100000    2.5054575769e-09   -1.3935236676e-09    3.3266357174e-10   -6.1794740087e-10    3.9795311056e-09    2.4259485799e-09   -5.5458809794e-11   -4.0335049275e-10
   0.1600000    3.1512878662e-09   -1.9755941655e-09    5.4770254132e-10   -6.4487036383e-10    3.2816821808e-09    1.5435719411e-09   -6.5571930127e-11   -3.9165975075e-10
   0.2100000    2.9120021561e-09   -3.0469231567e-09    6.9065034385e-10   -4.8368338080e-10    2.4012679257e-09    3.2804638674e-10   -6.7941407977e-11   -3.1591261227e-10
   0.2600000    1.7180738916e-09   -4.4559861336e-09    6.8488777121e-10   -1.2185268758e-10    1.2589022435e-09   -1.1484741744e-09   -6.5568047397e-11   -1.9134115078e-10
   0.3100000   -2.4150098597e-10   -5.9136979347e-09    4.9642780411e-10    3.8709567079e-10   -7.7805576651e-11   -2.7181119093e-09   -6.1013205459e-11   -3.2020034515e-11
   0.3600000   -2.5832071762e-09   -7.0810296406e-09    1.6817583878e-10    9.3107058733e-10   -1.3887892735e-09   -4.1310124592e-09   -5.6394878285e-11    1.4956702551e-10
   0.4100000   -4.8605757232e-09   -7.6779417824e-09   -1.6266144383e-10    1.3685069641e-09   -2.3581049842e-09   -5.1051773507e-09   -5.3385277413e-11    3.4280905155e-10
   0.4600000   -6.7015425975e-09   -7.5763333127e-09   -2.9768985470e-10    1.5336312173e-09   -2.6746958106e-09   -5.3995877372e-09   -5.3202775437e-11    5.3910871809e-10
   0.5100000   -7.8936792833e-09   -6.8348367960e-09   -9.1611867801e-11    1.2175265509e-09   -2.1438162662e-09   -4.8883173932e-09   -5.6600959996e-11    7.3184039601e-10
   0.5600000   -8.3926821697e-09   -5.6572611726e-09    4.0060146503e-10    2.1676921211e-10   -7.7094491113e-10   -3.6112713391e-09   -6.3834835415e-11    9.1625451444e-10
   0.6100000   -8.2738109380e-09   -4.3039870761e-09    8.8410813139e-10   -1.4669303506e-09    1.2117350012e-09   -1.7831936255e-09   -7.4718665790e-11    1.0892799824e-09
   0.6600000   -7.6719091054e-09   -3.0118735718e-09    9.9289778443e-10   -3.4059445920e-09    3.3883262518e-09    2.4525723254e-10   -8.8614373255e-11    1.2493012170e-09
   0.7100000   -6.7459388480e-09   -1.9569314067e-09    5.6988166544e-10   -4.8264005378e-09    5.2612329984e-09    2.0658527796e-09   -1.0453128284e-10    1.3958852960e-09
   0.7600000   -5.6701103447e-09   -1.2520056161e-09   -1.9992348120e-10   -5.0926692825e-09    6.3828608111e-09    3.3098774483e-09   -1.2119368068e-10    1.5295468419e-09
   0.8100000   -4.6255406418e-09   -9.5254964502e-10   -9.6277127075e-10   -4.1903154199e-09    6.4775842909e-09    3.7368983430e-09   -1.3717843275e-10    1.6514532313e-09
   0.8600000   -3.7702168199e-09   -1.0558533229e-09   -1.5377962330e-09   -2.6722281710e-09    5.5171728284e-09    3.2905038040e-09   -1.5104245105e-10    1.7631883184e-09
   0.9100000   -3.1931070664e-09   -1.4974166568e-09   -2.0981865187e-09   -1.0835239887e-09    3.7268081549e-09    2.1055871297e-09   -1.6145393407e-10    1.8664994623e-09
   0.9600000   -2.8839897658e-09   -2.1560505709e-09   -2.9853634748e-09    5.2364708805e-10    1.5202027219e-09    4.6609159521e-10   -1.6729894356e-10    1.9631126320e-09
   1.0100000   -2.7482588510e-09   -2.8772499175e-09   -4.2733492366e-09    2.4612090986e-09   -6.1628936747e-10   -1.2736683688e-09   -1.6776724689e-10    2.0545539045e-09
   1.0600000   -2.6671063117e-09   -3.5153390366e-09   -5.4464147536e-09    4.7676141619e-09   -2.2555315896e-09   -2.7807726505e-09   -1.6241502302e-10    2.1420477083e-09
   1.1100000   -2.5691848915e-09   -3.9800712257e-09   -5.5184992530e-09    6.6695244774e-09   -3.1383615524e-09   -3.8223537542e-09   -1.5114023826e-10    2.2264274110e-09
   1.1600000   -2.4688062549e-09   -4.2605308889e-09   -3.6129650085e-09    6.7585270191e-09   -3.2281480167e-09   -4.3099843047e-09   -1.3419468494e-10    2.3081530469e-09
   1.2100000   -2.4482443998e-09   -4.4095820561e-09    3.5638200843e-10    4.0000675280e-09   -2.6978522241e-09   -4.2998806967e-09   -1.1210861702e-10    2.3873110662e-09
   1.2600000   -2.6002966801e-09   -4.4999721251e-09    5.3989964592e-09   -1.1308416246e-09   -1.8569351280e-09   -3.9526889555e-09   -8.5629545962e-11    2.4636867069e-09
   1.3100000   -2.9720852631e-09   -4.5831292507e-09    9.8073416469e-09   -6.5504870622e-09   -1.0441915057e-09   -3.4686147738e-09   -5.5660255980e-11    2.5368199413e-09
   1.3600000   -3.5424317636e-09   -4.6744145478e-09    1.1975654219e-08   -9.9215193846e-09   -5.2128519438e-10   -3.0200213637e-09   -2.3158202352e-11    2.6060951323e-09
   1.4100000   -4.2360607661e-09   -4.7634268648e-09    1.1186646815e-08   -1.0339143988e-08   -4.0033403127e-10   -2.7029660307e-09    1.0910571560e-11    2.6708322481e-09
   1.4600000   -4.9525249600e-09   -4.8312679889e-09    7.8929564376e-09   -8.6881351112e-09   -6.2616600804e-10   -2.5213322756e-09    4.5633307338e-11    2.7303517345e-09
   1.5100000   -5.5894346134e-09   -4.8611327159e-09    3.3506193568e-09   -6.3966257961e-09   -1.0156057193e-09   -2.4058364873e-09    8.0185090208e-11    2.7840209437e-09
   1.5600000   -6.0546807949e-09   -4.8406285745e-09   -1.0817294506e-09   -4.0571116325e-09   -1.3372636096e-09   -2.2583736392e-09    1.1386454991e-10    2.8313214417e-09
   1.6100000   -6.2779499905e-09   -4.7623181202e-09   -4.4441711554e-09   -1.3627709353e-09   -1.4032876345e-09   -2.0041257689e-09    1.4610512906e-10    2.8718591008e-09
   1.6600000   -6.2290156966e-09   -4.6274582112e-09   -6.2384631548e-09    1.8243481750e-09   -1.1414152979e-09   -1.6320383732e-09    1.7650422254e-10    2.9053994278e-09
   1.7100000   -5.9368011779e-09   -4.4522126760e-09   -6.3270028163e-09    4.6500589426e-09   -6.2343087462e-10   -1.2090726165e-09    2.0479178100e-10    2.9318677817e-09
   1.7600000   -5.4913709252e-09   -4.2702615392e-09   -5.0008148175e-09    5.6539770473e-09   -4.1598536403e-11   -8.6310301600e-10    2.3085995844e-10    2.9513428958e-09
   1.8100000   -5.0175785995e-09   -4.1254208619e-09   -3.0574851762e-09    4.0479478438e-09    3.5804637996e-10   -7.4051659043e-10    2.5471940125e-10    2.9640702107e-09
   1.8600000   -4.6288087432e-09   -4.0557277487e-09   -1.4775190416e-09    6.8105320108e-10    3.6196173627e-10   -9.5325373066e-10    2.7649180039e-10    2.9704187484e-09
   1.9100000   -4.3880170266e-09   -4.0773764629e-09   -7.8573095660e-10   -2.3609530154e-09   -1.3418543428e-10   -1.5338639798e-09    2.9636198331e-10    2.9708832548e-09
   1.9600000   -4.3015249971e-09   -4.1768322358e-09   -7.4739783422e-10   -3.3989735427e-09   -1.0843870617e-09   -2.4143267725e-09    3.1454941210e-10    2.9660524491e-09
   2.0100000   -4.3455519266e-09   -4.3137067665e-09   -7.4871929452e-10   -2.5886455876e-09   -2.3002051932e-09   -3.4366806797e-09    3.3125806451e-10    2.9565736295e-09
   2.0600000   -4.4979867223e-09   -4.4331165889e-09   -3.8584413840e-10   -1.6411407433e-09   -3.5050842035e-09   -4.3928773908e-09    3.4664198297e-10    2.9431389891e-09
   2.1100000   -4.7428260569e-09   -4.4869884909e-09    3.8560333884e-10   -2.0384238713e-09   -4.4170881789e-09   -5.0817093979e-09    3.6077078972e-10    2.9264450367e-09
   2.1600000   -5.0445486857e-09   -4.4611665911e-09    1.4873282578e-09   -3.6098675167e-09   -4.8334746211e-09   -5.3651006631e-09    3.7360114318e-10    2.9071831438e-09
   2.2100000   -5.3298728166e-09   -4.3926878889e-09    2.7964075748e-09   -4.9191742778e-09   -4.6899469398e-09   -5.2063748759e-09    3.8497658729e-10    2.8860091409e-09
   2.2600000   -5.5169125100e-09   -4.3555553525e-09    3.9374683606e-09   -4.8597608089e-09   -4.0764235062e-09   -4.6787769332e-09    3.9462422170e-10    2.8635272263e-09
   2.3100000   -5.5785591378e-09   -4.4122341456e-09    4.2556356289e-09   -3.6640838291e-09   -3.2055611965e-09   -3.9423263811e-09    4.0216985344e-10    2.8402860823e-09
   2.3600000   -5.5711864152e-09   -4.5635292293e-09    3.2409937999e-09   -2.4385165661e-09   -2.3452837456e-09   -3.1965949882e-09    4.0716959135e-10    2.8167468939e-09
   2.4100000   -5.5798594073e-09   -4.7385832458e-09    1.0048431928e-09   -1.9614465616e-09   -1.7377657547e-09   -2.6245422924e-09    4.0914234078e-10    2.7933282640e-09
   2.4600000   -5.6279779775e-09   -4.8358913362e-09   -1.7045885502e-09   -2.0114878316e-09   -1.5306940697e-09   -2.3445794108e-09    4.0761008105e-10    2.7703496683e-09
   2.5100000   -5.6571078308e-09   -4.7838239160e-09   -3.9024438294e-09   -1.7694343784e-09   -1.7418059005e-09   -2.3848545794e-09    4.0213275041e-10    2.7480673711e-09
   2.5600000   -5.6105120827e-09   -4.5838661384e-09   -4.7753676597e-09   -8.2334620148e-10   -2.2659781699e-09   -2.6860668158e-09    3.9233765792e-10    2.7266560123e-09
   2.6100000   -5.5259509564e-09   -4.3177537866e-09   -3.9293602292e-09    2.3833354762e-10   -2.9201192768e-09   -3.1299226308e-09    3.7796138475e-10    2.7062224322e-09
   2.6600000   -5.5239101082e-09   -4.1093974713e-09   -1.5876142543e-09    3.3526061677e-10   -3.5091117128e-09   -3.5824238495e-09    3.5887600620e-10    2.6868114475e-09
   2.7100000   -5.7027851264e-09   -4.0457079203e-09    1.3096994674e-09   -9.3251958838e-10   -3.8901607901e-09   -3.9371212482e-09    3.3508926395e-10    2.6684078086e-09
   2.7600000   -6.0591384938e-09   -4.1085571700e-09    3.3919577871e-09   -2.7438926914e-09   -4.0144577868e-09   -4.1443985180e-09    3.0678674279e-10    2.6509516492e-09
   2.8100000   -6.5089956652e-09   -4.2010782738e-09    3.6031309116e-09   -3.8282753290e-09   -3.9339155899e-09   -4.2185559757e-09    2.7430637535e-10    2.6343559167e-09
   2.8600000   -6.9580429936e-09   -4.2769283638e-09    1.9380225902e-09   -3.6955870540e-09   -3.7727556892e-09   -4.2219715636e-09    2.3815126869e-10    2.6185228919e-09
   2.9100000   -7.3177536079e-09   -4.4407578036e-09   -4.9556988728e-10   -2.9715515842e-09   -3.6757184262e-09   -4.2338352814e-09    1.9896975852e-10    2.6033444755e-09
   2.9600000   -7.4554751598e-09   -4.8742468112e-09   -2.2351016396e-09   -2.6201113967e-09   -3.7520532605e-09   -4.3154459925e-09    1.5753728088e-10    2.5887361716e-09
   3.0100000   -7.1932609390e-09   -5.6250181965e-09   -2.4127210836e-09   -3.0218102100e-09   -4.0349267610e-09   -4.4848382091e-09    1.1473618661e-10    2.5746418931e-09
   3.0600000   -6.4680721283e-09   -6.4727348720e-09   -1.1170743420e-09   -3.7730333512e-09   -4.4700110316e-09   -4.7095114774e-09    7.1522557521e-11    2.5610579511e-09
   3.1100000   -5.5677909813e-09   -7.0215473834e-09    9.3427856781e-10   -4.1991096824e-09   -4.9362624203e-09   -4.9193938421e-09    2.8896710104e-11    2.5480185791e-09
   3.1600000   -5.1291869618e-09   -6.9345970495e-09    2.8726790795e-09   -4.0078801638e-09   -5.2907693110e-09   -5.0347413293e-09   -1.2137315843e-11    2.5356171952e-09
   3.2100000   -5.6742549975e-09   -6.1188441378e-09    3.9218741440e-09   -3.5009925449e-09   -5.4213702731e-09   -4.9986708006e-09   -5.0597448058e-11    2.5239968912e-09
   3.2600000   -6.9765688171e-09   -4.7800300137e-09    3.5552032895e-09   -3.1560040970e-09   -5.2883987973e-09   -4.8022789929e-09   -8.5565759066e-11    2.5133606451e-09
   3.3100000   -7.9914705768e-09   -3.3836236704e-09    1.7563662964e-09   -3.0312392358e-09   -4.9410477192e-09   -4.4930155553e-09   -1.1621401052e-10    2.5039302219e-09
   3.3600000   -7.7320030188e-09   -2.5143316610e-09   -8.2193866190e-10   -2.7242083947e-09   -4.5028313038e-09   -4.1630626542e-09   -1.4184128878e-10    2.4959636974e-09
   3.4100000   -6.4015408463e-09   -2.5818914107e-09   -3.1020683741e-09   -1.9909072049e-09   -4.1314252186e-09   -3.9212153235e-09   -1.6187814890e-10    2.4897146832e-09
   3.4600000   -5.4705122108e-09   -3.4911521978e-09   -4.1440814256e-09   -1.2465338090e-09   -3.9668378807e-09   -3.8579360728e-09   -1.7592019502e-10    2.4854236071e-09
   3.5100000   -6.2528348282e-09   -4.6194729749e-09   -3.6282306185e-09   -1.2414738997e-09   -4.0855075237e-09   -4.0151358131e-09   -1.8374419682e-10    2.4832930041e-09
   3.5600000   -8.2886995074e-09   -5.2993290506e-09   -1.9535269103e-09   -2.2351828880e-09   -4.4759997236e-09   -4.3713458412e-09   -1.8530228999e-10    2.4834745512e-09
   3.6100000   -9.4643965103e-09   -5.4488841902e-09    5.7536427682e-11   -3.6342504239e-09   -5.0438898964e-09   -4.8471636412e-09   -1.8074069331e-10    2.4860394757e-09
   3.6600000   -8.1461247018e-09   -5.6514514177e-09    1.6314473168e-09   -4.5181513577e-09   -5.6437367750e-09   -5.3295121669e-09   -1.7036969383e-10    2.4909744325e-09
   3.7100000   -5.1778856292e-09   -6.4593346701e-09    2.3930757773e-09   -4.4829988428e-09   -6.1269517782e-09   -5.7064852242e-09   -1.5466257716e-10    2.4981847183e-09
   3.7600000   -3.3142218962e-09   -7.6139509588e-09    2.3948686180e-09   -3.9440222056e-09   -6.3891800316e-09   -5.9012073716e-09   -1.3422463470e-10    2.5074799773e-09
   3.8100000   -4.3703012526e-09   -8.1142400378e-09    1.8998247669e-09   -3.6483699778e-09   -6.4012351522e-09   -5.8935386801e-09   -1.0975789605e-10    2.5185953048e-09
   3.8600000   -7.2132353741e-09   -7.1733798260e-09    1.1825234956e-09   -3.9307445712e-09   -6.2141829760e-09   -5.7227616517e-09   -8.2049917340e-11    2.5312149328e-09
   3.9100000   -9.0619386622e-09   -5.0684790545e-09    4.9441593888e-10   -4.4470200920e-09   -5.9374754454e-09   -5.4709058223e-09   -5.1910789387e-11    2.5449561407e-09
   3.9600000   -8.7078453077e-09   -2.9848722171e-09    7.4096405275e-11   -4.6117513678e-09   -5.6988701157e-09   -5.2333457385e-09   -2.0143049787e-11    2.5594346802e-09
   4.0100000   -7.7634799060e-09   -2.0713003472e-09    4.7223902236e-11   -4.2472245889e-09   -5.6003328880e-09   -5.0872736790e-09    1.2480394961e-11    2.5742559437e-09
   4.0600000   -8.3075818396e-09   -2.6756137361e-09    2.9002189109e-10   -3.7386427897e-09   -5.6851044193e-09   -5.0690969452e-09    4.5266681311e-11    2.5890790505e-09
   4.1100000   -9.8666499003e-09   -4.3232911092e-09    4.6609718356e-10   -3.5434119672e-09   -5.9268339773e-09   -5.1681605131e-09    7.7597908396e-11    2.6036025543e-09
   4.1600000   -9.7776686800e-09   -6.1574384761e-09    2.6904952158e-10   -3.6483750012e-09   -6.2434361994e-09   -5.3377646563e-09    1.0897497481e-10    2.6176036936e-09
   4.2100000   -6.8122870585e-09   -7.3515221849e-09   -3.4163873584e-10   -3.6319630384e-09   -6.5298179796e-09   -5.5179845998e-09    1.3899909792e-10    2.6309291740e-09
   4.2600000   -3.4933464812e-09   -7.4042536144e-09   -1.1166324079e-09   -3.2485051840e-09   -6.6972842133e-09   -5.6607175384e-09    1.6737006484e-10    2.6434987631e-09
   4.3100000   -3.6674870901e-09   -6.4114641691e-09   -1.6926249260e-09   -2.8052794656e-09   -6.7055915999e-09   -5.7469392778e-09    1.9388686476e-10    2.6553178373e-09
   4.3600000   -7.7576238338e-09   -5.1296603884e-09   -1.8054115237e-09   -2.8597219463e-09   -6.5765729607e-09   -5.7897205144e-09    2.1842923582e-10    2.6664418411e-09
   4.4100000   -1.1580501887e-08   -4.5229287910e-09   -1.3995898953e-09   -3.5929429252e-09   -6.3853824037e-09   -5.8231262387e-09    2.4092775693e-10    2.6769568342e-09
   4.4600000   -1.0850061114e-08   -4.9620766070e-09   -5.9942719800e-10   -4.5867868280e-09   -6.2330318238e-09   -5.8825563826e-09    2.6136287910e-10    2.6869825700e-09
   4.5100000   -6.4598686832e-09   -5.8149297120e-09    3.9942415181e-10   -5.2405254929e-09   -6.2103851958e-09   -5.9857616974e-09    2.7971122056e-10    2.6966140165e-09
   4.5600000   -3.9775584343e-09   -5.9965800833e-09    1.4107265245e-09   -5.3472813787e-09   -6.3663277229e-09   -6.1231753716e-09    2.9597888692e-10    2.7059218271e-09
   4.6100000   -7.2648603522e-09   -5.0992379695e-09    2.2564970748e-09   -5.2138912072e-09   -6.6908390874e-09   -6.2618206121e-09    3.1015164046e-10    2.7149229267e-09
   4.6600000   -1.3469648261e-08   -3.9696357960e-09    2.7441672517e-09   -5.2310696253e-09   -7.1182735439e-09   -6.3608000443e-09    3.2219421950e-10    2.7235832725e-09
   4.7100000   -1.5695035554e-08   -3.9921182077e-09    2.7137653744e-09   -5.3920230351e-09   -7.5491665260e-09   -6.3910849249e-09    3.3205880190e-10    2.7318009631e-09
   4.7600000   -1.0823701634e-08   -5.6456048415e-09    2.1337901883e-09   -5.3049642701e-09   -7.8828087976e-09   -6.3501732404e-09    3.3969499800e-10    2.7394306264e-09
   4.8100000   -3.5138048922e-09   -7.7969618278e-09    1.1330683871e-09   -4.6951298435e-09   -8.0493786062e-09   -6.2643436265e-09    3.4504249500e-10    2.7462825328e-09
   4.8600000   -1.3517344337e-09   -8.6015823295e-09   -7.0864890873e-11   -3.8207347701e-09   -8.0315713538e-09   -6.1774907371e-09    3.4805589730e-10    2.7521523459e-09
   4.9100000   -6.3679374621e-09   -7.2585824315e-09   -1.2565739377e-09   -3.2979866389e-09   -7.8688884664e-09   -6.1314571018e-09    3.4871014702e-10    2.7568577192e-09
   4.9600000   -1.2652404133e-08   -4.8798820604e-09   -2.2154131550e-09   -3.5061837677e-09   -7.6440620719e-09   -6.1477343704e-09    3.4701108890e-10    2.7602547800e-09
   5.0100000   -1.3025101900e-08   -3.5167464019e-09   -2.7375545964e-09   -4.2380191528e-09   -7.4565192179e-09   -6.2196357327e-09    3.4302480888e-10    2.7622781054e-09
   5.0600000   -7.2435284786e-09   -4.2375180478e-09   -2.6473933020e-09   -4.9655696540e-09   -7.3912594645e-09   -6.3190129664e-09    3.3686965884e-10    2.7629489325e-09
   5.1100000   -2.2686411820e-09   -6.1496952308e-09   -1.8917390960e-09   -5.3768228716e-09   -7.4929020698e-09   -6.4139883505e-09    3.2873918176e-10    2.7623964211e-09
   5.1600000   -4.1998404661e-09   -7.3262150937e-09   -6.1078414533e-10   -5.5743932332e-09   -7.7521613353e-09   -6.4879497291e-09    3.1890140259e-10    2.7608664243e-09
   5.2100000   -1.1205175802e-08   -6.6771567483e-09    8.7170867913e-10   -5.7811899379e-09   -8.1086466059e-09   -6.5489497291e-09    3.0768318721e-10    2.7586990983e-09
   5.2600000   -1.5685147798e-08   -4.9141737966e-09    2.1529195419e-09   -5.9682748530e-09   -8.4690558281e-09   -6.6235203947e-09    2.9547900845e-10    2.7563354891e-09
   5.3100000   -1.3095665109e-08   -3.7655846256e-09    2.9060059221e-09   -5.8624700345e-09   -8.7356610305e-09   -6.7377643572e-09    2.8275109264e-10    2.7542535611e-09
   5.3600000   -7.0310893861e-09   -4.3526720865e-09    2.9961400071e-09   -5.3209344291e-09   -8.8372762042e-09   -6.8963116249e-09    2.6998996387e-10    2.7529701819e-09
   5.4100000   -4.6961389011e-09   -6.2952782088e-09    2.4858243890e-09   -4.6292604343e-09   -8.7534191028e-09   -7.0722759395e-09    2.5770254334e-10    2.7529740619e-09
   5.4600000   -8.3815215714e-09   -8.1849989395e-09    1.5514030808e-09   -4.3410563637e-09   -8.5240567476e-09   -7.2159079791e-09    2.4639821588e-10    2.7547133758e-09
   5.5100000   -1.3147423009e-08   -8.7485555838e-09    4.0183821064e-10   -4.7743611839e-09   -8.2401380816e-09   -7.2790954711e-09    2.3655388047e-10    2.7585327836e-09
   5.5600000   -1.3164651503e-08   -7.6574104847e-09   -7.4977684696e-10   -5.6852901714e-09   -8.0160291710e-09   -7.2430322890e-09    2.2860004474e-10    2.7646696258e-09
   5.6100000   -8.6962531801e-09   -5.5658740737e-09   -1.6956712778e-09   -6.4817667356e-09   -7.9511633030e-09   -7.1330384815e-09    2.2288201053e-10    2.7732288648e-09
   5.6600000   -5.3040129823e-09   -3.6327756860e-09   -2.2651982218e-09   -6.7570643758e-09   -8.0932698719e-09   -7.0102012676e-09    2.1964524653e-10    2.7841785592e-09
   5.7100000   -6.6973381058e-09   -2.8928616614e-09   -2.3644604772e-09   -6.5786352151e-09   -8.4174828377e-09   -6.9425217806e-09    2.1901758182e-10    2.7973533950e-09
   5.7600000   -1.0328132974e-08   -3.6965803465e-09   -1.9894746138e-09   -6.2715659298e-09   -8.8315879712e-09   -6.9701605378e-09    2.2100124510e-10    2.8124795643e-09
   5.8100000   -1.1027696465e-08   -5.4721553078e-09   -1.2133207977e-09   -6.0145611118e-09   -9.2084814317e-09   -7.0841115249e-09    2.2544492311e-10    2.8291983858e-09
   5.8600000   -7.7979448897e-09   -7.1018906408e-09   -1.6922713190e-10   -5.7284385907e-09   -9.4358427304e-09   -7.2311029873e-09    2.3207064546e-10    2.8470844954e-09
   5.9100000   -5.1224361381e-09   -7.7952229155e-09    9.6221532075e-10   -5.3344672994e-09   -9.4636542807e-09   -7.3430799903e-09    2.4047749599e-10    2.8657018908e-09
   5.9600000   -7.2636367275e-09   -7.7115811265e-09    1.9662414406e-09   -5.0123063213e-09   -9.3287818711e-09   -7.3754090776e-09    2.5017110770e-10    2.8846240935e-09
   6.0100000   -1.2784232269e-08   -7.6165138419e-09    2.6180067495e-09   -5.1054072005e-09   -9.1434792007e-09   -7.3323937160e-09    2.6056284142e-10    2.9034629334e-09
   6.0600000   -1.6063140463e-08   -7.8417987360e-09    2.7332782333e-09   -5.7506605405e-09   -9.0497479640e-09   -7.2655967818e-09    2.7106105845e-10    2.9218872059e-09
   6.1100000   -1.3815104731e-08   -7.7392118622e-09    2.2464161814e-09   -6.6496807163e-09   -9.1572684555e-09   -7.2454148021e-09    2.8104210215e-10    2.9396499780e-09
   6.1600000   -8.6873246528e-09   -6.4035931733e-09    1.2720450408e-09   -7.2750558441e-09   -9.4918719258e-09   -7.3221481340e-09    2.8993999445e-10    2.9565746378e-09
   6.2100000   -5.9514479470e-09   -3.9610642789e-09    9.0041374486e-11   -7.3367617876e-09   -9.9785009400e-09   -7.4980927119e-09    2.9725495232e-10    2.9725591154e-09
   6.2600000   -7.6780479711e-09   -1.9066006527e-09   -9.5390214924e-10   -7.0289869553e-09   -1.0467989800e-08   -7.7260023091e-09    3.0260563458e-10    2.9875702940e-09
   6.3100000   -1.1182633787e-08   -1.9344224441e-09   -1.5701732651e-09   -6.7969053796e-09   -1.0797336870e-08   -7.9337045894e-09    3.0573067938e-10    3.0016166443e-09
   6.3600000   -1.2764439774e-08   -4.3926475425e-09   -1.6060522359e-09   -6.8810910492e-09   -1.0857175364e-08   -8.0601726998e-09    3.0652179196e-10    3.0147364140e-09
   6.4100000   -1.1657894525e-08   -7.9271950636e-09   -1.0702659777e-09   -7.1252007716e-09   -1.0636805281e-08   -8.0828506852e-09    3.0501104341e-10    3.0269685449e-09
   6.4600000   -9.8836177728e-09   -1.0583302604e-08   -1.1802273413e-10   -7.2111427258e-09   -1.0227282203e-08   -8.0226547364e-09    3.0137223591e-10    3.0383548394e-09
   6.5100000   -9.2398055507e-09   -1.1177536672e-08    9.9077938555e-10   -7.0120155667e-09   -9.7827098881e-09   -7.9268653086e-09    2.9591547394e-10    3.0489058973e-09
   6.5600000   -9.5755942211e-09   -9.7462883812e-09    1.9526823584e-09   -6.6743428413e-09   -9.4584681525e-09   -7.8426550209e-09    2.8903600663e-10    3.0586024156e-09
   6.6100000   -9.8675351017e-09   -7.0732230191e-09    2.4901213145e-09   -6.4006705410e-09   -9.3543749648e-09   -7.7975743674e-09    2.8119635137e-10    3.0673987209e-09
   6.6600000   -9.8794344608e-09   -4.1336241189e-09    2.4182168904e-09   -6.2402892020e-09   -9.4859205069e-09   -7.7967012926e-09    2.7289871998e-10    3.0752191596e-09
   6.7100000   -1.0149184004e-08   -1.9366828709e-09    1.6982484192e-09   -6.1395759488e-09   -9.7923164233e-09   -7.8344127839e-09    2.6463324849e-10    3.0819643143e-09
   6.7600000   -1.0851199837e-08   -1.4430856074e-09    4.6078183301e-10   -6.1562417809e-09   -1.0172352283e-08   -7.9094327169e-09    2.5686258709e-10    3.0875245575e-09
   6.8100000   -1.1439943933e-08   -3.1334608444e-09   -1.0169251890e-09   -6.5256151045e-09   -1.0528657979e-08   -8.0312052805e-09    2.4998413378e-10    3.0917944630e-09
   6.8600000   -1.1437548541e-08   -6.4545535708e-09   -2.3737236546e-09   -7.4268744073e-09   -1.0800815015e-08   -8.2125601306e-09    2.4433474672e-10    3.0946840124e-09
   6.9100000   -1.1021749203e-08   -9.8198298139e-09   -3.2463717651e-09   -8.6654238662e-09   -1.0976493976e-08   -8.4542629026e-09    2.4014254021e-10    3.0961194851e-09
   6.9600000   -1.0619621789e-08   -1.1442618188e-08   -3.3559724573e-09   -9.6445420383e-09   -1.1082044268e-08   -8.7325982009e-09    2.3754550712e-10    3.0960596117e-09
   7.0100000   -1.0323265838e-08   -1.0467625641e-08   -2.5936697570e-09   -9.7394144029e-09   -1.1161854454e-08   -8.9999334893e-09    2.3660898657e-10    3.0945095807e-09
   7.0600000   -1.0072557771e-08   -7.5368943596e-09   -1.0869430590e-09   -8.7718953615e-09   -1.1257753977e-08   -9.2000324320e-09    2.3729814143e-10    3.0915030497e-09
   7.1100000   -1.0171850600e-08   -4.3729319792e-09    7.8948068179e-10   -7.1672507905e-09   -1.1395199857e-08   -9.2906949331e-09    2.3952763600e-10    3.0871169198e-09
   7.1600000   -1.1090822694e-08   -2.6892090464e-09    2.4892353157e-09   -5.6801908597e-09   -1.1577484295e-08   -9.2620053216e-09    2.4315273981e-10    3.0814618238e-09
   7.2100000   -1.2639042729e-08   -3.1480778169e-09    3.4575031082e-09   -4.9609157605e-09   -1.1785880427e-08   -9.1404048760e-09    2.4797651500e-10    3.0746931153e-09
   7.2600000   -1.3747419141e-08   -5.0165416897e-09    3.3407893599e-09   -5.2995130818e-09   -1.1983849874e-08   -8.9767734543e-09    2.5378409760e-10    3.0670009823e-09
   7.3100000   -1.3427632450e-08   -6.7618737271e-09    2.1560895006e-09   -6.6326306346e-09   -1.2125332556e-08   -8.8246767268e-09    2.6033409262e-10    3.0586090058e-09
   7.3600000   -1.1848841350e-08   -7.2374295276e-09    3.2045686869e-10   -8.6469679996e-09   -1.2167891250e-08   -8.7191464441e-09    2.6737149465e-10    3.0497793696e-09
   7.4100000   -1.0186638056e-08   -6.5926156577e-09   -1.4946171372e-09   -1.0824049531e-08   -1.2089480917e-08   -8.6658895419e-09    2.7463308995e-10    3.0407920239e-09
   7.4600000   -9.4221082652e-09   -6.0877428239e-09   -2.6129065014e-09   -1.2473723300e-08   -1.1903394021e-08   -8.6450269397e-09    2.8185451032e-10    3.0319591298e-09
   7.5100000   -9.5543324300e-09   -6.8404567753e-09   -2.5858725614e-09   -1.2922679095e-08   -1.1663841877e-08   -8.6267844659e-09    2.8878952612e-10    3.0236102159e-09
   7.5600000   -1.0038118055e-08   -8.5929199123e-09   -1.3347393278e-09   -1.1883230927e-08   -1.1455881794e-08   -8.5917172663e-09    2.9519641469e-10    3.0160723090e-09
   7.6100000   -1.0635801543e-08   -9.7572072374e-09    8.0345428901e-10   -9.7510031401e-09   -1.1370026486e-08   -8.5459050268e-09    3.0085515521e-10    3.0096883835e-09
   7.6600000   -1.1485416838e-08   -8.8587514766e-09    3.1302347744e-09   -7.5011064646e-09   -1.1469325791e-08   -8.5239366570e-09    3.0559307118e-10    3.0047730753e-09
   7.7100000   -1.2451227074e-08   -6.0683132964e-09    4.7763931872e-09   -6.1474497826e-09   -1.1762398256e-08   -8.5773129612e-09    3.0926571354e-10    3.0016056739e-09
   7.7600000   -1.2893268381e-08   -3.2944049536e-09    5.0222757451e-09   -6.1485664655e-09   -1.2194844045e-08   -8.7520674877e-09    3.1179602584e-10    3.0004085376e-09
   7.8100000   -1.2391057405e-08   -2.6419286403e-09    3.6260499651e-09   -7.2277783432e-09   -1.2664585809e-08   -9.0646320346e-09    3.1315051742e-10    3.0013398251e-09
   7.8600000   -1.1532046206e-08   -4.6176808738e-09    9.7494374540e-10   -8.6940948233e-09   -1.3056411343e-08   -9.4867514240e-09    3.1335156130e-10    3.0044600655e-09
   7.9100000   -1.1590219611e-08   -7.7055715922e-09   -2.0409016466e-09   -9.9024460192e-09   -1.3282584526e-08   -9.9474731042e-09    3.1247983036e-10    3.0097423917e-09
   7.9600000   -1.3205525988e-08   -9.6461613160e-09   -4.3688931075e-09   -1.0469538791e-08   -1.3313312588e-08   -1.0353331561e-08    3.1064927428e-10    3.0170538220e-09
   8.0100000   -1.5449048861e-08   -9.2494565812e-09   -5.1867616671e-09   -1.0240727243e-08   -1.3185586373e-08   -1.0619539706e-08    3.0799691229e-10    3.0261646373e-09
   8.0600000   -1.6376789506e-08   -7.2193742043e-09   -4.2021354770e-09   -9.2788427170e-09   -1.2987150334e-08   -1.0699431324e-08    3.0467285973e-10    3.0367559448e-09
   8.1100000   -1.4666615299e-08   -5.4264646727e-09   -1.7729804318e-09   -7.9781736143e-09   -1.2823024698e-08   -1.0599473991e-08    3.0084383747e-10    3.0484371961e-09
   8.1600000   -1.0860174294e-08   -5.3428286129e-09    1.1952816939e-09   -7.0662036331e-09   -1.2777573511e-08   -1.0373562437e-08    2.9663711226e-10    3.0607829340e-09
   8.2100000   -7.1189109029e-09   -6.9062555698e-09    3.5700635043e-09   -7.2618128016e-09   -1.2886626960e-08   -1.0099772977e-08    2.9217011972e-10    3.0733576837e-09
   8.2600000   -5.7182848150e-09   -8.6402580158e-09    4.4304828904e-09   -8.7623513315e-09   -1.3129020324e-08   -9.8507013607e-09    2.8753533293e-10    3.0857456925e-09
   8.3100000   -7.4775051681e-09   -8.8808525394e-09    3.4455367545e-09   -1.1019808116e-08   -1.3439413743e-08   -9.6706500060e-09    2.8279536962e-10    3.0975897026e-09
   8.3600000   -1.1253712626e-08   -7.1493858303e-09    1.0249919443e-09   -1.3042139101e-08   -1.3736189232e-08   -9.5683957479e-09    2.7799683856e-10    3.1086149737e-09
   8.4100000   -1.4784063257e-08   -4.5862045977e-09   -1.8211808551e-09   -1.3972209785e-08   -1.3953049258e-08   -9.5261242711e-09    2.7318172558e-10    3.1186546048e-09
   8.4600000   -1.6245256791e-08   -3.0483874805e-09   -3.8705302265e-09   -1.3507263637e-08   -1.4062220929e-08   -9.5174097939e-09    2.6841279079e-10    3.1276405637e-09
   8.5100000   -1.5461700792e-08   -3.5536123668e-09   -4.1972199337e-09   -1.1957722962e-08   -1.4080857387e-08   -9.5244500418e-09    2.6377758400e-10    3.1356250525e-09
   8.5600000   -1.3923084455e-08   -5.3893659445e-09   -2.6012184506e-09   -1.0035158195e-08   -1.4059181994e-08   -9.5468910463e-09    2.5938173070e-10    3.1427515636e-09
   8.6100000   -1.3540222897e-08   -6.7462931348e-09    2.7150800128e-10   -8.5300773293e-09   -1.4056165383e-08   -9.6004214518e-09    2.5540234060e-10    3.1492282514e-09
   8.6600000   -1.4980789649e-08   -6.4058566228e-09    3.2239409219e-09   -7.9994216978e-09   -1.4113582514e-08   -9.7080034310e-09    2.5205018866e-10    3.1552903753e-09
   8.7100000   -1.6885051068e-08   -4.9581612074e-09    5.0718354915e-09   -8.5873361997e-09   -1.4239513809e-08   -9.8889879531e-09    2.4958186894e-10    3.1611772057e-09
   8.7600000   -1.6785189982e-08   -4.3290404038e-09    5.1538942659e-09   -1.0051450071e-08   -1.4408394231e-08   -1.0150292827e-08    2.4827432643e-10    3.1670868676e-09
   8.8100000   -1.3248338405e-08   -5.9433903224e-09    3.5417912793e-09   -1.1901306177e-08   -1.4576357565e-08   -1.0481281643e-08    2.4841288048e-10    3.1731483899e-09
   8.8600000   -7.5520583192e-09   -9.2260524457e-09    9.3235563581e-10   -1.3498429223e-08   -1.4704368327e-08   -1.0852621971e-08    2.5026903129e-10    3.1794034654e-09
   8.9100000   -3.2519942505e-09   -1.1929267615e-08   -1.6500020261e-09   -1.4163826230e-08   -1.4777212050e-08   -1.1218895187e-08    2.5408606549e-10    3.1857945428e-09
   8.9600000   -3.6221007774e-09   -1.2064538941e-08   -3.2296542204e-09   -1.3478788881e-08   -1.4809291895e-08   -1.1525413531e-08    2.6003265897e-10    3.1921800511e-09
   9.0100000   -8.9278083946e-09   -9.6456662872e-09   -3.2574752670e-09   -1.1695972553e-08   -1.4834948677e-08   -1.1719427578e-08    2.6821119300e-10    3.1983532958e-09
   9.0600000   -1.5948894910e-08   -6.6075439596e-09   -1.8614782615e-09   -9.7980604735e-09   -1.4889161335e-08   -1.1764122797e-08    2.7864230415e-10    3.2040664472e-09
   9.1100000   -2.0395008400e-08   -5.0228552429e-09    1.9293926421e-10   -8.9105313959e-09   -1.4989614002e-08   -1.1651164797e-08    2.9123090067e-10    3.2090668278e-09
   9.1600000   -2.0277686351e-08   -5.3430109774e-09    1.8736701368e-09   -9.4880758685e-09   -1.5130140020e-08   -1.1406534883e-08    3.0578219004e-10    3.2131432337e-09
   9.2100000   -1.7333676546e-08   -6.2747022124e-09    2.3978474140e-09   -1.1062044576e-08   -1.5288825233e-08   -1.1085393369e-08    3.2199021126e-10    3.2161542588e-09
   9.2600000   -1.5239566937e-08   -6.2650146957e-09    1.5953005802e-09   -1.2765799333e-08   -1.5445121150e-08   -1.0756487714e-08    3.3945080386e-10    3.2180547203e-09
   9.3100000   -1.6168579600e-08   -5.0683588395e-09   -6.3161669952e-11   -1.3994910052e-08   -1.5594709968e-08   -1.0481259870e-08    3.5767868867e-10    3.2189056397e-09
   9.3600000   -1.8705575847e-08   -3.9141764691e-09   -1.7346910358e-09   -1.4523535591e-08   -1.5751668791e-08   -1.0296529538e-08    3.7613154325e-10    3.2188743125e-09
   9.4100000   -1.9001603423e-08   -4.2100229101e-09   -2.5989350336e-09   -1.4219623582e-08   -1.5935026746e-08   -1.0208595453e-08    3.9426615623e-10    3.2182242559e-09
   9.4600000   -1.4313081653e-08   -6.0866653436e-09   -2.2053986903e-09   -1.3022152572e-08   -1.6147270232e-08   -1.0201500390e-08    4.1156954964e-10    3.2172922074e-09
   9.5100000   -5.9803112711e-09   -8.1782138514e-09   -6.4892062509e-10   -1.1331591647e-08   -1.6359007416e-08   -1.0254977613e-08    4.2764775644e-10    3.2164570801e-09
   9.5600000    8.5318241129e-10   -8.8355152012e-09    1.4936224983e-09   -1.0167513586e-08   -1.6512658921e-08   -1.0362136657e-08    4.4223611282e-10    3.2161289603e-09
   9.6100000    9.4504204012e-10   -7.6307408649e-09    3.4284196054e-09   -1.0568741726e-08   -1.6548456438e-08   -1.0536222228e-08    4.5524631134e-10    3.2166896687e-09
   9.6600000   -6.7272596931e-09   -5.7429338088e-09    4.4606441845e-09   -1.2683278309e-08   -1.6442063839e-08   -1.0801148317e-08    4.6680669933e-10    3.2185150903e-09
   9.7100000   -1.7737032236e-08   -4.8609120952e-09    4.2140290194e-09   -1.5518761398e-08   -1.6233533289e-08   -1.1169497742e-08    4.7723801803e-10    3.2219168697e-09
   9.7600000   -2.5420814877e-08   -5.6353457933e-09    2.7303850896e-09   -1.7653720680e-08   -1.6027988004e-08   -1.1619876808e-08    4.8700088855e-10    3.2271425026e-09
   9.8100000   -2.5979197750e-08   -7.1397970169e-09    4.8882465214e-10   -1.8182748939e-08   -1.5960034646e-08   -1.2088002182e-08    4.9665862911e-10    3.2343756687e-09
   9.8600000   -2.1028383040e-08   -7.8345969089e-09   -1.7017491720e-09   -1.7053509193e-08   -1.6133344112e-08   -1.2480463419e-08    5.0677855548e-10    3.2436882230e-09
   9.9100000   -1.5428534339e-08   -7.0854655555e-09   -3.0201996742e-09   -1.4764410177e-08   -1.6562161255e-08   -1.2708246996e-08    5.1784825496e-10    3.2550371251e-09
   9.9600000   -1.2692410376e-08   -5.7669180819e-09   -3.0522547883e-09   -1.2006321663e-08   -1.7145880133e-08   -1.2725267458e-08    5.3020366409e-10    3.2682399903e-09
  10.0100000   -1.2495866893e-08   -5.3764127057e-09   -1.9920633574e-09   -9.5781484609e-09   -1.7695619929e-08   -1.2551891897e-08    5.4393353081e-10    3.2829904049e-09
  10.0600000   -1.2407409414e-08   -6.5214516686e-09   -4.4129612888e-10   -8.3402442384e-09   -1.8008202465e-08   -1.2268489261e-08    5.5884080920e-10    3.2988421315e-09
  10.1100000   -1.1442553471e-08   -8.2472867975e-09    9.8668499012e-10   -8.9154719513e-09   -1.7958371078e-08   -1.1979105821e-08    5.7443097918e-10    3.3152586573e-09
  10.1600000   -1.1276234228e-08   -8.8877494337e-09    1.8906233828e-09   -1.1279749753e-08   -1.7566952024e-08   -1.1762155061e-08    5.8992074470e-10    3.3316380734e-09
  10.2100000   -1.3792286889e-08   -7.6710774368e-09    2.0518138283e-09   -1.4644743352e-08   -1.7008901336e-08   -1.1634178047e-08    6.0432848072e-10    3.3473823246e-09
  10.2600000   -1.7924258785e-08   -5.5423821958e-09    1.3881267014e-09   -1.7807596925e-08   -1.6549870817e-08   -1.1548540201e-08    6.1656056206e-10    3.3619634731e-09
  10.3100000   -1.9703984624e-08   -4.3362894496e-09    4.9569238274e-11   -1.9738099864e-08   -1.6433402534e-08   -1.1432935498e-08    6.2552397532e-10    3.3749630384e-09
  10.3600000   -1.6001957052e-08   -5.0137824932e-09   -1.5036834628e-09   -2.0013061503e-08   -1.6766618426e-08   -1.1247517431e-08    6.3026199542e-10    3.3861345033e-09
  10.4100000   -8.3059385860e-09   -6.6845111477e-09   -2.6639023928e-09   -1.8868262963e-08   -1.7458451343e-08   -1.1030927230e-08    6.3007698107e-10    3.3954086022e-09
  10.4600000   -2.4674666510e-09   -7.4743315666e-09   -3.0183539962e-09   -1.6931005347e-08   -1.8244934827e-08   -1.0904173138e-08    6.2462637898e-10    3.4028947127e-09
  10.5100000   -4.1349183798e-09   -6.4585339319e-09   -2.5689434372e-09   -1.4890769332e-08   -1.8798396432e-08   -1.1022418108e-08    6.1395326507e-10    3.4088140121e-09
  10.5600000   -1.3769481000e-08   -4.7010996063e-09   -1.6411122845e-09   -1.3319880982e-08   -1.8877303962e-08   -1.1493607028e-08    5.9851335802e-10    3.4134914707e-09
  10.6100000   -2.5642437541e-08   -4.2590969104e-09   -6.0540736285e-10   -1.2633333673e-08   -1.8449707500e-08   -1.2304018972e-08    5.7911309921e-10    3.4172449402e-09
  10.6600000   -3.1746664453e-08   -6.0995154726e-09    3.1663813950e-10   -1.3029569881e-08   -1.7729153458e-08   -1.3292798424e-08    5.5683158761e-10    3.4203350977e-09
  10.7100000   -2.7519720226e-08   -9.0363298508e-09    1.0372184420e-09   -1.4364390411e-08   -1.7097520939e-08   -1.4196623467e-08    5.3291398917e-10    3.4229442033e-09
  10.7600000   -1.5126990154e-08   -1.0750436271e-08    1.4928833227e-09   -1.6116624371e-08   -1.6939988730e-08   -1.4751227449e-08    5.0865880299e-10    3.4251328972e-09
  10.8100000   -2.1954696820e-09   -9.8417093747e-09    1.6234393645e-09   -1.7598843810e-08   -1.7461968347e-08   -1.4805811266e-08    4.8530087711e-10    3.4268340235e-09
  10.8600000    2.9368028958e-09   -6.9400374014e-09    1.4621692372e-09   -1.8318301181e-08   -1.8573006125e-08   -1.4395387165e-08    4.6392069705e-10    3.4278672991e-09
  10.9100000   -3.5360935532e-09   -4.0095882473e-09    1.1857521858e-09   -1.8211853435e-08   -1.9899190585e-08   -1.3732844922e-08    4.4538902120e-10    3.4279572054e-09
  10.9600000   -1.8221765409e-08   -2.7269721904e-09    1.0106982643e-09   -1.7592821875e-08   -2.0930185066e-08   -1.3119383152e-08    4.3029209049e-10    3.4267294359e-09
  11.0100000   -3.2180571511e-08   -3.3895619937e-09    1.0321475787e-09   -1.6911535635e-08   -2.1243344074e-08   -1.2811463074e-08    4.1893015026e-10    3.4237388678e-09
  11.0600000   -3.6346841793e-08   -4.9944986934e-09    1.1968707827e-09   -1.6539185717e-08   -2.0705621398e-08   -1.2905977413e-08    4.1128136064e-10    3.4184903565e-09
  11.1100000   -2.7638454506e-08   -6.1252183126e-09    1.4398187610e-09   -1.6667713499e-08   -1.9556064869e-08   -1.3298546316e-08    4.0704300512e-10    3.4105286082e-09
  11.1600000   -1.1522140136e-08   -5.9721726930e-09    1.7945875602e-09   -1.7284031669e-08   -1.8320568310e-08   -1.3737068640e-08    4.0565065362e-10    3.3995022904e-09
  11.2100000    1.3552899895e-09   -4.9505669089e-09    2.3166971568e-09   -1.8183891415e-08   -1.7587263572e-08   -1.3947209421e-08    4.0633222895e-10    3.3853133454e-09
  11.2600000    2.5904090953e-09   -4.4928001953e-09    2.9087899452e-09   -1.9057043857e-08   -1.7739192269e-08   -1.3771141437e-08    4.0820197980e-10    3.3682946991e-09
  11.3100000   -7.8470928076e-09   -5.8985777751e-09    3.2832783636e-09   -1.9641371864e-08   -1.8768667566e-08   -1.3252975374e-08    4.1035631762e-10    3.3493271600e-09
  11.3600000   -2.1548680257e-08   -8.9245428061e-09    3.1409649468e-09   -1.9842263292e-08   -2.0265833775e-08   -1.2627777253e-08    4.1199936852e-10    3.3299001582e-09
  11.4100000   -2.7883631717e-08   -1.1451023284e-08    2.3874313540e-09   -1.9722338076e-08   -2.1595951483e-08   -1.2216082827e-08    4.1252768550e-10    3.3119869124e-09
  11.4600000   -2.1864237883e-08   -1.0980824142e-08    1.1766845768e-09   -1.9411143520e-08   -2.2189875941e-08   -1.2271674781e-08    4.1163020242e-10    3.2977446155e-09
  11.5100000   -7.8462120477e-09   -6.9744828418e-09   -2.0967806676e-10   -1.9059330506e-08   -2.1813224003e-08   -1.2853522005e-08    4.0929825355e-10    3.2890707612e-09
  11.5600000    3.5176100831e-09   -1.8255345945e-09   -1.4787159935e-09   -1.8843545964e-08   -2.0684277687e-08   -1.3784544449e-08    4.0579912301e-10    3.2870192615e-09
  11.6100000    2.7794176662e-09    7.8639043004e-10   -2.3612063157e-09   -1.8904939133e-08   -1.9378208610e-08   -1.4719893203e-08    4.0161408839e-10    3.2913699298e-09
  11.6600000   -1.1555582070e-08   -1.0511049230e-09   -2.6587564053e-09   -1.9208756104e-08   -1.8557502957e-08   -1.5297236025e-08    3.9724689902e-10    3.3003155820e-09
  11.7100000   -3.1552298811e-08   -5.7938988914e-09   -2.3649633056e-09   -1.9509131871e-08   -1.8654463421e-08   -1.5301762013e-08    3.9313685334e-10    3.3105961278e-09
  11.7600000   -4.4694244788e-08   -9.7698738281e-09   -1.7404247635e-09   -1.9553341752e-08   -1.9659779092e-08   -1.4769379166e-08    3.8948993558e-10    3.3180470000e-09
  11.8100000   -4.2086995648e-08   -1.0343230000e-08   -1.1969488629e-09   -1.9353291285e-08   -2.1123100329e-08   -1.3978524318e-08    3.8624062974e-10    3.3184917819e-09
  11.8600000   -2.4733080681e-08   -7.9796757489e-09   -1.0559524480e-09   -1.9205142535e-08   -2.2370024283e-08   -1.3330530115e-08    3.8306766729e-10    3.3088415362e-09
  11.9100000   -3.4596163064e-09   -5.3772255712e-09   -1.3931285609e-09   -1.9403011337e-08   -2.2832068316e-08   -1.3170302705e-08    3.7952717146e-10    3.2880714042e-09
  11.9600000    7.9962957796e-09   -4.6822554660e-09   -2.0564951642e-09   -1.9957936839e-08   -2.2328239649e-08   -1.3627743821e-08    3.7526423433e-10    3.2577417260e-09
  12.0100000    2.4243847552e-09   -5.5723838456e-09   -2.7483497973e-09   -2.0625023109e-08   -2.1156823033e-08   -1.4552779145e-08    3.7025135045e-10    3.2219503039e-09
  12.0600000   -1.5536378563e-08   -5.9602167607e-09   -3.0829459713e-09   -2.1168455636e-08   -1.9949180120e-08   -1.5576055653e-08    3.6497960294e-10    3.1865076947e-09
  12.1100000   -3.2419213136e-08   -4.4004797984e-09   -2.6830789717e-09   -2.1537153547e-08   -1.9355648949e-08   -1.6270316575e-08    3.6056787993e-10    3.1576380574e-09
  12.1600000   -3.5567133564e-08   -1.6928103206e-09   -1.3735792384e-09   -2.1787932593e-08   -1.9719933314e-08   -1.6341635195e-08    3.5867194671e-10    3.1403900042e-09
  12.2100000   -2.2470837644e-08   -1.6150109134e-10    6.4592390018e-10   -2.1934188046e-08   -2.0906231854e-08   -1.5764554037e-08    3.6123253886e-10    3.1373282572e-09
  12.2600000   -2.7311120473e-09   -1.4820323897e-09    2.8252401729e-09   -2.1966657089e-08   -2.2368170224e-08   -1.4799293535e-08    3.7010161310e-10    3.1477998149e-09
  12.3100000    9.0352538767e-09   -5.2365089219e-09    4.4929066008e-09   -2.2019271637e-08   -2.3426382198e-08   -1.3881967964e-08    3.8659315111e-10    3.1680976154e-09
  12.3600000    4.0902374388e-09   -9.4312248675e-09    5.1280564791e-09   -2.2408198930e-08   -2.3614551966e-08   -1.3435276461e-08    4.1112158657e-10    3.1924529608e-09
  12.4100000   -1.3982335612e-08   -1.2186339794e-08    4.5393018014e-09   -2.3389015406e-08   -2.2917302594e-08   -1.3684024850e-08    4.4298805608e-10    3.2146395465e-09
  12.4600000   -3.2138739914e-08   -1.2850112049e-08    2.9385304625e-09   -2.4831409766e-08   -2.1777068466e-08   -1.4557266290e-08    4.8045776302e-10    3.2296849207e-09
  12.5100000   -3.7745655033e-08   -1.1719053909e-08    9.2410545130e-10   -2.6170929094e-08   -2.0865552993e-08   -1.5720311539e-08    5.2101003901e-10    3.2352160257e-09
  12.5600000   -2.7885784484e-08   -9.1522321695e-09   -6.6370392034e-10   -2.6752072211e-08   -2.0736778853e-08   -1.6721154927e-08    5.6191174332e-10    3.2320415942e-09
  12.6100000   -1.1162719158e-08   -5.3475662359e-09   -1.0373020392e-09   -2.6285857908e-08   -2.1541269163e-08   -1.7185030677e-08    6.0071173007e-10    3.2237061541e-09
  12.6600000   -9.1805109009e-10   -9.8020337910e-10    1.7860444329e-10   -2.5036301764e-08   -2.2949857220e-08   -1.6970441365e-08    6.3576930929e-10    3.2152808240e-09
  12.7100000   -5.1624751727e-09    2.3639205061e-09    2.6924069996e-09   -2.3622222467e-08   -2.4326774083e-08   -1.6219360078e-08    6.6649734198e-10    3.2116460061e-09
  12.7600000   -2.0682458200e-08    2.9338005376e-09    5.5477208109e-09   -2.2658146245e-08   -2.5061357656e-08   -1.5283826810e-08    6.9333815115e-10    3.2159130149e-09
  12.8100000   -3.5460431887e-08    2.9272662034e-10    7.4330561111e-09   -2.2519156477e-08   -2.4883763684e-08   -1.4566887862e-08    7.1745755356e-10    3.2284153806e-09
  12.8600000   -3.7529118208e-08   -4.0185294001e-09    7.2078623426e-09   -2.3297987640e-08   -2.3998452704e-08   -1.4352373996e-08    7.4029487978e-10    3.2466411572e-09
  12.9100000   -2.3958897326e-08   -7.5656807246e-09    4.4263288873e-09   -2.4823560967e-08   -2.2965802162e-08   -1.4698456334e-08    7.6299945418e-10    3.2660920401e-09
  12.9600000   -3.5876978935e-09   -8.9614464767e-09   -3.9089339005e-10   -2.6649214587e-08   -2.2396519965e-08   -1.5436062188e-08    7.8603606236e-10    3.2818343881e-09
  13.0100000    8.7975119051e-09   -8.7549905717e-09   -5.8705774639e-09   -2.8096644780e-08   -2.2624613937e-08   -1.6262941516e-08    8.0903034475e-10    3.2902015425e-09
  13.0600000    3.2797615150e-09   -8.3938672539e-09   -1.0230939865e-08   -2.8492729530e-08   -2.3536589369e-08   -1.6882005706e-08    8.3081675634e-10    3.2900699035e-09
  13.1100000   -1.6972102219e-08   -8.4361803491e-09   -1.1886361785e-08   -2.7557703769e-08   -2.4650256901e-08   -1.7118404005e-08    8.4976907250e-10    3.2833118596e-09
  13.1600000   -3.6862325650e-08   -7.9969923065e-09   -1.0039058169e-08   -2.5679550102e-08   -2.5399474797e-08   -1.6967679109e-08    8.6420492624e-10    3.2741816407e-09
  13.2100000   -4.0357537548e-08   -6.0232586819e-09   -5.0889930540e-09   -2.3805174263e-08   -2.5465752157e-08   -1.6565728738e-08    8.7282527535e-10    3.2679321488e-09
  13.2600000   -2.3649592498e-08   -2.9187462625e-09    1.3374170415e-09   -2.2943115861e-08   -2.4968161336e-08   -1.6108698327e-08    8.7500166632e-10    3.2690149639e-09
  13.3100000    4.3481963359e-10   -5.9145582444e-10    6.8816930756e-09   -2.3589250827e-08   -2.4397689175e-08   -1.5768630477e-08    8.7085584879e-10    3.2795518283e-09
  13.3600000    1.1850605701e-08   -6.8788605228e-10    9.3640565839e-09   -2.5470545156e-08   -2.4324316799e-08   -1.5642573887e-08    8.6118732916e-10    3.2985418639e-09
  13.4100000    1.5933534255e-11   -2.7944951632e-09    7.7069204420e-09   -2.7762722846e-08   -2.5037083749e-08   -1.5746606811e-08    8.4719503357e-10    3.3221592217e-09
  13.4600000   -1.6395888710e-08   -2.8524733864e-09    2.3625150853e-09   -2.9972152409e-08   -2.6325524329e-08   -1.6040114473e-08    8.3018110591e-10    3.3449698821e-09
  13.5100000   -4.8478959366e-08   -4.4844163042e-09   -6.5180056950e-09   -3.1588705431e-08   -2.7543090668e-08   -1.6454163791e-08    8.1125457253e-10    3.3617491909e-09
  13.5600000   -6.2754294213e-08   -3.8026137658e-09   -1.4204919181e-08   -3.1312350399e-08   -2.7941626847e-08   -1.6906233255e-08    7.9114034464e-10    3.3691938905e-09
  13.6100000   -5.7030764979e-08   -2.3197175091e-09   -1.7826466938e-08   -2.9393997246e-08   -2.7109065762e-08   -1.7302879042e-08    7.7013095034e-10    3.3669854177e-09
  13.6600000   -4.9696966612e-08   -3.0615956346e-09   -1.5679423825e-08   -2.6910091906e-08   -2.5268109050e-08   -1.7546950650e-08    7.4810712996e-10    3.3578704977e-09
  13.7100000   -5.6723307638e-08   -6.9976419442e-09   -7.8537351101e-09   -2.5241869691e-08   -2.3249708532e-08   -1.7564544099e-08    7.2472198280e-10    3.3467287429e-09
  13.7600000   -7.4870723930e-08   -1.1505222422e-08    3.7051398015e-09   -2.5413943822e-08   -2.2119698568e-08   -1.7348649371e-08    6.9954649777e-10    3.3390097136e-09
  13.8100000   -8.7255813512e-08   -1.2828366829e-08    1.5718637529e-08   -2.7609305277e-08   -2.2627583631e-08   -1.6994971780e-08    6.7225274601e-10    3.3390702416e-09
  13.8600000   -8.2132838311e-08   -9.9498713955e-09    2.4536787745e-08   -3.1086754636e-08   -2.4761931652e-08   -1.6696109118e-08    6.4273678749e-10    3.3489914394e-09
  13.9100000   -6.3843086977e-08   -5.5546682770e-09    2.7268160386e-08   -3.4527406475e-08   -2.7665653737e-08   -1.6676271300e-08    6.1115078487e-10    3.3681857883e-09
  13.9600000   -4.6770850376e-08   -3.0024617675e-09    2.2744149076e-08   -3.6633168406e-08   -2.9993839280e-08   -1.7082438206e-08    5.7791743705e-10    3.3938995419e-09
  14.0100000   -4.1870825794e-08   -2.7618649502e-09    1.2000731674e-08   -3.6694184320e-08   -3.0566394148e-08   -1.7882838820e-08    5.4362553601e-10    3.4223071675e-09
  14.0600000   -4.9848869314e-08   -2.2918848717e-09   -1.9269017892e-09   -3.4875446226e-08   -2.8997048781e-08   -1.8834618274e-08    5.0898508122e-10    3.4497981411e-09
  14.1100000   -6.4293816056e-08    6.6200063924e-10   -1.4897523941e-08   -3.2115355374e-08   -2.5965272910e-08   -1.9557957998e-08    4.7470930769e-10    3.4740098197e-09
  14.1600000   -7.7744645864e-08    5.1671008335e-09   -2.2999647202e-08   -2.9703663778e-08   -2.2958051335e-08   -1.9700863193e-08    4.4146158109e-10    3.4943116760e-09
  14.2100000   -8.4686474299e-08    7.6992266279e-09   -2.3887677528e-08   -2.8733498431e-08   -2.1572461699e-08   -1.9123676671e-08    4.0981779904e-10    3.5117136684e-09
  14.2600000   -8.2423777594e-08    5.3916293723e-09   -1.7626386134e-08   -2.9658804613e-08   -2.2706617073e-08   -1.8007158439e-08    3.8028778933e-10    3.5282862517e-09
  14.3100000   -7.2657353307e-08   -1.3950913878e-09   -6.6945329008e-09   -3.2131149773e-08   -2.6047996872e-08   -1.6813123769e-08    3.5336131189e-10    3.5463978270e-09
  14.3600000   -6.2142439700e-08   -9.2907334306e-09    4.8989587785e-09   -3.5170750295e-08   -3.0143388122e-08   -1.6094964457e-08    3.2951572613e-10    3.5679960501e-09
  14.4100000   -5.8608462538e-08   -1.4267693952e-08    1.3085395223e-08   -3.7593263864e-08   -3.3054142244e-08   -1.6235722241e-08    3.0928860345e-10    3.5941710126e-09
  14.4600000   -6.3366978301e-08   -1.4178608692e-08    1.5243111562e-08   -3.8514898553e-08   -3.3299788785e-08   -1.7240654741e-08    2.9324562592e-10    3.6250137234e-09
  14.5100000   -6.8473899036e-08   -1.0002611655e-08    1.1152830281e-08   -3.7729402942e-08   -3.0628066997e-08   -1.8697978625e-08    2.8196145716e-10    3.6597776789e-09
  14.5600000   -6.3950637317e-08   -5.1580184126e-09    3.0194773169e-09   -3.5802344040e-08   -2.6211349589e-08   -1.9946411778e-08    2.7595053259e-10    3.6972377689e-09
  14.6100000   -4.9481864013e-08   -3.0410937097e-09   -5.4501577948e-09   -3.3840374210e-08   -2.2139929586e-08   -2.0384223604e-08    2.7564177145e-10    3.7360678572e-09
  14.6600000   -3.7585440691e-08   -4.2271300987e-09   -1.0541756370e-08   -3.3022808225e-08   -2.0432140613e-08   -1.9774306626e-08    2.8131741034e-10    3.7751935322e-09
  14.7100000   -4.2309866920e-08   -5.7631351086e-09   -9.9992033395e-09   -3.4080307606e-08   -2.2036129737e-08   -1.8389195598e-08    2.9312945531e-10    3.8139739449e-09
  14.7600000   -6.3634154029e-08   -3.8347548744e-09   -3.8841267699e-09   -3.6936083765e-08   -2.6323173519e-08   -1.6909452945e-08    3.1110287859e-10    3.8521461405e-09
  14.8100000   -8.4789702239e-08    2.1508647080e-09    5.4893927807e-09   -4.0674266966e-08   -3.1344997023e-08   -1.6109421530e-08    3.3519410090e-10    3.8896101470e-09
  14.8600000   -8.7472277629e-08    8.1614210975e-09    1.4487655959e-08   -4.3878670324e-08   -3.4754871142e-08   -1.6476279298e-08    3.6524439377e-10    3.9260817673e-09
  14.9100000   -7.0187484520e-08    8.8711478908e-09    1.9565320180e-08   -4.5228173810e-08   -3.4955288521e-08   -1.7951667114e-08    4.0098977948e-10    3.9607437003e-09
  14.9600000   -5.0151599719e-08    2.8963806814e-09    1.8593854983e-08   -4.4104608282e-08   -3.1908273241e-08   -1.9933790732e-08    4.4198216191e-10    3.9920734817e-09
  15.0100000   -4.6095221673e-08   -5.4390830839e-09    1.1616535823e-08   -4.0931138651e-08   -2.7195299394e-08   -2.1551716565e-08    4.8754566810e-10    4.0179469128e-09
  15.0600000   -5.9855852336e-08   -9.9996650268e-09    7.7916092229e-10   -3.7053985128e-08   -2.3276377474e-08   -2.2084993029e-08    5.3668112358e-10    4.0359846369e-09
  15.1100000   -7.5819081830e-08   -8.5976531429e-09   -1.0494570840e-08   -3.4181362930e-08   -2.2294865817e-08   -2.1322081448e-08    5.8808477711e-10    4.0441146286e-09
  15.1600000   -7.7881883385e-08   -4.6426710462e-09   -1.8743250481e-08   -3.3613716618e-08   -2.5007449507e-08   -1.9674027339e-08    6.4018525312e-10    4.0410909256e-09
  15.2100000   -6.5480998055e-08   -3.0908160611e-09   -2.1654295208e-08   -3.5624502490e-08   -3.0369777147e-08   -1.7978488883e-08    6.9126707927e-10    4.0267911901e-09
  15.2600000   -5.2743427844e-08   -5.2527477646e-09   -1.8774855238e-08   -3.9304828670e-08   -3.5994720168e-08   -1.7085446360e-08    7.3968677195e-10    4.0021867591e-09
  15.3100000   -5.3508206540e-08   -7.9544138818e-09   -1.1520049607e-08   -4.2975263313e-08   -3.9275524285e-08   -1.7429795709e-08    7.8401380422e-10    3.9689064306e-09
  15.3600000   -6.8523130959e-08   -7.4179919168e-09   -2.5180442929e-09   -4.4989658463e-08   -3.8637961542e-08   -1.8807603228e-08    8.2329615058e-10    3.9286734026e-09
  15.4100000   -8.6421581017e-08   -3.2393255210e-09    5.4251787004e-09   -4.4548618539e-08   -3.4316479619e-08   -2.0473715046e-08    8.5715113286e-10    3.8826631401e-09
  15.4600000   -9.5020840095e-08    1.5406263376e-09    1.0327822626e-08   -4.2116645891e-08   -2.8275578087e-08   -2.1516404545e-08    8.8584100846e-10    3.8311601672e-09
  15.5100000   -9.0922040621e-08    3.6157581043e-09    1.1617846693e-08   -3.9219598285e-08   -2.3308078413e-08   -2.1322972713e-08    9.1022004171e-10    3.7735059537e-09
  15.5600000   -7.9866215522e-08    2.2251187811e-09    1.0102425334e-08   -3.7703409260e-08   -2.1737804453e-08   -1.9901449559e-08    9.3156108377e-10    3.7084052860e-09
  15.6100000   -7.0024778701e-08   -7.4242108972e-10    7.3849411034e-09   -3.8809355434e-08   -2.4342102157e-08   -1.7893706507e-08    9.5131901141e-10    3.6344162445e-09
  15.6600000   -6.5270821962e-08   -2.7421036418e-09    5.0260050279e-09   -4.2523656093e-08   -3.0000463746e-08   -1.6269784162e-08    9.7080081623e-10    3.5504693014e-09
  15.7100000   -6.3436171342e-08   -2.6803461850e-09    3.8434059512e-09   -4.7533631971e-08   -3.6226407090e-08   -1.5854039526e-08    9.9087052942e-10    3.4562136629e-09
  15.7600000   -5.9856860054e-08   -1.6343352984e-09    3.6617215317e-09   -5.1826026546e-08   -4.0320420575e-08   -1.6918409320e-08    1.0117258422e-09    3.3520957633e-09
  15.8100000   -5.2818519352e-08   -1.7511707429e-09    3.5945392443e-09   -5.3642782404e-08   -4.0596114221e-08   -1.9045052941e-08    1.0327925987e-09    3.2392002902e-09
  15.8600000   -4.6142857999e-08   -4.0663260435e-09    2.6784165430e-09   -5.2328037250e-08   -3.7111803844e-08   -2.1326028749e-08    1.0528279655e-09    3.1189485647e-09
  15.9100000   -4.6107083579e-08   -7.0781548549e-09    5.0883436212e-10   -4.8649424905e-08   -3.1587060790e-08   -2.2800135036e-08    1.0702294336e-09    2.9927132314e-09
  15.9600000   -5.4958538748e-08   -7.7696088047e-09   -2.4621081781e-09   -4.4434923707e-08   -2.6572569868e-08   -2.2911050339e-08    1.0833299256e-09    2.8615439274e-09
  16.0100000   -6.7437425908e-08   -4.6024974388e-09   -5.1233082190e-09   -4.1703590557e-08   -2.4282591739e-08   -2.1762664198e-08    1.0908453152e-09    2.7261178666e-09
  16.0600000   -7.4684178849e-08    4.3610368992e-10   -6.2927153012e-09   -4.1717169562e-08   -2.5634365827e-08   -2.0050221433e-08    1.0920987839e-09    2.5868292512e-09
  16.1100000   -7.2357842408e-08    3.2955294846e-09   -5.3828751457e-09   -4.4414993424e-08   -2.9915477013e-08   -1.8706622240e-08    1.0871345386e-09    2.4440681373e-09
  16.1600000   -6.4723786936e-08    1.8091292119e-09   -2.7842681522e-09   -4.8501466385e-08   -3.5190807461e-08   -1.8441034978e-08    1.0765671117e-09    2.2985443437e-09
  16.2100000   -6.0334353014e-08   -1.9907767861e-09    2.5448713821e-10   -5.2129264334e-08   -3.9220345163e-08   -1.9396313258e-08    1.0613115179e-09    2.1515566523e-09
  16.2600000   -6.3895909642e-08   -3.9868278084e-09    2.2145126710e-09   -5.3827855082e-08   -4.0447016666e-08   -2.1088438813e-08    1.0421690993e-09    2.0051141748e-09
  16.3100000   -7.2689843399e-08   -2.4767616513e-09    2.0826017284e-09   -5.3210033813e-08   -3.8616869803e-08   -2.2651186178e-08    1.0195510599e-09    1.8617922247e-09
  16.3600000   -8.0322913445e-08   -6.9815100614e-11   -7.5206014295e-11   -5.1108568365e-08   -3.4792607914e-08   -2.3261138861e-08    9.9327953691e-10    1.7244415194e-09
  16.4100000   -8.2701917295e-08   -6.8079409297e-10   -3.0495958836e-09   -4.9088021489e-08   -3.0807686731e-08   -2.2534900496e-08    9.6271496477e-10    1.5957757834e-09
  16.4600000   -8.0096371917e-08   -4.8879847541e-09   -5.0006585728e-09   -4.8595393943e-08   -2.8444022040e-08   -2.0709958919e-08    9.2698351116e-10    1.4780486995e-09
  16.5100000   -7.4904306138e-08   -8.9102298059e-09   -4.3320404288e-09   -5.0194276586e-08   -2.8704315074e-08   -1.8529721465e-08    8.8539558120e-10    1.3728642074e-09
  16.5600000   -6.9235939971e-08   -8.4156074149e-09   -5.2420244051e-10   -5.3279447117e-08   -3.1468086667e-08   -1.6897255699e-08    8.3777898360e-10    1.2811957066e-09
  16.6100000   -6.4751040088e-08   -2.9716536054e-09    5.4748767783e-09   -5.6415999040e-08   -3.5628464899e-08   -1.6467999585e-08    7.8474965635e-10    1.2036188200e-09
  16.6600000   -6.3105814480e-08    3.5788826404e-09    1.1510988460e-08   -5.8121622744e-08   -3.9601084897e-08   -1.7372811570e-08    7.2769641637e-10    1.1405695199e-09
  16.7100000   -6.4945073414e-08    6.8491968434e-09    1.5052156590e-08   -5.7679324275e-08   -4.1965102289e-08   -1.9190841650e-08    6.6858026597e-10    1.0925706464e-09
  16.7600000   -6.8550584055e-08    5.5580191495e-09    1.4239629098e-08   -5.5550294362e-08   -4.1979794510e-08   -2.1167922743e-08    6.0957317689e-10    1.0603583346e-09
  16.8100000   -7.0785915544e-08    1.7045582000e-09    8.7112645181e-09   -5.3163196972e-08   -3.9803235526e-08   -2.2562889097e-08    5.5266162376e-10    1.0447906589e-09
  16.8600000   -7.0255489205e-08   -2.0019138483e-09   -1.5623337477e-10   -5.2180259984e-08   -3.6370453299e-08   -2.2955100967e-08    4.9932490992e-10    1.0467044998e-09
  16.9100000   -6.9177064512e-08   -4.3214476247e-09   -9.6895411947e-09   -5.3616228193e-08   -3.3010400097e-08   -2.2380466668e-08    4.5037015679e-10    1.0667445462e-09
  16.9600000   -7.1152114967e-08   -5.5163236154e-09   -1.6859293486e-08   -5.7269240917e-08   -3.0955504836e-08   -2.1256411329e-08    4.0592805592e-10    1.1051822673e-09
  17.0100000   -7.6582328264e-08   -6.1096508736e-09   -1.9336658032e-08   -6.1767484851e-08   -3.0912979308e-08   -2.0156800677e-08    3.6556197449e-10    1.1618164941e-09
  17.0600000   -8.0770276242e-08   -6.0503302683e-09   -1.6262196044e-08   -6.5219938345e-08   -3.2832724918e-08   -1.9557308200e-08    3.2846000167e-10    1.2359547087e-09
  17.1100000   -7.7603938000e-08   -4.8957795745e-09   -8.4730948598e-09   -6.6146542158e-08   -3.5940145672e-08   -1.9664505443e-08    2.9356894193e-10    1.3264339360e-09
  17.1600000   -6.5857062633e-08   -2.5339646848e-09    1.8296958853e-09   -6.4216861636e-08   -3.9020676827e-08   -2.0383241045e-08    2.5971031771e-10    1.4316862760e-09
  17.2100000   -5.1703732146e-08    2.6983142875e-10    1.1788737408e-08   -6.0424191657e-08   -4.0863273309e-08   -2.1403584815e-08    2.2566101408e-10    1.5499121885e-09
  17.2600000   -4.4279238508e-08    2.0495410492e-09    1.8699950805e-08   -5.6612488341e-08   -4.0712665797e-08   -2.2341724007e-08    1.9022410028e-10    1.6792548160e-09
  17.3100000   -4.8196470054e-08    1.7032862770e-09    2.0695242113e-08   -5.4602289284e-08   -3.8565370322e-08   -2.2866693355e-08    1.5232372725e-10    1.8180219336e-09
  17.3600000   -6.0235376453e-08   -2.6166118295e-10    1.7176785934e-08   -5.5357014871e-08   -3.5187090198e-08   -2.2777686190e-08    1.1117782987e-10    1.9648323961e-09
  17.4100000   -7.2953391380e-08   -1.7385044922e-09    8.9737793235e-09   -5.8593445440e-08   -3.1826384187e-08   -2.2034738868e-08    6.6489447745e-11    2.1186297352e-09
  17.4600000   -8.0637353541e-08   -9.2681781897e-10   -1.7796692955e-09   -6.2999774278e-08   -2.9720911728e-08   -2.0763340445e-08    1.8592184740e-11    2.2785883815e-09
  17.5100000   -8.1454102293e-08    1.4036699305e-09   -1.2061925935e-08   -6.6914963134e-08   -2.9589851658e-08   -1.9243082607e-08   -3.1459948116e-11    2.4439058209e-09
  17.5600000   -7.5475197945e-08    1.9445534385e-09   -1.8684706400e-08   -6.9108648207e-08   -3.1330410994e-08   -1.7868336939e-08   -8.1865764468e-11    2.6136352442e-09
  17.6100000   -6.3565968292e-08   -2.0960998041e-09   -1.9237457559e-08   -6.9283446518e-08   -3.4064047892e-08   -1.7060907026e-08   -1.3021131648e-10    2.7865976320e-09
  17.6600000   -4.9661968612e-08   -9.5860234371e-09   -1.3020739704e-08   -6.8091564635e-08   -3.6531236862e-08   -1.7135335258e-08   -1.7361476496e-10    2.9614383628e-09
  17.7100000   -4.2161224827e-08   -1.5372372538e-08   -1.6011007040e-09   -6.6711215344e-08   -3.7671805307e-08   -1.8158021277e-08   -2.0895040026e-10    3.1368258733e-09
  17.7600000   -4.9162596518e-08   -1.4170031407e-08    1.1368853479e-08   -6.6230585232e-08   -3.7129731615e-08   -1.9872451603e-08   -2.3309445429e-10    3.3115636564e-09
  17.8100000   -6.9995030866e-08   -5.0987008467e-09    2.1202259373e-08   -6.7146809143e-08   -3.5439893863e-08   -2.1754102524e-08   -2.4319511013e-10    3.4846036193e-09
  17.8600000   -9.2481453248e-08    7.2198021688e-09    2.3860652473e-08   -6.9196436983e-08   -3.3792197663e-08   -2.3202752090e-08   -2.3691429963e-10    3.6548758990e-09
  17.9100000   -1.0145370018e-07    1.5874578601e-08    1.7659664248e-08   -7.1555565023e-08   -3.3466682795e-08   -2.3801328141e-08   -2.1263282740e-10    3.8210052892e-09
  17.9600000   -9.1990952922e-08    1.6348348676e-08    4.2429277538e-09   -7.3277668542e-08   -3.5198952980e-08   -2.3515678231e-08   -1.6964522925e-10    3.9810302406e-09
  18.0100000   -7.4307233823e-08    9.1305195580e-09   -1.1726005327e-08   -7.3749203583e-08   -3.8782265746e-08   -2.2719595038e-08   -1.0824178827e-10    4.1323850146e-09
  18.0600000   -6.4527652571e-08   -1.0738203383e-09   -2.4188684000e-08   -7.2963769240e-08   -4.3111320182e-08   -2.2009946533e-08   -2.9720785582e-11    4.2721135284e-09
  18.1100000   -6.9662145294e-08   -8.4842049002e-09   -2.8059795752e-08   -7.1515438989e-08   -4.6664157911e-08   -2.1890547448e-08    6.3633076951e-11    4.3973111177e-09
  18.1600000   -8.1173908088e-08   -9.7991438950e-09   -2.1361477170e-08   -7.0336491159e-08   -4.8202501927e-08   -2.2487482440e-08    1.6869807906e-10    4.5055978168e-09
  18.2100000   -8.3361699587e-08   -6.2845625285e-09   -6.1758679091e-09   -7.0299621922e-08   -4.7355339417e-08   -2.3457248379e-08    2.8161539329e-10    4.5954191149e-09
  18.2600000   -6.8634289097e-08   -2.8485974466e-09    1.2051561317e-08   -7.1843417488e-08   -4.4798600643e-08   -2.4155038121e-08    3.9800703791e-10    4.6660683110e-09
  18.3100000   -4.5351150723e-08   -3.9554598872e-09    2.6604790192e-08   -7.4762873928e-08   -4.1935685335e-08   -2.3987712191e-08    5.1322612044e-10    4.7174346867e-09
  18.3600000   -3.0915749532e-08   -9.0413566445e-09    3.2114187370e-08   -7.8248188876e-08   -4.0228019267e-08   -2.2764869250e-08    6.2267662188e-10    4.7496565837e-09
  18.4100000   -3.6387110361e-08   -1.1870620097e-08    2.6605532712e-08   -8.1172209672e-08   -4.0499329835e-08   -2.0848945823e-08    7.2220912999e-10    4.7628719523e-09
  18.4600000   -5.6606749620e-08   -5.7825377704e-09    1.2163248890e-08   -8.2535139751e-08   -4.2551537544e-08   -1.9006682592e-08    8.0849340026e-10    4.7571797106e-09
  18.5100000   -7.4824175989e-08    9.0668673045e-09   -5.9886133898e-09   -8.1902831972e-08   -4.5276981379e-08   -1.8027801599e-08    8.7933862039e-10    4.7328112842e-09
  18.5600000   -7.7571751982e-08    2.3668671963e-08   -2.1523554830e-08   -7.9653132260e-08   -4.7206517814e-08   -1.8311949219e-08    9.3388284975e-10    4.6903601219e-09
  18.6100000   -6.6161972575e-08    2.6575995158e-08   -2.9301201584e-08   -7.6899853887e-08   -4.7220139082e-08   -1.9652099510e-08    9.7246500699e-10    4.6309600254e-09
  18.6600000   -5.4466377131e-08    1.3728575484e-08   -2.7043165640e-08   -7.5088194584e-08   -4.5073879921e-08   -2.1340423015e-08    9.9649891126e-10    4.5562078413e-09
  18.7100000   -5.5592840598e-08   -7.4215152152e-09   -1.5879391578e-08   -7.5403968551e-08   -4.1496425154e-08   -2.2545843875e-08    1.0081441388e-09    4.4679007158e-09
  18.7600000   -7.0248322194e-08   -2.3630909644e-08    2.6738799231e-10   -7.8241159012e-08   -3.7827710982e-08   -2.2759039428e-08    1.0100082517e-09    4.3676382314e-09
  18.8100000   -8.7173333350e-08   -2.6330019965e-08    1.6095665730e-08   -8.2971295646e-08   -3.5394323359e-08   -2.2060440078e-08    1.0048881737e-09    4.2565863779e-09
  18.8600000   -9.3954790085e-08   -1.7515477044e-08    2.6602429526e-08   -8.8141512514e-08   -3.4931900978e-08   -2.1062829403e-08    9.9557427753e-10    4.1353773438e-09
  18.9100000   -8.7234363857e-08   -6.4557976039e-09    2.8533158989e-08   -9.2041032502e-08   -3.6319905972e-08   -2.0561172026e-08    9.8468139157e-10    4.0042863041e-09
  18.9600000   -7.3584942698e-08   -1.0371996771e-09    2.1277081579e-08   -9.3404232390e-08   -3.8723528934e-08   -2.1084435277e-08    9.7446454582e-10    3.8635159507e-09
  19.0100000   -6.2336145240e-08   -1.6628020877e-09    7.0490249806e-09   -9.1946639009e-08   -4.1034579372e-08   -2.2595790800e-08    9.6656935099e-10    3.7133985195e-09
  19.0600000   -5.8340306767e-08   -2.4421746910e-09   -9.6735479265e-09   -8.8497908795e-08   -4.2373614531e-08   -2.4500979158e-08    9.6189258023e-10    3.5544947466e-09
  19.1100000   -6.0352459952e-08    2.1914034212e-09   -2.3378519723e-08   -8.4672633841e-08   -4.2416635606e-08   -2.5952153337e-08    9.6042628114e-10    3.3875469588e-09
  19.1600000   -6.4050713120e-08    1.1521611508e-08   -2.9186787316e-08   -8.2223337749e-08   -4.1426414971e-08   -2.6274638380e-08    9.6132972821e-10    3.2132625300e-09
  19.2100000   -6.5576306920e-08    1.8379849015e-08   -2.4546290382e-08   -8.2352346689e-08   -4.0027043192e-08   -2.5287447007e-08    9.6305236004e-10    3.0323272263e-09
  19.2600000   -6.3437981462e-08    1.5053940779e-08   -1.0388366791e-08   -8.5264178691e-08   -3.8874364624e-08   -2.3359892723e-08    9.6362675182e-10    2.8454547949e-09
  19.3100000   -5.9081150258e-08    5.0624644410e-10    8.7986565838e-09   -9.0123520735e-08   -3.8392689495e-08   -2.1199752895e-08    9.6090808011e-10    2.6536729883e-09
  19.3600000   -5.6172289286e-08   -1.7358474041e-08    2.6239064330e-08   -9.5409290023e-08   -3.8676705704e-08   -1.9509452454e-08    9.5282380493e-10    2.4586100225e-09
  19.4100000   -5.7938167336e-08   -2.6989883160e-08    3.5228181443e-08   -9.9503099545e-08   -3.9550998177e-08   -1.8699247020e-08    9.3752974591e-10    2.2626281997e-09
  19.4600000   -6.3727847454e-08   -2.2250805053e-08    3.1781161207e-08   -1.0127905734e-07   -4.0704997039e-08   -1.8788638224e-08    9.1352797997e-10    2.0687366974e-09
  19.5100000   -6.8412414766e-08   -7.6043043121e-09    1.6484634342e-08   -1.0048523483e-07   -4.1812756045e-08   -1.9505395957e-08    8.7981672182e-10    1.8801513068e-09
  19.5600000   -6.6684879366e-08    5.4619576779e-09   -5.3556890022e-09   -9.7799303770e-08   -4.2595836537e-08   -2.0483933829e-08    8.3605910291e-10    1.6998473638e-09
  19.6100000   -5.8844302438e-08    8.0735021770e-09   -2.5529765370e-08   -9.4558449535e-08   -4.2848545889e-08   -2.1432153188e-08    7.8265783733e-10    1.5300247924e-09
  19.6600000   -5.1640872867e-08    1.2841791196e-09   -3.6097322499e-08   -9.2268519957e-08   -4.2471247789e-08   -2.2187569544e-08    7.2083848430e-10    1.3719254213e-09
  19.7100000   -5.2162765468e-08   -5.4980122223e-09   -3.2646250850e-08   -9.2063485804e-08   -4.1532600782e-08   -2.2674114653e-08    6.5251605932e-10    1.2258735350e-09
  19.7600000   -6.0618435882e-08   -3.5405409188e-09   -1.6227943326e-08   -9.4300285319e-08   -4.0328073419e-08   -2.2836134495e-08    5.8008077707e-10    1.0915987855e-09
  19.8100000   -6.9921114484e-08    6.9712207008e-09    6.9246300553e-09   -9.8431080301e-08   -3.9365733561e-08   -2.2625420471e-08    5.0614496798e-10    9.6862876957e-10
  19.8600000   -7.2889627713e-08    1.6954064324e-08    2.7840595022e-08   -1.0320493631e-07   -3.9227358803e-08   -2.2057726992e-08    4.3323329939e-10    8.5654933174e-10
  19.9100000   -6.9285545724e-08    1.6598965096e-08    3.8408714145e-08   -1.0713675313e-07   -4.0323588128e-08   -2.1284710783e-08    3.6366364335e-10    7.5508565059e-10
  19.9600000   -6.4963258351e-08    4.2606561962e-09    3.4612610172e-08   -1.0908040975e-07   -4.2645456986e-08   -2.0599661278e-08    2.9944948798e-10    6.6397646875e-10
  20.0100000   -6.4458516224e-08   -1.1842648880e-08    1.8056472918e-08   -1.0869263121e-07   -4.5654858564e-08   -2.0332416427e-08    2.4225623004e-10    5.8275574981e-10
  20.0600000   -6.5907707648e-08   -2.0499934751e-08   -4.8074709535e-09   -1.0659957870e-07   -4.8414892732e-08   -2.0668335120e-08    1.9340037789e-10    5.1059000411e-10
  20.1100000   -6.4232291306e-08   -1.6824000435e-08   -2.5352337623e-08   -1.0418160655e-07   -4.9947468210e-08   -2.1493422187e-08    1.5372321891e-10    4.4630477776e-10
  20.1600000   -5.8441090594e-08   -5.9339861018e-09   -3.6181420482e-08   -1.0304115049e-07   -4.9675354525e-08   -2.2375245013e-08    1.2347657517e-10    3.8857261980e-10
  20.2100000   -5.3801859322e-08    2.0391390792e-09   -3.3860380970e-08   -1.0435639393e-07   -4.7734736316e-08   -2.2724249400e-08    1.0221793270e-10    3.3625710190e-10
  20.2600000   -5.5825440884e-08    1.1159207377e-09   -1.9937757367e-08   -1.0838375185e-07   -4.4980863533e-08   -2.2077908125e-08    8.8884820829e-11    2.8876029782e-10
  20.3100000   -6.3156437699e-08   -5.3340674427e-09    1.5301870224e-11   -1.1432070283e-07   -4.2648088832e-08   -2.0368734819e-08    8.1920375447e-11    2.4626092989e-10
  20.3600000   -6.8194666545e-08   -8.0835649261e-09    1.8796434331e-08   -1.2059193193e-07   -4.1800125974e-08   -1.8027899785e-08    7.9587939058e-11    2.0981106228e-10
  20.4100000   -6.5214452793e-08   -1.2382386069e-09    3.0326164874e-08   -1.2544321221e-07   -4.2826532550e-08   -1.5849227175e-08    8.0228876843e-11    1.8121567518e-10
  20.4600000   -5.6704533749e-08    1.1299774707e-08    3.1668652162e-08   -1.2759961613e-07   -4.5236801288e-08   -1.4658114987e-08    8.2458611550e-11    1.6277928396e-10
  20.5100000   -5.0608120449e-08    1.8563405711e-08    2.3647481357e-08   -1.2672605946e-07   -4.7869026745e-08   -1.4934445752e-08    8.5222810931e-11    1.5683198294e-10
  20.5600000   -5.1791563645e-08    1.2619382340e-08    1.0024485676e-08   -1.2352121438e-07   -4.9428251452e-08   -1.6571237425e-08    8.7670154451e-11    1.6529005333e-10
  20.6100000   -5.7549580803e-08   -3.2279901972e-09   -4.2323356886e-09   -1.1943314018e-07   -4.9101943359e-08   -1.8893211950e-08    8.9015762714e-11    1.8911238045e-10
  20.6600000   -6.1678098516e-08   -1.6511743739e-08   -1.4808271970e-08   -1.1613137539e-07   -4.6954412911e-08   -2.0937304103e-08    8.8378644598e-11    2.2788969115e-10
  20.7100000   -6.1493952623e-08   -1.6873970732e-08   -1.9335845979e-08   -1.1494330948e-07   -4.3905289855e-08   -2.1871163314e-08    8.4739847134e-11    2.7968260673e-10
  20.7600000   -5.9575292969e-08   -5.9594101621e-09   -1.7768590862e-08   -1.1644384756e-07   -4.1298679713e-08   -2.1356901425e-08    7.6929679000e-11    3.4111395108e-10
  20.8100000   -5.9330366684e-08    4.2150627743e-09   -1.1885897588e-08   -1.2030558368e-07   -4.0269480324e-08   -1.9691069429e-08    6.3689069141e-11    4.0785045879e-10
  20.8600000   -6.0830346555e-08    3.4044566758e-09   -4.2878764921e-09   -1.2542278460e-07   -4.1210510330e-08   -1.7655906540e-08    4.3702142397e-11    4.7529211323e-10
  20.9100000   -6.1748738067e-08   -6.3339520020e-09    2.6462277328e-09   -1.3025277775e-07   -4.3591710968e-08   -1.6152783062e-08    1.5732728871e-11    5.3937150862e-10
  20.9600000   -6.0984201656e-08   -1.2858544920e-08    7.4482341207e-09   -1.3328302439e-07   -4.6209289657e-08   -1.5790075067e-08   -2.1355178756e-11    5.9722656442e-10
  21.0100000   -5.9654431955e-08   -6.9716045169e-09    9.7289387605e-09   -1.3351391913e-07   -4.7736452368e-08   -1.6616725049e-08   -6.8404262662e-11    6.4754885489e-10
  21.0600000   -5.8736075428e-08    7.3623893774e-09    9.8954057529e-09   -1.3083621981e-07   -4.7311008695e-08   -1.8120513846e-08   -1.2579426861e-10    6.9061372966e-10
  21.1100000   -5.7469611038e-08    1.6618330390e-08    8.6573884657e-09   -1.2617954506e-07   -4.4891086816e-08   -1.9482802569e-08   -1.9314121185e-10    7.2790236326e-10
  21.1600000   -5.4991764753e-08    1.1537829236e-08    6.6016207380e-09   -1.2133667938e-07   -4.1233169375e-08   -1.9962039715e-08   -2.6907308125e-10    7.6163594376e-10
  21.2100000   -5.2471326984e-08   -3.3472304673e-09    4.0236713038e-09   -1.1844564687e-07   -3.7529315665e-08   -1.9223537415e-08   -3.5106721495e-10    7.9425427465e-10
  21.2600000   -5.2141608315e-08   -1.4414136640e-08    1.0444785745e-09   -1.1923700600e-07   -3.4891864958e-08   -1.7468591571e-08   -4.3544444235e-10    8.2801314009e-10
  21.3100000   -5.4275467613e-08   -1.2733357219e-08   -2.1194953233e-09   -1.2428791519e-07   -3.3924021853e-08   -1.5318388695e-08   -5.1765882066e-10    8.6474237342e-10
  21.3600000   -5.6425014610e-08   -2.5566571234e-09   -4.9430732835e-09   -1.3259683288e-07   -3.4551126311e-08   -1.3526043306e-08   -5.9255015928e-10    9.0571054281e-10
  21.4100000   -5.6267946948e-08    3.8402715318e-09   -6.6112365623e-09   -1.4173598405e-07   -3.6152166987e-08   -1.2661846488e-08   -6.5496926156e-10    9.5150766836e-10
  21.4600000   -5.4378331200e-08   -9.4144247331e-10   -6.3115230913e-09   -1.4863703706e-07   -3.7895592645e-08   -1.2912798774e-08   -7.0025932209e-10    1.0019721414e-09
  21.5100000   -5.3328209766e-08   -1.2075363563e-08   -3.6756676513e-09   -1.5078239235e-07   -3.9110355721e-08   -1.4066269609e-08   -7.2484594937e-10    1.0561436584e-09
  21.5600000   -5.4527436584e-08   -1.7646232542e-08    8.6587788690e-10   -1.4734075429e-07   -3.9535832936e-08   -1.5653081758e-08   -7.2676373881e-10    1.1123624775e-09
  21.6100000   -5.6999488720e-08   -1.0542295349e-08    6.0454134342e-09   -1.3973119253e-07   -3.9371458461e-08   -1.7157920522e-08   -7.0604135902e-10    1.1684942192e-09
  21.6600000   -5.9167814457e-08    4.6769310941e-09    1.0128311069e-08   -1.3128457350e-07   -3.9141756908e-08   -1.8194841194e-08   -6.6491763187e-10    1.2223674402e-09
  21.7100000   -6.0542620233e-08    1.6041955842e-08    1.1578019497e-08   -1.2604124594e-07   -3.9459523929e-08   -1.8587620362e-08   -6.0783161640e-10    1.2722601758e-09
  21.7600000   -6.0989119921e-08    1.4866556711e-08    9.7270997059e-09   -1.2712187258e-07   -4.0787120415e-08   -1.8356174204e-08   -5.4104390905e-10    1.3173447418e-09
  21.8100000   -5.9422503643e-08    2.8107556449e-09    5.1237192799e-09   -1.3534703947e-07   -4.3271810791e-08   -1.7653349242e-08   -4.7196236177e-10    1.3578080393e-09
  21.8600000   -5.4747929798e-08   -1.0497146643e-08   -6.4592894148e-10   -1.4873000159e-07   -4.6689806018e-08   -1.6700442531e-08   -4.0819363147e-10    1.3946973025e-09
  21.9100000   -4.8099607709e-08   -1.6242795751e-08   -5.6072565256e-09   -1.6312257598e-07   -5.0498442168e-08   -1.5743457314e-08   -3.5641444316e-10    1.4294420972e-09
  21.9600000   -4.2776822029e-08   -1.3396672240e-08   -8.2227766702e-09   -1.7379907032e-07   -5.3975805925e-08   -1.5020443644e-08   -3.2135314072e-10    1.4631758888e-09
  21.9900000   -4.1341265715e-08   -9.9983523133e-09   -8.4093431183e-09   -1.7689603063e-07   -5.5602407200e-08   -1.4780829066e-08   -3.0930584274e-10    1.4830880967e-09
  22.0000000   -4.1177862152e-08   -8.9595869018e-09   -8.2521730506e-09   -1.7728247094e-07   -5.6038650108e-08   -1.4739808214e-08   -3.0679520665e-10    1.4896480379e-09
  22.0100000   -4.1152796494e-08   -8.0558483668e-09   -7.9958705977e-09   -1.7734021666e-07   -5.6415660186e-08   -1.4719187128e-08   -3.0501448382e-10    1.4961528453e-09
  22.0200000   -4.1247461376e-08   -7.3255926630e-09   -7.6489660521e-09   -1.7707362441e-07   -5.6730546253e-08   -1.4719168545e-08   -3.0395151310e-10    1.5025906096e-09
  22.0300000   -4.1440048940e-08   -6.7951917787e-09   -7.2211765734e-09   -1.7649222288e-07   -5.6981074050e-08   -1.4739699630e-08   -3.0357807212e-10    1.5089529904e-09
  22.0400000   -4.1707320288e-08   -6.4777860059e-09   -6.7231298086e-09   -1.7561053187e-07   -5.7165686952e-08   -1.4780467777e-08   -3.0386901637e-10    1.5152204160e-09
  22.0500000   -4.2025908953e-08   -6.3728093671e-09   -6.1661674242e-09   -1.7444786116e-07   -5.7283542950e-08   -1.4840863863e-08   -3.0478283310e-10    1.5213741166e-09
  22.0600000   -4.2374061161e-08   -6.4661017702e-09   -5.5620447928e-09   -1.7302796576e-07   -5.7334544876e-08   -1.4920008497e-08   -3.0629688107e-10    1.5273950697e-09
  22.0700000   -4.2733014566e-08   -6.7306501180e-09   -4.9226760346e-09   -1.7137867729e-07   -5.7319338951e-08   -1.5016716713e-08   -3.0835863358e-10    1.5332643334e-09
  22.0800000   -4.3088207110e-08   -7.1279795079e-09   -4.2598735364e-09   -1.6953144059e-07   -5.7239330159e-08   -1.5129546640e-08   -3.1092941075e-10    1.5389556151e-09
  22.0900000   -4.3430267370e-08   -7.6100087646e-09   -3.5851001306e-09   -1.6752078595e-07   -5.7096669131e-08   -1.5256788646e-08   -3.1395442264e-10    1.5444512199e-09
  22.1000000   -4.3755563987e-08   -8.1214922526e-09   -2.9092351619e-09   -1.6538379438e-07   -5.6894244702e-08   -1.5396470762e-08   -3.1738817872e-10    1.5497251105e-09
  22.1100000   -4.4066472177e-08   -8.6027027331e-09   -2.2423287684e-09   -1.6315944339e-07   -5.6635644317e-08   -1.5546416642e-08   -3.2117577121e-10    1.5547488581e-09
  22.1200000   -4.4371044264e-08   -8.9924337248e-09   -1.5934495079e-09   -1.6088802374e-07   -5.6325139888e-08   -1.5704235171e-08   -3.2525694071e-10    1.5595065592e-09
  22.1300000   -4.4682463638e-08   -9.2311451577e-09   -9.7050059917e-10   -1.5861042737e-07   -5.5967628271e-08   -1.5867380538e-08   -3.2957873608e-10    1.5639651756e-09
  22.1400000   -4.5017988434e-08   -9.2640415958e-09   -3.8008635505e-10   -1.5636753532e-07   -5.5568556165e-08   -1.6033166151e-08   -3.3407500838e-10    1.5681067339e-09
  22.1500000   -4.5397637073e-08   -9.0439964185e-09    1.7257092782e-10   -1.5419950276e-07   -5.5133887019e-08   -1.6198813967e-08   -3.3868350713e-10    1.5718978578e-09
  22.1600000   -4.5842613363e-08   -8.5342250134e-09    6.8369458552e-10   -1.5214515370e-07   -5.4670013679e-08   -1.6361507838e-08   -3.4334830212e-10    1.5753237320e-09
  22.1700000   -4.6373588336e-08   -7.7104470989e-09    1.1509811278e-09   -1.5024134208e-07   -5.4183660073e-08   -1.6518420825e-08   -3.4800200371e-10    1.5783589475e-09
  22.1800000   -4.7008939560e-08   -6.5625861753e-09    1.5735516493e-09   -1.4852235553e-07   -5.3681823673e-08   -1.6666787022e-08   -3.5258180973e-10    1.5809832388e-09
  22.1900000   -4.7763106904e-08   -5.0958132774e-09    1.9519298965e-09   -1.4701938142e-07   -5.3171651747e-08   -1.6803914333e-08   -3.5702882193e-10    1.5831761157e-09
  22.2000000   -4.8645021516e-08   -3.3308648730e-09    2.2879214947e-09   -1.4576000719e-07   -5.2660351500e-08   -1.6927267308e-08   -3.6127601668e-10    1.5849193180e-09
  22.2100000   -4.9656966836e-08   -1.3037146207e-09    2.5845134787e-09   -1.4476781023e-07   -5.2155111467e-08   -1.7034492639e-08   -3.6527229725e-10    1.5861983691e-09
  22.2200000   -5.0793679669e-08    9.3552835688e-10    2.8456980095e-09   -1.4406197648e-07   -5.1662972789e-08   -1.7123465952e-08   -3.6895127718e-10    1.5869982509e-09
  22.2300000   -5.2041880609e-08    3.3244207715e-09    3.0762889214e-09   -1.4365701546e-07   -5.1190721901e-08   -1.7192336987e-08   -3.7226355904e-10    1.5873073069e-09
  22.2400000   -5.3380415134e-08    5.7905272002e-09    3.2817551865e-09   -1.4356255773e-07   -5.0744820983e-08   -1.7239567474e-08   -3.7514756002e-10    1.5871185387e-09
  22.2500000   -5.4780698348e-08    8.2543604982e-09    3.4679683893e-09   -1.4378323263e-07   -5.0331277496e-08   -1.7263953816e-08   -3.7755826758e-10    1.5864224367e-09
  22.2600000   -5.6207723760e-08    1.0632667182e-08    3.6410006505e-09   -1.4431860163e-07   -4.9955572777e-08   -1.7264658514e-08   -3.7945003806e-10    1.5852187118e-09
  22.2700000   -5.7621464702e-08    1.2841959441e-08    3.8068656119e-09   -1.4516319100e-07   -4.9622587721e-08   -1.7241229678e-08   -3.8077114268e-10    1.5835045592e-09
  22.2800000   -5.8978606920e-08    1.4802128573e-08    3.9713524842e-09   -1.4630661251e-07   -4.9336495790e-08   -1.7193611395e-08   -3.8149103599e-10    1.5812825609e-09
  22.2900000   -6.0234591694e-08    1.6439990890e-08    4.1397388105e-09   -1.4773377047e-07   -4.9100714169e-08   -1.7122150948e-08   -3.8156646989e-10    1.5785604282e-09
  22.3000000   -6.1345766863e-08    1.7692537651e-08    4.3166401906e-09   -1.4942509258e-07   -4.8917862528e-08   -1.7027593751e-08   -3.8096233531e-10    1.5753465659e-09
  22.3100000   -6.2271524190e-08    1.8509830062e-08    4.5058094292e-09   -1.5135688792e-07   -4.8789693726e-08   -1.6911073655e-08   -3.7966187181e-10    1.5716479605e-09
  22.3200000   -6.2976428717e-08    1.8857278418e-08    4.7099753334e-09   -1.5350173425e-07   -4.8717076185e-08   -1.6774095779e-08   -3.7763768212e-10    1.5674844003e-09
  22.3300000   -6.3432090178e-08    1.8717284502e-08    4.9307310793e-09   -1.5582893680e-07   -4.8699984724e-08   -1.6618515005e-08   -3.7487140300e-10    1.5628706235e-09
  22.3400000   -6.3618716800e-08    1.8090089618e-08    5.1684179068e-09   -1.5830502320e-07   -4.8737476761e-08   -1.6446488538e-08   -3.7135173787e-10    1.5578300738e-09
  22.3500000   -6.3526219955e-08    1.6993912272e-08    5.4220785577e-09   -1.6089426675e-07   -4.8827736087e-08   -1.6260451411e-08   -3.6706857408e-10    1.5523832053e-09
  22.3600000   -6.3154924624e-08    1.5464223037e-08    5.6894262567e-09   -1.6355927838e-07   -4.8968067993e-08   -1.6063086535e-08   -3.6202704241e-10    1.5465536440e-09
  22.3700000   -6.2515690097e-08    1.3552207081e-08    5.9668738305e-09   -1.6626157938e-07   -4.9154948580e-08   -1.5857246791e-08   -3.5622240514e-10    1.5403727168e-09
  22.3800000   -6.1629467668e-08    1.1322519453e-08    6.2495800866e-09   -1.6896220692e-07   -4.9384090639e-08   -1.5645911477e-08   -3.4967015243e-10    1.5338712189e-09
  22.3900000   -6.0526470147e-08    8.8505317938e-09    6.5315441466e-09   -1.7162231713e-07   -4.9650504754e-08   -1.5432160235e-08   -3.4237941221e-10    1.5270781690e-09
  22.4000000   -5.9244674053e-08    6.2190456336e-09    6.8057428550e-09   -1.7420376595e-07   -4.9948560307e-08   -1.5219060752e-08   -3.3437064972e-10    1.5200292103e-09
  22.4100000   -5.7828092780e-08    3.5146232617e-09    7.0642637225e-09   -1.7666969836e-07   -5.0272083244e-08   -1.5009672206e-08   -3.2567211670e-10    1.5127608267e-09
  22.4200000   -5.6324680738e-08    8.2392120375e-10    7.2985344915e-09   -1.7898508120e-07   -5.0614465747e-08   -1.4806944764e-08   -3.1630324357e-10    1.5053124744e-09
  22.4300000   -5.4783965222e-08   -1.7700335541e-09    7.4995042274e-09   -1.8111723213e-07   -5.0968750743e-08   -1.4613702574e-08   -3.0630681547e-10    1.4977174894e-09
  22.4400000   -5.3254725646e-08   -4.1913309116e-09    7.6579037004e-09   -1.8303629387e-07   -5.1327751064e-08   -1.4432550206e-08   -2.9571459889e-10    1.4900178944e-09
  22.4500000   -5.1782628962e-08   -6.3742078147e-09    7.7644853664e-09   -1.8471564579e-07   -5.1684153514e-08   -1.4265863947e-08   -2.8457329944e-10    1.4822560914e-09
  22.4600000   -5.0408178483e-08   -8.2656179757e-09    7.8102855845e-09   -1.8613230032e-07   -5.2030652128e-08   -1.4115719753e-08   -2.7293151757e-10    1.4744705117e-09
  22.4700000   -4.9164703943e-08   -9.8271744944e-09    7.7868702222e-09   -1.8726719618e-07   -5.2360040603e-08   -1.3983878885e-08   -2.6083290190e-10    1.4667010389e-09
  22.4800000   -4.8077028195e-08   -1.1036283614e-08    7.6866181218e-09   -1.8810545504e-07   -5.2665344540e-08   -1.3871741074e-08   -2.4833379651e-10    1.4589872464e-09
  22.4900000   -4.7160369886e-08   -1.1886542683e-08    7.5029408441e-09   -1.8863657181e-07   -5.2939899904e-08   -1.3780332575e-08   -2.3549272692e-10    1.4513684934e-09
  22.5000000   -4.6419884180e-08   -1.2387362184e-08    7.2305156751e-09   -1.8885454301e-07   -5.3177484308e-08   -1.3710278109e-08   -2.2236403221e-10    1.4438848790e-09
  22.5100000   -4.5850673180e-08   -1.2562807364e-08    6.8655170508e-09   -1.8875788436e-07   -5.3372428986e-08   -1.3661802225e-08   -2.0901697565e-10    1.4365750824e-09
  22.5200000   -4.5438385648e-08   -1.2449861992e-08    6.4057655487e-09   -1.8834967584e-07   -5.3519640562e-08   -1.3634726642e-08   -1.9550606706e-10    1.4294688159e-09
  22.5300000   -4.5160203675e-08   -1.2096000634e-08    5.8508681131e-09   -1.8763741420e-07   -5.3614742840e-08   -1.3628464043e-08   -1.8190134695e-10    1.4226099700e-09
  22.5400000   -4.4986382417e-08   -1.1556384407e-08    5.2023749615e-09   -1.8663293634e-07   -5.3654108056e-08   -1.3642043989e-08   -1.6827019277e-10    1.4160183559e-09
  22.5500000   -4.4882028128e-08   -1.0890783900e-08    4.4637782053e-09   -1.8535216016e-07   -5.3634919992e-08   -1.3674134597e-08   -1.5467209314e-10    1.4097295714e-09
  22.5600000   -4.4809237877e-08   -1.0160372902e-08    3.6405775538e-09   -1.8381487016e-07   -5.3555201414e-08   -1.3723059244e-08   -1.4118024596e-10    1.4037732880e-09
  22.5700000   -6.4583598098e-08   -1.0750402675e-08    2.7620385692e-09   -1.8206906849e-07   -5.3413864909e-08   -1.3786845277e-08   -1.2785861926e-10    1.3981717578e-09
  22.5800000   -6.4229687562e-08   -9.0406146681e-09    1.8147005136e-09   -1.8011579980e-07   -5.3210697029e-08   -1.3863237950e-08   -1.1477452333e-10    1.3929495381e-09
  22.5900000   -6.3644302613e-08   -7.4076049927e-09    8.0946618732e-10   -1.7798395223e-07   -5.2946374251e-08   -1.3949756304e-08   -1.0199053665e-10    1.3881219846e-09
  22.6000000   -6.2815653981e-08   -5.9059370809e-09   -2.4119044847e-10   -1.7570465391e-07   -5.2622442426e-08   -1.4043739412e-08   -8.9569121142e-11    1.3837040825e-09
  22.6100000   -6.1735596246e-08   -4.5795274434e-09   -1.3234707948e-09   -1.7331082767e-07   -5.2241278390e-08   -1.4142392034e-08   -7.7575052369e-11    1.3797042974e-09
  22.6200000   -6.0400545224e-08   -3.4603368935e-09   -2.4223975203e-09   -1.7083669917e-07   -5.1806077116e-08   -1.4242826745e-08   -6.6063860961e-11    1.3761380540e-09
  22.6300000   -5.8812177895e-08   -2.5677545702e-09   -3.5221513332e-09   -1.6831734963e-07   -5.1320764903e-08   -1.4342110458e-08   -5.5092037472e-11    1.3730025932e-09
  22.6400000   -5.6977882405e-08   -1.9085403722e-09   -4.6063030122e-09   -1.6578820390e-07   -5.0789962137e-08   -1.4437342297e-08   -4.4710980925e-11    1.3702980276e-09
  22.6500000   -5.4910882629e-08   -1.4774430969e-09   -5.6581300832e-09   -1.6328455758e-07   -5.0218898174e-08   -1.4525649065e-08   -3.4971846326e-11    1.3680234622e-09
  22.6600000   -5.2630180120e-08   -1.2583247846e-09   -6.6609048623e-09   -1.6084112226e-07   -4.9613339471e-08   -1.4604266835e-08   -2.5921622003e-11    1.3661649078e-09
  22.6700000   -5.0160175790e-08   -1.2258941260e-09   -7.5982592999e-09   -1.5849153463e-07   -4.8979495257e-08   -1.4670568030e-08   -1.7596914816e-11    1.3647157464e-09
  22.6800000   -4.7530177252e-08   -1.3476118205e-09   -8.4544567883e-09   -1.5626793145e-07   -4.8323942338e-08   -1.4722105696e-08   -1.0044588877e-11    1.3636583212e-09
  22.6900000   -4.4773611523e-08   -1.5860043781e-09   -9.2147295670e-09   -1.5420052766e-07   -4.7653493514e-08   -1.4756640996e-08   -3.2831875408e-12    1.3629682747e-09
  22.7000000   -4.1927126093e-08   -1.9010211203e-09   -9.8655659594e-09   -1.5231724305e-07   -4.6975145290e-08   -1.4772165929e-08    2.6495263799e-12    1.3626278154e-09
  22.7100000   -3.9029707651e-08   -2.2523412051e-09   -1.0395006461e-08   -1.5064335672e-07   -4.6295961932e-08   -1.4766947260e-08    7.7347697816e-12    1.3626072294e-09
  22.7200000   -3.6121559885e-08   -2.6015919656e-09   -1.0792859214e-08   -1.4920116632e-07   -4.5622965816e-08   -1.4739529091e-08    1.1949486929e-11    1.3628718883e-09
  22.7300000   -3.3243225824e-08   -2.9143262832e-09   -1.1050972734e-08   -1.4800975768e-07   -4.4963067960e-08   -1.4688727670e-08    1.5288104814e-11    1.3633863267e-09
  22.7400000   -3.0434474014e-08   -3.1615595853e-09   -1.1163376095e-08   -1.4708476202e-07   -4.4322963717e-08   -1.4613688351e-08    1.7735129795e-11    1.3641164792e-09
  22.7500000   -2.7733461911e-08   -3.3210434770e-09   -1.1126429784e-08   -1.4643818970e-07   -4.3709036044e-08   -1.4513837073e-08    1.9290011943e-11    1.3650189314e-09
  22.7600000   -2.5175877776e-08   -3.3780472060e-09   -1.0938948147e-08   -1.4607828960e-07   -4.3127302258e-08   -1.4388922925e-08    1.9958912355e-11    1.3660482541e-09
  22.7700000   -2.2794268765e-08   -3.3255206884e-09   -1.0602233053e-08   -1.4600950590e-07   -4.2583324402e-08   -1.4238972582e-08    1.9739229423e-11    1.3671624031e-09
  22.7800000   -2.0617380535e-08   -3.1640821813e-09   -1.0120087502e-08   -1.4623241723e-07   -4.2082142530e-08   -1.4064318293e-08    1.8650339826e-11    1.3683052909e-09
  22.7900000   -1.8669687123e-08   -2.9013160472e-09   -9.4987716402e-09   -1.4674378553e-07   -4.1628220556e-08   -1.3865563942e-08    1.6713774513e-11    1.3694363331e-09
  22.8000000   -1.6971032080e-08   -2.5510097778e-09   -8.7469027034e-09   -1.4753663201e-07   -4.1225401140e-08   -1.3643575041e-08    1.3941182313e-11    1.3704970083e-09
  22.8100000   -1.5536340863e-08   -2.1317874063e-09   -7.8753439233e-09   -1.4860035249e-07   -4.0876854713e-08   -1.3399452263e-08    1.0362790501e-11    1.3714323888e-09
  22.8200000   -1.4375435475e-08   -1.6658169535e-09   -6.8969965169e-09   -1.4992090914e-07   -4.0585050326e-08   -1.3134556267e-08    6.0088584177e-12    1.3721954444e-09
  22.8300000   -1.3492935548e-08   -1.1772805595e-09   -5.8266024678e-09   -1.5148102678e-07   -4.0351758058e-08   -1.2850427600e-08    9.1407130592e-13    1.3727248569e-09
  22.8400000   -1.2888242148e-08   -6.9085391555e-10   -4.6804839744e-09   -1.5326044968e-07   -4.0177990901e-08   -1.2548807690e-08   -4.8882723814e-12    1.3729711475e-09
  22.8500000   -1.2555615412e-08   -2.3032832809e-10   -3.4762513567e-09   -1.5523626145e-07   -4.0064040343e-08   -1.2231613821e-08   -1.1356071674e-11    1.3728785076e-09
  22.8600000   -1.2484242163e-08    1.8270374684e-10   -2.2324983690e-09   -1.5738319981e-07   -4.0009450571e-08   -1.1900920846e-08   -1.8439933595e-11    1.3723954882e-09
  22.8700000   -1.2658501919e-08    5.2985866019e-10   -9.6846783208e-10   -1.5967401888e-07   -4.0013063075e-08   -1.1558928481e-08   -2.6099444678e-11    1.3714701157e-09
  22.8800000   -1.3058205628e-08    7.9671305118e-10    2.9628685311e-10   -1.6207988020e-07   -4.0072988874e-08   -1.1207969020e-08   -3.4279475948e-11    1.3700519658e-09
  22.8900000   -1.3658941156e-08    9.7326381687e-10    1.5422489449e-09   -1.6457074855e-07   -4.0186694681e-08   -1.0850468020e-08   -4.2939250597e-11    1.3680911578e-09
  22.9000000   -1.4432547605e-08    1.0540838499e-09    2.7502816090e-09   -1.6711583042e-07   -4.0350992608e-08   -1.0488949894e-08   -5.2017739295e-11    1.3655478944e-09
  22.9100000   -1.5347643944e-08    1.0381928735e-09    3.9019809647e-09   -1.6968398695e-07   -4.0562091620e-08   -1.0126013112e-08   -6.1457008303e-11    1.3623738052e-09
  22.9200000   -1.6370340883e-08    9.2854932025e-10    4.9799851417e-09   -1.7224417792e-07   -4.0815658487e-08   -9.7643225423e-09   -7.1211660527e-11    1.3585272330e-09
  22.9300000   -1.7464889789e-08    7.3148261685e-10    5.9682875697e-09   -1.7476589952e-07   -4.1106848924e-08   -9.4065930260e-09   -8.1220708829e-11    1.3539796682e-09
  22.9400000   -1.8594636286e-08    4.5580783034e-10    6.8525109305e-09   -1.7721959318e-07   -4.1430401517e-08   -9.0555864772e-09   -9.1425515017e-11    1.3486911353e-09
  22.9500000   -1.9722915887e-08    1.1189856925e-10    7.6201420827e-09   -1.7957708423e-07   -4.1780651355e-08   -8.7140857684e-09   -1.0177264153e-10    1.3426320982e-09
  22.9600000   -2.0814060922e-08   -2.8919604857e-10    8.2607513868e-09   -1.8181194226e-07   -4.2151621795e-08   -8.3848956857e-09   -1.1221002102e-10    1.3357781221e-09
  22.9700000   -2.1834464761e-08   -7.3675078858e-10    8.7661717323e-09   -1.8389987273e-07   -4.2537107842e-08   -8.0708296790e-09   -1.2267223220e-10    1.3281126951e-09
  22.9800000   -2.2753633151e-08   -1.2211611138e-09    9.1306009733e-09   -1.8581904859e-07   -4.2930721302e-08   -7.7746842487e-09   -1.3311563529e-10    1.3196149920e-09
  22.9900000   -2.3545157925e-08   -1.7345735151e-09    9.3506967021e-09   -1.8755041183e-07   -4.3325982029e-08   -7.4992378764e-09   -1.4348494208e-10    1.3102696186e-09
