# thinned to dt=0.05 from the every-step stream; the last 1 time units are kept whole (the death window)
#       time         integral Re         integral Im         integral Re         integral Im         integral Re         integral Im         integral Re         integral Im
#       r =            14.000000           14.000000           20.000000           20.000000           26.000000           26.000000           30.000000           30.000000
   0.0100000   -1.5411408756e-09   -5.8917914443e-10   -1.5798880310e-10   -5.5899446856e-11    1.2817104347e-11    1.8965965928e-09   -9.5232389148e-11    1.3683500715e-10
   0.0600000   -2.0283982419e-09   -1.9390469466e-10   -2.6311008072e-10   -1.7266731066e-10    1.7789001441e-10    1.6543632803e-09   -4.9717345692e-11    6.2616992226e-10
   0.1100000   -2.6460421779e-09    1.0835932571e-10   -2.7646587363e-10   -2.6734378460e-10    5.6582991828e-11    1.4011028434e-09   -3.3205910169e-11    8.5429616149e-10
   0.1600000   -3.3616197139e-09    1.9120637618e-10   -1.8475728822e-10   -2.8702361512e-10   -3.0912933053e-10    1.0942657419e-09   -3.7347040484e-11    8.7035506291e-10
   0.2100000   -4.0774561328e-09   -2.4948254523e-11    1.9380954166e-11   -1.4598286625e-10   -8.4869430818e-10    6.9205578426e-10   -5.4894587231e-11    7.1885999904e-10
   0.2600000   -4.6432648463e-09   -5.3620516280e-10    3.2514608613e-10    2.3340960178e-10   -1.4720125789e-09    1.8482916279e-10   -8.0107050119e-11    4.3893829601e-10
   0.3100000   -4.9018923646e-09   -1.2503915489e-09    6.8405310347e-10    8.5398794097e-10   -2.0807576039e-09   -3.8562917197e-10   -1.0871199250e-10    6.4273177025e-11
   0.3600000   -4.7516774990e-09   -2.0173917457e-09    1.0001077361e-09    1.5910136075e-09   -2.5812979370e-09   -9.2668973300e-10   -1.3768347914e-10   -3.7664114662e-10
   0.4100000   -4.1860603046e-09   -2.6815731197e-09    1.1416315713e-09    2.2020663486e-09   -2.8977621931e-09   -1.3165564251e-09   -1.6500167619e-10   -8.6006492094e-10
   0.4600000   -3.2890259481e-09   -3.1314252248e-09    9.7620330166e-10    2.4221156655e-09   -2.9833378964e-09   -1.4406035395e-09   -1.8942607508e-10   -1.3665663555e-09
   0.5100000   -2.2022450762e-09   -3.3240164092e-09    4.2192398648e-10    2.1111062601e-09   -2.8276713989e-09   -1.2306207419e-09   -2.1030256440e-10   -1.8805263951e-09
   0.5600000   -1.0895818154e-09   -3.2780993479e-09   -4.9659901031e-10    1.3667042831e-09   -2.4585540241e-09   -6.9368864029e-10   -2.2741877022e-10   -2.3896910535e-09
   0.6100000   -1.0803384867e-10   -3.0488759114e-09   -1.6056573747e-09    5.0773315308e-10   -1.9372679024e-09    7.9695000620e-11   -2.4086365791e-10   -2.8847166242e-09
   0.6600000    6.1867037569e-10   -2.7038760899e-09   -2.5803985172e-09   -9.1559089730e-11   -1.3479392618e-09    9.3220472761e-10   -2.5092603290e-10   -3.3587580310e-09
   0.7100000    1.0206000529e-09   -2.3101822449e-09   -3.0148314723e-09   -2.1283547798e-10   -7.8285810304e-10    1.6771305679e-09   -2.5800828375e-10   -3.8070809720e-09
   0.7600000    1.0873775437e-09   -1.9304532293e-09   -2.5754882250e-09    1.1323538727e-10   -3.2644447564e-10    2.1461956067e-09   -2.6254852424e-10   -4.2267177698e-09
   0.8100000    8.5788386591e-10   -1.6193666748e-09   -1.1942709814e-09    7.0743959593e-10   -4.1125685141e-11    2.2337157564e-09   -2.6498499980e-10   -4.6161400731e-09
   0.8600000    4.0344855751e-10   -1.4157274365e-09    8.0882089399e-10    1.4332632232e-09    4.2127438604e-11    1.9240464532e-09   -2.6571376817e-10   -4.9749744615e-09
   0.9100000   -1.8798682398e-10   -1.3319219600e-09    2.7876666596e-09    2.2911248819e-09   -7.3125059567e-11    1.2942816317e-09   -2.6507572103e-10   -5.3037641829e-09
   0.9600000   -8.2645536867e-10   -1.3478215495e-09    4.0344602886e-09    3.3321143043e-09   -3.5239025087e-10    4.9151644655e-10   -2.6336177166e-10   -5.6037128290e-09
   1.0100000   -1.4336177688e-09   -1.4172987537e-09    4.1174559066e-09    4.4884809781e-09   -7.3927607932e-10   -3.0821924524e-10   -2.6080860217e-10   -5.8764948140e-09
   1.0600000   -1.9521051512e-09   -1.4887698458e-09    3.0874345969e-09    5.4837331753e-09   -1.1675685206e-09   -9.4710534128e-10   -2.5761793951e-10   -6.1240825293e-09
   1.1100000   -2.3475884527e-09   -1.5306678070e-09    1.4225708339e-09    5.8980367852e-09   -1.5735171053e-09   -1.3248283511e-09   -2.5397832257e-10   -6.3485817612e-09
   1.1600000   -2.6058546654e-09   -1.5449433173e-09   -2.4569559917e-10    5.3521443863e-09   -1.9057312720e-09   -1.4190528151e-09   -2.5007061212e-10   -6.5521028088e-09
   1.2100000   -2.7284144284e-09   -1.5601629396e-09   -1.4467936354e-09    3.7321111662e-09   -2.1310406303e-09   -1.2821130861e-09   -2.4607941639e-10   -6.7366564318e-09
   1.2600000   -2.7279409697e-09   -1.6105016235e-09   -2.0419896432e-09    1.3635414019e-09   -2.2358569400e-09   -1.0165624319e-09   -2.4221851760e-10   -6.9040620855e-09
   1.3100000   -2.6237105059e-09   -1.7155578342e-09   -2.1819845194e-09   -9.8568095964e-10   -2.2238305629e-09   -7.3821470810e-10   -2.3870763053e-10   -7.0559079892e-09
   1.3600000   -2.4384215803e-09   -1.8726000646e-09   -2.1178475467e-09   -2.3638438310e-09   -2.1112593991e-09   -5.3909831322e-10   -2.3579786575e-10   -7.1935166529e-09
   1.4100000   -2.1978699438e-09   -2.0608169090e-09   -2.0057483203e-09   -2.0808595734e-09   -1.9219956385e-09   -4.6187569270e-10   -2.3373954354e-10   -7.3179456008e-09
   1.4600000   -1.9315580676e-09   -2.2507930893e-09   -1.8253012046e-09   -8.5668565598e-11   -1.6832400661e-09   -4.9298295332e-10   -2.3278665203e-10   -7.4299960396e-09
   1.5100000   -1.6714074149e-09   -2.4129525490e-09   -1.4413425938e-09    2.9699527679e-09   -1.4228613537e-09   -5.7549173057e-10   -2.3317999435e-10   -7.5302403684e-09
   1.5600000   -1.4479951102e-09   -2.5230444773e-09   -7.4305722190e-10    6.0085806816e-09   -1.1680071171e-09   -6.3597426464e-10   -2.3512589671e-10   -7.6190777930e-09
   1.6100000   -1.2856345756e-09   -2.5652213632e-09    2.4569475217e-10    7.9674027301e-09   -9.4446045875e-10   -6.1559952678e-10   -2.3879172861e-10   -7.6967758020e-09
   1.6600000   -1.1983709563e-09   -2.5336658472e-09    1.3512607740e-09    8.2040132255e-09   -7.7572092903e-10   -4.9440798154e-10   -2.4427918509e-10   -7.7635035350e-09
   1.7100000   -1.1877070479e-09   -2.4327057264e-09    2.3192702769e-09    6.7535121048e-09   -6.8129485220e-10   -3.0062236281e-10   -2.5162769945e-10   -7.8193934834e-09
   1.7600000   -1.2427770642e-09   -2.2773022452e-09    2.9078232983e-09    4.3509910656e-09   -6.7403688801e-10   -1.0197179603e-10   -2.6076814080e-10   -7.8645720519e-09
   1.8100000   -1.3441174887e-09   -2.0964945257e-09    2.9560266283e-09    2.1439353374e-09   -7.5718600056e-10    1.7436982861e-11   -2.7157272022e-10   -7.8992031140e-09
   1.8600000   -1.4691860754e-09   -1.9380503620e-09    2.4193239660e-09    1.1570083103e-09   -9.2206475097e-10   -1.3012655526e-11   -2.8380656676e-10   -7.9234910129e-09
   1.9100000   -1.5966245602e-09   -1.8628545302e-09    1.3846701384e-09    1.7888439151e-09   -1.1475131411e-09   -2.2445987142e-10   -2.9715927596e-10   -7.9377342722e-09
   1.9600000   -1.7067034092e-09   -1.9155971182e-09    6.8797307468e-11    3.6603464796e-09   -1.4018601735e-09   -5.9508346116e-10   -3.1125015937e-10   -7.9423215267e-09
   2.0100000   -1.7810129091e-09   -2.0798388770e-09   -1.2162369835e-09    5.8840453102e-09   -1.6474825574e-09   -1.0537529825e-09   -3.2563953895e-10   -7.9377409106e-09
   2.0600000   -1.8072635296e-09   -2.2605270702e-09   -2.1445545679e-09    7.5215775067e-09   -1.8472775644e-09   -1.4996594141e-09   -3.3984887857e-10   -7.9245741999e-09
   2.1100000   -1.7890659204e-09   -2.3376985946e-09   -2.4890792787e-09    7.9461664161e-09   -1.9716423796e-09   -1.8317059162e-09   -3.5338598207e-10   -7.9035244810e-09
   2.1600000   -1.7493646430e-09   -2.2729433495e-09   -2.2109722271e-09    7.0177023070e-09   -2.0043301767e-09   -1.9781647967e-09   -3.6576540044e-10   -7.8753655251e-09
   2.2100000   -1.7128608767e-09   -2.1711406503e-09   -1.4676791306e-09    5.1252498812e-09   -1.9456279897e-09   -1.9172037940e-09   -3.7652942818e-10   -7.8409561098e-09
   2.2600000   -1.6717271806e-09   -2.2042124874e-09   -5.3166389781e-10    3.0982971365e-09   -1.8119740661e-09   -1.6822824370e-09   -3.8526987721e-10   -7.8012096002e-09
   2.3100000   -1.5695015842e-09   -2.4323600424e-09    3.2552937236e-10    1.9059242530e-09   -1.6321383142e-09   -1.3507715354e-09   -3.9165669755e-10   -7.7570736834e-09
   2.3600000   -1.3409559312e-09   -2.6975073620e-09    9.1822576936e-10    2.1745166584e-09   -1.4408409519e-09   -1.0200930030e-09   -3.9543415505e-10   -7.7095221798e-09
   2.4100000   -9.9715260382e-10   -2.7355304931e-09    1.1793775309e-09    3.7884395067e-09   -1.2714256577e-09   -7.7892001636e-10   -3.9643930180e-10   -7.6595064336e-09
   2.4600000   -6.7083463668e-10   -2.4373506311e-09    1.1562383017e-09    5.8934508307e-09   -1.1494785367e-09   -6.8265713482e-10   -3.9461261995e-10   -7.6079619752e-09
   2.5100000   -5.3158430761e-10   -1.9953917731e-09    9.7612752244e-10    7.3668165425e-09   -1.0887633346e-09   -7.4048364338e-10   -3.8998794026e-10   -7.5557708949e-09
   2.5600000   -6.0366922077e-10   -1.7572220290e-09    7.7844491513e-10    7.4692657065e-09   -1.0902223340e-09   -9.1729453660e-10   -3.8269152130e-10   -7.5037641695e-09
   2.6100000   -6.8369730462e-10   -1.9200050429e-09    6.3629575588e-10    6.2705969770e-09   -1.1439186878e-09   -1.1491541236e-09   -3.7293678395e-10   -7.4527010154e-09
   2.6600000   -5.3654219861e-10   -2.3845602165e-09    5.2402348350e-10    4.6167453453e-09   -1.2330189763e-09   -1.3664364908e-09   -3.6101096803e-10   -7.4032523599e-09
   2.7100000   -2.4721737218e-10   -2.8929576365e-09    3.6140524350e-10    3.6913218935e-09   -1.3384861897e-09   -1.5167215422e-09   -3.4726491932e-10   -7.3560162918e-09
   2.7600000   -2.9769358801e-10   -3.2227327554e-09    9.6553720508e-11    4.4084347188e-09   -1.4430944205e-09   -1.5799872480e-09   -3.3209743546e-10   -7.3114922345e-09
   2.8100000   -1.0990829971e-09   -3.1853093775e-09   -2.4365158000e-10    6.9101493810e-09   -1.5340020781e-09   -1.5715848409e-09   -3.1593274819e-10   -7.2700787838e-09
   2.8600000   -2.3657371782e-09   -2.5578786696e-09   -5.6770362892e-10    1.0388705891e-08   -1.6034713273e-09   -1.5326816858e-09   -2.9921881414e-10   -7.2320853688e-09
   2.9100000   -3.1392648931e-09   -1.3084082583e-09   -7.7112843231e-10    1.3345926883e-08   -1.6481488954e-09   -1.5123081577e-09   -2.8239437555e-10   -7.1977076320e-09
   2.9600000   -2.7140089950e-09   -5.8489443974e-11   -7.8319316555e-10    1.4231997822e-08   -1.6675109768e-09   -1.5476129202e-09   -2.6589031496e-10   -7.1670427395e-09
   3.0100000   -1.5628940325e-09   -7.7941316569e-11   -5.9157004945e-10    1.2204997597e-08   -1.6625074083e-09   -1.6495811274e-09   -2.5010780225e-10   -7.1400818064e-09
   3.0600000   -1.0373762039e-09   -2.2636152734e-09   -2.4764015922e-10    7.6383749401e-09   -1.6347380826e-09   -1.7990193206e-09   -2.3540685919e-10   -7.1167019790e-09
   3.1100000   -1.8767721159e-09   -5.7813206553e-09    1.4767117681e-10    2.0879792677e-09   -1.5866435915e-09   -1.9539043877e-09   -2.2208079745e-10   -7.0966992847e-09
   3.1600000   -3.1581871978e-09   -8.0203699658e-09    4.8062458165e-10   -2.3049453317e-09   -1.5222232307e-09   -2.0653624798e-09   -2.1037518692e-10   -7.0797707138e-09
   3.2100000   -3.1564000864e-09   -6.6366078182e-09    6.7135516173e-10   -3.7101959173e-09   -1.4479094671e-09   -2.0961038931e-09   -2.0046573588e-10   -7.0655453326e-09
   3.2600000   -1.4143484517e-09   -2.1057888617e-09    7.0302732030e-10   -1.3958265452e-09   -1.3728311501e-09   -2.0348937951e-09   -1.9246234429e-10   -7.0536055408e-09
   3.3100000    4.1927458474e-10    2.0375059069e-09    6.1403126293e-10    3.9455102301e-09   -1.3081340125e-09   -1.9017757299e-09   -1.8640986768e-10   -7.0435079696e-09
   3.3600000    3.2938167729e-10    2.2230484590e-09    4.6260771969e-10    1.0472532292e-08   -1.2652210526e-09   -1.7422938105e-09   -1.8230178621e-10   -7.0348268902e-09
   3.4100000   -1.5030707875e-09   -1.5063776526e-09    2.9339657044e-10    1.5949055980e-08   -1.2531800383e-09   -1.6128348792e-09   -1.8009430264e-10   -7.0271802622e-09
   3.4600000   -2.5029588316e-09   -5.1764048114e-09    1.2818351173e-10    1.8640182298e-08   -1.2763557533e-09   -1.5621983603e-09   -1.7971382717e-10   -7.0202740019e-09
   3.5100000   -6.1789657964e-10   -4.7833949152e-09   -2.1450039160e-11    1.7957100728e-08   -1.3326004816e-09   -1.6156272070e-09   -1.8108312562e-10   -7.0139192241e-09
   3.5600000    2.7928931640e-09   -6.4886655174e-10   -1.3937806175e-10    1.4585458262e-08   -1.4130477568e-09   -1.7667128474e-09   -1.8413631376e-10   -7.0080723406e-09
   3.6100000    3.8379750732e-09    2.5782010367e-09   -2.0369477199e-10    1.0078745642e-08   -1.5035809381e-09   -1.9796585113e-09   -1.8883460447e-10   -7.0028400416e-09
   3.6600000    4.0812846874e-10    7.1904550812e-10   -1.9832526720e-10    6.1392538425e-09   -1.5878270250e-09   -2.2009557063e-09   -1.9517570432e-10   -6.9984791465e-09
   3.7100000   -4.8189022032e-09   -5.2917274216e-09   -1.2530254182e-10    3.9297292082e-09   -1.6507837323e-09   -2.3764160268e-09   -2.0320017830e-10   -6.9953872684e-09
   3.7600000   -6.6703246347e-09   -1.0136542133e-08   -7.4207303288e-12    3.7138280622e-09   -1.6822534854e-09   -2.4679274876e-09   -2.1298019381e-10   -6.9940579238e-09
   3.8100000   -3.1812188886e-09   -9.6833741742e-09    1.1995538719e-10    4.9404538575e-09   -1.6790370978e-09   -2.4644298540e-09   -2.2461269223e-10   -6.9950330057e-09
   3.8600000    1.7116607996e-09   -5.2414936149e-09    2.2245519944e-10    6.6660514568e-09   -1.6453683264e-09   -2.3839011619e-09   -2.3820709067e-10   -6.9988449749e-09
   3.9100000    2.2491229303e-09   -1.5866176133e-09    2.7845323833e-10    8.0652641158e-09   -1.5914173577e-09   -2.2659595119e-09   -2.5384087377e-10   -7.0059586792e-09
   3.9600000   -2.2979238170e-09   -1.0915684819e-09    2.8362985127e-10    8.7794760479e-09   -1.5303590872e-09   -2.1579441894e-09   -2.7156061567e-10   -7.0166924952e-09
   4.0100000   -6.0908837504e-09   -1.2158355572e-09    2.4780497434e-10    8.9734847937e-09   -1.4750664729e-09   -2.0992198128e-09   -2.9132637677e-10   -7.0311646913e-09
   4.0600000   -3.2625244044e-09    1.2635965056e-09    1.8726480908e-10    9.1281551170e-09   -1.4351244323e-09   -2.1090067426e-09   -3.1300573991e-10   -7.0492561112e-09
   4.1100000    4.4161392391e-09    4.6046211814e-09    1.1855617979e-10    9.7126380969e-09   -1.4151421261e-09   -2.1815826198e-09   -3.3635738650e-10   -7.0705877678e-09
   4.1600000    8.3046274566e-09    3.0674357125e-09    5.7628845966e-11    1.0909821362e-08   -1.4146146965e-09   -2.2900736823e-09   -3.6101878319e-10   -7.0945292921e-09
   4.2100000    2.5912589020e-09   -5.3583404807e-09    2.2248569863e-11    1.2518574541e-08   -1.4292159450e-09   -2.3973628666e-09   -3.8652043388e-10   -7.1202394919e-09
   4.2600000   -7.8495397159e-09   -1.3955392637e-08    3.1043503990e-11    1.4056741290e-08   -1.4528397898e-09   -2.4699457714e-09   -4.1230307322e-10   -7.1467255168e-09
   4.3100000   -1.1661339748e-08   -1.3031851724e-08    9.4728059773e-11    1.4990421236e-08   -1.4797370904e-09   -2.4899322961e-09   -4.3774653489e-10   -7.1729213663e-09
   4.3600000   -3.8726975483e-09   -1.5908212113e-09    2.0377567777e-10    1.4964181048e-08   -1.5059653804e-09   -2.4609830633e-09   -4.6220200847e-10   -7.1978033690e-09
   4.4100000    7.3459118055e-09    9.1321138410e-09    3.2375808598e-10    1.3926881372e-08   -1.5297883850e-09   -2.4062908969e-09   -4.8505289500e-10   -7.2204806694e-09
   4.4600000    9.1532592421e-09    6.7885539453e-09    4.0575120406e-10    1.2119204011e-08   -1.5511850240e-09   -2.3595169931e-09   -5.0574957495e-10   -7.2402937673e-09
   4.5100000   -9.7038067977e-10   -7.3925644278e-09    4.0765587239e-10    9.9649801625e-09   -1.5706088811e-09   -2.3520404700e-09   -5.2384517548e-10   -7.2569005477e-09
   4.5600000   -1.1454665806e-08   -1.8044992964e-08    3.1422728534e-10    7.9426117041e-09   -1.5878765834e-09   -2.4012301111e-09   -5.3904763007e-10   -7.2703147074e-09
   4.6100000   -9.7339246561e-09   -1.2168218489e-08    1.4511840414e-10    6.4910744934e-09   -1.6014912901e-09   -2.5039207603e-09   -5.5123041955e-10   -7.2809370235e-09
   4.6600000    2.4815067803e-09    5.0918866059e-09   -5.1244771447e-11    5.9575335412e-09   -1.6088182623e-09   -2.6373739849e-09   -5.6044537719e-10   -7.2895106235e-09
   4.7100000    1.0413388001e-08    1.4629844578e-08   -2.1342923700e-10    6.5575706858e-09   -1.6070437924e-09   -2.7673538825e-09   -5.6691669260e-10   -7.2970721372e-09
   4.7600000    3.6947134678e-09    4.6852025468e-09   -2.8626262398e-10    8.3209125173e-09   -1.5944877490e-09   -2.8601481473e-09   -5.7101975939e-10   -7.3048438320e-09
   4.8100000   -1.0303488710e-08   -1.4637870124e-08   -2.3842391292e-10    1.1028903590e-08   -1.5717645195e-09   -2.8945249133e-09   -5.7324830742e-10   -7.3141243172e-09
   4.8600000   -1.4202974549e-08   -2.1578487084e-08   -7.3358841961e-11    1.4187032286e-08   -1.5423123201e-09   -2.8691944272e-09   -5.7417230445e-10   -7.3261443164e-09
   4.9100000   -1.4664821051e-09   -7.3911088230e-09    1.7075275013e-10    1.7086328112e-08   -1.5119329605e-09   -2.8033210329e-09   -5.7439121267e-10   -7.3419408767e-09
   4.9600000    1.4492544450e-08    1.2780695498e-08    4.3290744611e-10    1.8975440295e-08   -1.4874404578e-09   -2.7299723308e-09   -5.7447852405e-10   -7.3622457061e-09
   5.0100000    1.5082889763e-08    1.6364935315e-08    6.4809401676e-10    1.9305171867e-08   -1.4748137850e-09   -2.6848909001e-09   -5.7494781347e-10   -7.3873980645e-09
   5.0600000   -1.3408923094e-09   -1.0216125078e-09    7.6497654177e-10    1.7951867972e-08   -1.4774578677e-09   -2.6945397490e-09   -5.7619952498e-10   -7.4172936298e-09
   5.1100000   -1.6613962696e-08   -2.0428038326e-08    7.5557024438e-10    1.5312285965e-08   -1.4951412384e-09   -2.7674079066e-09   -5.7851049858e-10   -7.4514092068e-09
   5.1600000   -1.3598492695e-08   -2.1145553675e-08    6.1634004661e-10    1.2205871099e-08   -1.5239181085e-09   -2.8915362865e-09   -5.8200485444e-10   -7.4888178094e-09
   5.2100000    3.5758755626e-09   -3.9667725673e-09    3.6540161219e-10    9.6033651939e-09   -1.5572049841e-09   -3.0388619187e-09   -5.8666582651e-10   -7.5282991931e-09
   5.2600000    1.4318212687e-08    1.0846451539e-08    4.0630739241e-11    8.2830682080e-09   -1.5876742994e-09   -3.1748365939e-09   -5.9234602695e-10   -7.5684462352e-09
   5.3100000    6.1184694491e-09    7.8075817581e-09   -3.0068038772e-10    8.5559955174e-09   -1.6092717027e-09   -3.2698524921e-09   -5.9878379300e-10   -7.6078070313e-09
   5.3600000   -1.0557121061e-08   -6.5140126541e-09   -5.8546241286e-10    1.0176932374e-08   -1.6188454300e-09   -3.3086971525e-09   -6.0564898781e-10   -7.6450216422e-09
   5.4100000   -1.5089538882e-08   -1.3178193451e-08   -7.3681258574e-10    1.2478938507e-08   -1.6168281064e-09   -3.2948638769e-09   -6.1256420043e-10   -7.6789540993e-09
   5.4600000   -1.7910468964e-09   -4.6068625969e-09   -6.9406065225e-10    1.4668946426e-08   -1.6067539532e-09   -3.2483148213e-09   -6.1915165139e-10   -7.7087862599e-09
   5.5100000    1.3197959153e-08    6.9258249755e-09   -4.3433599286e-10    1.6150406532e-08   -1.5938652406e-09   -3.1978351591e-09   -6.2506381988e-10   -7.7340992974e-09
   5.5600000    1.1554936574e-08    5.6306119891e-09    1.3362826401e-11    1.6729439775e-08   -1.5832366606e-09   -3.1705961346e-09   -6.3001546456e-10   -7.7548677557e-09
   5.6100000   -4.9902256075e-09   -7.7920791342e-09    5.6716725140e-10    1.6621952901e-08   -1.5781074106e-09   -3.1826661712e-09   -6.3380961884e-10   -7.7714706554e-09
   5.6600000   -1.6779746663e-08   -1.7342749312e-08    1.1055000046e-09    1.6276459673e-08   -1.5789116883e-09   -3.2338494765e-09   -6.3633752097e-10   -7.7846012830e-09
   5.7100000   -9.8410458553e-09   -1.1869181771e-08    1.4916927722e-09    1.6112398878e-08   -1.5833548672e-09   -3.3084121451e-09   -6.3759233608e-10   -7.7951788420e-09
   5.7600000    7.7523841395e-09    1.4587498214e-09    1.6065269570e-09    1.6304946416e-08   -1.5874645793e-09   -3.3814758012e-09   -6.3766383570e-10   -7.8042476226e-09
   5.8100000    1.6024848274e-08    6.7353567572e-09    1.3829036726e-09    1.6715922218e-08   -1.5871668256e-09   -3.4286044364e-09   -6.3671464602e-10   -7.8128429388e-09
   5.8600000    6.6453667421e-09   -8.7813824855e-10    8.3360608170e-10    1.6995654751e-08   -1.5799286983e-09   -3.4351807958e-09   -6.3497860816e-10   -7.8218983898e-09
   5.9100000   -8.4676440396e-09   -1.0057543328e-08    6.1005922354e-11    1.6799320982e-08   -1.5657866301e-09   -3.4020723984e-09   -6.3272863500e-10   -7.8321403000e-09
   5.9600000   -1.2423279205e-08   -8.4364874895e-09   -7.5755872641e-10    1.6008084031e-08   -1.5474391169e-09   -3.3456431176e-09   -6.3025563629e-10   -7.8440370376e-09
   6.0100000   -2.7685797711e-09    1.8597784284e-09   -1.4075500510e-09    1.4842487436e-08   -1.5294798808e-09   -3.2921108307e-09   -6.2785422799e-10   -7.8577628400e-09
   6.0600000    7.7121754692e-09    7.4946481924e-09   -1.6889634460e-09    1.3804822405e-08   -1.5168828691e-09   -3.2682636537e-09   -6.2580204281e-10   -7.8732290196e-09
   6.1100000    7.4764224374e-09    8.9515608541e-10   -1.4720556069e-09    1.3466725271e-08   -1.5134189041e-09   -3.2918942293e-09   -6.2434036786e-10   -7.8901223152e-09
   6.1600000   -1.2123612136e-09   -1.0709582293e-08   -7.4648043681e-10    1.4194766053e-08   -1.5204575920e-09   -3.3653248456e-09   -6.2366975627e-10   -7.9079512028e-09
   6.2100000   -7.3737339594e-09   -1.4616778650e-08    3.4907799083e-10    1.5942039930e-08   -1.5365706110e-09   -3.4744005489e-09   -6.2394582966e-10   -7.9261629136e-09
   6.2600000   -5.2563976253e-09   -7.6994044529e-09    1.5328828432e-09    1.8210434673e-08   -1.5580225602e-09   -3.5931220601e-09   -6.2527455942e-10   -7.9442056816e-09
   6.3100000    4.6643254460e-10    1.1758995067e-09    2.4351715426e-09    2.0215429178e-08   -1.5800162407e-09   -3.6924690164e-09   -6.2771402323e-10   -7.9616040763e-09
   6.3600000    2.5172741799e-09    2.7494863568e-09    2.7005584219e-09    2.1196685729e-08   -1.5981674783e-09   -3.7501278167e-09   -6.3128079021e-10   -7.9780409249e-09
   6.4100000    4.6429289584e-11   -2.3244142756e-09    2.1142021345e-09    2.0749669037e-08   -1.6097737260e-09   -3.7578229640e-09   -6.3595606621e-10   -7.9933668408e-09
   6.4600000   -2.0210169192e-09   -6.1506450226e-09    7.0969757644e-10    1.9034377148e-08   -1.6144601982e-09   -3.7237601750e-09   -6.4169193038e-10   -8.0076240106e-09
   6.5100000   -4.4403598405e-10   -4.0293691281e-09   -1.1871197402e-09    1.6758103373e-08   -1.6140410729e-09   -3.6693381551e-09   -6.4841423730e-10   -8.0210302174e-09
   6.5600000    2.5495833401e-09    6.6816561437e-10   -3.0110004943e-09    1.4918897608e-08   -1.6116439314e-09   -3.6213988279e-09   -6.5603315378e-10   -8.0339325750e-09
   6.6100000    2.9971511291e-09    1.6804978005e-09   -4.1097948795e-09    1.4402158742e-08   -1.6104857610e-09   -3.6028906427e-09   -6.6444938044e-10   -8.0467511429e-09
   6.6600000    3.6292390799e-10   -2.7148018488e-09   -3.9619769301e-09    1.5596903682e-08   -1.6127230240e-09   -3.6250069938e-09   -6.7355711897e-10   -8.0599281101e-09
   6.7100000   -2.3468721404e-09   -8.5816349885e-09   -2.3898926926e-09    1.8202116881e-08   -1.6188174358e-09   -3.6838441014e-09   -6.8324488893e-10   -8.0738661004e-09
   6.7600000   -2.4596583134e-09   -1.1055336300e-08    3.1581493162e-10    2.1318150191e-08   -1.6275334148e-09   -3.7623349366e-09   -6.9340023770e-10   -8.0888630153e-09
   6.8100000   -1.0526088591e-10   -8.5435568638e-09    3.4256383942e-09    2.3795540251e-08   -1.6366189074e-09   -3.8369691150e-09   -7.0391955281e-10   -8.1051003062e-09
   6.8600000    2.7771626887e-09   -2.9516033716e-09    5.9680368293e-09    2.4701856401e-08   -1.6438081611e-09   -3.8865379607e-09   -7.1470703271e-10   -8.1226079548e-09
   6.9100000    4.3142204577e-09    2.2451132257e-09    7.0429451400e-09    2.3715064609e-08   -1.6477915746e-09   -3.8998764311e-09   -7.2567045968e-10   -8.1412861492e-09
   6.9600000    3.2805734470e-09    3.7457491541e-09    6.1507426502e-09    2.1278328974e-08   -1.6488007883e-09   -3.8798879027e-09   -7.3673897459e-10   -8.1609170110e-09
   7.0100000   -6.3374350717e-10    1.0814300974e-10    3.4185563890e-09    1.8441567475e-08   -1.6484600045e-09   -3.8424591721e-09   -7.4785300292e-10   -8.1812005604e-09
   7.0600000   -5.7694291528e-09   -6.5721742866e-09   -3.7216570215e-10    1.6439210386e-08   -1.6491698290e-09   -3.8109531564e-09   -7.5896864938e-10   -8.2017877779e-09
   7.1100000   -8.3302374230e-09   -1.1148092513e-08   -3.9949505383e-09    1.6170017288e-08   -1.6530492991e-09   -3.8083485969e-09   -7.7005742431e-10   -8.2223438475e-09
   7.1600000   -5.1011759555e-09   -9.4415009119e-09   -6.1800458105e-09    1.7805126432e-08   -1.6609834643e-09   -3.8500509120e-09   -7.8111634073e-10   -8.2425511745e-09
   7.2100000    2.7599900864e-09   -2.6630324740e-09   -6.0810206959e-09    2.0712462578e-08   -1.6720765876e-09   -3.9396670949e-09   -7.9215204945e-10   -8.2621568735e-09
   7.2600000    9.4345642817e-09    2.9836392352e-09   -3.6310463441e-09    2.3744725932e-08   -1.6838237101e-09   -4.0689306996e-09   -8.0317917011e-10   -8.2809679889e-09
   7.3100000    9.2130058122e-09    2.1414243149e-09    3.6561504370e-10    2.5756692967e-08   -1.6928839692e-09   -4.2213087262e-09   -8.1422770240e-10   -8.2988643194e-09
   7.3600000    2.0037741282e-09   -4.2797259620e-09    4.4684956651e-09    2.6098612236e-08   -1.6962013799e-09   -4.3772829050e-09   -8.2532250188e-10   -8.3157744968e-09
   7.4100000   -6.2182651726e-09   -1.0072265136e-08    7.0965428678e-09    2.4850168830e-08   -1.6921633225e-09   -4.5193962809e-09   -8.3649080743e-10   -8.3316643748e-09
   7.4600000   -8.7237265307e-09   -1.0053868861e-08    7.1108792116e-09    2.2704675885e-08   -1.6812899431e-09   -4.6353287137e-09   -8.4773852246e-10   -8.3465287154e-09
   7.5100000   -3.8692774837e-09   -4.8506128530e-09    4.2696717637e-09    2.0594848223e-08   -1.6662116609e-09   -4.7186520816e-09   -8.5906040349e-10   -8.3603705907e-09
   7.5600000    3.9864122947e-09    5.8070045964e-10   -6.2112201778e-10    1.9268178085e-08   -1.6509484614e-09   -4.7677878559e-09   -8.7042375294e-10   -8.3732116970e-09
   7.6100000    8.7220721093e-09    2.2295482178e-09   -5.9321427942e-09    1.9018275389e-08   -1.6397141011e-09   -4.7844677111e-09   -8.8178232867e-10   -8.3850747143e-09
   7.6600000    7.4020918739e-09    1.1341516216e-10   -9.7493670525e-09    1.9678364904e-08   -1.6355688589e-09   -4.7725204249e-09   -8.9304659757e-10   -8.3960017506e-09
   7.7100000    1.7836158295e-09   -3.2599471836e-09   -1.0551739224e-08    2.0842131052e-08   -1.6394640144e-09   -4.7370924852e-09   -9.0412250126e-10   -8.4060709615e-09
   7.7600000   -3.9169151807e-09   -6.0304761804e-09   -7.7942910533e-09    2.2162367875e-08   -1.6499284953e-09   -4.6840024348e-09   -9.1488198046e-10   -8.4154075623e-09
   7.8100000   -6.3042321775e-09   -7.8849298517e-09   -2.1788148880e-09    2.3543385985e-08   -1.6635566075e-09   -4.6186136836e-09   -9.2518738296e-10   -8.4241790218e-09
   7.8600000   -4.5946664776e-09   -8.6344439714e-09    4.5158209263e-09    2.5108806938e-08   -1.6760445254e-09   -4.5442993892e-09   -9.3490376670e-10   -8.4325978375e-09
   7.9100000   -3.7349932849e-10   -7.3194984621e-09    1.0024049495e-08    2.6969645191e-08   -1.6835717995e-09   -4.4615072690e-09   -9.4390225312e-10   -8.4409078941e-09
   7.9600000    3.7487288921e-09   -3.4200991495e-09    1.2416554569e-08    2.8954793134e-08   -1.6839505338e-09   -4.3687593292e-09   -9.5206546412e-10   -8.4493594396e-09
   8.0100000    5.5433132045e-09    1.4542639937e-09    1.0845772389e-08    3.0511083122e-08   -1.6772497817e-09   -4.2665006196e-09   -9.5930995115e-10   -8.4581764012e-09
   8.0600000    4.1326498116e-09    3.9291016340e-09    5.9024772408e-09    3.0889347223e-08   -1.6656446437e-09   -4.1627342986e-09   -9.6558975150e-10   -8.4675333556e-09
   8.1100000    3.5079165868e-10    1.5160919571e-09   -5.8273608124e-10    2.9556348206e-08   -1.6526159783e-09   -4.0779894278e-09   -9.7090323649e-10   -8.4775151691e-09
   8.1600000   -3.6416372284e-09   -4.8644921445e-09   -6.2253624196e-09    2.6615417584e-08   -1.6417396647e-09   -4.0455910144e-09   -9.7529109744e-10   -8.4881176000e-09
   8.2100000   -5.4773632205e-09   -1.1023796439e-08   -8.9867545507e-09    2.2977020790e-08   -1.6355474521e-09   -4.1044461457e-09   -9.7885517764e-10   -8.4992273649e-09
   8.2600000   -3.9735713874e-09   -1.2486200179e-08   -7.9349327537e-09    2.0122722753e-08   -1.6347334155e-09   -4.2846324699e-09   -9.8174319159e-10   -8.5106496451e-09
   8.3100000    7.6957450660e-11   -8.0013371817e-09   -3.5822016727e-09    1.9505658048e-08   -1.6380615261e-09   -4.5900997942e-09   -9.8414091702e-10   -8.5221372190e-09
   8.3600000    4.3826509621e-09   -7.4943789423e-10    2.3157025687e-09    2.1830845033e-08   -1.6429345242e-09   -4.9863437358e-09   -9.8627160458e-10   -8.5334458674e-09
   8.4100000    6.6704704468e-09    3.8590255013e-09    7.4189311162e-09    2.6564891077e-08   -1.6463646516e-09   -5.4007966886e-09   -9.8838418775e-10   -8.5443689577e-09
   8.4600000    6.1495218607e-09    2.2711209202e-09    9.6819041712e-09    3.1972610864e-08   -1.6459692259e-09   -5.7397204570e-09   -9.9072849727e-10   -8.5548173251e-09
   8.5100000    3.8618940270e-09   -4.3101924778e-09    8.1317314567e-09    3.5760987400e-08   -1.6407422583e-09   -5.9185394370e-09   -9.9355182803e-10   -8.5648188516e-09
   8.5600000    1.8045172942e-09   -1.0588319245e-08    3.2534707107e-09    3.6104259032e-08   -1.6311076248e-09   -5.8947211362e-09   -9.9707462375e-10   -8.5745717634e-09
   8.6100000    1.5929799039e-09   -1.1166109206e-08   -3.1774596937e-09    3.2579078608e-08   -1.6185957601e-09   -5.6888302069e-09   -1.0014717890e-09   -8.5844012502e-09
   8.6600000    3.4797357519e-09   -4.9771518489e-09   -8.7676570126e-09    2.6516403004e-08   -1.6050190899e-09   -5.3819475657e-09   -1.0068693455e-09   -8.5947243978e-09
   8.7100000    6.0548051138e-09    3.4009353946e-09   -1.1426449312e-08    2.0535307824e-08   -1.5916804549e-09   -5.0865401544e-09   -1.0133331408e-09   -8.6059912473e-09
   8.7600000    6.7524878166e-09    6.9963799695e-09   -1.0164387469e-08    1.7435952417e-08   -1.5788641258e-09   -4.9003785597e-09   -1.0208626171e-09   -8.6185953618e-09
   8.8100000    3.3178209600e-09    2.0973756488e-09   -5.4470870863e-09    1.8956771351e-08   -1.5659171235e-09   -4.8630112015e-09   -1.0294011415e-09   -8.6328059648e-09
   8.8600000   -4.1702237616e-09   -8.2176265105e-09    1.0246328233e-09    2.4961588308e-08   -1.5517562325e-09   -4.9360927722e-09   -1.0388406796e-09   -8.6486933267e-09
   8.9100000   -1.2255044487e-08   -1.6032707771e-08    6.9939579442e-09    3.3412847272e-08   -1.5356132880e-09   -5.0205582759e-09   -1.0490434150e-09   -8.6661160623e-09
   8.9600000   -1.5726586766e-08   -1.4984019856e-08    1.0499018778e-08    4.1148087454e-08   -1.5177592359e-09   -5.0072454125e-09   -1.0598464026e-09   -8.6847031460e-09
   9.0100000   -1.1541744677e-08   -5.8409758701e-09    1.0564761600e-08    4.5158233484e-08   -1.4998548607e-09   -4.8398732538e-09   -1.0710971493e-09   -8.7039176202e-09
   9.0600000   -1.8703303008e-09    3.8537969857e-09    7.4884228754e-09    4.3857947073e-08   -1.4847125748e-09   -4.5596502167e-09   -1.0826423287e-09   -8.7231065754e-09
   9.1100000    7.1002385241e-09    6.1755043013e-09    2.6364309855e-09    3.7803731839e-08   -1.4756633079e-09   -4.3052979255e-09   -1.0943570259e-09   -8.7416040309e-09
   9.1600000    1.0315436852e-08   -3.2060601949e-10   -2.1395292641e-09    2.9508913431e-08   -1.4756807402e-09   -4.2605535649e-09   -1.1061270292e-09   -8.7588015497e-09
   9.2100000    8.3700669217e-09   -9.4975057783e-09   -5.2173273652e-09    2.2398285632e-08   -1.4864621396e-09   -4.5671391272e-09   -1.1178579094e-09   -8.7742134938e-09
   9.2600000    6.6969693157e-09   -1.3240944247e-08   -5.7688523324e-09    1.9363059389e-08   -1.5079450682e-09   -5.2414022450e-09   -1.1294424598e-09   -8.7875551003e-09
   9.3100000    9.7326514500e-09   -8.5391385874e-09   -3.9808725776e-09    2.1573917196e-08   -1.5380378647e-09   -6.1378389094e-09   -1.1407565339e-09   -8.7987130965e-09
   9.3600000    1.5678187372e-08    2.6535942150e-10   -8.8662760329e-10    2.8067230365e-08   -1.5728475612e-09   -6.9854721081e-09   -1.1516531608e-09   -8.8077879142e-09
   9.4100000    1.7384159249e-08    5.5984708247e-09    2.1014356372e-09    3.6234515822e-08   -1.6070559674e-09   -7.4908109786e-09   -1.1619441960e-09   -8.8150311887e-09
   9.4600000    9.0480753434e-09    3.0869211680e-09    3.7731278176e-09    4.2943219573e-08   -1.6345610484e-09   -7.4668188708e-09   -1.1714052685e-09   -8.8208258535e-09
   9.5100000   -7.4402443257e-09   -5.1296031933e-09    3.5894691650e-09    4.5787548430e-08   -1.6492744915e-09   -6.9285604803e-09   -1.1798045668e-09   -8.8256204082e-09
   9.5600000   -2.2623516151e-08   -1.2397570121e-08    1.8462508474e-09    4.3969686901e-08   -1.6460346510e-09   -6.1044644944e-09   -1.1869281700e-09   -8.8298724391e-09
   9.6100000   -2.6296348908e-08   -1.2814037136e-08   -5.3195105041e-10    3.8503461278e-08   -1.6216298795e-09   -5.3474365487e-09   -1.1926115788e-09   -8.8340063335e-09
   9.6600000   -1.5289574785e-08   -5.7462378505e-09   -2.4549677657e-09    3.1717428128e-08   -1.5757581978e-09   -4.9777330063e-09   -1.1967781745e-09   -8.8383605050e-09
   9.7100000    4.0751671957e-09    3.5289449201e-09   -3.1541768151e-09    2.6297769493e-08   -1.5114665399e-09   -5.1270994545e-09   -1.1994776128e-09   -8.8431404215e-09
   9.7600000    2.0409946024e-08    7.6057097291e-09   -2.4717295786e-09    2.4262061119e-08   -1.4349209740e-09   -5.6617539648e-09   -1.2008741775e-09   -8.8484129983e-09
   9.8100000    2.4800344920e-08    2.6866461929e-09   -8.4960568438e-10    2.6254324250e-08   -1.3542182220e-09   -6.2311709163e-09   -1.2012757589e-09   -8.8540790214e-09
   9.8600000    1.6098165558e-08   -8.0083799240e-09    9.3848568466e-10    3.1416498715e-08   -1.2775938693e-09   -6.4318888225e-09   -1.2010880280e-09   -8.8598957842e-09
   9.9100000    9.6620712970e-10   -1.6308134241e-08    2.1694905470e-09    3.7858068128e-08   -1.2116616666e-09   -6.0167605665e-09   -1.2007597935e-09   -8.8655106942e-09
   9.9600000   -1.0711045778e-08   -1.5580125038e-08    2.4924097930e-09    4.3488014637e-08   -1.1605006461e-09   -5.0487023018e-09   -1.2007450033e-09   -8.8705073837e-09
  10.0100000   -1.1988176760e-08   -6.4186741699e-09    2.0506304833e-09    4.6811063780e-08   -1.1260816101e-09   -3.9143078758e-09   -1.2014222944e-09   -8.8744705212e-09
  10.0600000   -2.9494881415e-09    3.6530687940e-09    1.3572912686e-09    4.7340039875e-08   -1.1099968720e-09   -3.1735191862e-09   -1.2030487057e-09   -8.8770412386e-09
  10.1100000    9.7297359021e-09    6.5919597976e-09    9.8825704761e-10    4.5524626177e-08   -1.1156021626e-09   -3.3012804614e-09   -1.2057269071e-09   -8.8779816474e-09
  10.1600000    1.7507678774e-08    7.7009120408e-10    1.2415158186e-09    4.2365979156e-08   -1.1490334309e-09   -4.4379494239e-09   -1.2093896718e-09   -8.8772231014e-09
  10.2100000    1.5716850522e-08   -7.8673477649e-09    1.9365063314e-09    3.8980453945e-08   -1.2180044867e-09   -6.2740255864e-09   -1.2138259216e-09   -8.8748825336e-09
  10.2600000    6.1020332666e-09   -1.1432507336e-08    2.4774197914e-09    3.6278018835e-08   -1.3279692651e-09   -8.1420266015e-09   -1.2187283807e-09   -8.8712962715e-09
  10.3100000   -5.4706213902e-09   -7.2131962168e-09    2.1835935575e-09    3.4786714819e-08   -1.4770067768e-09   -9.2930891408e-09   -1.2237670729e-09   -8.8669914759e-09
  10.3600000   -1.3548377419e-08    2.4579123965e-10    7.3189775608e-10    3.4612367796e-08   -1.6518965554e-09   -9.2420669818e-09   -1.2286596854e-09   -8.8626667575e-09
  10.4100000   -1.5643916242e-08    3.6984164447e-09   -1.5490546271e-09    3.5535034948e-08   -1.8279789767e-09   -8.0191840454e-09   -1.2332306528e-09   -8.8591188061e-09
  10.4600000   -1.1396273132e-08   -1.5492075705e-10   -3.7430343653e-09    3.7204326208e-08   -1.9743875684e-09   -6.1961650554e-09   -1.2374646638e-09   -8.8571587419e-09
  10.5100000   -1.0415270551e-09   -8.0039061501e-09   -4.7724047333e-09    3.9312047911e-08   -2.0636161360e-09   -4.6533573973e-09   -1.2415179216e-09   -8.8575034451e-09
  10.5600000    1.3696636779e-08   -1.3217314583e-08   -3.9614131765e-09    4.1619897797e-08   -2.0820180940e-09   -4.1785436595e-09   -1.2457098541e-09   -8.8606689491e-09
  10.6100000    2.7226161740e-08   -1.1649163768e-08   -1.4276922176e-09    4.3858266070e-08   -2.0363493545e-09   -5.0786311559e-09   -1.2504641433e-09   -8.8668682756e-09
  10.6600000    3.0661074708e-08   -4.8215629550e-09    1.9015081609e-09    4.5658233457e-08   -1.9523722803e-09   -6.9951636350e-09   -1.2562481038e-09   -8.8759747793e-09
  10.7100000    1.7742184394e-08    1.7670532151e-09    4.6583993158e-09    4.6656489894e-08   -1.8647394825e-09   -9.0303341609e-09   -1.2635105406e-09   -8.8875163543e-09
  10.7600000   -7.8255912247e-09    3.2579724743e-09    5.6342700184e-09    4.6724303526e-08   -1.8017991940e-09   -1.0146839612e-08   -1.2725943949e-09   -8.9007470597e-09
  10.8100000   -3.1218584561e-08   -8.7889371468e-10    4.3622071240e-09    4.6115508616e-08   -1.7719532290e-09   -9.6678502829e-09   -1.2836942803e-09   -8.9147805847e-09
  10.8600000   -3.5146766533e-08   -6.7083900123e-09    1.4128159494e-09    4.5376183989e-08   -1.7589325821e-09   -7.6403581087e-09   -1.2968370619e-09   -8.9287004010e-09
  10.9100000   -1.3133995526e-08   -9.1240573903e-09   -1.7894876722e-09    4.5058478786e-08   -1.7296241344e-09   -4.8739152504e-09   -1.3118913970e-09   -8.9417260183e-09
  10.9600000    2.3199348296e-08   -6.0763748562e-09   -3.6132772880e-09    4.5428347932e-08   -1.6522422707e-09   -2.6111017705e-09   -1.3285973330e-09   -8.9532875742e-09
  11.0100000    5.0031719063e-08   -4.4045315123e-10   -3.0447229138e-09    4.6332522393e-08   -1.5166091611e-09   -1.9624158130e-09   -1.3466166002e-09   -8.9630803758e-09
  11.0600000    4.7582985701e-08    2.3075417034e-09   -2.5429473908e-10    4.7268516296e-08   -1.3458668928e-09   -3.3625223133e-09   -1.3655987524e-09   -8.9710221524e-09
  11.1100000    1.5253162637e-08   -9.2246428509e-10    3.4227843740e-09    4.7617434565e-08   -1.1916428975e-09   -6.3124352265e-09   -1.3852320797e-09   -8.9772313485e-09
  11.1600000   -2.6101648494e-08   -7.5635419931e-09    6.1018153742e-09    4.6971562883e-08   -1.1124893385e-09   -9.5516604460e-09   -1.4052754081e-09   -8.9819578992e-09
  11.2100000   -4.7778957722e-08   -1.1377172765e-08    6.2485797887e-09    4.5445136958e-08   -1.1445151890e-09   -1.1606037724e-08   -1.4255756941e-09   -8.9855822749e-09
  11.2600000   -3.3885137953e-08   -8.4177919358e-09    3.4249851843e-09    4.3787417268e-08   -1.2788336220e-09   -1.1472281636e-08   -1.4460611901e-09   -8.9886431509e-09
  11.3100000    6.0814503222e-09   -1.2603914049e-09   -1.4544667399e-09    4.3141415369e-08   -1.4595660419e-09   -9.1202285498e-09   -1.4667007675e-09   -8.9918784151e-09
  11.3600000    4.3020955616e-08    3.1574622352e-09   -6.4575275113e-09    4.4486598439e-08   -1.6068019627e-09   -5.5624693889e-09   -1.4874788016e-09   -8.9962573919e-09
  11.4100000    4.9249690242e-08    3.8559010931e-10   -9.4226502339e-09    4.8049725475e-08   -1.6562676124e-09   -2.4341564798e-09   -1.5083363839e-09   -9.0029436605e-09
  11.4600000    1.9407330347e-08   -6.8767455607e-09   -8.8839169544e-09    5.3038521026e-08   -1.5966067161e-09   -1.2563933361e-09   -1.5291610065e-09   -9.0131488706e-09
  11.5100000   -2.4883256856e-08   -1.1303399864e-08   -4.7397249694e-09    5.7871466516e-08   -1.4832291372e-09   -2.7160352642e-09   -1.5497464955e-09   -9.0278856851e-09
  11.5600000   -5.0639717025e-08   -8.2712521573e-09    1.6476412882e-09    6.0796682609e-08   -1.4170505357e-09   -6.3027540428e-09   -1.5698113896e-09   -9.0476704881e-09
  11.6100000   -3.7809692735e-08   -5.5101226480e-10    7.9888377975e-09    6.0621782540e-08   -1.4936933785e-09   -1.0490460738e-08   -1.5890061632e-09   -9.0722364017e-09
  11.6600000    5.9790820563e-09    4.3854269698e-09    1.1998557706e-08    5.7262732705e-08   -1.7463423045e-09   -1.3401494834e-08   -1.6069439268e-09   -9.1003819869e-09
  11.7100000    5.0892469002e-08    1.6377421167e-09    1.2290662494e-08    5.1886844811e-08   -2.1126371477e-09   -1.3661804069e-08   -1.6232311841e-09   -9.1300327257e-09
  11.7600000    6.6112890664e-08   -6.5090955448e-09    8.8565380585e-09    4.6546053004e-08   -2.4484944044e-09   -1.1055313525e-08   -1.6375021888e-09   -9.1585459031e-09
  11.8100000    4.1341263758e-08   -1.2894167810e-08    2.9802434785e-09    4.3395877992e-08   -2.5896111046e-09   -6.6657748074e-09   -1.6494407765e-09   -9.1832200307e-09
  11.8600000   -6.3159947872e-09   -1.2115891803e-08   -3.3030585397e-09    4.3823096515e-08   -2.4356002218e-09   -2.4238616101e-09   -1.6587935553e-09   -9.2018834980e-09
  11.9100000   -4.4376473099e-08   -5.1385697792e-09   -7.9553197075e-09    4.7890325348e-08   -2.0149690704e-09   -2.5122496940e-10   -1.6653850078e-09   -9.2134223299e-09
  11.9600000   -4.7412830356e-08    2.0035877247e-09   -9.6159695835e-09    5.4344079476e-08   -1.4924764745e-09   -1.1852285306e-09   -1.6691085689e-09   -9.2180725394e-09
  12.0100000   -1.4535227944e-08    3.6772698191e-09   -7.9956304043e-09    6.1134379686e-08   -1.1052889516e-09   -4.8861914327e-09   -1.6699282129e-09   -9.2173786983e-09
  12.0600000    3.0139793592e-08   -7.5880534185e-10   -3.8733522244e-09    6.6177212094e-08   -1.0503368255e-09   -9.7607844785e-09   -1.6678746543e-09   -9.2138158591e-09
  12.1100000    5.4588367706e-08   -6.9150153215e-09    1.2641944910e-09    6.8060091528e-08   -1.3757475864e-09   -1.3657141137e-08   -1.6630283420e-09   -9.2101351634e-09
  12.1600000    4.1681231928e-08   -9.4169764302e-09    5.7717002721e-09    6.6474914786e-08   -1.9345345626e-09   -1.4824691382e-08   -1.6555132358e-09   -9.2086621070e-09
  12.2100000    1.3169725143e-09   -6.3973341223e-09    8.3666611916e-09    6.2265775624e-08   -2.4352133538e-09   -1.2707407273e-08   -1.6454652063e-09   -9.2106717424e-09
  12.2600000   -3.7067103924e-08   -8.3382754674e-10    8.4641420899e-09    5.7092191392e-08   -2.5767387179e-09   -8.2102282770e-09   -1.6330297683e-09   -9.2161011139e-09
  12.3100000   -4.6109475562e-08    2.1207342845e-09    6.2643351331e-09    5.2838101465e-08   -2.2085439059e-09   -3.3140449535e-09   -1.6183280360e-09   -9.2236398182e-09
  12.3600000   -2.0205572544e-08   -4.7437856905e-10    2.6091080370e-09    5.0995201737e-08   -1.4343370614e-09   -2.0717050948e-10   -1.6014639777e-09   -9.2311643548e-09
  12.4100000    2.1162354936e-08   -6.7909028950e-09   -1.3319344987e-09    5.2239586423e-08   -5.9639896803e-10   -3.1912094716e-10   -1.5825474082e-09   -9.2364217472e-09
  12.4600000    4.8359653953e-08   -1.1597662926e-08   -4.4493789148e-09    5.6307500732e-08   -1.3141024832e-10   -3.6856300669e-09   -1.5617032034e-09   -9.2377273405e-09
  12.5100000    4.3209521393e-08   -1.0559787511e-08   -6.0326203235e-09    6.2146277068e-08   -3.5606009264e-10   -8.9262859716e-09   -1.5391416550e-09   -9.2344677440e-09
  12.5600000    1.1401803267e-08   -4.0421701561e-09   -5.9480763340e-09    6.8248487165e-08   -1.2852936979e-09   -1.3843051746e-08   -1.5152145845e-09   -9.2272525630e-09
  12.6100000   -2.2667520159e-08    2.8647853722e-09   -4.6040849726e-09    7.3071849157e-08   -2.5829982870e-09   -1.6374648088e-08   -1.4904498497e-09   -9.2176721742e-09
  12.6600000   -3.4011857427e-08    4.4763845742e-09   -2.7264307107e-09    7.5455184741e-08   -3.6881160476e-09   -1.5487245331e-08   -1.4655732804e-09   -9.2077744458e-09
  12.7100000   -1.4744130799e-08   -4.3959469664e-10   -1.0339553966e-09    7.4936970026e-08   -4.0723417356e-09   -1.1614270562e-08   -1.4414849311e-09   -9.1993474249e-09
  12.7600000    2.0857409595e-08   -7.2299785403e-09    5.5885849160e-11    7.1884131513e-08   -3.5113947113e-09   -6.4586755087e-09   -1.4191657758e-09   -9.1933147186e-09
  12.8100000    4.6764527934e-08   -9.3544617941e-09    5.6336602037e-10    6.7377127902e-08   -2.2301212949e-09   -2.2496874675e-09   -1.3995851728e-09   -9.1894023642e-09
  12.8600000    4.3504407731e-08   -4.6385722678e-09    8.5693122043e-10    6.2873176740e-08   -8.3128053961e-10   -7.8023431095e-10   -1.3835472333e-09   -9.1862092823e-09
  12.9100000    1.1999231509e-08    2.2007628982e-09    1.3798708003e-09    5.9751841618e-08   -2.0881048437e-11   -2.6411452606e-09   -1.3715743127e-09   -9.1816246764e-09
  12.9600000   -2.6256125581e-08    3.9083359086e-09    2.3360577986e-09    5.8897630976e-08   -2.5070830669e-10   -6.9780741800e-09   -1.3638069535e-09   -9.1735291274e-09
  13.0100000   -4.3332374700e-08   -1.7125143227e-09    3.5071386422e-09    6.0466692079e-08   -1.4558050424e-09   -1.1869604905e-08   -1.3599800158e-09   -9.1604736298e-09
  13.0600000   -2.4823018464e-08   -8.8067455881e-09    4.3147861350e-09    6.3915527687e-08   -3.0344299319e-09   -1.5159734808e-08   -1.3594507095e-09   -9.1421924605e-09
  13.1100000    1.7828404062e-08   -9.2016223979e-09    4.1235234305e-09    6.8262958847e-08   -4.1075884705e-09   -1.5386899114e-08   -1.3613056297e-09   -9.1197161076e-09
  13.1600000    5.3084699568e-08   -1.7727073834e-09    2.6505698799e-09    7.2459477629e-08   -3.9524716988e-09   -1.2414268804e-08   -1.3645010254e-09   -9.0950374088e-09
  13.2100000    5.2067651692e-08    4.8711183416e-09    2.6705059627e-10    7.5705739023e-08   -2.4024729093e-09   -7.4950304248e-09   -1.3680367696e-09   -9.0704658350e-09
  13.2600000    1.2922515892e-08    8.6782315290e-10   -2.0042568484e-09    7.7608071577e-08   -1.5393549481e-12   -2.7452063054e-09   -1.3710910005e-09   -9.0478479503e-09
  13.3100000   -3.3977016103e-08   -1.3110014648e-08   -2.8541648987e-09    7.8150895810e-08    2.1930799179e-09   -2.4597512683e-10   -1.3731715055e-09   -9.0279171449e-09
  13.3600000   -4.8494731569e-08   -2.4098641666e-08   -1.2855657691e-09    7.7549179435e-08    3.0941187606e-09   -1.1532358371e-09   -1.3741699776e-09   -9.0100576156e-09
  13.4100000   -1.5363026881e-08   -1.9144938706e-08    2.8216487563e-09    7.6085847356e-08    2.1329305011e-09   -5.1910142767e-09   -1.3743956218e-09   -8.9925282843e-09
  13.4600000    1.2502499956e-08   -7.8403733042e-10    8.5156433714e-09    7.4051134722e-08   -4.0220853701e-10   -1.0747008009e-08   -1.3745469538e-09   -8.9730749837e-09
  13.5100000    7.5918017853e-08    1.7133541644e-08    1.3622088674e-08    7.1743945245e-08   -3.4315628515e-09   -1.5537647998e-08   -1.3756447238e-09   -8.9497958729e-09
  13.5600000    1.0084582756e-07    1.7583968423e-08    1.5680200790e-08    6.9630652623e-08   -5.5564055130e-09   -1.7569231007e-08   -1.3789309128e-09   -8.9218692814e-09
  13.6100000    9.0660178930e-08    1.2641602285e-09    1.3170502421e-08    6.8395781362e-08   -5.7327627348e-09   -1.5991697734e-08   -1.3857495833e-09   -8.8899371491e-09
  13.6600000    8.9588594889e-08   -1.4754189147e-08    6.0887228181e-09    6.8751114872e-08   -3.8199559051e-09   -1.1478745077e-08   -1.3974153386e-09   -8.8559564383e-09
  13.7100000    1.2447554480e-07   -1.4676268996e-08   -3.8495870853e-09    7.1162233737e-08   -7.1405127912e-10   -5.9617392662e-09   -1.4150662709e-09   -8.8226207347e-09
  13.7600000    1.7285171929e-07   -3.2484870565e-10   -1.3679644059e-08    7.5548394737e-08    2.0344684702e-09   -1.8171666190e-09   -1.4395405389e-09   -8.7924899607e-09
  13.8100000    1.9013915814e-07    1.1627738995e-08   -2.0192581612e-08    8.1127247196e-08    2.9634395751e-09   -8.4604682352e-10   -1.4712626810e-09   -8.7671449837e-09
  13.8600000    1.6021195365e-07    8.1479554166e-09   -2.1103610322e-08    8.6541056220e-08    1.4506259100e-09   -3.4833293795e-09   -1.5101638606e-09   -8.7466698088e-09
  13.9100000    1.1175116650e-07   -6.7882978615e-09   -1.5930130170e-08    9.0278378246e-08   -1.9085409769e-09   -8.5882891636e-09   -1.5556404381e-09   -8.7296120100e-09
  13.9600000    8.6844978612e-08   -1.8239903141e-08   -6.2319692940e-09    9.1251823212e-08   -5.5168590569e-09   -1.3922584759e-08   -1.6065676098e-09   -8.7134016755e-09
  14.0100000    1.0077492157e-07   -1.7343574304e-08    4.8853449655e-09    8.9290577305e-08   -7.5176950604e-09   -1.7122366606e-08   -1.6613484773e-09   -8.6950885105e-09
  14.0600000    1.3447796731e-07   -9.1105434973e-09    1.3817857934e-08    8.5314651317e-08   -6.7231428081e-09   -1.6745322625e-08   -1.7180324063e-09   -8.6720936583e-09
  14.1100000    1.5987419070e-07   -3.4530630435e-09    1.7673719748e-08    8.1081211589e-08   -3.2694429440e-09   -1.2927362299e-08   -1.7744568291e-09   -8.6428160656e-09
  14.1600000    1.6559265081e-07   -2.7052173034e-09    1.5218711805e-08    7.8574897396e-08    1.3514607233e-09   -7.3453020730e-09   -1.8284470235e-09   -8.6068515657e-09
  14.2100000    1.5891388200e-07   -1.6489350172e-09    7.2500826668e-09    7.9270149218e-08    4.9418343583e-09   -2.4869082660e-09   -1.8779957166e-09   -8.5648478739e-09
  14.2600000    1.5040220581e-07    1.9344947925e-09   -3.6900197057e-09    8.3553148794e-08    5.6458657915e-09   -5.4425091635e-10   -1.9214859166e-09   -8.5181343582e-09
  14.3100000    1.4289691488e-07    2.5863071919e-09   -1.4130238455e-08    9.0529635960e-08    2.8930479568e-09   -2.4258894366e-09   -1.9578278355e-09   -8.4681831769e-09
  14.3600000    1.3435399274e-07   -4.0629483867e-09   -2.0735437133e-08    9.8293092527e-08   -2.2418785193e-09   -7.3402920716e-09   -1.9866076426e-09   -8.4161896341e-09
  14.4100000    1.2509968406e-07   -1.1837254501e-08   -2.1300137053e-08    1.0455208933e-07   -7.4753601798e-09   -1.3148803140e-08   -2.0080987563e-09   -8.3628406735e-09
  14.4600000    1.1769712579e-07   -9.7064041085e-09   -1.5398993825e-08    1.0738787450e-07   -1.0372490714e-08   -1.7334117453e-08   -2.0232070944e-09   -8.3082772564e-09
  14.5100000    1.1129314534e-07    2.3231148280e-09   -4.5314958288e-09    1.0587991422e-07   -9.5305622037e-09   -1.8141753757e-08   -2.0333502837e-09   -8.2523208371e-09
  14.5600000    1.0181419247e-07    9.2786010383e-09    8.2724095980e-09    1.0040277090e-07   -5.3063997706e-09   -1.5366980065e-08   -2.0402252051e-09   -8.1947672004e-09
  14.6100000    9.1023104097e-08   -1.2937873782e-09    1.9292279160e-08    9.2525254812e-08    2.9344616813e-10   -1.0421053729e-08   -2.0455402072e-09   -8.1357237000e-09
  14.6600000    9.1743873031e-08   -2.0527790247e-08    2.5198530991e-08    8.4574547327e-08    4.5400349514e-09   -5.6481293299e-09   -2.0507418706e-09   -8.0758930609e-09
  14.7100000    1.1650761712e-07   -2.4782415754e-08    2.4089774753e-08    7.9012635369e-08    5.3002063317e-09   -3.2184847730e-09   -2.0567659258e-09   -8.0166566257e-09
  14.7600000    1.5777766098e-07   -4.0792184673e-09    1.6175991643e-08    7.7791850027e-08    2.1081295993e-09   -4.1242030648e-09   -2.0638958962e-09   -7.9599763703e-09
  14.8100000    1.8518404567e-07    2.1827659597e-08    3.8560284445e-09    8.1826633688e-08   -3.5477306119e-09   -7.7520170368e-09   -2.0716695079e-09   -7.9081123988e-09
  14.8600000    1.7162495283e-07    2.3089648498e-08   -8.9081498098e-09    9.0678332723e-08   -8.8896102678e-09   -1.2228035631e-08   -2.0789411084e-09   -7.8631875719e-09
  14.9100000    1.2474123420e-07   -5.1139872914e-09   -1.7797381685e-08    1.0252475119e-07   -1.1170347211e-08   -1.5354836499e-08   -2.0840261883e-09   -7.8267475230e-09
  14.9600000    8.5945467010e-08   -3.4283230507e-08   -1.9576827817e-08    1.1447231108e-07   -9.0195482387e-09   -1.5677407682e-08   -2.0848919159e-09   -7.7994266277e-09
  15.0100000    9.0913331449e-08   -3.3361921373e-08   -1.3294603344e-08    1.2322929127e-07   -3.1578884354e-09   -1.3158773974e-08   -2.0794341447e-09   -7.7808115316e-09
  15.0600000    1.3158563138e-07   -3.6171505802e-09   -7.8354979188e-10    1.2606280816e-07    3.8844516732e-09   -9.1461548933e-09   -2.0657102428e-09   -7.7696258698e-09
  15.1100000    1.6355018422e-07    2.3026702123e-08    1.3785120728e-08    1.2181468143e-07    8.9302671224e-09   -5.6635269236e-09   -2.0421584120e-09   -7.7640980711e-09
  15.1600000    1.5359151740e-07    1.9624589923e-08    2.5220366258e-08    1.1161626297e-07    9.6525003715e-09   -4.3977742304e-09   -2.0077808682e-09   -7.7624968414e-09
  15.2100000    1.1547125035e-07   -7.7834203311e-09    2.9090678404e-08    9.8917255434e-08    5.6891689770e-09   -5.8886035136e-09   -1.9622408241e-09   -7.7636598343e-09
  15.2600000    9.4221739008e-08   -2.9908642788e-08    2.3343531030e-08    8.8606641742e-08   -1.1638809007e-09   -9.3171682563e-09   -1.9058966468e-09   -7.7673410507e-09
  15.3100000    1.1740127878e-07   -2.6908199801e-08    9.1596370574e-09    8.5346366270e-08   -7.7816789442e-09   -1.2977375361e-08   -1.8397871792e-09   -7.7743623076e-09
  15.3600000    1.6755258048e-07   -6.1624898907e-09   -9.3120546332e-09    9.1643759937e-08   -1.1168311082e-08   -1.5167634977e-08   -1.7655393818e-09   -7.7864613570e-09
  15.4100000    2.0322886495e-07    1.0568360206e-08   -2.6290292882e-08    1.0645708931e-07   -9.8503260795e-09   -1.5036086321e-08   -1.6852543916e-09   -7.8059987874e-09
  15.4600000    2.0129403649e-07    1.1011651511e-08   -3.6317427302e-08    1.2507655810e-07   -4.5441438933e-09   -1.2951504313e-08   -1.6013430197e-09   -7.8355035212e-09
  15.5100000    1.7454806154e-07    8.4372807203e-10   -3.6139993845e-08    1.4058867466e-07    2.2123273387e-09   -1.0229599607e-08   -1.5163691050e-09   -7.8772309081e-09
  15.5600000    1.5165686158e-07   -7.0402718486e-09   -2.5832358736e-08    1.4654607796e-07    7.2771051496e-09   -8.3829145796e-09   -1.4328631960e-09   -7.9327655464e-09
  15.6100000    1.4674982050e-07   -6.2372390535e-09   -8.7532488935e-09    1.3982378900e-07    8.3820460413e-09   -8.3051902357e-09   -1.3531749516e-09   -8.0027432749e-09
  15.6600000    1.4992924820e-07   -2.1142910462e-10    9.6456054594e-09    1.2238133067e-07    5.1694661264e-09   -9.8226797413e-09   -1.2793400653e-09   -8.0866862175e-09
  15.7100000    1.4238500222e-07    3.5059794550e-09    2.3716997806e-08    1.0097003032e-07   -6.9141474087e-10   -1.1839381108e-08   -1.2130023010e-09   -8.1830049779e-09
  15.7600000    1.1697296561e-07    4.2324889511e-10    2.9525966613e-08    8.4662560463e-08   -6.3408733267e-09   -1.2982446227e-08   -1.1553476655e-09   -8.2891108493e-09
  15.8100000    8.6111220482e-08   -7.3360610592e-09    2.6083980379e-08    8.1093339613e-08   -9.1002483196e-09   -1.2389398499e-08   -1.1071280287e-09   -8.4017168350e-09
  15.8600000    7.2685850867e-08   -1.2501299130e-08    1.5494840344e-08    9.3006479885e-08   -7.7212838822e-09   -1.0209107855e-08   -1.0686993775e-09   -8.5172052848e-09
  15.9100000    9.1095104279e-08   -9.1580367142e-09    2.0158445867e-09    1.1672176879e-07   -2.9339696784e-09   -7.5474293718e-09   -1.0400764301e-09   -8.6321026282e-09
  15.9600000    1.3207905631e-07    6.7672811588e-11   -9.5635951393e-09    1.4337209094e-07    2.9392417183e-09   -5.8884078515e-09   -1.0210373134e-09   -8.7434982971e-09
  16.0100000    1.6574692066e-07    4.5461938567e-09   -1.5597020098e-08    1.6253331701e-07    7.0922726673e-09   -6.3016551777e-09   -1.0111981072e-09   -8.8494259753e-09
  16.0600000    1.6537787429e-07   -3.4363076622e-09   -1.4707644000e-08    1.6672554028e-07    7.5319637334e-09   -8.8581107293e-09   -1.0100958634e-09   -8.9490592515e-09
  16.1100000    1.3317279154e-07   -1.8002402184e-08   -8.0163000851e-09    1.5477161038e-07    3.9644496730e-09   -1.2562918753e-08   -1.0172551484e-09   -9.0427199289e-09
  16.1600000    1.0085664240e-07   -2.3419479805e-08    1.5163570036e-09    1.3243468902e-07   -2.1107941150e-09   -1.5838825752e-08   -1.0322444410e-09   -9.1316668193e-09
  16.2100000    1.0012418463e-07   -1.1088451827e-08    1.0298930043e-08    1.0995974669e-07   -8.1039076091e-09   -1.7305259683e-08   -1.0546552478e-09   -9.2176812981e-09
  16.2600000    1.3154790171e-07    9.0443353672e-09    1.5375375264e-08    9.7568836209e-08   -1.1483029861e-08   -1.6447929703e-08   -1.0841153870e-09   -9.3024916056e-09
  16.3100000    1.6554407340e-07    1.7594139759e-08    1.5300218164e-08    1.0093352319e-07   -1.0842239505e-08   -1.3839068728e-08   -1.1202216101e-09   -9.3871905557e-09
  16.3600000    1.7469195354e-07    6.5860366284e-09    1.0383353481e-08    1.1869076725e-07   -6.4344316467e-09   -1.0809534199e-08   -1.1624882556e-09   -9.4717296281e-09
  16.4100000    1.6135685729e-07   -1.1723174136e-08    2.3310226436e-09    1.4314156919e-07    2.0282223387e-11   -8.7594864511e-09   -1.2102666022e-09   -9.5546224161e-09
  16.4600000    1.5064179484e-07   -1.8484056669e-08   -6.4795353969e-09    1.6380273542e-07    6.1168674244e-09   -8.4736041453e-09   -1.2627030630e-09   -9.6329925438e-09
  16.5100000    1.5912995591e-07   -8.6426028702e-09   -1.3773132783e-08    1.7216406774e-07    9.7675027133e-09   -9.7885015958e-09   -1.3187159825e-09   -9.7028701178e-09
  16.5600000    1.7627570259e-07    4.9501736637e-09   -1.7936268004e-08    1.6546223945e-07    9.9966465463e-09   -1.1761778570e-08   -1.3770142098e-09   -9.7598297621e-09
  16.6100000    1.7800297824e-07    7.0894056567e-09   -1.8248168285e-08    1.4776971271e-07    7.2273292632e-09   -1.3224490235e-08   -1.4361734813e-09   -9.7996459535e-09
  16.6600000    1.5459351951e-07   -3.3657902913e-09   -1.4822433499e-08    1.2797040049e-07    2.9914829811e-09   -1.3407116095e-08   -1.4947138318e-09   -9.8189378163e-09
  16.7100000    1.2149108365e-07   -1.4072913605e-08   -8.3938204863e-09    1.1563847742e-07   -7.6930780301e-10   -1.2309878229e-08   -1.5512260965e-09   -9.8155407015e-09
  16.7600000    1.0363520169e-07   -1.4025740374e-08   -9.1838266853e-11    1.1676516156e-07   -2.5045967909e-09   -1.0643293656e-08   -1.6044508706e-09   -9.7886564081e-09
  16.8100000    1.1214990046e-07   -4.8485552164e-09    8.7209977443e-09    1.3126986886e-07   -1.6417680297e-09   -9.4023341776e-09   -1.6534000778e-09   -9.7386836177e-09
  16.8600000    1.3642247967e-07    2.9072026900e-09    1.6555578732e-08    1.5332342807e-07    1.2471522413e-09   -9.3248891233e-09   -1.6974031518e-09   -9.6669308702e-09
  16.9100000    1.5598788490e-07    2.2745150462e-09    2.1916701591e-08    1.7417200577e-07    4.7323005352e-09   -1.0526394280e-08   -1.7361369163e-09   -9.5752142260e-09
  16.9600000    1.5839810677e-07   -3.4360866006e-09    2.3509816316e-08    1.8603503871e-07    7.1328281597e-09   -1.2484263985e-08   -1.7696372975e-09   -9.4655405495e-09
  17.0100000    1.4734290428e-07   -6.0974324287e-09    2.0550875782e-08    1.8527236269e-07    7.2024938352e-09   -1.4345022814e-08   -1.7982387999e-09   -9.3398400154e-09
  17.0600000    1.3636582321e-07   -2.8460713391e-09    1.3111444728e-08    1.7350273681e-07    4.6337974755e-09   -1.5359448637e-08   -1.8225095857e-09   -9.1997690419e-09
  17.1100000    1.3547553108e-07    9.3352674720e-10    2.3574064530e-09    1.5640831392e-07    1.9063862342e-10   -1.5205953750e-08   -1.8431376390e-09   -9.0465933506e-09
  17.1600000    1.4243754972e-07   -1.4018716276e-09   -9.4796174019e-09    1.4102479100e-07   -4.5843741784e-09   -1.4054267059e-08   -1.8607968738e-09   -8.8811526816e-09
  17.2100000    1.4585547472e-07   -9.2813783825e-09   -1.9502035830e-08    1.3288576456e-07   -7.9837032265e-09   -1.2384579152e-08   -1.8760764719e-09   -8.7038709343e-09
  17.2600000    1.3696167570e-07   -1.4919345048e-08   -2.4892233467e-08    1.3424465282e-07   -8.8375851060e-09   -1.0710480879e-08   -1.8893449276e-09   -8.5148859789e-09
  17.3100000    1.1912623782e-07   -1.1961219215e-08   -2.3820746011e-08    1.4390331882e-07   -7.0253000959e-09   -9.3815907668e-09   -1.9007666059e-09   -8.3142134075e-09
  17.3600000    1.0576892064e-07   -2.9544792673e-09   -1.6208802178e-08    1.5835371153e-07   -3.5727787437e-09   -8.5579516399e-09   -1.9102739197e-09   -8.1019624209e-09
  17.4100000    1.0803546354e-07    3.0209483481e-09   -4.0161212496e-09    1.7342251063e-07   -2.6786741202e-10   -8.3156566308e-09   -1.9176397662e-09   -7.8784548618e-09
  17.4600000    1.2359608715e-07    1.1749035106e-10    9.1579443718e-09    1.8560850592e-07    1.0779606210e-09   -8.7529747661e-09   -1.9225399977e-09   -7.6442999420e-09
  17.5100000    1.3749000291e-07   -7.9523258445e-09    1.9134850290e-08    1.9271629858e-07   -5.6919085985e-10   -9.9776950798e-09   -1.9246051765e-09   -7.4004075414e-09
  17.5600000    1.3519633282e-07   -1.1962742125e-08    2.2576756689e-08    1.9389787890e-07   -4.9434409075e-09   -1.1959627035e-08   -1.9234883143e-09   -7.1479238698e-09
  17.6100000    1.1682636422e-07   -7.0142039142e-09    1.8262700269e-08    1.8948943215e-07   -1.0483933402e-08   -1.4355846148e-08   -1.9188785636e-09   -6.8882859936e-09
  17.6600000    9.9517155236e-08    2.4398057477e-09    7.6971671806e-09    1.8094164798e-07   -1.4902427547e-08   -1.6470767499e-08   -1.9105060487e-09   -6.6233178742e-09
  17.7100000    1.0451872582e-07    7.3186374288e-09   -5.2703215965e-09    1.7081546710e-07   -1.6103939437e-08   -1.7453298968e-08   -1.8981480061e-09   -6.3553738521e-09
  17.7600000    1.3866285786e-07    3.0042788204e-09   -1.5765572811e-08    1.6253548173e-07   -1.3081258917e-08   -1.6686025484e-08   -1.8816013345e-09   -6.0874696306e-09
  17.8100000    1.8596553341e-07   -6.4510223297e-09   -1.9704202485e-08    1.5960481336e-07   -6.3931337078e-09   -1.4175736682e-08   -1.8606936329e-09   -5.8232436467e-09
  17.8600000    2.1794432904e-07   -1.2616379664e-08   -1.5405370998e-08    1.6432308649e-07    1.9997164407e-09   -1.0708310065e-08   -1.8352759364e-09   -5.5667170101e-09
  17.9100000    2.1545002380e-07   -1.0703235456e-08   -4.3387560432e-09    1.7650547142e-07    9.4935084878e-09   -7.6256554221e-09   -1.8052600539e-09   -5.3219277244e-09
  17.9600000    1.8377696218e-07   -3.5689665203e-09    9.3433317487e-09    1.9295051226e-07    1.3883979998e-08   -6.2780499037e-09   -1.7706536237e-09   -5.0924871507e-09
  18.0100000    1.4752437660e-07    1.6367819316e-09    2.0349078180e-08    2.0821448373e-07    1.4248741821e-08   -7.3951964337e-09   -1.7316206681e-09   -4.8812959863e-09
  18.0600000    1.2935642004e-07    4.7124690949e-10    2.4275530753e-08    2.1664521217e-07    1.1288242897e-08   -1.0691416879e-08   -1.6884893771e-09   -4.6904309230e-09
  18.1100000    1.3161502892e-07   -5.0109310718e-09    1.9321474777e-08    2.1490598500e-07    6.9782814519e-09   -1.4925157012e-08   -1.6417725942e-09   -4.5212860990e-09
  18.1600000    1.3729812392e-07   -9.0004589298e-09    7.0075306157e-09    2.0379689147e-07    3.6890021828e-09   -1.8412460311e-08   -1.5921009593e-09   -4.3747714492e-09
  18.2100000    1.2883979649e-07   -7.8950533122e-09   -8.3703239884e-09    1.8835343026e-07    3.1580328311e-09   -1.9763224127e-08   -1.5401171361e-09   -4.2514903816e-09
  18.2600000    1.0632504155e-07   -3.2377616591e-09   -2.1322456821e-08    1.7595292890e-07    5.7641284002e-09   -1.8492067364e-08   -1.4863553925e-09   -4.1517542632e-09
  18.3100000    8.7430493873e-08    7.6949790269e-10   -2.7160096317e-08    1.7314107171e-07    1.0406908090e-08   -1.5215587502e-08   -1.4310917024e-09   -4.0754845219e-09
  18.3600000    8.9230817750e-08    1.5188559732e-09   -2.3654502113e-08    1.8259669953e-07    1.5025592530e-08   -1.1352317289e-08   -1.3742991346e-09   -4.0219671710e-09
  18.4100000    1.1006220425e-07   -7.6560760554e-10   -1.1780726297e-08    2.0168924170e-07    1.7510075544e-08   -8.4825261708e-09   -1.3156549545e-09   -3.9897712439e-09
  18.4600000    1.3005869372e-07   -4.8861408920e-09    4.6654611063e-09    2.2339273686e-07    1.6597658038e-08   -7.6773678363e-09   -1.2546711487e-09   -3.9768015831e-09
  18.5100000    1.3056275833e-07   -9.8300263134e-09    2.0380222056e-08    2.3922506291e-07    1.2373974054e-08   -9.0991434644e-09   -1.1908686153e-09   -3.9805882741e-09
  18.5600000    1.1312055158e-07   -1.3617455233e-08    3.0300650420e-08    2.4291884399e-07    6.1876296142e-09   -1.2022423781e-08   -1.1239881634e-09   -3.9986421343e-09
  18.6100000    9.8336919509e-08   -1.2890592921e-08    3.1202203066e-08    2.3317656033e-07    4.9767285797e-11   -1.5218921167e-08   -1.0541826869e-09   -4.0288176319e-09
  18.6600000    1.0515480211e-07   -5.9623396142e-09    2.2663787040e-08    2.1428528756e-07   -4.1965471250e-09   -1.7494641699e-08   -9.8211930273e-10   -4.0694955862e-09
  18.7100000    1.3178593483e-07    3.6026786457e-09    7.1579949157e-09    1.9434980396e-07   -5.5776829588e-09   -1.8135392545e-08   -9.0903603104e-10   -4.1196117181e-09
  18.7600000    1.5825209773e-07    8.5453100495e-09   -1.0705215186e-08    1.8196382433e-07   -4.2859672156e-09   -1.7100519695e-08   -8.3667921780e-10   -4.1785580450e-09
  18.8100000    1.6754716634e-07    4.7771560459e-09   -2.5532459715e-08    1.8278238685e-07   -1.4883702413e-09   -1.4942557647e-08   -7.6719588409e-10   -4.2460281906e-09
  18.8600000    1.6219755284e-07   -3.8156132948e-09   -3.2718624211e-08    1.9741383499e-07    1.2286825606e-09   -1.2543053572e-08   -7.0291448128e-10   -4.3219786306e-09
  18.9100000    1.5818509067e-07   -9.0585400046e-09   -2.9818650160e-08    2.2139294306e-07    2.5213833720e-09   -1.0794786773e-08   -6.4609454962e-10   -4.4065839677e-09
  18.9600000    1.6377695486e-07   -7.3379605995e-09   -1.7346665448e-08    2.4707711565e-07    1.7875348953e-09   -1.0332733816e-08   -5.9863296360e-10   -4.5002092079e-09
  19.0100000    1.6823790668e-07   -3.4660158146e-09    1.2470346818e-09    2.6655780951e-07   -6.7168977118e-10   -1.1362224760e-08   -5.6175853014e-10   -4.6032668966e-09
  19.0600000    1.5437788370e-07   -4.7463428995e-09    2.0473379693e-08    2.7439923861e-07   -3.8508586887e-09   -1.3596281539e-08   -5.3578901314e-10   -4.7159052971e-09
  19.1100000    1.2118852030e-07   -1.2092410331e-08    3.4381992977e-08    2.6925088932e-07   -6.4866455534e-09   -1.6309292073e-08   -5.1998131693e-10   -4.8376263222e-09
  19.1600000    8.9936776670e-08   -1.8767538326e-08    3.8391514566e-08    2.5393916200e-07   -7.5629447715e-09   -1.8518833603e-08   -5.1252609966e-10   -4.9669324147e-09
  19.2100000    8.4555789457e-08   -1.8221253894e-08    3.0811842788e-08    2.3423464481e-07   -6.6892820102e-09   -1.9289305638e-08   -5.1067290896e-10   -5.1011911421e-09
  19.2600000    1.0625225092e-07   -1.1561897301e-08    1.3535693003e-08    2.1687748342e-07   -4.2316852631e-09   -1.8095064039e-08   -5.1099016611e-10   -5.2368017279e-09
  19.3100000    1.3033014009e-07   -5.7679056848e-09   -8.3946785574e-09    2.0754180604e-07   -1.1683747389e-09   -1.5113814560e-08   -5.0974755951e-10   -5.3696088797e-09
  19.3600000    1.3038025709e-07   -5.0462686667e-09   -2.8281486268e-08    2.0929388654e-07    1.2686224835e-09   -1.1293566472e-08   -5.0328758901e-10   -5.4955057909e-09
  19.4100000    1.0544120290e-07   -5.9840340912e-09   -3.9890091046e-08    2.2187438810e-07    2.0430976946e-09   -8.0930944525e-09   -4.8845916252e-10   -5.6109873127e-09
  19.4600000    8.1570464370e-08   -2.4071141377e-09   -3.9507859776e-08    2.4191037731e-07    7.0740512126e-10   -6.9334834079e-09   -4.6298100677e-10   -5.7134588930e-09
  19.5100000    8.5468067029e-08    5.9845564515e-09   -2.7234474990e-08    2.6396641433e-07   -2.3942377310e-09   -8.5590596005e-09   -4.2574712439e-10   -5.8013374067e-09
  19.5600000    1.1690278496e-07    1.1831846115e-08   -7.0225515557e-09    2.8216421035e-07   -6.1922689250e-09   -1.2599377060e-08   -3.7701612654e-10   -5.8739061885e-09
  19.6100000    1.4817130570e-07    7.8051612827e-09    1.4596880480e-08    2.9194014685e-07   -9.2258451007e-09   -1.7581110225e-08   -3.1845066796e-10   -5.9310955317e-09
  19.6600000    1.5120635013e-07   -4.8157834373e-09    3.0703247442e-08    2.9142185764e-07   -1.0149876203e-08   -2.1454755676e-08   -2.5299604433e-10   -5.9733112318e-09
  19.7100000    1.2491863477e-07   -1.6569188683e-08    3.6341890004e-08    2.8196363902e-07   -8.2452638332e-09   -2.2454310797e-08   -1.8461132590e-10   -6.0013672989e-09
  19.7600000    9.5536520726e-08   -1.9079550549e-08    3.0209821004e-08    2.6762296729e-07   -3.7391690593e-09   -1.9919361480e-08   -1.1783486635e-10   -6.0164690618e-09
  19.8100000    9.0322185970e-08   -1.3111721600e-08    1.5055421599e-08    2.5373386039e-07    2.2093702240e-09   -1.4686097829e-08   -5.7336935226e-11   -6.0202136359e-09
  19.8600000    1.1149731039e-07   -6.7948457710e-09   -3.3638075291e-09    2.4509056519e-07    7.8874286296e-09   -8.8253801092e-09   -7.4957047144e-12   -6.0144289574e-09
  19.9100000    1.3594833123e-07   -6.3665977276e-09   -1.8388926002e-08    2.4442621349e-07    1.1652997915e-08   -4.8016318313e-09    2.7981030115e-11   -6.0009683995e-09
  19.9600000    1.3962402960e-07   -9.8428774135e-09   -2.4857449863e-08    2.5175039830e-07    1.2573987937e-08   -4.4066028154e-09    4.6268000925e-11   -5.9813376706e-09
  20.0100000    1.2122240193e-07   -1.0276819387e-08   -2.0908504296e-08    2.6473563335e-07    1.0819153718e-08   -7.9459985904e-09    4.5562580871e-11   -5.9563892318e-09
  20.0600000    1.0191766220e-07   -4.2877599845e-09   -8.5408002503e-09    2.7988622428e-07    7.6208398483e-09   -1.4057612265e-08    2.5107354610e-11   -5.9261374259e-09
  20.1100000    1.0288640146e-07    4.0890766967e-09    7.2542788045e-09    2.9390870215e-07    4.7986051033e-09   -2.0258162026e-08   -1.4857256433e-11   -5.8897696950e-09
  20.1600000    1.2405091014e-07    8.2670057109e-09    2.0423767294e-08    3.0468253252e-07    4.0211801297e-09   -2.3984913685e-08   -7.3162895711e-11   -5.8458219160e-09
  20.2100000    1.4461693786e-07    6.4618735759e-09    2.6096397864e-08    3.1150236429e-07    6.1070172655e-09   -2.3674174812e-08   -1.4784074238e-10   -5.7924894555e-09
  20.2600000    1.4333078523e-07    2.7685170909e-09    2.2294080496e-08    3.1467215536e-07    1.0660841288e-08   -1.9407204736e-08   -2.3624615440e-10   -5.7279578904e-09
  20.3100000    1.1774894903e-07    1.1286917335e-09    1.0504147486e-08    3.1485327567e-07    1.6208592450e-08   -1.2854609474e-08   -3.3523150198e-10   -5.6507366550e-09
  20.3600000    8.4881677086e-08    4.2770636588e-11   -5.0329064963e-09    3.1263452930e-07    2.0782927257e-08   -6.5647079161e-09   -4.4126691608e-10   -5.5599197231e-09
  20.4100000    6.4996148677e-08   -5.1815473102e-09   -1.8970829886e-08    3.0857677522e-07    2.2716991002e-08   -2.9203332227e-09   -5.5053609558e-10   -5.4553772264e-09
  20.4600000    6.5526858682e-08   -1.5277285071e-08   -2.6764612047e-08    3.0362372127e-07    2.1314898248e-08   -3.2101136401e-09   -6.5899617959e-10   -5.3378367897e-09
  20.5100000    7.9075671715e-08   -2.3894808175e-08   -2.6124644912e-08    2.9948019990e-07    1.7121582848e-08   -7.1816480021e-09   -7.6237203281e-10   -5.2088979565e-09
  20.5600000    9.4014202697e-08   -2.2978573519e-08   -1.7552025810e-08    2.9852171034e-07    1.1688268969e-08   -1.3218197962e-08   -8.5617465441e-10   -5.0708469993e-09
  20.6100000    1.0509450666e-07   -1.1230721208e-08   -3.8900522471e-09    3.0305235215e-07    6.9426674018e-09   -1.9019090406e-08   -9.3573739824e-10   -4.9263822444e-09
  20.6600000    1.1453723656e-07    3.4627019823e-09    1.0800904561e-08    3.1414185401e-07    4.4321508449e-09   -2.2481294492e-08   -9.9634469798e-10   -4.7781694573e-09
  20.7100000    1.2544689422e-07    1.0334824150e-08    2.2548335561e-08    3.3061254077e-07    4.7467893409e-09   -2.2438838859e-08   -1.0334457557e-09   -4.6283710946e-09
  20.7600000    1.3619832389e-07    4.5755707160e-09    2.8500375702e-08    3.4880535176e-07    7.3396361159e-09   -1.9011151024e-08   -1.0429337875e-09   -4.4782679996e-09
  20.8100000    1.4110200746e-07   -9.2757990990e-09    2.7450225317e-08    3.6346590383e-07    1.0789502868e-08   -1.3481903332e-08   -1.0214693426e-09   -4.3280025918e-09
  20.8600000    1.3519315014e-07   -2.1394535116e-08    1.9868783495e-08    3.6957446058e-07    1.3375851961e-08   -7.7973676933e-09   -9.6680657725e-10   -4.1765305383e-09
  20.9100000    1.1801894016e-07   -2.3808465383e-08    7.6211640672e-09    3.6444220189e-07    1.3726859666e-08   -3.8832227559e-09   -8.7805093383e-10   -4.0217741779e-09
  20.9600000    9.4151329653e-08   -1.5200097971e-08   -6.4489435269e-09    3.4916422672e-07    1.1295754138e-08   -3.0091766237e-09   -7.5587286232e-10   -3.8608779094e-09
  21.0100000    7.1462886122e-08   -1.0932852743e-09   -1.8990028043e-08    3.2869257830e-07    6.5075336429e-09   -5.3929615127e-09   -6.0260891630e-10   -3.6905795388e-09
  21.0600000    5.8291572285e-08    9.8436405087e-09   -2.6709326687e-08    3.1032504511e-07    5.5254901587e-10   -1.0153342783e-08   -4.2228382489e-10   -3.5076043826e-09
  21.1100000    5.9662540210e-08    1.1241513149e-08   -2.7096939513e-08    3.0108068103e-07   -5.0694350280e-09   -1.5619704360e-08   -2.2045916560e-10   -3.3091501148e-09
  21.1600000    7.3923313648e-08    3.2017752966e-09   -1.9250618126e-08    3.0495945574e-07   -9.0753447001e-09   -1.9902523722e-08   -4.0048705640e-12   -3.0934161283e-09
  21.2100000    9.2919283552e-08   -7.8994507673e-09   -4.5476612050e-09    3.2121814592e-07   -1.0809362493e-08   -2.1545931215e-08    2.1928257169e-10   -2.8601923080e-09
  21.2600000    1.0708208419e-07   -1.4516435382e-08    1.3226314953e-08    3.4445132955e-07   -1.0407556594e-08   -2.0044883013e-08    4.4115991424e-10   -2.6113995466e-09
  21.3100000    1.1185512581e-07   -1.4073381657e-08    2.8615245367e-08    3.6656263840e-07   -8.6780833809e-09   -1.6037682528e-08    6.5348490407e-10   -2.3514112920e-09
  21.3600000    1.0956923770e-07   -1.0533863097e-08    3.6108633611e-08    3.7992438927e-07   -6.7547875392e-09   -1.1086436327e-08    8.4875780024e-10   -2.0870342858e-09
  21.4100000    1.0509236051e-07   -9.7859487361e-09    3.2195468755e-08    3.8048281963e-07   -5.6534053025e-09   -7.1058807871e-09    1.0206272718e-09   -1.8269876306e-09
  21.4600000    1.0020682595e-07   -1.3484472762e-08    1.7052550282e-08    3.6951750562e-07   -5.8869366213e-09   -5.6439244303e-09    1.1643011350e-09   -1.5809165795e-09
  21.5100000    9.2901296836e-08   -1.7605512308e-08   -4.9770301588e-09    3.5325799412e-07   -7.2724787803e-09   -7.2892594723e-09    1.2768526911e-09   -1.3580260831e-09
  21.5600000    8.1876725030e-08   -1.6873572688e-08   -2.6570382696e-08    3.4042229703e-07   -8.9948106124e-09   -1.1443337193e-08    1.3573415256e-09   -1.1656300414e-09
  21.6100000    7.0464025583e-08   -1.0079042392e-08   -4.0025783483e-08    3.3862552847e-07   -9.9030242436e-09   -1.6552955321e-08    1.4068387455e-09   -1.0078589796e-09
  21.6600000    6.5019997995e-08   -8.9786758018e-10   -4.0311895652e-08    3.5113473528e-07   -8.9350025694e-09   -2.0711569184e-08    1.4282909210e-09   -8.8479965622e-10
  21.7100000    6.9406284576e-08    5.8788587194e-09   -2.7245686751e-08    3.7536632245e-07   -5.5188298674e-09   -2.2385117729e-08    1.4262353456e-09   -7.9228520440e-10
  21.7600000    8.1453335057e-08    8.1592595933e-09   -5.7289765240e-09    4.0383287360e-07    1.9276234106e-10   -2.0971319567e-08    1.4064330375e-09   -7.2235828904e-10
  21.8100000    9.4702588094e-08    6.7501169431e-09    1.6215404235e-08    4.2721177196e-07    7.3401748652e-09   -1.6978949734e-08    1.3753920806e-09   -6.6445107086e-10
  21.8600000    1.0299710094e-07    2.8413569213e-09    3.0835624793e-08    4.3826703261e-07    1.4622261860e-08   -1.1779309275e-08    1.3398558257e-09   -6.0704720802e-10
  21.9100000    1.0344836392e-07   -3.6209491883e-09    3.3951916597e-08    4.3493414105e-07    2.0715560104e-08   -7.0576689136e-09    1.3063190942e-09   -5.3965637223e-10
  21.9600000    9.6334114120e-08   -1.2804366194e-08    2.6595340635e-08    4.2119274069e-07    2.4698205529e-08   -4.2019063757e-09    1.2805709633e-09   -4.5479180257e-10
  21.9900000    8.9298668801e-08   -1.8939476257e-08    1.9293124184e-08    4.1131116192e-07    2.5942719181e-08   -3.6925882172e-09    1.2709001181e-09   -3.9405760935e-10
  22.0000000    8.6639436046e-08   -2.0913470193e-08    1.6710980149e-08    4.0819797507e-07    2.6176765415e-08   -3.7295343022e-09    1.2688319550e-09   -3.7219226948e-10
  22.0100000    8.3872583847e-08   -2.2787987820e-08    1.4149794667e-08    4.0529717380e-07    2.6327919575e-08   -3.8657340890e-09    1.2673914140e-09   -3.4955629034e-10
  22.0200000    8.1030535527e-08   -2.4522125831e-08    1.1663196872e-08    4.0267600566e-07    2.6402155988e-08   -4.0968516138e-09    1.2665995092e-09   -3.2619479629e-10
  22.0300000    7.8147316138e-08   -2.6074911482e-08    9.3009212890e-09    4.0039596459e-07    2.6406280886e-08   -4.4174198895e-09    1.2664814991e-09   -3.0215183886e-10
  22.0400000    7.5258128002e-08   -2.7406624500e-08    7.1076690722e-09    3.9851163395e-07    2.6347817383e-08   -4.8210012387e-09    1.2670524945e-09   -2.7748356521e-10
  22.0500000    7.2398910150e-08   -2.8480210735e-08    5.1221028586e-09    3.9706966430e-07    2.6234891721e-08   -5.3002690525e-09    1.2683345290e-09   -2.5225838099e-10
  22.0600000    6.9605731538e-08   -2.9262433100e-08    3.3760403134e-09    3.9610793592e-07    2.6076084973e-08   -5.8471722383e-09    1.2703415914e-09   -2.2654802130e-10
  22.0700000    6.6914075752e-08   -2.9725192171e-08    1.8937097449e-09    3.9565482853e-07    2.5880307350e-08   -6.4530657464e-09    1.2730920795e-09   -2.0043490280e-10
  22.0800000    6.4358146855e-08   -2.9846541781e-08    6.9127516963e-10    3.9572873309e-07    2.5656639445e-08   -7.1088431692e-09    1.2765979651e-09   -1.7400335113e-10
  22.0900000    6.1969990720e-08   -2.9611629706e-08   -2.2354870388e-10    3.9633766883e-07    2.5414181547e-08   -7.8051133067e-09    1.2808627168e-09   -1.4735487720e-10
  22.1000000    5.9778730275e-08   -2.9013332985e-08   -8.5159534871e-10    3.9747919501e-07    2.5161927852e-08   -8.5322942417e-09    1.2859019211e-09   -1.2058336983e-10
  22.1100000    5.7809770469e-08   -2.8052741899e-08   -1.2022082645e-09    3.9914040715e-07    2.4908610152e-08   -9.2808024659e-09    1.2917197016e-09   -9.3799247088e-11
  22.1200000    5.6084145942e-08   -2.6739445556e-08   -1.2929555981e-09    4.0129825288e-07    2.4662552128e-08   -1.0041154689e-08    1.2983214079e-09   -6.7110370118e-11
  22.1300000    5.4617832142e-08   -2.5091342064e-08   -1.1491970571e-09    4.0391994405e-07    2.4431546989e-08   -1.0804104945e-08    1.3057098830e-09   -4.0631313330e-11
  22.1400000    5.3421385497e-08   -2.3134461613e-08   -8.0341243967e-10    4.0696357987e-07    2.4222744934e-08   -1.1560743794e-08    1.3138856229e-09   -1.4481325207e-11
  22.1500000    5.2499670630e-08   -2.0902340028e-08   -2.9436598475e-10    4.1037897702e-07    2.4042523592e-08   -1.2302632144e-08    1.3228509395e-09    1.1221817247e-11
  22.1600000    5.1851759667e-08   -1.8435214576e-08    3.3388000050e-10    4.1410862830e-07    2.3896397032e-08   -1.3021862896e-08    1.3326024229e-09    3.6359800357e-11
  22.1700000    5.1471102734e-08   -1.5779029060e-08    1.0331001909e-09    4.1808877293e-07    2.3788925082e-08   -1.3711147873e-08    1.3431356855e-09    6.0811486704e-11
  22.1800000    5.1345838955e-08   -1.2984350536e-08    1.7521462548e-09    4.2225066696e-07    2.3723654059e-08   -1.4363902273e-08    1.3544488804e-09    8.4456148358e-11
  22.1900000    5.1459394253e-08   -1.0104895215e-08    2.4383031178e-09    4.2652187453e-07    2.3703061957e-08   -1.4974268958e-08    1.3665368561e-09    1.0717838103e-10
  22.2000000    5.1791157059e-08   -7.1962769971e-09    3.0386986123e-09    4.3082764658e-07    2.3728526023e-08   -1.5537174604e-08    1.3793884602e-09    1.2885804832e-10
  22.2100000    5.2317352682e-08   -4.3145185171e-09    3.5017045539e-09    4.3509238697e-07    2.3800283250e-08   -1.6048343033e-08    1.3929961562e-09    1.4939237848e-10
  22.2200000    5.3012039243e-08   -1.5145683083e-09    3.7784073584e-09    4.3924107541e-07    2.3917463003e-08   -1.6504308799e-08    1.4073526612e-09    1.6866798815e-10
  22.2300000    5.3848130874e-08    1.1510262615e-09    3.8239741618e-09    4.4320073357e-07    2.4078088650e-08   -1.6902415378e-08    1.4224467178e-09    1.8658748599e-10
  22.2400000    5.4798499174e-08    3.6335130119e-09    3.5989987130e-09    4.4690181891e-07    2.4279116044e-08   -1.7240811886e-08    1.4382653373e-09    2.0305185665e-10
  22.2500000    5.5836941358e-08    5.8890565648e-09    3.0707254603e-09    4.5027956810e-07    2.4516494250e-08   -1.7518410111e-08    1.4547918495e-09    2.1797832199e-10
  22.2600000    5.6939214941e-08    7.8798145516e-09    2.2141389471e-09    4.5327527134e-07    2.4785231181e-08   -1.7734857825e-08    1.4720169031e-09    2.3128599790e-10
  22.2700000    5.8083890926e-08    9.5747539805e-09    1.0129282535e-09    4.5583736488e-07    2.5079486474e-08   -1.7890508608e-08    1.4899235022e-09    2.4290135045e-10
  22.2800000    5.9252996942e-08    1.0950260613e-08   -5.3978683793e-10    4.5792249002e-07    2.5392651138e-08   -1.7986359489e-08    1.5084963129e-09    2.5276833969e-10
  22.2900000    6.0432614702e-08    1.1990587030e-08   -2.4408565227e-09    4.5949631093e-07    2.5717491054e-08   -1.8023996541e-08    1.5277182811e-09    2.6083327425e-10
  22.3000000    6.1613082013e-08    1.2687977340e-08   -4.6768237244e-09    4.6053420067e-07    2.6046258832e-08   -1.8005555845e-08    1.5475719967e-09    2.6705449135e-10
  22.3100000    6.2789233582e-08    1.3042625416e-08   -7.2237730965e-09    4.6102172811e-07    2.6370814511e-08   -1.7933639276e-08    1.5680369855e-09    2.7140642843e-10
  22.3200000    6.3960188147e-08    1.3062435859e-08   -1.0047499034e-08    4.6095499404e-07    2.6682782033e-08   -1.7811267150e-08    1.5890969139e-09    2.7386609088e-10
  22.3300000    6.5129009448e-08    1.2762461400e-08   -1.3103911017e-08    4.6034067735e-07    2.6973679441e-08   -1.7641826414e-08    1.6107289636e-09    2.7443105035e-10
  22.3400000    6.6302227227e-08    1.2164242169e-08   -1.6339632188e-08    4.5919598607e-07    2.7235065651e-08   -1.7428989645e-08    1.6329118903e-09    2.7310705642e-10
  22.3500000    6.7489093710e-08    1.1295027108e-08   -1.9692899415e-08    4.5754834355e-07    2.7458698645e-08   -1.7176663615e-08    1.6556252245e-09    2.6991051375e-10
  22.3600000    6.8700740194e-08    1.0186721038e-08   -2.3094627994e-08    4.5543487016e-07    2.7636670511e-08   -1.6888975053e-08    1.6788460726e-09    2.6486833036e-10
  22.3700000    6.9949227994e-08    8.8748867026e-09   -2.6469720097e-08    4.5290173625e-07    2.7761540448e-08   -1.6570146147e-08    1.7025525732e-09    2.5802829780e-10
  22.3800000    7.1246489189e-08    7.3975388968e-09   -2.9738542665e-08    4.5000330256e-07    2.7826462689e-08   -1.6224516968e-08    1.7267212342e-09    2.4943597766e-10
  22.3900000    7.2603294968e-08    5.7940910655e-09   -3.2818568117e-08    4.4680111388e-07    2.7825323856e-08   -1.5856488198e-08    1.7513272409e-09    2.3916029137e-10
  22.4000000    7.4028198248e-08    4.1040779524e-09   -3.5626100222e-08    4.4336273491e-07    2.7752840096e-08   -1.5470455289e-08    1.7763434113e-09    2.2727608117e-10
  22.4100000    7.5526547478e-08    2.3662198833e-09   -3.8078137162e-08    4.3976053833e-07    2.7604655647e-08   -1.5070840643e-08    1.8017446979e-09    2.1386967342e-10
  22.4200000    7.7099588421e-08    6.1721280059e-10   -4.0094256911e-08    4.3607028713e-07    2.7377432875e-08   -1.4662002457e-08    1.8275064663e-09    1.9903497358e-10
  22.4300000    7.8743770275e-08   -1.1090203828e-09   -4.1598512682e-08    4.3236978361e-07    2.7068907432e-08   -1.4248275045e-08    1.8536019387e-09    1.8287912000e-10
  22.4400000    8.0450083149e-08   -2.7822121001e-09   -4.2521323859e-08    4.2873736921e-07    2.6677946484e-08   -1.3833910927e-08    1.8800022234e-09    1.6551361193e-10
  22.4500000    8.2203702279e-08   -4.3763320228e-09   -4.2801247901e-08    4.2525047217e-07    2.6204570569e-08   -1.3423105502e-08    1.9066801636e-09    1.4705979344e-10
  22.4600000    8.3983876198e-08   -5.8701140298e-09   -4.2386714926e-08    4.2198415427e-07    2.5649975396e-08   -1.3019959034e-08    1.9336052333e-09    1.2764648279e-10
  22.4700000    8.5763927039e-08   -7.2472865710e-09   -4.1237522418e-08    4.1900968365e-07    2.5016517945e-08   -1.2628486853e-08    1.9607518815e-09    1.0740605341e-10
  22.4800000    8.7511608762e-08   -8.4967572632e-09   -3.9326228248e-08    4.1639322409e-07    2.4307696184e-08   -1.2252616745e-08    1.9880855740e-09    8.6480302420e-11
  22.4900000    8.9189692145e-08   -9.6124719360e-09   -3.6639251527e-08    4.1419457340e-07    2.3528103693e-08   -1.1896193634e-08    2.0155809457e-09    6.5007964454e-11
  22.5000000    9.0756738784e-08   -1.0593264437e-08   -3.3177781658e-08    4.1246603039e-07    2.2683369182e-08   -1.1562942227e-08    2.0432028818e-09    4.3138619431e-11
  22.5100000    9.2168143788e-08   -1.1442427774e-08   -2.8958374015e-08    4.1125141646e-07    2.1780065760e-08   -1.1256503766e-08    2.0709265616e-09    2.1013419668e-11
  22.5200000    9.3377405757e-08   -1.2167270741e-08   -2.4013256699e-08    4.1058525599e-07    2.0825633645e-08   -1.0980406234e-08    2.0987126340e-09   -1.2156386075e-12
  22.5300000    9.4337505767e-08   -1.2778418693e-08   -1.8390341610e-08    4.1049209081e-07    1.9828265081e-08   -1.0738040380e-08    2.1265341079e-09   -2.3400218464e-11
  22.5400000    9.5002474602e-08   -1.3289122766e-08   -1.2152905964e-08    4.1098603620e-07    1.8796791955e-08   -1.0532678439e-08    2.1543554505e-09   -4.5398082307e-11
  22.5500000    9.5329011645e-08   -1.3714518179e-08   -5.3789119208e-09    4.1207049146e-07    1.7740518810e-08   -1.0367426175e-08    2.1821485504e-09   -6.7063139284e-11
  22.5600000    9.5278133380e-08   -1.4070775290e-08    1.8398973864e-09    4.1373805670e-07    1.6669143693e-08   -1.0245214007e-08    2.2098785944e-09   -8.8258832960e-11
  22.5700000    1.4676447763e-07    6.7850939092e-08    9.4089136664e-09    4.1596789907e-07    1.5592552422e-08   -1.0168766860e-08    2.2375122086e-09   -1.0884618224e-10
  22.5800000    1.4570660731e-07    6.8513872772e-08    1.7203239851e-08    4.1873385327e-07    1.4520705149e-08   -1.0140565517e-08    2.2650170900e-09   -1.2869979994e-10
  22.5900000    1.4367141948e-07    6.8701670583e-08    2.5098569717e-08    4.2199777623e-07    1.3463472683e-08   -1.0162805043e-08    2.2923601670e-09   -1.4769485535e-10
  22.6000000    1.4071460612e-07    6.8382729414e-08    3.2963499682e-08    4.2571238746e-07    1.2430497480e-08   -1.0237378182e-08    2.3195068327e-09   -1.6571651342e-10
  22.6100000    1.3689824278e-07    6.7527203955e-08    4.0661773861e-08    4.2982213559e-07    1.1431028219e-08   -1.0365786436e-08    2.3464267093e-09   -1.8265782927e-10
  22.6200000    1.3228946154e-07    6.6108186766e-08    4.8054722093e-08    4.3426422469e-07    1.0473790639e-08   -1.0549123710e-08    2.3730842800e-09   -1.9842051153e-10
  22.6300000    1.2695934876e-07    6.4102951889e-08    5.5003783417e-08    4.3896973189e-07    9.5668661250e-09   -1.0788010005e-08    2.3994514427e-09   -2.1291848721e-10
  22.6400000    1.2098177401e-07    6.1494213174e-08    6.1373145828e-08    4.4386487575e-07    8.7175469040e-09   -1.1082562465e-08    2.4254923868e-09   -2.2606708955e-10
  22.6500000    1.1443243709e-07    5.8271289346e-08    6.7032370742e-08    4.4887235955e-07    7.9322402852e-09   -1.1432296351e-08    2.4511747957e-09   -2.3780307283e-10
  22.6600000    1.0738794507e-07    5.4431124038e-08    7.1859015017e-08    4.5391279467e-07    7.2163784449e-09   -1.1836134542e-08    2.4764719144e-09   -2.4806692726e-10
  22.6700000    9.9925024138e-08    4.9979330607e-08    7.5741166022e-08    4.5890610188e-07    6.5743189975e-09   -1.2292310772e-08    2.5013477603e-09   -2.5681496723e-10
  22.6800000    9.2119725603e-08    4.4930891087e-08    7.8579833762e-08    4.6377300618e-07    6.0093085344e-09   -1.2798378976e-08    2.5257791518e-09   -2.6400665654e-10
  22.6900000    8.4046905686e-08    3.9310715928e-08    8.0291180460e-08    4.6843645253e-07    5.5234179274e-09   -1.3351133365e-08    2.5497352946e-09   -2.6962342806e-10
  22.7000000    7.5779546777e-08    3.3154112198e-08    8.0808503418e-08    4.7282299870e-07    5.1175276568e-09   -1.3946622594e-08    2.5731846081e-09   -2.7365168504e-10
  22.7100000    6.7388185928e-08    2.6506759627e-08    8.0083963398e-08    4.7686414613e-07    4.7913116281e-09   -1.4580105551e-08    2.5961078443e-09   -2.7608932303e-10
  22.7200000    5.8940466166e-08    1.9424629176e-08    7.8089998473e-08    4.8049757101e-07    4.5432508107e-09   -1.5246097971e-08    2.6184742540e-09   -2.7695141339e-10
  22.7300000    5.0500588258e-08    1.1973527092e-08    7.4820384544e-08    4.8366823740e-07    4.3706821216e-09   -1.5938324093e-08    2.6402605996e-09   -2.7625044826e-10
  22.7400000    4.2128891909e-08    4.2283697464e-09    7.0290935004e-08    4.8632936981e-07    4.2698184040e-09   -1.6649792737e-08    2.6614476950e-09   -2.7402050488e-10
  22.7500000    3.3881305532e-08   -3.7277129208e-09    6.4539781900e-08    4.8844331603e-07    4.2358328670e-09   -1.7372820738e-08    2.6820093500e-09   -2.7030315485e-10
  22.7600000    2.5809076355e-08   -1.1804644343e-08    5.7627302216e-08    4.8998217720e-07    4.2629562095e-09   -1.8099092325e-08    2.7019302761e-09   -2.6514750094e-10
  22.7700000    1.7958284943e-08   -1.9906831399e-08    4.9635547640e-08    4.9092831187e-07    4.3445549849e-09   -1.8819728824e-08    2.7211938195e-09   -2.5860950504e-10
  22.7800000    1.0369634642e-08   -2.7934802323e-08    4.0667362549e-08    4.9127461029e-07    4.4732451450e-09   -1.9525413771e-08    2.7397844262e-09   -2.5075670136e-10
  22.7900000    3.0782381440e-09   -3.5786942650e-08    3.0845003638e-08    4.9102464998e-07    4.6410211460e-09   -2.0206460148e-08    2.7576829374e-09   -2.4165990268e-10
  22.8000000   -3.8864749118e-09   -4.3361492550e-08    2.0308431194e-08    4.9019255882e-07    4.8394006347e-09   -2.0852961012e-08    2.7748831610e-09   -2.3140384524e-10
  22.8100000   -1.0500739182e-08   -5.0558438552e-08    9.2132427814e-09    4.8880278719e-07    5.0595472391e-09   -2.1454921134e-08    2.7913726127e-09   -2.2006476715e-10
  22.8200000   -1.6746224023e-08   -5.7281548469e-08   -2.2717832372e-09    4.8688962243e-07    5.2924314766e-09   -2.2002398661e-08    2.8071425164e-09   -2.0773665953e-10
  22.8300000   -2.2609749212e-08   -6.3440318974e-08   -1.3967352613e-08    4.8449658273e-07    5.5289626807e-09   -2.2485687858e-08    2.8221901102e-09   -1.9450838770e-10
  22.8400000   -2.8082745500e-08   -6.8951820716e-08   -2.5686616356e-08    4.8167559969e-07    5.7601630082e-09   -2.2895463436e-08    2.8365115725e-09   -1.8047892613e-10
  22.8500000   -3.3160649766e-08   -7.3742422140e-08   -3.7238330972e-08    4.7848611297e-07    5.9772878747e-09   -2.3222981639e-08    2.8501020726e-09   -1.6573927734e-10
  22.8600000   -3.7842163694e-08   -7.7749353506e-08   -4.8430103246e-08    4.7499396539e-07    6.1720002733e-09   -2.3460245490e-08    2.8629625035e-09   -1.5039078750e-10
  22.8700000   -4.2128370992e-08   -8.0921941911e-08   -5.9071789260e-08    4.7127026798e-07    6.3364785895e-09   -2.3600182683e-08    2.8751001748e-09   -1.3452749579e-10
  22.8800000   -4.6021826649e-08   -8.3222663318e-08   -6.8978848149e-08    4.6739010670e-07    6.4635581579e-09   -2.3636809308e-08    2.8865148511e-09   -1.1824459895e-10
  22.8900000   -4.9525619622e-08   -8.4627877345e-08   -7.7975694034e-08    4.6343122567e-07    6.5468444106e-09   -2.3565411422e-08    2.8972120293e-09   -1.0163407895e-10
  22.9000000   -5.2642445297e-08   -8.5128168650e-08   -8.5898932350e-08    4.5947265976e-07    6.5808169376e-09   -2.3382679039e-08    2.9072056909e-09   -8.4787755885e-11
  22.9100000   -5.5373796957e-08   -8.4728489652e-08   -9.2600420130e-08    4.5559336287e-07    6.5609287614e-09   -2.3086865733e-08    2.9164984621e-09   -6.7788953861e-11
  22.9200000   -5.7719233442e-08   -8.3447810297e-08   -9.7950109677e-08    4.5187081394e-07    6.4836754439e-09   -2.2677887799e-08    2.9251055716e-09   -5.0721902432e-11
  22.9300000   -5.9675817841e-08   -8.1318636732e-08   -1.0183863375e-07    4.4837969623e-07    6.3466474407e-09   -2.2157419682e-08    2.9330390823e-09   -3.3659979657e-11
  22.9400000   -6.1237844878e-08   -7.8386064024e-08   -1.0417950750e-07    4.4519062459e-07    6.1485736310e-09   -2.1528971203e-08    2.9403164961e-09   -1.6677623483e-11
  22.9500000   -6.2396710511e-08   -7.4706631327e-08   -1.0491099732e-07    4.4236892024e-07    5.8893464157e-09   -2.0797917520e-08    2.9469492011e-09    1.6271167076e-13
  22.9600000   -6.3141144921e-08   -7.0347004453e-08   -1.0399756501e-07    4.3997352171e-07    5.5700354679e-09   -1.9971518893e-08    2.9529559931e-09    1.6802397172e-11
  22.9700000   -6.3457581888e-08   -6.5382371485e-08   -1.0143086710e-07    4.3805601064e-07    5.1928506312e-09   -1.9058875006e-08    2.9583525597e-09    3.3198080996e-11
  22.9800000   -6.3330936521e-08   -5.9894807218e-08   -9.7230263672e-08    4.3665977444e-07    4.7611286549e-09   -1.8070890150e-08    2.9631580721e-09    4.9300608380e-11
  22.9900000   -6.2745499025e-08   -5.3971508122e-08   -9.1442865497e-08    4.3581929487e-07    4.2792733693e-09   -1.7020150801e-08    2.9673910992e-09    6.5079366563e-11
