#       time         integral Re         integral Im         integral Re         integral Im         integral Re         integral Im         integral Re         integral Im
#       r =            20.000000           20.000000           28.000000           28.000000           36.000000           36.000000           44.000000           44.000000
   0.0100000    1.1737087012e-04    5.6111568165e-04    1.3589767488e-04    1.7626433300e-04    9.2595690035e-05    7.7069566384e-05    6.4576717817e-05    4.2097067554e-05
   0.0200000    1.1827699154e-04    5.6081282323e-04    1.3616504357e-04    1.7656211104e-04    9.2703142397e-05    7.7011814629e-05    6.4622931776e-05    4.2066314233e-05
   0.0300000    1.1918751609e-04    5.6052153874e-04    1.3643097874e-04    1.7684617815e-04    9.2811913662e-05    7.6953968877e-05    6.4669524064e-05    4.2035540693e-05
   0.0400000    1.2010339844e-04    5.6024195570e-04    1.3669649949e-04    1.7711571058e-04    9.2921948457e-05    7.6896025182e-05    6.4716495036e-05    4.2004743019e-05
   0.0500000    1.2102552864e-04    5.5997320694e-04    1.3696178528e-04    1.7736705184e-04    9.3033184793e-05    7.6837981833e-05    6.4763844086e-05    4.1973917312e-05
   0.0600000    1.2195470124e-04    5.5971366478e-04    1.3722702821e-04    1.7759689853e-04    9.3145555142e-05    7.6779836706e-05    6.4811569608e-05    4.1943059705e-05
   0.0700000    1.2289160333e-04    5.5946114382e-04    1.3749242160e-04    1.7780228278e-04    9.3258986577e-05    7.6721587332e-05    6.4859669011e-05    4.1912166375e-05
   0.0800000    1.2383680546e-04    5.5921310542e-04    1.3775815660e-04    1.7798059707e-04    9.3373400952e-05    7.6663230892e-05    6.4908138689e-05    4.1881233578e-05
   0.0900000    1.2479075630e-04    5.5896685499e-04    1.3802441872e-04    1.7812961338e-04    9.3488715135e-05    7.6604764225e-05    6.4956974023e-05    4.1850257638e-05
   0.1000000    1.2575378112e-04    5.5871972502e-04    1.3829138434e-04    1.7824749737e-04    9.3604841261e-05    7.6546183824e-05    6.5006169386e-05    4.1819234995e-05
   0.1100000    1.2672608462e-04    5.5846923850e-04    1.3855921735e-04    1.7833281754e-04    9.3721687041e-05    7.6487485878e-05    6.5055718160e-05    4.1788162192e-05
   0.1200000    1.2770775761e-04    5.5821324827e-04    1.3882806591e-04    1.7838454925e-04    9.3839156086e-05    7.6428666249e-05    6.5105612736e-05    4.1757035919e-05
   0.1300000    1.2869878726e-04    5.5795004986e-04    1.3909805943e-04    1.7840207397e-04    9.3957148292e-05    7.6369720532e-05    6.5155844551e-05    4.1725853013e-05
   0.1400000    1.2969907012e-04    5.5767846595e-04    1.3936930587e-04    1.7838517345e-04    9.4075560236e-05    7.6310644058e-05    6.5206404116e-05    4.1694610477e-05
   0.1500000    1.3070842699e-04    5.5739790183e-04    1.3964188932e-04    1.7833401948e-04    9.4194285627e-05    7.6251431931e-05    6.5257281039e-05    4.1663305511e-05
   0.1600000    1.3172661874e-04    5.5710837248e-04    1.3991586802e-04    1.7824915912e-04    9.4313215782e-05    7.6192079061e-05    6.5308464083e-05    4.1631935496e-05
   0.1700000    1.3275336173e-04    5.5681050174e-04    1.4019127285e-04    1.7813149590e-04    9.4432240128e-05    7.6132580209e-05    6.5359941188e-05    4.1600498035e-05
   0.1800000    1.3378834213e-04    5.5650549586e-04    1.4046810630e-04    1.7798226731e-04    9.4551246734e-05    7.6072930020e-05    6.5411699534e-05    4.1568990949e-05
   0.1900000    1.3483122801e-04    5.5619509311e-04    1.4074634192e-04    1.7780301884e-04    9.4670122876e-05    7.6013123088e-05    6.5463725585e-05    4.1537412296e-05
   0.2000000    1.3588167857e-04    5.5588149246e-04    1.4102592441e-04    1.7759557516e-04    9.4788755622e-05    7.5953153987e-05    6.5516005146e-05    4.1505760376e-05
   0.2100000    1.3693935007e-04    5.5556726445e-04    1.4130677015e-04    1.7736200874e-04    9.4907032419e-05    7.5893017330e-05    6.5568523423e-05    4.1474033744e-05
   0.2200000    1.3800389836e-04    5.5525524747e-04    1.4158876840e-04    1.7710460648e-04    9.5024841737e-05    7.5832707839e-05    6.5621265068e-05    4.1442231204e-05
   0.2300000    1.3907497804e-04    5.5494843352e-04    1.4187178300e-04    1.7682583473e-04    9.5142073667e-05    7.5772220392e-05    6.5674214249e-05    4.1410351831e-05
   0.2400000    1.4015223873e-04    5.5464984753e-04    1.4215565457e-04    1.7652830328e-04    9.5258620584e-05    7.5711550089e-05    6.5727354722e-05    4.1378394955e-05
   0.2500000    1.4123531901e-04    5.5436242438e-04    1.4244020324e-04    1.7621472878e-04    9.5374377772e-05    7.5650692309e-05    6.5780669856e-05    4.1346360181e-05
   0.2600000    1.4232383894e-04    5.5408888830e-04    1.4272523179e-04    1.7588789797e-04    9.5489244070e-05    7.5589642789e-05    6.5834142721e-05    4.1314247364e-05
   0.2700000    1.4341739188e-04    5.5383163903e-04    1.4301052919e-04    1.7555063141e-04    9.5603122508e-05    7.5528397665e-05    6.5887756150e-05    4.1282056626e-05
   0.2800000    1.4451553664e-04    5.5359264891e-04    1.4329587449e-04    1.7520574794e-04    9.5715920933e-05    7.5466953578e-05    6.5941492764e-05    4.1249788344e-05
   0.2900000    1.4561779076e-04    5.5337337541e-04    1.4358104088e-04    1.7485603045e-04    9.5827552623e-05    7.5405307690e-05    6.5995335062e-05    4.1217443138e-05
   0.3000000    1.4672362550e-04    5.5317469242e-04    1.4386579998e-04    1.7450419329e-04    9.5937936875e-05    7.5343457779e-05    6.6049265452e-05    4.1185021868e-05
   0.3100000    1.4783246329e-04    5.5299684352e-04    1.4414992624e-04    1.7415285170e-04    9.6046999569e-05    7.5281402292e-05    6.6103266298e-05    4.1152525625e-05
   0.3200000    1.4894367770e-04    5.5283941957e-04    1.4443320125e-04    1.7380449366e-04    9.6154673724e-05    7.5219140401e-05    6.6157319988e-05    4.1119955718e-05
   0.3300000    1.5005659605e-04    5.5270136209e-04    1.4471541803e-04    1.7346145430e-04    9.6260900002e-05    7.5156672052e-05    6.6211408948e-05    4.1087313658e-05
   0.3400000    1.5117050463e-04    5.5258099276e-04    1.4499638512e-04    1.7312589333e-04    9.6365627175e-05    7.5093998043e-05    6.6265515710e-05    4.1054601136e-05
   0.3500000    1.5228465595e-04    5.5247606847e-04    1.4527593043e-04    1.7279977552e-04    9.6468812559e-05    7.5031120033e-05    6.6319622922e-05    4.1021820022e-05
   0.3600000    1.5339827766e-04    5.5238386002e-04    1.4555390471e-04    1.7248485441e-04    9.6570422421e-05    7.4968040615e-05    6.6373713394e-05    4.0988972336e-05
   0.3700000    1.5451058249e-04    5.5230125163e-04    1.4583018469e-04    1.7218265946e-04    9.6670432294e-05    7.4904763339e-05    6.6427770123e-05    4.0956060229e-05
   0.3800000    1.5562077859e-04    5.5222485712e-04    1.4610467560e-04    1.7189448660e-04    9.6768827271e-05    7.4841292740e-05    6.6481776313e-05    4.0923085968e-05
   0.3900000    1.5672807961e-04    5.5215114816e-04    1.4637731333e-04    1.7162139220e-04    9.6865602263e-05    7.4777634361e-05    6.6535715404e-05    4.0890051920e-05
   0.4000000    1.5783171409e-04    5.5207658867e-04    1.4664806589e-04    1.7136419054e-04    9.6960762147e-05    7.4713794775e-05    6.6589571081e-05    4.0856960520e-05
   0.4100000    1.5893093376e-04    5.5199776948e-04    1.4691693429e-04    1.7112345443e-04    9.7054321912e-05    7.4649781589e-05    6.6643327291e-05    4.0823814254e-05
   0.4200000    1.6002502051e-04    5.5191153671e-04    1.4718395281e-04    1.7089951920e-04    9.7146306693e-05    7.4585603444e-05    6.6696968251e-05    4.0790615628e-05
   0.4300000    1.6111329200e-04    5.5181510779e-04    1.4744918863e-04    1.7069248960e-04    9.7236751784e-05    7.4521270004e-05    6.6750478461e-05    4.0757367177e-05
   0.4400000    1.6219510612e-04    5.5170616908e-04    1.4771274076e-04    1.7050224964e-04    9.7325702564e-05    7.4456791929e-05    6.6803842704e-05    4.0724071407e-05
   0.4500000    1.6326986436e-04    5.5158294990e-04    1.4797473843e-04    1.7032847491e-04    9.7413214362e-05    7.4392180870e-05    6.6857046060e-05    4.0690730793e-05
   0.4600000    1.6433701484e-04    5.5144426900e-04    1.4823533889e-04    1.7017064735e-04    9.7499352259e-05    7.4327449414e-05    6.6910073893e-05    4.0657347746e-05
   0.4700000    1.6539605494e-04    5.5128955007e-04    1.4849472460e-04    1.7002807197e-04    9.7584190829e-05    7.4262611048e-05    6.6962911861e-05    4.0623924618e-05
   0.4800000    1.6644653451e-04    5.5111880517e-04    1.4875310000e-04    1.6989989538e-04    9.7667813813e-05    7.4197680096e-05    6.7015545926e-05    4.0590463652e-05
   0.4900000    1.6748805958e-04    5.5093258594e-04    1.4901068779e-04    1.6978512571e-04    9.7750313731e-05    7.4132671664e-05    6.7067962336e-05    4.0556966972e-05
   0.5000000    1.6852029716e-04    5.5073190440e-04    1.4926772494e-04    1.6968265361e-04    9.7831791419e-05    7.4067601563e-05    6.7120147640e-05    4.0523436593e-05
