#       time         integral Re         integral Im         integral Re         integral Im         integral Re         integral Im         integral Re         integral Im
#       r =            20.000000           20.000000           28.000000           28.000000           36.000000           36.000000           44.000000           44.000000
   0.0100000    2.5602761969e-03   -3.2527021489e-09    1.2479863783e-03   -3.1484006479e-07    7.5424935467e-04    3.9523400652e-10    5.1074749460e-04    2.0769846148e-09
   0.0200000    2.5603564574e-03   -1.5606554834e-07    1.2482746045e-03   -2.9719280925e-07    7.5445466087e-04    4.5341698785e-10    5.1088593211e-04    2.1294689458e-09
   0.0300000    2.5604422427e-03   -3.0315924474e-07    1.2485600119e-03   -2.7916234211e-07    7.5466148278e-04    5.1558258339e-10    5.1102372600e-04    2.1755945054e-09
   0.0400000    2.5605343694e-03   -4.3999857209e-07    1.2488460469e-03   -2.5959748410e-07    7.5486975719e-04    5.8137557749e-10    5.1116088422e-04    2.2151917397e-09
   0.0500000    2.5606336502e-03   -5.6278087923e-07    1.2491326893e-03   -2.3861529824e-07    7.5507941945e-04    6.5041677408e-10    5.1129741404e-04    2.2480777567e-09
   0.0600000    2.5607408865e-03   -6.6841062708e-07    1.2494199520e-03   -2.1632657602e-07    7.5529040239e-04    7.2230056136e-10    5.1143332222e-04    2.2740748292e-09
   0.0700000    2.5608568625e-03   -7.5455655260e-07    1.2497078396e-03   -1.9285277708e-07    7.5550263639e-04    7.9660058159e-10    5.1156861512e-04    2.2929971868e-09
   0.0800000    2.5609823359e-03   -8.1968003507e-07    1.2499963498e-03   -1.6832519726e-07    7.5571604939e-04    8.7286577929e-10    5.1170329885e-04    2.3046670082e-09
   0.0900000    2.5611180271e-03   -8.6303675502e-07    1.2502854751e-03   -1.4288425901e-07    7.5593056698e-04    9.5062546662e-10    5.1183737944e-04    2.3089136324e-09
   0.1000000    2.5612646046e-03   -8.8465302217e-07    1.2505752035e-03   -1.1667870273e-07    7.5614611248e-04    1.0293902389e-09    5.1197086297e-04    2.3055741883e-09
   0.1100000    2.5614226685e-03   -8.8527895406e-07    1.2508655199e-03   -8.9864650461e-08    7.5636260703e-04    1.1086564869e-09    5.1210375575e-04    2.2944983288e-09
   0.1200000    2.5615927313e-03   -8.6632137397e-07    1.2511564073e-03   -6.2604551661e-08    7.5657996969e-04    1.1879050607e-09    5.1223606448e-04    2.2755600310e-09
   0.1300000    2.5617751974e-03   -8.2975962224e-07    1.2514478480e-03   -3.5066075483e-08    7.5679811764e-04    1.2666046926e-09    5.1236779641e-04    2.2486457873e-09
   0.1400000    2.5619703427e-03   -7.7804804769e-07    1.2517398243e-03   -7.4208762719e-09    7.5701696630e-04    1.3442131542e-09    5.1249895951e-04    2.2136722749e-09
   0.1500000    2.5621782947e-03   -7.1400900865e-07    1.2520323200e-03    2.0156674555e-08    7.5723642953e-04    1.4201841860e-09    5.1262956261e-04    2.1705799340e-09
   0.1600000    2.5623990147e-03   -6.4072037081e-07    1.2523253202e-03    4.7490852760e-08    7.5745641983e-04    1.4939626800e-09    5.1275961560e-04    2.1193402813e-09
   0.1700000    2.5626322845e-03   -5.6140140270e-07    1.2526188127e-03    7.4405960550e-08    7.5767684858e-04    1.5649951300e-09    5.1288912953e-04    2.0599602360e-09
   0.1800000    2.5628776976e-03   -4.7930077968e-07    1.2529127878e-03    1.0072776332e-07    7.5789762627e-04    1.6327290118e-09    5.1301811680e-04    1.9924783174e-09
   0.1900000    2.5631346565e-03   -3.9759020724e-07    1.2532072384e-03    1.2628490806e-07    7.5811866276e-04    1.6966138055e-09    5.1314659130e-04    1.9169745198e-09
   0.2000000    2.5634023770e-03   -3.1926664291e-07    1.2535021601e-03    1.5091037254e-07    7.5833986757e-04    1.7561074756e-09    5.1327456851e-04    1.8335676798e-09
   0.2100000    2.5636798994e-03   -2.4706575271e-07    1.2537975506e-03    1.7444288281e-07    7.5856115015e-04    1.8106779204e-09    5.1340206564e-04    1.7424208638e-09
   0.2200000    2.5639661070e-03   -1.8338871625e-07    1.2540934089e-03    1.9672828739e-07    7.5878242021e-04    1.8598059560e-09    5.1352910173e-04    1.6437376242e-09
   0.2300000    2.5642597502e-03   -1.3024384417e-07    1.2543897348e-03    2.1762090176e-07    7.5900358801e-04    1.9029878493e-09    5.1365569776e-04    1.5377684355e-09
   0.2400000    2.5645594761e-03   -8.9204062357e-08    1.2546865278e-03    2.3698476860e-07    7.5922456473e-04    1.9397400723e-09    5.1378187670e-04    1.4248086316e-09
   0.2500000    2.5648638613e-03   -6.1380610741e-08    1.2549837856e-03    2.5469486002e-07    7.5944526274e-04    1.9696026040e-09    5.1390766359e-04    1.3052002291e-09
   0.2600000    2.5651714465e-03   -4.7412845928e-08    1.2552815032e-03    2.7063817468e-07    7.5966559600e-04    1.9921360921e-09    5.1403308558e-04    1.1793312553e-09
   0.2700000    2.5654807711e-03   -4.7473523784e-08    1.2555796708e-03    2.8471471264e-07    7.5988548039e-04    2.0069370459e-09    5.1415817194e-04    1.0476336090e-09
   0.2800000    2.5657904050e-03   -6.1288454696e-08    1.2558782730e-03    2.9683837689e-07    7.6010483403e-04    2.0136270222e-09    5.1428295406e-04    9.1058600414e-10
   0.2900000    2.5660989766e-03   -8.8169106215e-08    1.2561772869e-03    3.0693769806e-07    7.6032357766e-04    2.0118639011e-09    5.1440746549e-04    7.6871082845e-10
   0.3000000    2.5664051957e-03   -1.2705631644e-07    1.2564766808e-03    3.1495646869e-07    7.6054163496e-04    2.0013424877e-09    5.1453174178e-04    6.2257197763e-10
   0.3100000    2.5667078693e-03   -1.7657316114e-07    1.2567764127e-03    3.2085419841e-07    7.6075893291e-04    1.9817985635e-09    5.1465582055e-04    4.7277173863e-10
   0.3200000    2.5670059112e-03   -2.3508473613e-07    1.2570764291e-03    3.2460645034e-07    7.6097540210e-04    1.9530066067e-09    5.1477974132e-04    3.1995321382e-10
   0.3300000    2.5672983437e-03   -3.0076265241e-07    1.2573766642e-03    3.2620502112e-07    7.6119097706e-04    1.9147890699e-09    5.1490354543e-04    1.6479253287e-10
   0.3400000    2.5675842938e-03   -3.7165190951e-07    1.2576770388e-03    3.2565795458e-07    7.6140559660e-04    1.8670109852e-09    5.1502727592e-04    7.9982105773e-12
   0.3500000    2.5678629842e-03   -4.4573806740e-07    1.2579774601e-03    3.2298941821e-07    7.6161920405e-04    1.8095894561e-09    5.1515097733e-04   -1.4969288302e-10
   0.3600000    2.5681337197e-03   -5.2101248193e-07    1.2582778211e-03    3.1823944615e-07    7.6183174758e-04    1.7424889499e-09    5.1527469560e-04   -3.0752067352e-10
   0.3700000    2.5683958735e-03   -5.9553390286e-07    1.2585780011e-03    3.1146350026e-07    7.6204318045e-04    1.6657259517e-09    5.1539847782e-04   -4.6470321265e-10
   0.3800000    2.5686488715e-03   -6.6748464696e-07    1.2588778661e-03    3.0273192564e-07    7.6225346126e-04    1.5793710294e-09    5.1552237203e-04   -6.2044328501e-10
   0.3900000    2.5688921798e-03   -7.3521998309e-07    1.2591772695e-03    2.9212925839e-07    7.6246255415e-04    1.4835457899e-09    5.1564642699e-04   -7.7393314100e-10
   0.4000000    2.5691252952e-03   -7.9730964743e-07    1.2594760535e-03    2.7975340795e-07    7.6267042901e-04    1.3784269871e-09    5.1577069194e-04   -9.2435853702e-10
   0.4100000    2.5693477404e-03   -8.5257064903e-07    1.2597740503e-03    2.6571473833e-07    7.6287706167e-04    1.2642488086e-09    5.1589521630e-04   -1.0709035486e-09
   0.4200000    2.5695590641e-03   -9.0009083484e-07    1.2600710846e-03    2.5013503606e-07    7.6308243397e-04    1.1412953885e-09    5.1602004944e-04   -1.2127562841e-09
   0.4300000    2.5697588478e-03   -9.3924300371e-07    1.2603669752e-03    2.3314637936e-07    7.6328653396e-04    1.0099094101e-09    5.1614524033e-04   -1.3491149570e-09
   0.4400000    2.5699467160e-03   -9.6968966007e-07    1.2606615380e-03    2.1488996160e-07    7.6348935591e-04    8.7048636698e-10    5.1627083730e-04   -1.4791935395e-09
   0.4500000    2.5701223525e-03   -9.9137865957e-07    1.2609545883e-03    1.9551479657e-07    7.6369090041e-04    7.2347382773e-10    5.1639688767e-04   -1.6022232755e-09
   0.4600000    2.5702855181e-03   -1.0045303505e-06    1.2612459436e-03    1.7517642648e-07    7.6389117437e-04    5.6937228390e-10    5.1652343746e-04   -1.7174658617e-09
   0.4700000    2.5704360698e-03   -1.0096169588e-06    1.2615354272e-03    1.5403555890e-07    7.6409019101e-04    4.0873393582e-10    5.1665053110e-04   -1.8242118922e-09
   0.4800000    2.5705739798e-03   -1.0073351145e-06    1.2618228706e-03    1.3225668542e-07    7.6428796979e-04    2.4215849231e-10    5.1677821106e-04   -1.9217875813e-09
   0.4900000    2.5706993502e-03   -9.9857267530e-07    1.2621081168e-03    1.1000670530e-07    7.6448453635e-04    7.0293573506e-11    5.1690651759e-04   -2.0095614860e-09
   0.5000000    2.5708124245e-03   -9.8437094517e-07    1.2623910233e-03    8.7453533798e-08    7.6467992241e-04   -1.0617225015e-10    5.1703548835e-04   -2.0869496045e-09
