#       time         integral Re         integral Im         integral Re         integral Im         integral Re         integral Im         integral Re         integral Im
#       r =            20.000000           20.000000           28.000000           28.000000           36.000000           36.000000           44.000000           44.000000
   0.0100000    1.0299009272e-03   -1.6867267243e-03    9.3629377568e-04   -7.0775622832e-04    6.9574348919e-04   -3.6195912122e-04    5.1896460957e-04   -2.0901552495e-04
   0.0200000    1.0310678669e-03   -1.6866984998e-03    9.3680167233e-04   -7.0837959385e-04    6.9604497886e-04   -3.6198463663e-04    5.1915370783e-04   -2.0903242034e-04
   0.0300000    1.0322319230e-03   -1.6866902678e-03    9.3730489322e-04   -7.0901958296e-04    6.9634694111e-04   -3.6201004723e-04    5.1934316137e-04   -2.0904931463e-04
   0.0400000    1.0333926760e-03   -1.6867031721e-03    9.3780655550e-04   -7.0967435728e-04    6.9664933517e-04   -3.6203534752e-04    5.1953294566e-04   -2.0906620783e-04
   0.0500000    1.0345497125e-03   -1.6867382330e-03    9.3830675545e-04   -7.1034029124e-04    6.9695211827e-04   -3.6206053753e-04    5.1972303512e-04   -2.0908309985e-04
   0.0600000    1.0357026431e-03   -1.6867960056e-03    9.3880564644e-04   -7.1101373549e-04    6.9725524632e-04   -3.6208561712e-04    5.1991340312e-04   -2.0909999051e-04
   0.0700000    1.0368511024e-03   -1.6868765669e-03    9.3930339490e-04   -7.1169102180e-04    6.9755867415e-04   -3.6211058619e-04    5.2010402204e-04   -2.0911687958e-04
   0.0800000    1.0379947485e-03   -1.6869794889e-03    9.3980017946e-04   -7.1236848568e-04    6.9786235568e-04   -3.6213544467e-04    5.2029486329e-04   -2.0913376672e-04
   0.0900000    1.0391332629e-03   -1.6871038079e-03    9.4029618915e-04   -7.1304248935e-04    6.9816624418e-04   -3.6216019256e-04    5.2048589734e-04   -2.0915065152e-04
   0.1000000    1.0402663510e-03   -1.6872479939e-03    9.4079162145e-04   -7.1370944514e-04    6.9847029246e-04   -3.6218482994e-04    5.2067709375e-04   -2.0916753347e-04
   0.1100000    1.0413937421e-03   -1.6874099285e-03    9.4128668029e-04   -7.1436583903e-04    6.9877445316e-04   -3.6220935697e-04    5.2086842128e-04   -2.0918441199e-04
   0.1200000    1.0425151910e-03   -1.6875868980e-03    9.4178157385e-04   -7.1500825422e-04    6.9907867895e-04   -3.6223377394e-04    5.2105984783e-04   -2.0920128639e-04
   0.1300000    1.0436304785e-03   -1.6877756065e-03    9.4227651222e-04   -7.1563339449e-04    6.9938292278e-04   -3.6225808127e-04    5.2125134062e-04   -2.0921815594e-04
   0.1400000    1.0447394140e-03   -1.6879722164e-03    9.4277170511e-04   -7.1623810712e-04    6.9968713815e-04   -3.6228227952e-04    5.2144286617e-04   -2.0923501980e-04
   0.1500000    1.0458418373e-03   -1.6881724180e-03    9.4326735939e-04   -7.1681940511e-04    6.9999127934e-04   -3.6230636941e-04    5.2163439038e-04   -2.0925187705e-04
   0.1600000    1.0469376220e-03   -1.6883715304e-03    9.4376367667e-04   -7.1737448869e-04    7.0029530166e-04   -3.6233035180e-04    5.2182587867e-04   -2.0926872670e-04
   0.1700000    1.0480266782e-03   -1.6885646327e-03    9.4426085087e-04   -7.1790076551e-04    7.0059916170e-04   -3.6235422776e-04    5.2201729599e-04   -2.0928556770e-04
   0.1800000    1.0491089571e-03   -1.6887467229e-03    9.4475906585e-04   -7.1839586971e-04    7.0090281756e-04   -3.6237799852e-04    5.2220860694e-04   -2.0930239890e-04
   0.1900000    1.0501844545e-03   -1.6889128983e-03    9.4525849316e-04   -7.1885767931e-04    7.0120622909e-04   -3.6240166548e-04    5.2239977590e-04   -2.0931921911e-04
   0.2000000    1.0512532163e-03   -1.6890585504e-03    9.4575928982e-04   -7.1928433194e-04    7.0150935811e-04   -3.6242523026e-04    5.2259076710e-04   -2.0933602707e-04
   0.2100000    1.0523153424e-03   -1.6891795662e-03    9.4626159632e-04   -7.1967423852e-04    7.0181216862e-04   -3.6244869463e-04    5.2278154475e-04   -2.0935282146e-04
   0.2200000    1.0533709918e-03   -1.6892725246e-03    9.4676553486e-04   -7.2002609498e-04    7.0211462701e-04   -3.6247206056e-04    5.2297207317e-04   -2.0936960093e-04
   0.2300000    1.0544203872e-03   -1.6893348789e-03    9.4727120765e-04   -7.2033889148e-04    7.0241670226e-04   -3.6249533018e-04    5.2316231693e-04   -2.0938636404e-04
   0.2400000    1.0554638188e-03   -1.6893651135e-03    9.4777869564e-04   -7.2061191936e-04    7.0271836608e-04   -3.6251850579e-04    5.2335224096e-04   -2.0940310935e-04
   0.2500000    1.0565016469e-03   -1.6893628677e-03    9.4828805737e-04   -7.2084477550e-04    7.0301959312e-04   -3.6254158986e-04    5.2354181074e-04   -2.0941983537e-04
   0.2600000    1.0575343037e-03   -1.6893290154e-03    9.4879932822e-04   -7.2103736395e-04    7.0332036105e-04   -3.6256458497e-04    5.2373099244e-04   -2.0943654058e-04
   0.2700000    1.0585622933e-03   -1.6892656973e-03    9.4931251994e-04   -7.2118989503e-04    7.0362065074e-04   -3.6258749386e-04    5.2391975307e-04   -2.0945322343e-04
   0.2800000    1.0595861891e-03   -1.6891762993e-03    9.4982762047e-04   -7.2130288148e-04    7.0392044634e-04   -3.6261031936e-04    5.2410806066e-04   -2.0946988236e-04
   0.2900000    1.0606066296e-03   -1.6890653771e-03    9.5034459411e-04   -7.2137713210e-04    7.0421973533e-04   -3.6263306438e-04    5.2429588444e-04   -2.0948651580e-04
   0.3000000    1.0616243112e-03   -1.6889385271e-03    9.5086338207e-04   -7.2141374245e-04    7.0451850867e-04   -3.6265573191e-04    5.2448319501e-04   -2.0950312217e-04
   0.3100000    1.0626399783e-03   -1.6888022083e-03    9.5138390320e-04   -7.2141408305e-04    7.0481676075e-04   -3.6267832496e-04    5.2466996455e-04   -2.0951969989e-04
   0.3200000    1.0636544118e-03   -1.6886635201e-03    9.5190605525e-04   -7.2137978501e-04    7.0511448944e-04   -3.6270084659e-04    5.2485616697e-04   -2.0953624738e-04
   0.3300000    1.0646684142e-03   -1.6885299464e-03    9.5242971619e-04   -7.2131272313e-04    7.0541169610e-04   -3.6272329983e-04    5.2504177812e-04   -2.0955276308e-04
   0.3400000    1.0656827938e-03   -1.6884090746e-03    9.5295474597e-04   -7.2121499682e-04    7.0570838556e-04   -3.6274568766e-04    5.2522677598e-04   -2.0956924546e-04
   0.3500000    1.0666983477e-03   -1.6883083022e-03    9.5348098844e-04   -7.2108890883e-04    7.0600456602e-04   -3.6276801302e-04    5.2541114082e-04   -2.0958569297e-04
   0.3600000    1.0677158440e-03   -1.6882345425e-03    9.5400827353e-04   -7.2093694217e-04    7.0630024903e-04   -3.6279027872e-04    5.2559485544e-04   -2.0960210413e-04
   0.3700000    1.0687360045e-03   -1.6881939430e-03    9.5453641957e-04   -7.2076173531e-04    7.0659544938e-04   -3.6281248749e-04    5.2577790531e-04   -2.0961847746e-04
   0.3800000    1.0697594889e-03   -1.6881916269e-03    9.5506523577e-04   -7.2056605594e-04    7.0689018496e-04   -3.6283464187e-04    5.2596027875e-04   -2.0963481155e-04
   0.3900000    1.0707868805e-03   -1.6882314709e-03    9.5559452478e-04   -7.2035277370e-04    7.0718447668e-04   -3.6285674421e-04    5.2614196711e-04   -2.0965110499e-04
   0.4000000    1.0718186752e-03   -1.6883159262e-03    9.5612408533e-04   -7.2012483196e-04    7.0747834824e-04   -3.6287879667e-04    5.2632296496e-04   -2.0966735645e-04
   0.4100000    1.0728552735e-03   -1.6884458922e-03    9.5665371487e-04   -7.1988521904e-04    7.0777182603e-04   -3.6290080116e-04    5.2650327017e-04   -2.0968356463e-04
   0.4200000    1.0738969762e-03   -1.6886206475e-03    9.5718321212e-04   -7.1963693928e-04    7.0806493888e-04   -3.6292275932e-04    5.2668288413e-04   -2.0969972829e-04
   0.4300000    1.0749439840e-03   -1.6888378398e-03    9.5771237972e-04   -7.1938298409e-04    7.0835771787e-04   -3.6294467249e-04    5.2686181180e-04   -2.0971584623e-04
   0.4400000    1.0759964014e-03   -1.6890935360e-03    9.5824102651e-04   -7.1912630340e-04    7.0865019614e-04   -3.6296654170e-04    5.2704006189e-04   -2.0973191731e-04
   0.4500000    1.0770542440e-03   -1.6893823300e-03    9.5876896989e-04   -7.1886977776e-04    7.0894240859e-04   -3.6298836763e-04    5.2721764692e-04   -2.0974794048e-04
   0.4600000    1.0781174479e-03   -1.6896975023e-03    9.5929603789e-04   -7.1861619153e-04    7.0923439168e-04   -3.6301015062e-04    5.2739458328e-04   -2.0976391470e-04
   0.4700000    1.0791858829e-03   -1.6900312252e-03    9.5982207101e-04   -7.1836820719e-04    7.0952618314e-04   -3.6303189061e-04    5.2757089134e-04   -2.0977983904e-04
   0.4800000    1.0802593662e-03   -1.6903748050e-03    9.6034692389e-04   -7.1812834132e-04    7.0981782172e-04   -3.6305358717e-04    5.2774659541e-04   -2.0979571261e-04
   0.4900000    1.0813376767e-03   -1.6907189506e-03    9.6087046668e-04   -7.1789894231e-04    7.1010934693e-04   -3.6307523945e-04    5.2792172381e-04   -2.0981153460e-04
   0.5000000    1.0824205689e-03   -1.6910540590e-03    9.6139258618e-04   -7.1768217018e-04    7.1040079873e-04   -3.6309684622e-04    5.2809630885e-04   -2.0982730424e-04
