# time  x_neck  R_neck  R_neck_flat  h22_neck  alpha_neck  rate_neck  M_MS_neck  phi_neck  x_hl  R_hl  alpha_hl  M_hl  x_hk  R_hk  alpha_hk  M_hk
0.0000000000e+00  1.5937500000e+00  3.8127347297e+00  3.8127347297e+00  1.0000000000e+00  5.7110233315e-01  -0.0000000000e+00  1.9054712414e+00  -3.5335642624e-01  1.6185559234e+00  3.8131086827e+00  5.7502430025e-01  1.9051920195e+00  1.6185559234e+00  3.8131086827e+00  5.7502430025e-01  1.9051920195e+00
2.0000000000e+00  1.5937500000e+00  3.8269947424e+00  3.8252547206e+00  1.0009099616e+00  5.7989720765e-01  2.9638773654e-03  1.9136477234e+00  -3.5323058915e-01  1.5885109908e+00  3.8273879626e+00  5.7903917911e-01  1.9133316786e+00  1.6186988340e+00  3.8280208510e+00  5.8371197807e-01  1.9130054702e+00
4.0000000000e+00  1.5937500000e+00  3.8376108766e+00  3.8350348933e+00  1.0013438462e+00  5.8000797418e-01  2.0121212608e-03  1.9189076105e+00  -3.5354373948e-01  1.5868623883e+00  3.8380236706e+00  5.7889122620e-01  1.9186086054e+00  1.6087302126e+00  3.8383269349e+00  5.8231276525e-01  1.9185046765e+00
6.0000000000e+00  1.5937500000e+00  3.8460318174e+00  3.8423416163e+00  1.0019217308e+00  5.7886232792e-01  1.8605678341e-03  1.9231143327e+00  -3.5409373146e-01  1.5837379800e+00  3.8465475762e+00  5.7725250394e-01  1.9227572574e+00  1.6044168669e+00  3.8465891603e+00  5.8049667644e-01  1.9228180804e+00
8.0000000000e+00  1.5937500000e+00  3.8547109827e+00  3.8498747091e+00  1.0025140098e+00  5.7733233296e-01  2.1313465849e-03  1.9274802049e+00  -3.5493124724e-01  1.5799695535e+00  3.8553553857e+00  5.7513550545e-01  1.9270434526e+00  1.6039765099e+00  3.8552714984e+00  5.7888957824e-01  1.9271932201e+00
1.0000000000e+01  1.5937500000e+00  3.8654092762e+00  3.8591897921e+00  1.0032258044e+00  5.7551387953e-01  2.8047240810e-03  1.9329251276e+00  -3.5617119260e-01  1.5758956583e+00  3.8662259551e+00  5.7268846039e-01  1.9323765358e+00  1.6080191959e+00  3.8661899103e+00  5.7767432588e-01  1.9325378047e+00
1.2000000000e+01  1.5937500000e+00  3.8801473519e+00  3.8721008044e+00  1.0041604847e+00  5.7333881483e-01  3.9629680538e-03  1.9405323160e+00  -3.5801821359e-01  1.5717992862e+00  3.8812361607e+00  5.6988656615e-01  1.9398024113e+00  1.6180789107e+00  3.8813792700e+00  5.7700456375e-01  1.9399439606e+00
1.4000000000e+01  1.5937500000e+00  3.9015351288e+00  3.8909816411e+00  1.0054319454e+00  5.7059327111e-01  5.7531861949e-03  1.9517169086e+00  -3.6080140991e-01  1.5681333705e+00  3.9030872856e+00  5.6658324562e-01  1.9506719136e+00  1.6365921125e+00  3.9032688864e+00  5.7702540123e-01  1.9509540302e+00
1.6000000000e+01  1.5937500000e+00  3.9333694017e+00  3.9192807854e+00  1.0072023104e+00  5.6682533241e-01  8.4087510715e-03  1.9685255817e+00  -3.6503134260e-01  1.5654790437e+00  3.9356961876e+00  5.6241476619e-01  1.9669320390e+00  1.6678222964e+00  3.9359576932e+00  5.7785284896e-01  1.9675486682e+00
1.8000000000e+01  1.6562500000e+00  3.9804753401e+00  3.9604351204e+00  1.0101458158e+00  5.7068703641e-01  1.2756977570e-02  1.9949681063e+00  -3.5992529963e-01  1.5648613100e+00  3.9847634105e+00  5.5683928828e-01  1.9914135361e+00  1.7179824434e+00  3.9854227408e+00  5.7957447863e-01  1.9926751166e+00
2.0000000000e+01  1.6562500000e+00  4.0495870849e+00  4.0219206496e+00  1.0138051420e+00  5.6231532233e-01  1.8217999327e-02  2.0356794290e+00  -3.6934684832e-01  1.5681925707e+00  4.0586187342e+00  5.4901330588e-01  2.0282798350e+00  1.7968912399e+00  4.0617474455e+00  5.8209175056e-01  2.0303948250e+00
2.2000000000e+01  1.7187500000e+00  4.1513628979e+00  4.1110161946e+00  1.0197248994e+00  5.5835325019e-01  2.6326364774e-02  2.1004698756e+00  -3.7177964239e-01  1.5786717595e+00  4.1689697093e+00  5.3780453215e-01  2.0835846892e+00  1.9172269342e+00  4.1774605725e+00  5.8491258254e-01  2.0883963959e+00
2.4000000000e+01  1.7812500000e+00  4.2989118409e+00  4.2389691136e+00  1.0280319372e+00  5.4704042794e-01  3.6859892009e-02  2.2031871396e+00  -3.8061339657e-01  1.6026448298e+00  4.3316035398e+00  5.2201459485e-01  2.1651593418e+00  2.0987015182e+00  4.3542231557e+00  5.8685967771e-01  2.1769647770e+00
2.6000000000e+01  1.9062500000e+00  4.5074646136e+00  4.4178470428e+00  1.0407705179e+00  5.3313930917e-01  5.0968555515e-02  2.3726824316e+00  -3.8644105211e-01  1.6505735845e+00  4.5644914549e+00  5.0075243870e-01  2.2816499959e+00  2.3684348465e+00  4.6232419697e+00  5.8570557880e-01  2.3112040381e+00
2.8000000000e+01  2.0312500000e+00  4.7933881948e+00  4.6582909852e+00  1.0572009647e+00  5.0496754694e-01  6.6927005547e-02  2.6429841612e+00  -4.0375788874e-01  1.7383864158e+00  4.8819628363e+00  4.7418478924e-01  2.4392219499e+00  2.7569529360e+00  5.0224646501e+00  5.7814890275e-01  2.5108940386e+00
3.0000000000e+01  2.2187500000e+00  5.1651955873e+00  4.9669114186e+00  1.0789326056e+00  4.6773571983e-01  8.4555749970e-02  3.0747524409e+00  -4.2316395233e-01  1.8833545080e+00  5.2847823145e+00  4.4334184014e-01  2.6400021456e+00  3.2892469209e+00  5.5867990318e+00  5.6122222395e-01  2.7932794982e+00
3.2000000000e+01  2.4687500000e+00  5.6167621395e+00  5.3355876659e+00  1.1050227468e+00  4.2166174725e-01  1.0181711516e-01  3.7267695872e+00  -4.4596155713e-01  2.0996504383e+00  5.7582319132e+00  4.0927783385e-01  2.8781991493e+00  3.9659285356e+00  6.3250585424e+00  5.3372610769e-01  3.1624920568e+00
3.4000000000e+01  2.7812500000e+00  6.1244550600e+00  5.7448059964e+00  1.1331738352e+00  3.7058624954e-01  1.1633433570e-01  4.6166188591e+00  -4.7159650406e-01  2.3909962792e+00  6.2797972067e+00  3.7212249516e-01  3.1377516405e+00  4.7575628127e+00  7.2111085185e+00  4.9630945610e-01  3.6054003385e+00
3.6000000000e+01  3.1562500000e+00  6.6547358200e+00  6.1672040629e+00  1.1609299011e+00  3.1913667837e-01  1.2701966912e-01  5.7038348403e+00  -4.9730364929e-01  2.7494100264e+00  6.8188975683e+00  3.3206275681e-01  3.4068833702e+00  5.6239073390e+00  8.2019501721e+00  4.5192004652e-01  4.1005367067e+00
3.8000000000e+01  3.5937500000e+00  7.1770126325e+00  6.5792588470e+00  1.1870203374e+00  2.7015312596e-01  1.3552867066e-01  6.9794434061e+00  -5.1899801293e-01  3.1595024036e+00  7.3480016835e+00  2.9038482086e-01  3.6735951243e+00  6.5296449130e+00  9.2545419037e+00  4.0483640878e-01  4.6270703914e+00
4.0000000000e+01  4.0312500000e+00  7.6679607430e+00  6.9649190461e+00  1.2067584351e+00  2.2805910601e-01  1.3545935265e-01  7.9704269588e+00  -5.4478040996e-01  3.6024845045e+00  7.8512716017e+00  2.4959128681e-01  3.9248258924e+00  7.4461952172e+00  1.0333599368e+01  3.5920162933e-01  5.1667700159e+00
4.2000000000e+01  4.5312500000e+00  8.1184710266e+00  7.3165248700e+00  1.2262855232e+00  1.9035980849e-01  1.4001863966e-01  9.3039716808e+00  -5.5957656414e-01  4.0633751884e+00  8.3155050530e+00  2.1227965156e-01  4.1563236804e+00  8.3563129689e+00  1.1415383228e+01  3.1804087233e-01  5.7076797628e+00
4.4000000000e+01  5.0625000000e+00  8.5249418238e+00  7.6314943669e+00  1.2445198829e+00  1.5852056167e-01  1.4711771770e-01  1.0957374952e+01  -5.6804383773e-01  4.5325540626e+00  8.7336318002e+00  1.7993693711e-01  4.3667244919e+00  9.2472642997e+00  1.2483450654e+01  2.8254297159e-01  6.2417857806e+00
4.6000000000e+01  5.5625000000e+00  8.8871539240e+00  7.9111141960e+00  1.2580854475e+00  1.3422168082e-01  1.4778505317e-01  1.2100991730e+01  -5.8026502615e-01  5.0014621719e+00  9.1109862746e+00  1.5299337622e-01  4.5534732314e+00  1.0099944351e+01  1.3517343976e+01  2.5210388473e-01  6.7588500430e+00
4.8000000000e+01  6.0625000000e+00  9.2105204485e+00  8.1584846224e+00  1.2703308466e+00  1.1483025542e-01  1.4838677998e-01  1.3200814934e+01  -5.9019856055e-01  5.4651747743e+00  9.4483627459e+00  1.3102348492e-01  4.7218138129e+00  1.0960437379e+01  1.4557399080e+01  2.2864611780e-01  7.2791917432e+00
5.0000000000e+01  6.5625000000e+00  9.4999944536e+00  8.3769840131e+00  1.2819239466e+00  9.9338205296e-02  1.4945172874e-01  1.4316234933e+01  -5.9795041350e-01  5.9276913435e+00  9.7458396116e+00  1.1310524075e-01  4.8719070198e+00  1.1787583075e+01  1.5566393912e+01  2.0884015765e-01  7.7837408638e+00
5.2000000000e+01  7.0625000000e+00  9.7604960820e+00  8.5701302970e+00  1.2932833884e+00  8.6910249902e-02  1.5119059411e-01  1.5491098288e+01  -6.0379390051e-01  6.3818269682e+00  1.0016641231e+01  9.8629207686e-02  5.0053132078e+00  1.2589825204e+01  1.6552460454e+01  1.9227022542e-01  8.2765243307e+00
5.4000000000e+01  7.5625000000e+00  9.9965817618e+00  8.7413943990e+00  1.3046446020e+00  7.6870392354e-02  1.5365698558e-01  1.6755071393e+01  -6.0803655965e-01  6.8338791577e+00  1.0255496328e+01  8.6779353862e-02  5.1262537803e+00  1.3370604597e+01  1.7518768856e+01  1.7834075115e-01  8.7594251516e+00
5.6000000000e+01  7.9375000000e+00  1.0209195401e+01  8.8940529962e+00  1.3078706169e+00  7.0048493948e-02  1.3772012834e-01  1.5178729336e+01  -6.2678004176e-01  7.2795680652e+00  1.0473148777e+01  7.7072130483e-02  5.2345114201e+00  1.4134829184e+01  1.8470155053e+01  1.6658732528e-01  9.2351454359e+00
5.8000000000e+01  8.4375000000e+00  1.0403415137e+01  9.0310821273e+00  1.3196136903e+00  6.3019458073e-02  1.4158697419e-01  1.6486892566e+01  -6.2814756413e-01  7.7213209074e+00  1.0669875509e+01  6.9015852734e-02  5.3330907481e+00  1.4880387456e+01  1.9404758323e+01  1.5647313936e-01  9.7024135404e+00
6.0000000000e+01  8.9375000000e+00  1.0583000086e+01  9.1551221938e+00  1.3314420821e+00  5.7151919861e-02  1.4602287763e-01  1.7919569758e+01  -6.2869445211e-01  8.1595988036e+00  1.0848486258e+01  6.2257381208e-02  5.4226423705e+00  1.5609973354e+01  2.0325162550e+01  1.4768876649e-01  1.0162684052e+01
6.2000000000e+01  9.3125000000e+00  1.0749323662e+01  9.2638935682e+00  1.3354312294e+00  5.2895125548e-02  1.3336199896e-01  1.6392143950e+01  -6.4240019150e-01  8.5938356392e+00  1.1012266734e+01  5.6524462582e-02  5.5045977617e+00  1.6324310196e+01  2.1231951591e+01  1.3994503953e-01  1.0616226595e+01
6.4000000000e+01  9.8125000000e+00  1.0900538427e+01  9.3662532307e+00  1.3474441213e+00  4.8501457732e-02  1.3861629892e-01  1.7893570685e+01  -6.4142001552e-01  9.0249726704e+00  1.1162372022e+01  5.1598693838e-02  5.5795062384e+00  1.7022442043e+01  2.2123891158e+01  1.3299068402e-01  1.1062269341e+01
6.6000000000e+01  1.0375000000e+01  1.1047726449e+01  9.4610127154e+00  1.3632759615e+00  4.4448041663e-02  1.5350629784e-01  2.1244841361e+01  -6.3322800265e-01  9.4540621192e+00  1.1299404216e+01  4.7317743575e-02  5.6488917745e+00  1.7705330309e+01  2.3001732992e+01  1.2667865565e-01  1.1501137239e+01
6.8000000000e+01  1.0625000000e+01  1.1176081809e+01  9.5391511176e+00  1.3599885673e+00  4.1917992268e-02  1.2615899554e-01  1.6646090590e+01  -6.5651974738e-01  9.8792539219e+00  1.1427321060e+01  4.3561686061e-02  5.7123828060e+00  1.8373873888e+01  2.3866074405e+01  1.2089684613e-01  1.1933043715e+01
7.0000000000e+01  1.1125000000e+01  1.1295754605e+01  9.6109961317e+00  1.3720986143e+00  3.8927395532e-02  1.3231629107e-01  1.8263238302e+01  -6.5414869063e-01  1.0294184779e+01  1.1550446600e+01  4.0259658521e-02  5.7671274262e+00  1.9039969999e+01  2.4729229599e+01  1.1577919445e-01  1.2364942412e+01
7.2000000000e+01  1.1625000000e+01  1.1410600493e+01  9.6785864062e+00  1.3841772474e+00  3.6317208062e-02  1.3898774141e-01  2.0023501465e+01  -6.5148103078e-01  1.0712657451e+01  1.1660351188e+01  3.7339655116e-02  5.8243330389e+00  1.9685215828e+01  2.5569241756e+01  1.1088108571e-01  1.2784675091e+01
7.4000000000e+01  1.2125000000e+01  1.1521658720e+01  9.7429116483e+00  1.3962245162e+00  3.4028229272e-02  1.4624126781e-01  2.1943124942e+01  -6.4853049662e-01  1.1138166398e+01  1.1755238481e+01  3.4756270931e-02  5.8764794636e+00  2.0244083921e+01  2.6296562562e+01  1.0509769847e-01  1.3148373467e+01
7.6000000000e+01  1.2375000000e+01  1.1617761743e+01  9.8002368776e+00  1.3935876889e+00  3.2256357072e-02  1.2249191511e-01  1.7545084389e+01  -6.6729670884e-01  1.1549285760e+01  1.1853778828e+01  3.2467229159e-02  5.9218712367e+00  2.0945011204e+01  2.7214288788e+01  1.0217481381e-01  1.3608826904e+01
7.8000000000e+01  1.2875000000e+01  1.1710225141e+01  9.8479480256e+00  1.4057118595e+00  3.0426952917e-02  1.2950771763e-01  1.9317531642e+01  -6.6387558074e-01  1.1962832751e+01  1.1942035226e+01  3.0432793191e-02  5.9660355176e+00  2.1585608185e+01  2.8056144151e+01  9.8588639248e-02  1.4029803849e+01
8.0000000000e+01  1.3375000000e+01  1.1801298177e+01  9.8945771927e+00  1.4178074385e+00  2.8810414485e-02  1.3716723746e-01  2.1259390803e+01  -6.6023099366e-01  1.2382748151e+01  1.2018443315e+01  2.8629251865e-02  6.0086327383e+00  2.2206331760e+01  2.8874570140e+01  9.5050826159e-02  1.4437970023e+01
8.2000000000e+01  1.3625000000e+01  1.1883769873e+01  9.9407986130e+00  1.4156082370e+00  2.7411814143e-02  1.1631536240e-01  1.7251844027e+01  -6.7620103364e-01  1.2786727395e+01  1.2100404966e+01  2.7007980264e-02  6.0455491556e+00  2.2837565997e+01  2.9707008983e+01  9.2005846666e-02  1.4854512866e+01
8.4000000000e+01  1.4125000000e+01  1.1960582852e+01  9.9783980632e+00  1.4277672188e+00  2.6124783096e-02  1.2367439393e-01  1.9063985613e+01  -6.7229749937e-01  1.3195919262e+01  1.2172331621e+01  2.5566354255e-02  6.0823500636e+00  2.3468202948e+01  3.0540560011e+01  8.9243810787e-02  1.5272068977e+01
8.6000000000e+01  1.4625000000e+01  1.2037744423e+01  1.0012598762e+01  1.4398987669e+00  2.4977100125e-02  1.3171185425e-01  2.1048646233e+01  -6.6818807686e-01  1.3608000090e+01  1.2237087135e+01  2.4287406073e-02  6.1173502157e+00  2.4082360698e+01  3.1354686808e+01  8.6535458111e-02  1.5678985045e+01
8.8000000000e+01  1.4875000000e+01  1.2107424100e+01  1.0047903525e+01  1.4380812600e+00  2.3881384656e-02  1.1294518366e-01  1.7343609643e+01  -6.8212256606e-01  1.4006845744e+01  1.2305790489e+01  2.3122372694e-02  6.1484848100e+00  2.4683961049e+01  3.2154051581e+01  8.3933170774e-02  1.6077914500e+01
9.0000000000e+01  1.5375000000e+01  1.2173714242e+01  1.0078953724e+01  1.4502499740e+00  2.2986123526e-02  1.2059477099e-01  1.9196829447e+01  -6.7786067340e-01  1.4412620892e+01  1.2364939732e+01  2.2102024812e-02  6.1803753890e+00  2.5284267958e+01  3.2952962758e+01  8.1553542696e-02  1.6476855576e+01
9.2000000000e+01  1.5875000000e+01  1.2241666578e+01  1.0105030174e+01  1.4623842650e+00  2.2162692570e-02  1.2939242711e-01  2.1322542835e+01  -6.7338929505e-01  1.4813810831e+01  1.2423595137e+01  2.1183148468e-02  6.2086626287e+00  2.5885793021e+01  3.3753194255e+01  7.9403297073e-02  1.6877761580e+01
9.4000000000e+01  1.6125000000e+01  1.2299810308e+01  1.0133370787e+01  1.4608913332e+00  2.1304078239e-02  1.1174681311e-01  1.7762248460e+01  -6.8580290715e-01  1.5209348569e+01  1.2480746554e+01  2.0343148757e-02  6.2369674647e+00  2.6476375788e+01  3.4540645946e+01  7.7327094832e-02  1.7271816733e+01
9.6000000000e+01  1.6625000000e+01  1.2359452273e+01  1.0157392929e+01  1.4730753716e+00  2.0636976274e-02  1.2024013086e-01  1.9780435890e+01  -6.8123976803e-01  1.5613806245e+01  1.2530004585e+01  1.9611737928e-02  6.2643306896e+00  2.7059157842e+01  3.5319566666e+01  7.5347577429e-02  1.7661224625e+01
9.8000000000e+01  1.6875000000e+01  1.2416568600e+01  1.0178240219e+01  1.4718661457e+00  1.9877273631e-02  1.0461041339e-01  1.6640891416e+01  -6.9235715794e-01  1.6000890838e+01  1.2585137565e+01  1.8912767126e-02  6.2889436855e+00  2.7632755367e+01  3.6087326939e+01  7.3441742351e-02  1.8044763329e+01
1.0000000000e+02  1.7375000000e+01  1.2469430638e+01  1.0201967754e+01  1.4841711746e+00  1.9366715677e-02  1.1286400307e-01  1.8576385694e+01  -6.8774844391e-01  1.6399529489e+01  1.2631238969e+01  1.8304240270e-02  6.3144740988e+00  2.8198582594e+01  3.6845726115e+01  7.1619099706e-02  1.8423435815e+01
1.0200000000e+02  1.7625000000e+01  1.2524843429e+01  1.0218448190e+01  1.4833028460e+00  1.8735533362e-02  9.8837635909e-02  1.5770365328e+01  -6.9780185284e-01  1.6786042285e+01  1.2680770186e+01  1.7752357886e-02  6.3372318648e+00  2.8759888471e+01  3.7599057152e+01  6.9896306581e-02  1.8799618507e+01
1.0400000000e+02  1.8125000000e+01  1.2572371872e+01  1.0236007074e+01  1.4958082920e+00  1.8392949766e-02  1.0687126792e-01  1.7634641665e+01  -6.9317125433e-01  1.7177452250e+01  1.2725333547e+01  1.7284256746e-02  6.3605880020e+00  2.9323777251e+01  3.8356226142e+01  6.8330565440e-02  1.9178716846e+01
1.0600000000e+02  1.8625000000e+01  1.2623375595e+01  1.0253732770e+01  1.5084210443e+00  1.8114541912e-02  1.1581174746e-01  1.9706903208e+01  -6.8832710917e-01  1.7565144268e+01  1.2769469973e+01  1.6889759023e-02  6.3823581104e+00  2.9880814455e+01  3.9105416572e+01  6.6848346123e-02  1.9553615290e+01
1.0800000000e+02  1.8875000000e+01  1.2669363979e+01  1.0266188511e+01  1.5080652249e+00  1.7655586678e-02  1.0201171021e-01  1.6909489627e+01  -6.9769532498e-01  1.7950232105e+01  1.2812761121e+01  1.6557694978e-02  6.4038265730e+00  3.0430364877e+01  3.9845362180e+01  6.5377577152e-02  1.9923719271e+01
1.1000000000e+02  1.9375000000e+01  1.2716607144e+01  1.0282435580e+01  1.5209032978e+00  1.7464372581e-02  1.1089602296e-01  1.8945489822e+01  -6.9284333047e-01  1.8337712178e+01  1.2853092907e+01  1.6266266497e-02  6.4249980882e+00  3.0973518746e+01  4.0577528212e+01  6.3974980704e-02  2.0289898598e+01
1.1200000000e+02  1.9625000000e+01  1.2761295690e+01  1.0294515925e+01  1.5208208338e+00  1.7092874151e-02  9.8139440644e-02  1.6374022502e+01  -7.0147469340e-01  1.8717178071e+01  1.2895255884e+01  1.6009895879e-02  6.4449331331e+00  3.1510599506e+01  4.1302113562e+01  6.2629134654e-02  2.0652159176e+01
1.1400000000e+02  2.0250000000e+01  1.2810541626e+01  1.0314014217e+01  1.5402393391e+00  1.7055705558e-02  1.1887045804e-01  2.0855820266e+01  -6.8958463550e-01  1.9103452476e+01  1.2932825511e+01  1.5808688101e-02  6.4655026301e+00  3.2042116781e+01  4.2019775069e+01  6.1312004505e-02  2.1010915286e+01
1.1600000000e+02  2.0250000000e+01  1.2852681979e+01  1.0322242786e+01  1.5275246975e+00  1.6514262332e-02  8.5835310192e-02  1.4081405649e+01  -7.1053373460e-01  1.9477561990e+01  1.2973939382e+01  1.5604639660e-02  6.4843191151e+00  3.2568011223e+01  4.2730195702e+01  6.0041390655e-02  2.1366043093e+01
1.1800000000e+02  2.0750000000e+01  1.2889285682e+01  1.0326554951e+01  1.5406252144e+00  1.6432839065e-02  9.3591685375e-02  1.5816026307e+01  -7.0587523072e-01  1.9863177230e+01  1.3009244097e+01  1.5442075115e-02  6.5042499885e+00  3.3089440699e+01  4.3435166631e+01  5.8813404092e-02  2.1718410166e+01
1.2000000000e+02  2.1250000000e+01  1.2929968990e+01  1.0335659048e+01  1.5537610857e+00  1.6355028843e-02  1.0254873630e-01  1.7765806794e+01  -7.0098327155e-01  2.0238133788e+01  1.3045981348e+01  1.5287437349e-02  6.5220843024e+00  3.3605065257e+01  4.4132199960e+01  5.7617361672e-02  2.2066829388e+01
1.2200000000e+02  2.1750000000e+01  1.2975177617e+01  1.0350066697e+01  1.5669355009e+00  1.6275711973e-02  1.1290387437e-01  1.9990109613e+01  -6.9583080240e-01  2.0586644606e+01  1.3092194100e+01  1.5107428354e-02  6.5309235225e+00  3.4115226785e+01  4.4821701803e+01  5.6461640934e-02  2.2411480725e+01
1.2400000000e+02  2.1750000000e+01  1.3014296383e+01  1.0361977603e+01  1.5548035332e+00  1.5831210254e-02  8.1832381604e-02  1.3753411870e+01  -7.1484700601e-01  2.0954040984e+01  1.3129809261e+01  1.4972667644e-02  6.5524107182e+00  3.4619667676e+01  4.5503073130e+01  5.5336875566e-02  2.2752093373e+01
1.2600000000e+02  2.2250000000e+01  1.3048363432e+01  1.0363049858e+01  1.5680723314e+00  1.5805958288e-02  8.9916707957e-02  1.5501845140e+01  -7.1014354585e-01  2.1336844429e+01  1.3160987900e+01  1.4878654035e-02  6.5727773532e+00  3.5117854827e+01  4.6175176201e+01  5.4225787318e-02  2.3088114284e+01
1.2800000000e+02  2.2750000000e+01  1.3086755974e+01  1.0369102844e+01  1.5813825929e+00  1.5774341139e-02  9.9281279876e-02  1.7498882463e+01  -7.0519056763e-01  2.1721195542e+01  1.3191115538e+01  1.4799740766e-02  6.5931335709e+00  3.5611533208e+01  4.6840846572e+01  5.3129245660e-02  2.3420907268e+01
1.3000000000e+02  2.3250000000e+01  1.3129929713e+01  1.0380690401e+01  1.5947407296e+00  1.5745860222e-02  1.1013592907e-01  1.9782800706e+01  -6.9995957645e-01  2.2072094157e+01  1.3231985308e+01  1.4682682886e-02  6.6054595550e+00  3.6099551155e+01  4.7497899729e+01  5.2074675957e-02  2.3749408574e+01
1.3200000000e+02  2.3250000000e+01  1.3163796769e+01  1.0392030297e+01  1.5831066662e+00  1.5388360706e-02  8.0087392792e-02  1.3812468613e+01  -7.1757547819e-01  2.2437239048e+01  1.3266387844e+01  1.4604297679e-02  6.6219879269e+00  3.6583797850e+01  4.8149686449e+01  5.1025974451e-02  2.4075315800e+01
1.3400000000e+02  2.3750000000e+01  1.3196970471e+01  1.0391553537e+01  1.5965551521e+00  1.5398314535e-02  8.8672118957e-02  1.5632765149e+01  -7.1279479459e-01  2.2816107542e+01  1.3295349030e+01  1.4556927605e-02  6.6418939807e+00  3.7064718607e+01  4.8796816863e+01  5.0007565843e-02  2.4398867409e+01
1.3600000000e+02  2.4250000000e+01  1.3234707360e+01  1.0396302657e+01  1.6100548214e+00  1.5406313702e-02  9.8655764849e-02  1.7720069093e+01  -7.0774390578e-01  2.3184542107e+01  1.3327376953e+01  1.4503645243e-02  6.6590240758e+00  3.7542043832e+01  4.9438767181e+01  4.9027749745e-02  2.4719834608e+01
1.3800000000e+02  2.4250000000e+01  1.3275407614e+01  1.0406878794e+01  1.5988189396e+00  1.5086537996e-02  7.2371311867e-02  1.2547696314e+01  -7.2364411633e-01  2.3532614337e+01  1.3364746497e+01  1.4437157989e-02  6.6718813605e+00  3.8015969135e+01  5.0075904033e+01  4.8084429758e-02  2.5038402157e+01
1.4000000000e+02  2.4750000000e+01  1.3304616567e+01  1.0414658769e+01  1.6124035504e+00  1.5128381416e-02  8.0361955063e-02  1.4232737056e+01  -7.1900615499e-01  2.3896019423e+01  1.3396141274e+01  1.4401244542e-02  6.6887701377e+00  3.8486655435e+01  5.0708535578e+01  4.7178435878e-02  2.5354719532e+01
1.4200000000e+02  2.5250000000e+01  1.3338207565e+01  1.0414115572e+01  1.6260370452e+00  1.5164527762e-02  8.9677945497e-02  1.6168848259e+01  -7.1410246664e-01  2.4274248453e+01  1.3422503502e+01  1.4391715956e-02  6.7090246414e+00  3.8954313209e+01  5.1337083974e+01  4.6308902845e-02  2.5669007177e+01
1.4400000000e+02  2.5750000000e+01  1.3376645634e+01  1.0419151028e+01  1.6397191141e+00  1.5192341527e-02  1.0055204060e-01  1.8396232236e+01  -7.0890162587e-01  2.4619654013e+01  1.3458286315e+01  1.4349475839e-02  6.7217092958e+00  3.9377430454e+01  5.1881770886e+01  4.5261915153e-02  2.5940364308e+01
1.4600000000e+02  2.5750000000e+01  1.3409117314e+01  1.0430486558e+01  1.6288376110e+00  1.4941530455e-02  7.3815166133e-02  1.3184617996e+01  -7.2408876101e-01  2.4968672394e+01  1.3491739390e+01  1.4319201334e-02  6.7358691280e+00  3.9716917858e+01  5.2263773419e+01  4.3856087330e-02  2.6131667282e+01
1.4800000000e+02  2.6250000000e+01  1.3439596893e+01  1.0432554343e+01  1.6425555212e+00  1.4996217079e-02  8.2644441097e-02  1.5007543469e+01  -7.1929769818e-01  2.5333848871e+01  1.3519792313e+01  1.4314754914e-02  6.7538133814e+00  4.0059042240e+01  5.2639894372e+01  4.2550227810e-02  2.6324454423e+01
1.5000000000e+02  2.6750000000e+01  1.3474784326e+01  1.0433735222e+01  1.6562656021e+00  1.5025206749e-02  9.3013598071e-02  1.7116864978e+01  -7.1420775491e-01  2.5695096085e+01  1.3548691212e+01  1.4310440276e-02  6.7709040089e+00  4.0363735853e+01  5.2948421995e+01  4.1129089950e-02  2.6477251485e+01
1.5200000000e+02  2.6750000000e+01  1.3510324186e+01  1.0441020995e+01  1.6455821152e+00  1.4770881711e-02  6.8751286578e-02  1.2426727898e+01  -7.2823055321e-01  2.6030021656e+01  1.3583879894e+01  1.4264306521e-02  6.7829168280e+00  4.0839784231e+01  5.3589700681e+01  4.0571398140e-02  2.6798147070e+01
1.5400000000e+02  2.7250000000e+01  1.3538469077e+01  1.0451281845e+01  1.6592994438e+00  1.4790769975e-02  7.7308980419e-02  1.4180890958e+01  -7.2352786204e-01  2.6382340897e+01  1.3613341647e+01  1.4218769085e-02  6.7990937979e+00  4.1412386663e+01  5.4448498672e+01  4.0472408973e-02  2.7225606102e+01
1.5600000000e+02  2.7750000000e+01  1.3571156183e+01  1.0449413990e+01  1.6730375261e+00  1.4831416049e-02  8.7348257577e-02  1.6211790270e+01  -7.1853325673e-01  2.6751768369e+01  1.3637921363e+01  1.4211223823e-02  6.8188092570e+00  4.1912539058e+01  5.5142506943e+01  4.0070735199e-02  2.7573656321e+01
1.5800000000e+02  2.7750000000e+01  1.3608108322e+01  1.0453445146e+01  1.6625744216e+00  1.4617207294e-02  6.4981255782e-02  1.1913277662e+01  -7.3160690723e-01  2.7075515665e+01  1.3673881354e+01  1.4178593646e-02  6.8292809883e+00  4.2341000692e+01  5.5709494142e+01  3.9374094549e-02  2.7856123297e+01
1.6000000000e+02  2.8250000000e+01  1.3634594133e+01  1.0463857102e+01  1.6763638134e+00  1.4642682700e-02  7.3368736393e-02  1.3622114820e+01  -7.2696860254e-01  2.7417281654e+01  1.3704130893e+01  1.4146191628e-02  6.8441162303e+00  4.2795478713e+01  5.6320449130e+01  3.8827040686e-02  2.8162943541e+01
1.6200000000e+02  2.8750000000e+01  1.3665500184e+01  1.0464428189e+01  1.6902550048e+00  1.4691693795e-02  8.3180227477e-02  1.5597073939e+01  -7.2204430198e-01  2.7777782918e+01  1.3729276230e+01  1.4136836711e-02  6.8625670753e+00  4.3239167568e+01  5.6916193054e+01  3.8261489394e-02  2.8460748675e+01
1.6400000000e+02  2.9250000000e+01  1.3701396917e+01  1.0465317396e+01  1.7042685245e+00  1.4758870841e-02  9.4710716319e-02  1.7886506034e+01  -7.1679353969e-01  2.8106185312e+01  1.3762113912e+01  1.4134622445e-02  6.8745630919e+00  4.3664784525e+01  5.7479792988e+01  3.7647791280e-02  2.8742021301e+01
1.6600000000e+02  2.9250000000e+01  1.3728120052e+01  1.0472421192e+01  1.6942122593e+00  1.4634677380e-02  7.0421440815e-02  1.3251320276e+01  -7.2974705435e-01  2.8440762463e+01  1.3792529669e+01  1.4158541038e-02  6.8882278112e+00  4.4127840396e+01  5.8112741960e+01  3.7218027892e-02  2.9060146880e+01
1.6800000000e+02  2.9750000000e+01  1.3757987564e+01  1.0476895199e+01  1.7084235989e+00  1.4730444310e-02  8.0110534244e-02  1.5188086212e+01  -7.2485699022e-01  2.8794873320e+01  1.3817890390e+01  1.4207929451e-02  6.9058829512e+00  4.4527593730e+01  5.8635455748e+01  3.6552185137e-02  2.9318168386e+01
1.7000000000e+02  3.0250000000e+01  1.3792839401e+01  1.0475469646e+01  1.7227632169e+00  1.4820561068e-02  9.1550434779e-02  1.7441144746e+01  -7.1963434747e-01  2.9124625572e+01  1.3848832579e+01  1.4244506331e-02  6.9187475675e+00  4.5012055940e+01  5.9310077669e+01  3.6254601874e-02  2.9659294470e+01
1.7200000000e+02  3.0250000000e+01  1.3819668582e+01  1.0480261583e+01  1.7130210692e+00  1.4724258480e-02  6.8341754353e-02  1.3044208629e+01  -7.3192428247e-01  2.9453065873e+01  1.3879250340e+01  1.4285924893e-02  6.9318003358e+00  4.5419754336e+01  5.9850783462e+01  3.5671562145e-02  2.9926498558e+01
1.7400000000e+02  3.0750000000e+01  1.3849075056e+01  1.0487061606e+01  1.7275261203e+00  1.4824066238e-02  7.8073925485e-02  1.4972453389e+01  -7.2704184689e-01  2.9801774765e+01  1.3904660256e+01  1.4345432143e-02  6.9490140349e+00  4.5886137337e+01  6.0496350005e+01  3.5340499468e-02  3.0252096449e+01
1.7600000000e+02  3.1250000000e+01  1.3883458467e+01  1.0484206025e+01  1.7421360207e+00  1.4908896176e-02  8.9602035221e-02  1.7222458748e+01  -7.2182232467e-01  3.0128860186e+01  1.3934793494e+01  1.4386373752e-02  6.9621118043e+00  4.6319052715e+01  6.1089034149e+01  3.4898916473e-02  3.0546674406e+01
1.7800000000e+02  3.1250000000e+01  1.3909583779e+01  1.0487625619e+01  1.7326147673e+00  1.4824239564e-02  6.7117748712e-02  1.2995111771e+01  -7.3357516196e-01  3.0452510691e+01  1.3964910307e+01  1.4424734772e-02  6.9749815467e+00  4.6761200059e+01  6.1695521858e+01  3.4514028359e-02  3.0850772564e+01
1.8000000000e+02  3.1750000000e+01  1.3938957569e+01  1.0495554211e+01  1.7473458252e+00  1.4912528904e-02  7.7033806142e-02  1.4941481557e+01  -7.2868192239e-01  3.0797212770e+01  1.3990082436e+01  1.4477721891e-02  6.9921095284e+00  4.7208646842e+01  6.2317116957e+01  3.4163249447e-02  3.1161523876e+01
1.8200000000e+02  3.1750000000e+01  1.3972899243e+01  1.0492003085e+01  1.7379675129e+00  1.4817946348e-02  5.8111366483e-02  1.1397641494e+01  -7.3937636138e-01  3.1117771101e+01  1.4020286200e+01  1.4509506739e-02  7.0047739498e+00  4.7618363841e+01  6.2867325259e+01  3.3689020724e-02  3.1435179110e+01
1.8400000000e+02  3.2250000000e+01  1.3998103847e+01  1.0494784495e+01  1.7528008608e+00  1.4907264045e-02  6.6731787306e-02  1.3097463484e+01  -7.3476828789e-01  3.1438514246e+01  1.4049723738e+01  1.4541081817e-02  7.0178355271e+00  4.8097641432e+01  6.3554872828e+01  3.3472037664e-02  3.1780732917e+01
1.8600000000e+02  3.2750000000e+01  1.4027788494e+01  1.0502819930e+01  1.7677162445e+00  1.4980451636e-02  7.6925203502e-02  1.5080146849e+01  -7.2984824482e-01  3.1781320175e+01  1.4074305396e+01  1.4586337900e-02  7.0351966298e+00  4.8501808032e+01  6.4105704817e+01  3.3001716549e-02  3.2052876829e+01
1.8800000000e+02  3.2750000000e+01  1.4059656033e+01  1.0499076072e+01  1.7584731996e+00  1.4898576339e-02  5.8167024145e-02  1.1588354436e+01  -7.4020269693e-01  3.2092545022e+01  1.4105174031e+01  1.4608434698e-02  7.0468202627e+00  4.8999836672e+01  6.4832130667e+01  3.2865399752e-02  3.2419408380e+01
1.9000000000e+02  3.3250000000e+01  1.4085433108e+01  1.0501777811e+01  1.7734863913e+00  1.4987889510e-02  6.7127209981e-02  1.3338655575e+01  -7.3555730122e-01  3.2412141462e+01  1.4133620023e+01  1.4644785197e-02  7.0603908318e+00  4.9425357500e+01  6.5429691341e+01  3.2486296772e-02  3.2715955121e+01
1.9200000000e+02  3.3750000000e+01  1.4115768558e+01  1.0509182077e+01  1.7885568424e+00  1.5059908039e-02  7.7736738015e-02  1.5384535044e+01  -7.3058669992e-01  3.2754595810e+01  1.4157357359e+01  1.4700080146e-02  7.0783781853e+00  4.9910375183e+01  6.6137608339e+01  3.2315782259e-02  3.3071840040e+01
1.9400000000e+02  3.3750000000e+01  1.4145231511e+01  1.0505994875e+01  1.7793832848e+00  1.4980698387e-02  5.8925583031e-02  1.1901423489e+01  -7.4066683537e-01  3.3053888616e+01  1.4189336644e+01  1.4711349141e-02  7.0884554885e+00  5.0363693463e+01  6.6796699668e+01  3.2047043978e-02  3.3400118120e+01
1.9600000000e+02  3.4250000000e+01  1.4171842996e+01  1.0509378779e+01  1.7944780614e+00  1.5026740699e-02  6.8307391779e-02  1.3718127156e+01  -7.3596362836e-01  3.3374681260e+01  1.4216463162e+01  1.4720642934e-02  7.1029150831e+00  5.0847478522e+01  6.7510911545e+01  3.1888979070e-02  3.3758062399e+01
1.9800000000e+02  3.4750000000e+01  1.4203057944e+01  1.0515340409e+01  1.8096442343e+00  1.5077350600e-02  7.9432722700e-02  1.5846131985e+01  -7.3093022422e-01  3.3703690332e+01  1.4241901888e+01  1.4738733188e-02  7.1189605577e+00  5.1313581840e+01  6.8199303782e+01  3.1682935614e-02  3.4101677616e+01
2.0000000000e+02  3.4750000000e+01  1.4229743731e+01  1.0512803741e+01  1.8005693752e+00  1.5031226395e-02  6.0360453881e-02  1.2330873487e+01  -7.4080530050e-01  3.4003465203e+01  1.4272458780e+01  1.4759606885e-02  7.1297270516e+00  5.1805450586e+01  6.8939168860e+01  3.1567759603e-02  3.4471748655e+01
2.0200000000e+02  3.5250000000e+01  1.4257385712e+01  1.0516894732e+01  1.8158599623e+00  1.5114187287e-02  7.0209046077e-02  1.4221662219e+01  -7.3602184368e-01  3.4328109614e+01  1.4297946590e+01  1.4806779544e-02  7.1451315508e+00  5.2274597024e+01  6.9636327721e+01  3.1392156531e-02  3.4820136848e+01
2.0400000000e+02  3.5250000000e+01  1.4288837324e+01  1.0520429751e+01  1.8069343460e+00  1.5093214140e-02  5.3528846812e-02  1.1157011082e+01  -7.4516413529e-01  3.4641515236e+01  1.4325442414e+01  1.4862245426e-02  7.1586147476e+00  5.2780075414e+01  7.0412961311e+01  3.1332956793e-02  3.5208264711e+01
2.0600000000e+02  3.5750000000e+01  1.4313472993e+01  1.0519272226e+01  1.8223586316e+00  1.5258070843e-02  6.2392260300e-02  1.2862844777e+01  -7.4058005056e-01  3.4945981121e+01  1.4353978998e+01  1.4959653005e-02  7.1705183980e+00  5.3243435700e+01  7.1100434879e+01  3.1157478992e-02  3.5551954492e+01
2.0800000000e+02  3.6250000000e+01  1.4342627725e+01  1.0526696307e+01  1.8375999779e+00  1.5352983696e-02  7.3068263690e-02  1.4887235610e+01  -7.3563020104e-01  3.5274280258e+01  1.4377844412e+01  1.5073451369e-02  7.1875379021e+00  5.3760009182e+01  7.1907818530e+01  3.1140862632e-02  3.5955364391e+01
2.1000000000e+02  3.6250000000e+01  1.4370730266e+01  1.0529109030e+01  1.8282822313e+00  1.5231238442e-02  5.5989407898e-02  1.1769869245e+01  -7.4462938072e-01  3.5565565511e+01  1.4407832327e+01  1.5056377588e-02  7.1985822322e+00  5.4211309934e+01  7.2572472789e+01  3.0944735678e-02  3.6287611519e+01
2.1200000000e+02  3.6750000000e+01  1.4396870495e+01  1.0531532422e+01  1.8431907730e+00  1.5150516283e-02  6.5801912667e-02  1.3639041366e+01  -7.3989394423e-01  3.5871629220e+01  1.4434430474e+01  1.4955480820e-02  7.2126433125e+00  5.4729930505e+01  7.3390901161e+01  3.0941394145e-02  3.6696612282e+01
2.1400000000e+02  3.7250000000e+01  1.4427559096e+01  1.0539721715e+01  1.8585368324e+00  1.5191184136e-02  7.7307441820e-02  1.5806755322e+01  -7.3482369826e-01  3.6184968662e+01  1.4459787805e+01  1.4909326516e-02  7.2274236055e+00  4.8135848764e+01  5.4549679427e+01  1.2969633977e-02  2.8045301239e+01
2.1600000000e+02  3.7250000000e+01  1.4451838479e+01  1.0534963466e+01  1.8500402993e+00  1.5260431815e-02  5.9202868704e-02  1.2508682630e+01  -7.4380871866e-01  3.6477758984e+01  1.4488546372e+01  1.4994032782e-02  7.2378733507e+00  4.8178660862e+01  5.3645767283e+01  1.2138777009e-02  2.5468786991e+01
2.1800000000e+02  3.7750000000e+01  1.4479910984e+01  1.0535807569e+01  1.8663671434e+00  1.5457849628e-02  6.9620811002e-02  1.4469623138e+01  -7.3893497979e-01  3.6797367564e+01  1.4512594364e+01  1.5163904078e-02  7.2537492806e+00  4.8317627929e+01  5.3088860670e+01  1.1540256751e-02  1.7804312468e+01
2.2000000000e+02  3.7750000000e+01  1.4507932277e+01  1.0539270697e+01  1.8581890732e+00  1.5486702538e-02  5.3442835874e-02  1.1542051882e+01  -7.4734566024e-01  3.7091382386e+01  1.4540889797e+01  1.5285290378e-02  7.2653446641e+00  4.8480854618e+01  5.2568515973e+01  1.1032916177e-02  2.3318537723e+01
2.2200000000e+02  3.8250000000e+01  1.4533917865e+01  1.0535975382e+01  1.8744844954e+00  1.5533514627e-02  6.3429792036e-02  1.3422851740e+01  -7.4265429826e-01  3.7390794113e+01  1.4567680128e+01  1.5334471543e-02  7.2783896907e+00  4.8983117440e+01  5.3531915889e+01  1.1219710167e-02  2.1333375941e+01
2.2400000000e+02  3.8750000000e+01  1.4564738920e+01  1.0541193591e+01  1.8904534501e+00  1.5471055839e-02  7.4954122818e-02  1.5587777645e+01  -7.3761971427e-01  3.7701058402e+01  1.4592502640e+01  1.5302698855e-02  7.2943268134e+00  4.1329580278e+01  1.5928439166e+01  1.3441783368e-02  1.3367945806e+00
2.2600000000e+02  3.8750000000e+01  1.4588718875e+01  1.0543211097e+01  1.8814130637e+00  1.5321892340e-02  5.8047390070e-02  1.2521866776e+01  -7.4608689290e-01  3.7979778412e+01  1.4621807161e+01  1.5194298790e-02  7.3056213454e+00  4.1399465244e+01  1.5613248880e+01  1.3792136210e-02  3.2065308801e+00
2.2800000000e+02  3.9250000000e+01  1.4616656735e+01  1.0562326003e+01  1.8966077224e+00  1.5174724442e-02  6.8027300151e-02  1.4410913889e+01  -7.4129740607e-01  3.8288289111e+01  1.4645953915e+01  1.5061108469e-02  7.3219039053e+00  4.9918226104e+01  5.3999623271e+01  1.0768809985e-02  1.5378995784e+01
2.3000000000e+02  3.9250000000e+01  1.4643421143e+01  1.0552488730e+01  1.8870573683e+00  1.4994922120e-02  5.3160441902e-02  1.1696382259e+01  -7.4929782512e-01  3.8566057071e+01  1.4674609605e+01  1.4899395042e-02  7.3336974000e+00  4.2495597205e+01  1.6331764977e+01  1.2533325883e-02  8.0627641259e+00
2.3200000000e+02  3.9750000000e+01  1.4668200213e+01  1.0562886231e+01  1.9016920645e+00  1.4858140044e-02  5.9656658753e-02  1.2932404975e+01  -7.4473904649e-01  3.8860648004e+01  1.4700207864e+01  1.4751098494e-02  7.3499026878e+00  4.2432948689e+01  1.5833369043e+01  1.3162193966e-02  5.6183900847e+00
2.3400000000e+02  3.9750000000e+01  1.4697360875e+01  1.0588161144e+01  1.8920005271e+00  1.4708843757e-02  4.6409980437e-02  1.0567382126e+01  -7.5229899832e-01  3.9152879359e+01  1.4725919682e+01  1.4621273857e-02  7.3625416852e+00  5.0913358371e+01  5.4774989165e+01  1.0409861994e-02  6.9803989244e+00
2.3600000000e+02  4.0500000000e+01  1.4714500820e+01  1.0571131296e+01  1.9181823314e+00  1.4637929269e-02  6.9694228905e-02  1.4688177124e+01  -7.4151510545e-01  3.9463090530e+01  1.4751093522e+01  1.4514911873e-02  7.3675377739e+00  5.1212614556e+01  5.4924170184e+01  1.0212155888e-02  -2.6157519266e+01
2.3800000000e+02  4.0500000000e+01  1.4738832397e+01  1.0574414064e+01  1.9086519302e+00  1.4546210011e-02  5.2518256646e-02  1.1772619720e+01  -7.4940231341e-01  3.9789554491e+01  1.4773042638e+01  1.4441527467e-02  7.3702253980e+00  4.3388574929e+01  1.5993394869e+01  1.2822903867e-02  4.4203539789e+00
2.4000000000e+02  4.0500000000e+01  1.4771353744e+01  1.0593597071e+01  1.8992433859e+00  1.4459748309e-02  3.9711439337e-02  9.4853655451e+00  -7.5639625764e-01  4.0059547307e+01  1.4800440389e+01  1.4376875384e-02  7.3531130614e+00  4.3476682506e+01  1.5724769462e+01  1.3202801552e-02  7.0068104627e+00
2.4200000000e+02  4.1500000000e+01  1.4787053754e+01  1.0592366740e+01  1.9370575328e+00  1.4485494113e-02  7.6451727657e-02  1.5435901511e+01  -7.3975798055e-01  4.0421473456e+01  1.4816368981e+01  1.4360709307e-02  7.3969352074e+00  5.2223282233e+01  5.5809327034e+01  9.8191408977e-03  -4.2222528527e+01
2.4400000000e+02  4.1500000000e+01  1.4806938546e+01  1.0587130702e+01  1.9278564146e+00  1.4456807375e-02  5.6371031421e-02  1.2486896608e+01  -7.4778269116e-01  4.0660408479e+01  1.4846018815e+01  1.4326941739e-02  7.2916788109e+00  4.4229454692e+01  1.6042855130e+01  1.2808373897e-02  1.0125466004e+00
2.4600000000e+02  4.1500000000e+01  1.4836148197e+01  1.0599019638e+01  1.9188429262e+00  1.4424460269e-02  4.1700999614e-02  1.0095267906e+01  -7.5486790673e-01  4.0931242546e+01  1.4872860203e+01  1.4315394832e-02  7.2992837704e+00  4.4311127492e+01  1.5790117065e+01  1.3195906343e-02  1.6693426136e+00
2.4800000000e+02  4.2500000000e+01  1.4860985157e+01  1.0615360231e+01  1.9567440308e+00  1.4482259851e-02  8.5998516545e-02  1.6583455927e+01  -7.3751850083e-01  4.1295247669e+01  1.4888365799e+01  1.4345155082e-02  7.3917429626e+00  4.4678058613e+01  1.5907251510e+01  1.3091807197e-02  7.7772065185e+00
2.5000000000e+02  4.2500000000e+01  1.4875577391e+01  1.0600571416e+01  1.9479229341e+00  1.4497445630e-02  6.2851681079e-02  1.3500326808e+01  -7.4574241362e-01  4.1595573100e+01  1.4909866690e+01  1.4371932127e-02  7.3526780243e+00  4.4986031556e+01  1.5988297572e+01  1.3029094131e-02  -7.5595005433e-01
2.5200000000e+02  4.2500000000e+01  1.4900883304e+01  1.0604364586e+01  1.9393375041e+00  1.4508048321e-02  4.5969284729e-02  1.0929467866e+01  -7.5297714329e-01  4.1831493385e+01  1.4939492758e+01  1.4391266999e-02  7.3178378722e+00  4.5126877883e+01  1.5831618328e+01  1.3304047861e-02  -2.5064898949e+00
2.5400000000e+02  4.2500000000e+01  1.4934041171e+01  1.0622377144e+01  1.9309203724e+00  1.4516792143e-02  3.3722934595e-02  8.8506573664e+00  -7.5939526137e-01  4.2157713301e+01  1.4958952686e+01  1.4447202282e-02  7.3924041583e+00  4.5320132228e+01  1.5721288350e+01  1.3529842677e-02  1.9617636271e+00
2.5600000000e+02  4.3500000000e+01  1.4946729234e+01  1.0616085411e+01  1.9692331263e+00  1.4634944335e-02  7.2636036511e-02  1.4885405393e+01  -7.4319153111e-01  4.2530248320e+01  1.4972137008e+01  1.4525198172e-02  7.4383242220e+00  4.5681958336e+01  1.5830760334e+01  1.3462766533e-02  2.9491830810e+00
2.5800000000e+02  4.3500000000e+01  1.4967362691e+01  1.0610917756e+01  1.9610465010e+00  1.4674635379e-02  5.2898944681e-02  1.2112367197e+01  -7.5063848748e-01  4.2728191992e+01  1.5004911791e+01  1.4557739660e-02  7.3334389607e+00  4.5946173210e+01  1.5866130558e+01  1.3489012054e-02  -4.0369123638e+00
2.6000000000e+02  4.3500000000e+01  1.4996945982e+01  1.0621397344e+01  1.9530246972e+00  1.4710126402e-02  3.8501362800e-02  9.8034427956e+00  -7.5722288978e-01  4.3003860121e+01  1.5029331280e+01  1.4624174044e-02  7.3785194060e+00  4.6151930477e+01  1.5797569874e+01  1.3662492914e-02  -2.5125369564e+00
2.6200000000e+02  4.4500000000e+01  1.5022395805e+01  1.0635795228e+01  1.9919162565e+00  1.4829648590e-02  8.6201999410e-02  1.6617561119e+01  -7.4003761853e-01  4.3380157660e+01  1.5042351849e+01  1.4747322894e-02  7.4892589933e+00  4.6402787157e+01  1.5738355267e+01  1.3838289694e-02  4.6793080139e+00
2.6400000000e+02  4.4500000000e+01  1.5037284341e+01  1.0620776646e+01  1.9839837297e+00  1.4957956383e-02  6.2908312884e-02  1.3655849531e+01  -7.4775650200e-01  4.3624416351e+01  1.5069269864e+01  1.4883547014e-02  7.3874904841e+00  4.6757036220e+01  1.5879009336e+01  1.3757764579e-02  -1.7839016542e+00
2.6600000000e+02  4.4500000000e+01  1.5062533732e+01  1.0622968349e+01  1.9762809909e+00  1.5125089465e-02  4.5794319994e-02  1.1111704558e+01  -7.5453033610e-01  4.3847606110e+01  1.5098728840e+01  1.5057039177e-02  7.3718031772e+00  4.6991471071e+01  1.5876011809e+01  1.3919304827e-02  -5.0564895247e+00
2.6800000000e+02  4.4500000000e+01  1.5095315296e+01  1.0638302166e+01  1.9687938629e+00  1.5315163264e-02  3.3351302756e-02  9.0239244213e+00  -7.6051205827e-01  4.4152924941e+01  1.5119403974e+01  1.5270089265e-02  7.4598532545e+00  4.7228941687e+01  1.5838141084e+01  1.4181569944e-02  -5.7815237812e-01
2.7000000000e+02  4.5500000000e+01  1.5113766539e+01  1.0636000102e+01  2.0088636723e+00  1.5536926548e-02  7.7508198109e-02  1.5678595776e+01  -7.4400048938e-01  4.4519382683e+01  1.5133090461e+01  1.5494936917e-02  7.5298915075e+00  4.7530017085e+01  1.5832288260e+01  1.4426281161e-02  6.4528471550e+00
2.7200000000e+02  4.5500000000e+01  1.5133638244e+01  1.0627372944e+01  2.0019598371e+00  1.5730586909e-02  5.7010977009e-02  1.2929136363e+01  -7.5099616446e-01  4.4692639728e+01  1.5167383183e+01  1.5657564302e-02  7.4025852613e+00  4.7827865751e+01  1.5955824419e+01  1.4461676459e-02  -4.7293801404e+00
2.7400000000e+02  4.5500000000e+01  1.5162055437e+01  1.0632947846e+01  1.9953272290e+00  1.5878155249e-02  4.1762943003e-02  1.0573183620e+01  -7.5718926531e-01  4.4926754525e+01  1.5195338987e+01  1.5805094019e-02  7.4318591503e+00  4.8055456764e+01  1.5946033767e+01  1.4662164401e-02  -4.5472649889e+00
2.7600000000e+02  4.5500000000e+01  1.5196644479e+01  1.0649691228e+01  1.9888241599e+00  1.5974519170e-02  3.0468678533e-02  8.6353786788e+00  -7.6272529519e-01  4.5244534446e+01  1.5214565502e+01  1.5934105585e-02  7.5340413697e+00  4.8312052459e+01  1.5923821542e+01  1.4845945912e-02  1.9565860242e+00
2.7800000000e+02  4.6500000000e+01  1.5212412011e+01  1.0636575137e+01  2.0306676082e+00  1.6073246344e-02  7.3051090280e-02  1.5225232564e+01  -7.4663852116e-01  4.5553637285e+01  1.5234405095e+01  1.6015530940e-02  7.5274123456e+00  4.8621900420e+01  1.5983661534e+01  1.4859581452e-02  1.4179238363e+00
2.8000000000e+02  4.6500000000e+01  1.5234497234e+01  1.0631899380e+01  2.0241875882e+00  1.6095057549e-02  5.3778446617e-02  1.2565913166e+01  -7.5325484924e-01  4.5733231093e+01  1.5267710126e+01  1.6024224833e-02  7.4429759059e+00  4.8862914353e+01  1.6031663278e+01  1.4835051473e-02  -5.6743091982e+00
2.8200000000e+02  4.6500000000e+01  1.5263974681e+01  1.0640509749e+01  2.0176162166e+00  1.6076988800e-02  3.9249298466e-02  1.0280543992e+01  -7.5917760266e-01  4.5976953266e+01  1.5294452983e+01  1.6017215750e-02  7.4923994463e+00  4.9091478565e+01  1.6021609507e+01  1.4864886557e-02  -3.7112273213e+00
2.8400000000e+02  4.7500000000e+01  1.5298801788e+01  1.0657547297e+01  2.0597620964e+00  1.6025671721e-02  9.3952519005e-02  1.7776977762e+01  -7.4171198447e-01  4.6308892661e+01  1.5312149475e+01  1.5999318455e-02  7.6016601930e+00  4.9358109537e+01  1.6003808081e+01  1.4889746911e-02  3.5144125397e+00
2.8600000000e+02  4.7500000000e+01  1.5312392727e+01  1.0641765251e+01  2.0527216650e+00  1.5978363554e-02  6.9529621355e-02  1.4865520158e+01  -7.4890461201e-01  4.6580557359e+01  1.5335645867e+01  1.5937244283e-02  7.5452418427e+00  4.9647530709e+01  1.6063237516e+01  1.4780244729e-02  -3.2629461833e-01
2.8800000000e+02  4.7500000000e+01  1.5335124928e+01  1.0641299643e+01  2.0456232913e+00  1.5890807791e-02  5.0884163104e-02  1.2241998099e+01  -7.5532673383e-01  4.6769219374e+01  1.5367406986e+01  1.5834337802e-02  7.4887873318e+00  4.9875020593e+01  1.6091927052e+01  1.4690811843e-02  -5.8001052530e+00
2.9000000000e+02  4.7500000000e+01  1.5364683196e+01  1.0653250196e+01  2.0384081256e+00  1.5787204871e-02  3.6838778216e-02  9.9974460515e+00  -7.6109229098e-01  4.7026511422e+01  1.5392265339e+01  1.5740154274e-02  7.5536365744e+00  5.0110500938e+01  1.6085314221e+01  1.4641130555e-02  -3.0862806724e+00
2.9200000000e+02  4.8500000000e+01  1.5395370137e+01  1.0664108672e+01  2.0798337707e+00  1.5677060442e-02  8.9241540750e-02  1.7328883725e+01  -7.4421873501e-01  4.7378092147e+01  1.5407646111e+01  1.5665066355e-02  7.6694178374e+00  5.0385670997e+01  1.6069744460e+01  1.4608129287e-02  4.4669530596e+00
2.9400000000e+02  4.8500000000e+01  1.5409846882e+01  1.0652936440e+01  2.0721471052e+00  1.5596694980e-02  6.5615383533e-02  1.4436909901e+01  -7.5120919752e-01  4.7611045477e+01  1.5434392353e+01  1.5561251932e-02  7.5654090119e+00  5.0659386423e+01  1.6122706464e+01  1.4478741222e-02  -1.2146484733e+00
2.9600000000e+02  4.8500000000e+01  1.5432932290e+01  1.0656094614e+01  2.0644673514e+00  1.5483848258e-02  4.7661932019e-02  1.1855132896e+01  -7.5744898118e-01  4.7811527743e+01  1.5464126935e+01  1.5430676274e-02  7.5364886842e+00  5.0883457064e+01  1.6144451357e+01  1.4384927516e-02  -5.7574989331e+00
2.9800000000e+02  4.8500000000e+01  1.5462400198e+01  1.0670782101e+01  2.0567448489e+00  1.5343008403e-02  3.4204520848e-02  9.6669359614e+00  -7.6305388675e-01  4.8085800539e+01  1.5486620125e+01  1.5299488049e-02  7.6166620575e+00  5.1126483657e+01  1.6141555397e+01  1.4310626161e-02  -2.5153470407e+00
3.0000000000e+02  4.9500000000e+01  1.5488447991e+01  1.0675044760e+01  2.0973640263e+00  1.5205300654e-02  8.3989355632e-02  1.6788605315e+01  -7.4678501708e-01  4.8461341315e+01  1.5499166073e+01  1.5187035706e-02  7.7387636595e+00  5.1409269358e+01  1.6127681227e+01  1.4242052532e-02  5.2742511033e+00
3.0200000000e+02  4.9500000000e+01  1.5503734843e+01  1.0667867119e+01  2.0892181236e+00  1.5090327547e-02  6.1299862639e-02  1.3933207333e+01  -7.5357526756e-01  4.8647726145e+01  1.5529528036e+01  1.5050909144e-02  7.5865795720e+00  5.1669202006e+01  1.6174677865e+01  1.4086424335e-02  -1.8557456411e+00
3.0400000000e+02  4.9500000000e+01  1.5527105563e+01  1.0674297106e+01  2.0810597206e+00  1.4971450100e-02  4.4127556930e-02  1.1405099742e+01  -7.5963703986e-01  4.8863282675e+01  1.5556875025e+01  1.4924051607e-02  7.5867839532e+00  5.1893072017e+01  1.6192660919e+01  1.3979535091e-02  -5.6105873506e+00
3.0600000000e+02  4.9500000000e+01  1.5556460167e+01  1.0691599334e+01  2.0728794216e+00  1.4841548584e-02  3.1338939165e-02  9.2860508414e+00  -7.6507450329e-01  4.9159038722e+01  1.5576565194e+01  1.4806997482e-02  7.6828262299e+00  5.2143564956e+01  1.6192363662e+01  1.3906393967e-02  -1.9070218021e+00
3.0800000000e+02  5.0500000000e+01  1.5577588382e+01  1.0689213083e+01  2.1125878872e+00  1.4719695760e-02  7.8276205592e-02  1.6166548654e+01  -7.4940637566e-01  4.9519915505e+01  1.5589899941e+01  1.4695772058e-02  7.7532544055e+00  5.2433108930e+01  1.6179447122e+01  1.3851342583e-02  6.0658065560e+00
3.1000000000e+02  5.0500000000e+01  1.5593863577e+01  1.0685703443e+01  2.1041727736e+00  1.4601423092e-02  5.6787177782e-02  1.3384821780e+01  -7.5595961985e-01  4.9690510949e+01  1.5620637451e+01  1.4553243025e-02  7.6112803567e+00  5.2681199813e+01  1.6223890216e+01  1.3709964340e-02  -2.4351331413e+00
3.1200000000e+02  5.0500000000e+01  1.5617659721e+01  1.0694849661e+01  2.0957935216e+00  1.4481444384e-02  4.0629534094e-02  1.0945614454e+01  -7.6181511659e-01  4.9921396715e+01  1.5645589462e+01  1.4433372580e-02  7.6403402575e+00  5.2908790435e+01  1.6242042538e+01  1.3604267901e-02  -5.4084683682e+00
3.1400000000e+02  5.0500000000e+01  1.5647004055e+01  1.0714177493e+01  2.0874026204e+00  1.4376611192e-02  2.8652557102e-02  8.9146462062e+00  -7.6706900662e-01  5.0238910034e+01  1.5662536441e+01  1.4350882923e-02  7.7503101335e+00  5.3168667489e+01  1.6245031585e+01  1.3534484824e-02  -1.1646618225e+00
3.1600000000e+02  5.1500000000e+01  1.5663569758e+01  1.0705155530e+01  2.1264189235e+00  1.4313555597e-02  7.2824648635e-02  1.5577451379e+01  -7.5195876006e-01  5.0553937501e+01  1.5679445336e+01  1.4292479660e-02  7.7398451466e+00  5.3464220612e+01  1.6232267699e+01  1.3510963708e-02  7.0433370008e+00
3.1800000000e+02  5.1500000000e+01  1.5680976949e+01  1.0704962153e+01  2.1179137972e+00  1.4269199559e-02  5.2588711989e-02  1.2867213386e+01  -7.5823809307e-01  5.0735072623e+01  1.5708171488e+01  1.4229303086e-02  7.6435388105e+00  5.3697305592e+01  1.6276100223e+01  1.3432597140e-02  -3.0356718663e+00
3.2000000000e+02  5.1500000000e+01  1.5705318538e+01  1.0716311828e+01  2.1095506266e+00  1.4221771565e-02  3.7451313975e-02  1.0524118086e+01  -7.6383246957e-01  5.0980310138e+01  1.5730978592e+01  1.4180361438e-02  7.6969090017e+00  5.3926345798e+01  1.6293875221e+01  1.3401596701e-02  -5.0982507205e+00
3.2200000000e+02  5.1500000000e+01  1.5734693606e+01  1.0732916101e+01  2.1012961246e+00  1.4164823015e-02  2.6256727690e-02  8.5958453733e+00  -7.6884834711e-01  5.1315976492e+01  1.5745655717e+01  1.4145901253e-02  7.8159489497e+00  5.4190163202e+01  1.6298885449e+01  1.3391150680e-02  -4.4386003168e-01
3.2400000000e+02  5.2500000000e+01  1.5747949729e+01  1.0721218264e+01  2.1403101864e+00  1.4135893426e-02  6.8326517483e-02  1.5058420995e+01  -7.5414664696e-01  5.1584692619e+01  1.5765979981e+01  1.4103397086e-02  7.7420878359e+00  5.4483919681e+01  1.6285816875e+01  1.3402550094e-02  7.6698682143e+00
3.2600000000e+02  5.2500000000e+01  1.5766169124e+01  1.0722877393e+01  2.1321245907e+00  1.4097028814e-02  4.9187473489e-02  1.2440647967e+01  -7.6014924912e-01  5.1774323426e+01  1.5792976799e+01  1.4052941738e-02  7.6805852696e+00  5.4701239834e+01  1.6325755654e+01  1.3336544661e-02  -3.0012782761e+00
3.2800000000e+02  5.2500000000e+01  1.5790642470e+01  1.0735307860e+01  2.1239997636e+00  1.4057320691e-02  3.4783372840e-02  1.0186618454e+01  -7.6551453700e-01  5.2032386457e+01  1.5813873492e+01  1.4020641729e-02  7.7516524496e+00  5.4927525457e+01  1.6342959100e+01  1.3301889842e-02  -4.6560621151e+00
3.3000000000e+02  5.2500000000e+01  1.5819666122e+01  1.0745385806e+01  2.1158952875e+00  1.4018957736e-02  2.4067561527e-02  8.3409907320e+00  -7.7033410661e-01  5.2385578832e+01  1.5826429117e+01  1.4008247655e-02  7.8778505156e+00  5.5187721606e+01  1.6347805894e+01  1.3292753334e-02  -1.7028072561e-01
3.3200000000e+02  5.3500000000e+01  1.5830534708e+01  1.0736139746e+01  2.1549191966e+00  1.4005654395e-02  6.4648774239e-02  1.4586275094e+01  -7.5595078324e-01  5.2612581822e+01  1.5849535351e+01  1.3977985468e-02  7.7529684656e+00  5.5472174285e+01  1.6333666819e+01  1.3318088698e-02  7.3785266899e+00
3.3400000000e+02  5.3500000000e+01  1.5849043691e+01  1.0739302573e+01  2.1468804103e+00  1.3976065940e-02  4.6360616115e-02  1.2083066898e+01  -7.6171662727e-01  5.2808961352e+01  1.5874949895e+01  1.3933469313e-02  7.7181905322e+00  5.5684813167e+01  1.6366344615e+01  1.3278702041e-02  -2.1287942215e+00
3.3600000000e+02  5.3500000000e+01  1.5873354084e+01  1.0752395417e+01  2.1389377525e+00  1.3924019760e-02  3.2644890710e-02  9.9403543294e+00  -7.6688351462e-01  5.3074646935e+01  1.5894367803e+01  1.3886902656e-02  7.8021329077e+00  5.5910774561e+01  1.6387980193e+01  1.3242616985e-02  -4.2080091436e+00
3.3800000000e+02  5.4500000000e+01  1.5900191256e+01  1.0757674943e+01  2.1781894601e+00  1.3867280087e-02  8.5484301630e-02  1.6958767350e+01  -7.5113996116e-01  5.3436239374e+01  1.5905616182e+01  1.3847173255e-02  7.9328622932e+00  5.6170900788e+01  1.6397131901e+01  1.3211193536e-02  -2.3101220921e-01
3.4000000000e+02  5.4500000000e+01  1.5911339059e+01  1.0749946802e+01  2.1701886946e+00  1.3818642367e-02  6.2286649430e-02  1.4314970850e+01  -7.5741518799e-01  5.3630975618e+01  1.5930601642e+01  1.3780972962e-02  7.7746846397e+00  5.6451237619e+01  1.6385421720e+01  1.3199891633e-02  6.8502361535e+00
3.4200000000e+02  5.4500000000e+01  1.5929848091e+01  1.0754133668e+01  2.1622350464e+00  1.3761782234e-02  4.4599607397e-02  1.1896513201e+01  -7.6302697948e-01  5.3830829062e+01  1.5954906477e+01  1.3717869630e-02  7.7560070177e+00  5.6666956401e+01  1.6413011711e+01  1.3132521680e-02  -1.2798451934e+00
3.4400000000e+02  5.4500000000e+01  1.5953857844e+01  1.0767962549e+01  2.1542869497e+00  1.3700924841e-02  3.1306837963e-02  9.8130681046e+00  -7.6806602108e-01  5.4101513815e+01  1.5973298017e+01  1.3667537688e-02  7.8481952624e+00  5.6893092838e+01  1.6438185501e+01  1.3070813241e-02  -3.9299446009e+00
3.4600000000e+02  5.5500000000e+01  1.5979045203e+01  1.0770571862e+01  2.1933181671e+00  1.3644077485e-02  8.3338921744e-02  1.6741414392e+01  -7.5258609328e-01  5.4469488422e+01  1.5983636695e+01  1.3629021092e-02  7.9821926101e+00  5.7151064369e+01  1.6449388430e+01  1.3031677500e-02  -4.3960386217e-01
3.4800000000e+02  5.5500000000e+01  1.5990398903e+01  1.0764340501e+01  2.1852732742e+00  1.3592471373e-02  6.0639337271e-02  1.4152737831e+01  -7.5870385289e-01  5.4643294590e+01  1.6009602624e+01  1.3554838634e-02  7.8018647203e+00  5.7425351356e+01  1.6438861556e+01  1.3019041277e-02  6.2089791930e+00
3.5000000000e+02  5.5500000000e+01  1.6008748062e+01  1.0769379017e+01  2.1773080121e+00  1.3517790961e-02  4.3328024009e-02  1.1782718018e+01  -7.6418254264e-01  5.4845723876e+01  1.6032989260e+01  1.3471372787e-02  7.7929036226e+00  5.7644570269e+01  1.6459791976e+01  1.2953517763e-02  -2.5536859277e-01
3.5200000000e+02  5.5500000000e+01  1.6032311962e+01  1.0783567838e+01  2.1693622796e+00  1.3421070806e-02  3.0307255226e-02  9.7381286047e+00  -7.6911635551e-01  5.5120150882e+01  1.6050522352e+01  1.3385906092e-02  7.8906009614e+00  5.7868470343e+01  1.6487360149e+01  1.2864661429e-02  -3.6628503947e+00
3.5400000000e+02  5.6500000000e+01  1.6056180346e+01  1.0784259832e+01  2.2081155156e+00  1.3330138812e-02  8.1754881788e-02  1.6584142738e+01  -7.5387894962e-01  5.5493947196e+01  1.6060037281e+01  1.3305546921e-02  8.0280807569e+00  5.8123578676e+01  1.6500482400e+01  1.2782989474e-02  -7.8563640842e-01
3.5600000000e+02  5.6500000000e+01  1.6067342491e+01  1.0779082603e+01  2.1999574602e+00  1.3230384711e-02  5.9300927228e-02  1.4033175467e+01  -7.5990462861e-01  5.5653255667e+01  1.6086395950e+01  1.3186458728e-02  7.8293501265e+00  5.8393774946e+01  1.6491415821e+01  1.2720649516e-02  5.4428173302e+00
3.5800000000e+02  5.6500000000e+01  1.6085258396e+01  1.0784994442e+01  2.1917940103e+00  1.3116569768e-02  4.2165779054e-02  1.1684213457e+01  -7.6531441590e-01  5.5859838782e+01  1.6108759474e+01  1.3069617156e-02  7.8284615815e+00  5.8620361277e+01  1.6505104381e+01  1.2621079406e-02  8.8048569603e-01
3.6000000000e+02  5.6500000000e+01  1.6108240672e+01  1.0799935821e+01  2.1835928751e+00  1.2994762225e-02  2.9299454716e-02  9.6539183507e+00  -7.7019113829e-01  5.6141138964e+01  1.6125205433e+01  1.2962353180e-02  7.9329199182e+00  5.8843686371e+01  1.6534642175e+01  1.2499218541e-02  -3.4278269016e+00
3.6200000000e+02  5.7500000000e+01  1.6130369603e+01  1.0799311075e+01  2.2215910924e+00  1.2893944923e-02  7.9861870088e-02  1.6409645676e+01  -7.5524418478e-01  5.6507879080e+01  1.6134911887e+01  1.2868983751e-02  8.0467550907e+00  5.9098561205e+01  1.6549498235e+01  1.2400121957e-02  -1.1026669934e+00
3.6400000000e+02  5.7500000000e+01  1.6141359706e+01  1.0795267803e+01  2.2132040891e+00  1.2792639861e-02  5.7638758114e-02  1.3876978146e+01  -7.6119075554e-01  5.6666645220e+01  1.6160512971e+01  1.2749029017e-02  7.8540816331e+00  5.9368711635e+01  1.6542199956e+01  1.2334155230e-02  4.8604831115e+00
3.6600000000e+02  5.7500000000e+01  1.6158956557e+01  1.0801845654e+01  2.2049006712e+00  1.2685502229e-02  4.0744821242e-02  1.1544110742e+01  -7.6652385868e-01  5.6879029024e+01  1.6181746564e+01  1.2638867658e-02  7.8642506257e+00  5.9602807139e+01  1.6551080538e+01  1.2251029163e-02  1.7603895416e+00
3.6800000000e+02  5.7500000000e+01  1.6181489777e+01  1.0816981254e+01  2.1966606565e+00  1.2574438596e-02  2.8109422770e-02  9.5323650266e+00  -7.7132769312e-01  5.7169336879e+01  1.6196983905e+01  1.2543421605e-02  7.9767870762e+00  5.9826773912e+01  1.6582216143e+01  1.2142328371e-02  -3.2194013485e+00
3.7000000000e+02  5.8500000000e+01  1.6201614913e+01  1.0813330367e+01  2.2343067529e+00  1.2493578364e-02  7.7527746376e-02  1.6192804873e+01  -7.5668834922e-01  5.7520587442e+01  1.6207520383e+01  1.2460994978e-02  8.0511227844e+00  6.0083657780e+01  1.6598831356e+01  1.2052247290e-02  -1.2381921564e+00
3.7200000000e+02  5.8500000000e+01  1.6212658558e+01  1.0809508038e+01  2.2261174545e+00  1.2398683746e-02  5.5670746955e-02  1.3681490552e+01  -7.6254145383e-01  5.7683746294e+01  1.6232048119e+01  1.2352665585e-02  7.8772088574e+00  6.0357551668e+01  1.6593469636e+01  1.1985608348e-02  4.6360639026e+00
3.7400000000e+02  5.8500000000e+01  1.6230137762e+01  1.0815871089e+01  2.2180718284e+00  1.2293649372e-02  3.9113377178e-02  1.1368365188e+01  -7.6779343327e-01  5.7903368030e+01  1.6252161287e+01  1.2249623946e-02  7.9017997973e+00  6.0599384090e+01  1.6602436340e+01  1.1897820715e-02  1.9930344429e+00
3.7600000000e+02  5.8500000000e+01  1.6252421922e+01  1.0830300971e+01  2.2101721150e+00  1.2184977766e-02  2.6764927879e-02  9.3750036262e+00  -7.7252834019e-01  5.8205683770e+01  1.6266141639e+01  1.2158919320e-02  8.0238422310e+00  6.0831444613e+01  1.6636129284e+01  1.1786408152e-02  -3.1300071122e+00
3.7800000000e+02  5.9500000000e+01  1.6270235886e+01  1.0820164238e+01  2.2483057391e+00  1.2117782705e-02  7.4493110675e-02  1.5928215218e+01  -7.5828359587e-01  5.8537444976e+01  1.6277941385e+01  1.2084288328e-02  8.0486118601e+00  6.1099366471e+01  1.6654129248e+01  1.1711446577e-02  -8.9487173405e-01
3.8000000000e+02  5.9500000000e+01  1.6281658987e+01  1.0814390492e+01  2.2410861019e+00  1.2056259785e-02  5.3017828535e-02  1.3400911543e+01  -7.6406486483e-01  5.8708489996e+01  1.6301428892e+01  1.2008546341e-02  7.9026252401e+00  6.1387070645e+01  1.6649060493e+01  1.1684043671e-02  5.4186461429e+00
3.8200000000e+02  5.9500000000e+01  1.6299438347e+01  1.0817430387e+01  2.2344271199e+00  1.2005539320e-02  3.6830426351e-02  1.1086000401e+01  -7.6925477421e-01  5.8941720518e+01  1.6320359171e+01  1.1960715146e-02  7.9475008512e+00  6.1636050505e+01  1.6669217882e+01  1.1641814786e-02  5.4436859771e-01
3.8400000000e+02  5.9500000000e+01  1.6321986263e+01  1.0821192299e+01  2.2283801101e+00  1.1962980714e-02  2.4807430371e-02  9.1044050047e+00  -7.7393868443e-01  5.9267202125e+01  1.6332835348e+01  1.1940616996e-02  8.0815798195e+00  6.1897986934e+01  1.6707204093e+01  1.1593960642e-02  -2.9906882835e+00
3.8600000000e+02  6.0500000000e+01  1.6336743171e+01  1.0797747035e+01  2.2705647008e+00  1.1979897934e-02  6.9317317373e-02  1.5451263687e+01  -7.6034880366e-01  5.9567957702e+01  1.6347274657e+01  1.1933320296e-02  8.0329481213e+00  6.2206477069e+01  1.6726286336e+01  1.1606286339e-02  1.2416659947e+00
3.8800000000e+02  6.0500000000e+01  1.6349433790e+01  1.0779810560e+01  2.2676040952e+00  1.2045509356e-02  4.8331539677e-02  1.2837024983e+01  -7.6610592580e-01  5.9758812322e+01  1.6369629393e+01  1.1967781669e-02  7.9393164166e+00  6.2546255470e+01  1.6739235594e+01  1.1713819144e-02  5.2234398490e+00
3.9000000000e+02  6.0500000000e+01  1.6368959728e+01  1.0762650628e+01  2.2696541841e+00  1.1958370265e-02  3.2733649521e-02  1.0498671422e+01  -7.7135737173e-01  6.0027374012e+01  1.6387229536e+01  1.1978143258e-02  8.0297477937e+00  6.2063919659e+01  1.6507105397e+01  9.4062027451e-03  -4.1814168595e+00
3.9200000000e+02  5.9500000000e+01  1.6303339122e+01  9.2775403553e+00  2.3882845100e+00  6.4433510849e-02  -4.3135532350e-02  1.4773079748e+00  -7.4892882550e-01  5.9320191595e+01  1.6313278385e+01  8.4160822459e-02  6.1677758569e+00  6.3485942662e+01  2.0993511734e+01  1.7272815424e-01  3.2403418851e+02
