# time  centre  cx  cy  cz  R_min  r_at_R_min  dev  log10_abs_dev  n_mots  r_mots  R_mots  M_MS_mots  theta_out_min_inside  theta_out_max_at_R_min  theta_in_max_at_R_min  n_trapped  n_anti_trapped  n_outermost
2.3000000000000799e+01  A  32.718750  32.000000  32.000000  4.7665223227e+00  0.850000  2.254846e-01  -0.6469  0  nan  nan  nan  +nan  +2.507166e-01  +1.176375e+00  0  0  1
2.3000000000000799e+01  B  31.281250  32.000000  32.000000  4.7668616085e+00  0.850000  2.255718e-01  -0.6467  0  nan  nan  nan  +nan  +2.507166e-01  +1.176375e+00  0  0  1
2.3000000000000799e+01  C  32.000000  32.000000  32.000000  5.0793153851e+00  2.078750  3.059045e-01  -0.5144  1  3.341147  5.574130e+00  2.959836e+00  -1.737173e-01  -1.737173e-01  -5.663617e-02  17  0  1
2.4000000000000998e+01  A  32.593750  32.000000  32.000000  4.8615867763e+00  0.730000  2.499259e-01  -0.6022  0  nan  nan  nan  +nan  +1.266491e+00  +3.238989e-01  0  0  0
2.4000000000000998e+01  B  31.406250  32.000000  32.000000  4.8621384380e+00  0.730000  2.500677e-01  -0.6019  0  nan  nan  nan  +nan  +1.266491e+00  +3.238989e-01  0  0  0
2.4000000000000998e+01  C  32.000000  32.000000  32.000000  4.9166613985e+00  1.873750  2.640857e-01  -0.5783  0  nan  nan  nan  +nan  -2.042690e-01  -1.564073e-01  23  0  0
2.5000000000001101e+01  A  32.468750  32.000000  32.000000  4.8931363507e+00  1.910000  2.580374e-01  -0.5883  0  nan  nan  nan  +nan  +1.084515e-01  -4.961660e-02  0  0  1
2.5000000000001101e+01  B  31.531250  32.000000  32.000000  4.8933337927e+00  1.910000  2.580881e-01  -0.5882  0  nan  nan  nan  +nan  +1.084515e-01  -4.961660e-02  0  0  1
2.5000000000001101e+01  C  32.000000  32.000000  32.000000  4.7774117435e+00  1.668750  2.282843e-01  -0.6415  1  2.728119  5.092059e+00  3.056763e+00  -2.128351e-01  -2.128351e-01  -1.321945e-01  19  0  1
2.6000000000001300e+01  A  32.406250  32.000000  32.000000  4.7219835236e+00  1.690000  2.140336e-01  -0.6695  0  nan  nan  nan  +nan  +1.417229e-01  -1.887300e-01  0  0  1
2.6000000000001300e+01  B  31.593750  32.000000  32.000000  4.7221589328e+00  1.690000  2.140787e-01  -0.6694  0  nan  nan  nan  +nan  +1.417229e-01  -1.887300e-01  0  0  1
2.6000000000001300e+01  C  32.000000  32.000000  32.000000  4.6553130340e+00  1.526250  1.968924e-01  -0.7058  1  1.839112  4.686160e+00  3.198566e+00  -2.246922e-01  -2.246922e-01  -4.107800e-02  10  0  1
2.7000000000001400e+01  A  32.343750  32.000000  32.000000  4.6209058558e+00  1.630000  1.880462e-01  -0.7257  0  nan  nan  nan  +nan  -1.642497e-01  +2.082621e-01  0  0  0
2.7000000000001400e+01  B  31.656250  32.000000  32.000000  4.6210786375e+00  1.630000  1.880907e-01  -0.7256  0  nan  nan  nan  +nan  -1.642497e-01  +2.082621e-01  0  0  0
2.7000000000001400e+01  C  32.000000  32.000000  32.000000  4.5465482296e+00  1.463750  1.689287e-01  -0.7723  0  nan  nan  nan  +nan  +4.711588e-02  -2.289970e-01  5  0  0
2.8000000000001599e+01  A  32.343750  32.000000  32.000000  4.5357306683e+00  1.610000  1.661475e-01  -0.7795  0  nan  nan  nan  +nan  +2.485541e-01  -1.186002e-02  0  0  1
2.8000000000001599e+01  B  31.656250  32.000000  32.000000  4.5358870797e+00  1.610000  1.661877e-01  -0.7794  0  nan  nan  nan  +nan  +2.485541e-01  -1.186002e-02  0  0  1
2.8000000000001599e+01  C  32.000000  32.000000  32.000000  4.4522577104e+00  1.383750  1.446864e-01  -0.8396  1  1.153810  4.608231e+00  3.181695e+00  -7.684235e-02  -2.103674e-01  +1.081792e-01  3  0  1
2.9000000000001702e+01  A  32.343750  32.000000  32.000000  4.4606485486e+00  1.570000  1.468437e-01  -0.8331  0  nan  nan  nan  +nan  +1.845572e-01  +2.715094e-01  0  0  1
2.9000000000001702e+01  B  31.656250  32.000000  32.000000  4.4607980055e+00  1.570000  1.468821e-01  -0.8330  0  nan  nan  nan  +nan  +1.845572e-01  +2.715094e-01  0  0  1
2.9000000000001702e+01  C  32.000000  32.000000  32.000000  4.3729315815e+00  1.383750  1.242914e-01  -0.9056  1  1.005093  4.792045e+00  3.419599e+00  -3.708938e-02  +1.525640e-01  -2.223395e-01  1  0  1
3.0000000000001901e+01  A  32.343750  32.000000  32.000000  4.3936863505e+00  1.550000  1.296275e-01  -0.8873  0  nan  nan  nan  +nan  +2.749983e-01  +4.050977e-01  0  0  1
3.0000000000001901e+01  B  31.656250  32.000000  32.000000  4.3938221972e+00  1.550000  1.296625e-01  -0.8872  0  nan  nan  nan  +nan  +2.749983e-01  +4.050977e-01  0  0  1
3.0000000000001901e+01  C  32.000000  32.000000  32.000000  4.3020356786e+00  1.303750  1.060639e-01  -0.9744  1  0.991624  4.807739e+00  3.417901e+00  -3.708936e-02  -1.595547e-01  +1.694042e-01  1  0  1
3.1000000000002000e+01  A  32.343750  32.000000  32.000000  4.3326310724e+00  1.530000  1.139301e-01  -0.9434  0  nan  nan  nan  +nan  +2.658413e-01  +6.936821e-01  0  0  1
3.1000000000002000e+01  B  31.656250  32.000000  32.000000  4.3327572655e+00  1.530000  1.139625e-01  -0.9432  0  nan  nan  nan  +nan  +2.658413e-01  +6.936821e-01  0  0  1
3.1000000000002000e+01  C  32.000000  32.000000  32.000000  4.2385263717e+00  1.303750  8.973554e-02  -1.0470  1  0.985743  4.815756e+00  3.427372e+00  -1.518967e-02  -1.705047e-01  +1.770357e-01  1  0  1
3.2000000000002203e+01  A  32.343750  32.000000  32.000000  4.2767502242e+00  1.510000  9.956298e-02  -1.0019  0  nan  nan  nan  +nan  +2.479190e-01  +7.410193e-01  0  0  0
3.2000000000002203e+01  B  31.656250  32.000000  32.000000  4.2768723744e+00  1.510000  9.959439e-02  -1.0018  0  nan  nan  nan  +nan  +2.479190e-01  +7.410193e-01  0  0  0
3.2000000000002203e+01  C  32.000000  32.000000  32.000000  4.1821134076e+00  1.303750  7.523163e-02  -1.1236  0  nan  nan  nan  +nan  -1.698507e-01  +1.675938e-01  0  0  0
3.3000000000001997e+01  A  32.343750  32.000000  32.000000  4.2245401112e+00  1.490000  8.613964e-02  -1.0648  0  nan  nan  nan  +nan  +2.230332e-01  +1.062405e+00  0  0  0
3.3000000000001997e+01  B  31.656250  32.000000  32.000000  4.2246612828e+00  1.490000  8.617079e-02  -1.0646  0  nan  nan  nan  +nan  +2.230332e-01  +1.062405e+00  0  0  0
3.3000000000001997e+01  C  32.000000  32.000000  32.000000  4.1312490459e+00  1.303750  6.215427e-02  -1.2065  0  nan  nan  nan  +nan  +1.452353e-01  -1.682377e-01  0  0  0
3.4000000000001798e+01  A  32.343750  32.000000  32.000000  4.1758558282e+00  1.470000  7.362279e-02  -1.1330  0  nan  nan  nan  +nan  +1.161989e+00  +1.929448e-01  0  0  0
3.4000000000001798e+01  B  31.656250  32.000000  32.000000  4.1759832158e+00  1.470000  7.365554e-02  -1.1328  0  nan  nan  nan  +nan  +1.161989e+00  +1.929448e-01  0  0  0
3.4000000000001798e+01  C  32.000000  32.000000  32.000000  4.0852192996e+00  1.303750  5.031991e-02  -1.2983  0  nan  nan  nan  +nan  +1.237979e-01  -1.759549e-01  0  0  0
3.5000000000001599e+01  A  32.343750  32.000000  32.000000  4.1312342685e+00  1.470000  6.215047e-02  -1.2066  0  nan  nan  nan  +nan  +1.572168e-01  +1.280281e+00  0  0  0
3.5000000000001599e+01  B  31.656250  32.000000  32.000000  4.1313442430e+00  1.470000  6.217875e-02  -1.2064  0  nan  nan  nan  +nan  +1.572168e-01  +1.280281e+00  0  0  0
3.5000000000001599e+01  C  32.000000  32.000000  32.000000  4.0393905009e+00  1.223750  3.853722e-02  -1.4141  0  nan  nan  nan  +nan  +1.082911e-01  +1.459517e-01  0  0  0
3.6000000000001400e+01  A  32.343750  32.000000  32.000000  4.0912397995e+00  1.450000  5.186780e-02  -1.2851  0  nan  nan  nan  +nan  +1.324357e+00  +1.215140e-01  0  0  1
3.6000000000001400e+01  B  31.656250  32.000000  32.000000  4.0913717186e+00  1.450000  5.190171e-02  -1.2848  0  nan  nan  nan  +nan  +1.324357e+00  +1.215140e-01  0  0  1
3.6000000000001400e+01  C  32.000000  32.000000  32.000000  3.9975835480e+00  1.223750  2.778855e-02  -1.5561  1  2.157456  4.371139e+00  2.743618e+00  -1.364162e-02  +1.309197e-01  +1.473003e-01  9  0  1
3.7000000000001201e+01  A  32.343750  32.000000  32.000000  4.0550394652e+00  1.450000  4.256060e-02  -1.3710  0  nan  nan  nan  +nan  +1.321957e+00  +8.282274e-02  0  0  1
3.7000000000001201e+01  B  31.656250  32.000000  32.000000  4.0551574182e+00  1.450000  4.259093e-02  -1.3707  0  nan  nan  nan  +nan  +1.321957e+00  +8.282274e-02  0  0  1
3.7000000000001201e+01  C  32.000000  32.000000  32.000000  3.9607904093e+00  1.223750  1.832894e-02  -1.7369  1  2.590156  4.578012e+00  2.702573e+00  -4.993316e-02  +1.556557e-01  +1.358393e-01  16  0  1
3.8000000000001002e+01  A  32.343750  32.000000  32.000000  4.0239940533e+00  1.450000  3.457875e-02  -1.4612  0  nan  nan  nan  +nan  +4.451535e-02  +1.266482e+00  0  0  1
3.8000000000001002e+01  B  31.656250  32.000000  32.000000  4.0240993865e+00  1.450000  3.460583e-02  -1.4609  0  nan  nan  nan  +nan  +4.451535e-02  +1.266482e+00  0  0  1
3.8000000000001002e+01  C  32.000000  32.000000  32.000000  3.9288833351e+00  1.223750  1.012555e-02  -1.9946  1  2.897243  4.735475e+00  2.663581e+00  -8.688589e-02  +1.677919e-01  +1.177106e-01  20  0  1
3.9000000000000803e+01  A  32.343750  32.000000  32.000000  3.9966731110e+00  1.430000  2.755447e-02  -1.5598  0  nan  nan  nan  +nan  +1.099165e+00  +8.150474e-03  0  0  0
3.9000000000000803e+01  B  31.656250  32.000000  32.000000  3.9968232179e+00  1.430000  2.759306e-02  -1.5592  0  nan  nan  nan  +nan  +1.099165e+00  +8.150474e-03  0  0  0
3.9000000000000803e+01  C  32.000000  32.000000  32.000000  3.9016048233e+00  1.223750  3.112180e-03  -2.5069  0  nan  nan  nan  +nan  +1.621300e-01  +9.804553e-02  23  0  0
4.0000000000000597e+01  A  32.343750  32.000000  32.000000  3.9723814422e+00  1.430000  2.130902e-02  -1.6714  1  2.195462  4.326058e+00  2.577055e+00  -2.771174e-02  +1.050611e+00  -2.714389e-02  34  0  2
4.0000000000000597e+01  B  31.656250  32.000000  32.000000  3.9725205508e+00  1.430000  2.134479e-02  -1.6707  1  2.195462  4.326076e+00  2.577069e+00  -2.771174e-02  +1.050611e+00  -2.714389e-02  34  0  2
4.0000000000000597e+01  C  32.000000  32.000000  32.000000  3.8785437990e+00  1.223750  -2.816866e-03  -2.5502  0  nan  nan  nan  +nan  +1.403824e-01  +6.810631e-02  23  0  2
4.1000000000000398e+01  A  32.343750  32.000000  32.000000  3.9520016319e+00  1.430000  1.606932e-02  -1.7940  1  2.527762  4.484099e+00  2.549856e+00  -5.988846e-02  -5.987311e-02  +1.047363e+00  50  0  2
4.1000000000000398e+01  B  31.656250  32.000000  32.000000  3.9521302811e+00  1.430000  1.610240e-02  -1.7931  1  2.527762  4.484108e+00  2.549862e+00  -5.988846e-02  -5.987311e-02  +1.047363e+00  50  0  2
4.1000000000000398e+01  C  32.000000  32.000000  32.000000  3.8591812961e+00  1.223750  -7.795013e-03  -2.1082  0  nan  nan  nan  +nan  +1.052308e-01  +3.146932e-02  23  0  2
4.2000000000000199e+01  A  32.343750  32.000000  32.000000  3.9349819267e+00  1.430000  1.169352e-02  -1.9321  1  2.779055  4.610928e+00  2.521176e+00  -8.950212e-02  -8.950212e-02  +1.023272e+00  63  0  2
4.2000000000000199e+01  B  31.656250  32.000000  32.000000  3.9351005575e+00  1.430000  1.172402e-02  -1.9309  1  2.779055  4.610930e+00  2.521177e+00  -8.950212e-02  -8.950212e-02  +1.023272e+00  63  0  2
4.2000000000000199e+01  C  32.000000  32.000000  32.000000  3.8429456603e+00  1.223750  -1.196924e-02  -1.9219  0  nan  nan  nan  +nan  -1.303702e-03  +5.930445e-02  23  0  2
4.3000000000000000e+01  A  32.343750  32.000000  32.000000  3.9192376279e+00  1.410000  7.645617e-03  -2.1166  0  nan  nan  nan  +nan  +9.972370e-01  -1.149464e-01  64  0  0
4.3000000000000000e+01  B  31.656250  32.000000  32.000000  3.9194131812e+00  1.410000  7.690752e-03  -2.1140  0  nan  nan  nan  +nan  +9.972370e-01  -1.149464e-01  64  0  0
4.3000000000000000e+01  C  32.000000  32.000000  32.000000  3.8292524616e+00  1.223750  -1.548979e-02  -1.8100  0  nan  nan  nan  +nan  -3.001973e-02  +5.098629e-03  23  0  0
4.3999999999999801e+01  A  32.343750  32.000000  32.000000  3.9055254488e+00  1.410000  4.120182e-03  -2.3851  0  nan  nan  nan  +nan  +9.439760e-01  -1.158298e-01  64  0  1
4.3999999999999801e+01  B  31.656250  32.000000  32.000000  3.9056913482e+00  1.410000  4.162835e-03  -2.3806  0  nan  nan  nan  +nan  +9.439760e-01  -1.158298e-01  64  0  1
4.3999999999999801e+01  C  32.000000  32.000000  32.000000  3.8175366489e+00  1.223750  -1.850195e-02  -1.7328  1  3.024305  4.719413e+00  2.511659e+00  -1.960468e-01  -5.993181e-02  -5.439485e-02  23  0  1
4.4999999999999602e+01  A  32.343750  32.000000  32.000000  3.8939291982e+00  1.410000  1.138758e-03  -2.9436  0  nan  nan  nan  +nan  -1.126500e-01  +8.875463e-01  64  0  1
4.4999999999999602e+01  B  31.656250  32.000000  32.000000  3.8940855222e+00  1.410000  1.178949e-03  -2.9285  0  nan  nan  nan  +nan  -1.126500e-01  +8.875463e-01  64  0  1
4.4999999999999602e+01  C  32.000000  32.000000  32.000000  3.8048700291e+00  1.143750  -2.175857e-02  -1.6624  1  2.939415  4.657224e+00  2.494414e+00  -1.841454e-01  +1.457530e+00  +3.039994e-01  22  0  1
4.5999999999999403e+01  A  32.343750  32.000000  32.000000  3.8840593723e+00  1.410000  -1.398799e-03  -2.8542  1  2.777837  4.565263e+00  2.437416e+00  -1.087398e-01  -1.087398e-01  +8.308547e-01  64  0  1
4.5999999999999403e+01  B  31.656250  32.000000  32.000000  3.8842062280e+00  1.410000  -1.361042e-03  -2.8661  1  2.777837  4.565257e+00  2.437413e+00  -1.087398e-01  -1.087398e-01  +8.308547e-01  64  0  1
4.5999999999999403e+01  C  32.000000  32.000000  32.000000  3.7904725487e+00  1.143750  -2.546020e-02  -1.5941  1  2.868107  4.604846e+00  2.478209e+00  -1.747704e-01  +1.565903e+00  +3.004282e-01  21  0  1
4.6999999999999197e+01  A  32.343750  32.000000  32.000000  3.8755722179e+00  1.410000  -3.580867e-03  -2.4460  1  2.724144  4.525385e+00  2.421523e+00  -1.049782e-01  -1.049782e-01  +7.764915e-01  61  0  1
4.6999999999999197e+01  B  31.656250  32.000000  32.000000  3.8757097645e+00  1.410000  -3.545503e-03  -2.4503  1  2.724144  4.525379e+00  2.421519e+00  -1.049782e-01  -1.049782e-01  +7.764915e-01  61  0  1
4.6999999999999197e+01  C  32.000000  32.000000  32.000000  3.7778624011e+00  1.143750  -2.870230e-02  -1.5421  1  2.809850  4.561292e+00  2.463272e+00  -1.676896e-01  +1.660835e+00  +2.719368e-01  20  0  1
4.7999999999998998e+01  A  32.343750  32.000000  32.000000  3.8676962889e+00  1.390000  -5.605788e-03  -2.2514  1  2.679736  4.491430e+00  2.407232e+00  -1.019009e-01  +1.102872e+00  -1.029557e-01  60  0  1
4.7999999999998998e+01  B  31.656250  32.000000  32.000000  3.8679012846e+00  1.390000  -5.553083e-03  -2.2555  1  2.679736  4.491425e+00  2.407229e+00  -1.019009e-01  +1.102872e+00  -1.029557e-01  60  0  1
4.7999999999998998e+01  C  32.000000  32.000000  32.000000  3.7665647208e+00  1.143750  -3.160696e-02  -1.5002  1  2.764674  4.526168e+00  2.449725e+00  -1.835572e-01  +1.740330e+00  +2.223394e-01  20  0  1
4.8999999999998799e+01  A  32.343750  32.000000  32.000000  3.8602572751e+00  1.390000  -7.518376e-03  -2.1239  1  2.645392  4.463537e+00  2.394606e+00  -9.963152e-02  +1.066377e+00  -1.007349e-01  58  0  1
4.8999999999998799e+01  B  31.656250  32.000000  32.000000  3.8604536661e+00  1.390000  -7.467884e-03  -2.1268  1  2.645392  4.463531e+00  2.394603e+00  -9.963152e-02  +1.066377e+00  -1.007349e-01  58  0  1
4.8999999999998799e+01  C  32.000000  32.000000  32.000000  3.7561625015e+00  1.143750  -3.428140e-02  -1.4649  1  2.731843  4.498561e+00  2.437630e+00  -1.781182e-01  +1.804140e+00  +1.837724e-01  19  0  1
4.9999999999998600e+01  A  32.343750  32.000000  32.000000  3.8536397329e+00  1.390000  -9.219763e-03  -2.0353  2  2.622022  4.442005e+00  2.383546e+00  -9.812724e-02  +1.032792e+00  -9.919267e-02  58  0  1
4.9999999999998600e+01  B  31.656250  32.000000  32.000000  3.8538276110e+00  1.390000  -9.171459e-03  -2.0376  2  2.622022  4.442000e+00  2.383543e+00  -9.812724e-02  +1.032792e+00  -9.919267e-02  58  0  1
4.9999999999998600e+01  C  32.000000  32.000000  32.000000  3.7463050960e+00  1.143750  -3.681576e-02  -1.4340  1  2.711350  4.478375e+00  2.426918e+00  -1.748760e-01  +1.849896e+00  +1.312682e-01  19  0  1
5.0999999999998401e+01  A  32.343750  32.000000  32.000000  3.8476975703e+00  1.390000  -1.074751e-02  -1.9687  2  2.607362  4.425506e+00  2.374221e+00  -9.726765e-02  +1.003992e+00  -9.832209e-02  57  0  1
5.0999999999998401e+01  B  31.656250  32.000000  32.000000  3.8478770994e+00  1.390000  -1.070135e-02  -1.9706  2  2.607362  4.425502e+00  2.374218e+00  -9.726765e-02  +1.003992e+00  -9.832209e-02  57  0  1
5.0999999999998401e+01  C  32.000000  32.000000  32.000000  3.7367141925e+00  1.143750  -3.928161e-02  -1.4058  1  2.699890  4.463541e+00  2.417868e+00  -1.714568e-01  +1.877037e+00  +6.451479e-02  19  0  1
5.1999999999998202e+01  A  32.343750  32.000000  32.000000  3.8423508557e+00  1.390000  -1.212216e-02  -1.9164  2  2.597315  4.411674e+00  2.366693e+00  -9.684876e-02  +9.813443e-01  -9.788283e-02  57  0  1
5.1999999999998202e+01  B  31.656250  32.000000  32.000000  3.8425224089e+00  1.390000  -1.207805e-02  -1.9180  2  2.597315  4.411670e+00  2.366690e+00  -9.684876e-02  +9.813443e-01  -9.788283e-02  57  0  1
5.1999999999998202e+01  C  32.000000  32.000000  32.000000  3.7271886322e+00  1.143750  -4.173065e-02  -1.3795  1  2.703316  4.457335e+00  2.410209e+00  -1.692664e-01  +1.886331e+00  +1.431514e-02  19  0  1
5.2999999999998003e+01  A  32.343750  32.000000  32.000000  3.8374987300e+00  1.390000  -1.336965e-02  -1.8739  1  2.598325  4.403911e+00  2.360164e+00  -9.662976e-02  +9.657349e-01  -9.757645e-02  58  0  1
5.2999999999998003e+01  B  31.656250  32.000000  32.000000  3.8376627594e+00  1.390000  -1.332748e-02  -1.8753  1  2.598325  4.403908e+00  2.360162e+00  -9.662976e-02  +9.657349e-01  -9.757645e-02  58  0  1
5.2999999999998003e+01  C  32.000000  32.000000  32.000000  3.7176031876e+00  1.143750  -4.419509e-02  -1.3546  1  2.711411  4.453779e+00  2.403529e+00  -1.690161e-01  +1.884864e+00  -4.300240e-02  19  0  1
5.3999999999997797e+01  A  32.343750  32.000000  32.000000  3.8329734478e+00  1.390000  -1.453312e-02  -1.8376  1  2.608551  4.401101e+00  2.354585e+00  -9.607571e-02  +9.575947e-01  -9.695813e-02  57  0  1
5.3999999999997797e+01  B  31.656250  32.000000  32.000000  3.8331304807e+00  1.390000  -1.449274e-02  -1.8388  1  2.608551  4.401099e+00  2.354584e+00  -9.607571e-02  +9.575947e-01  -9.695813e-02  57  0  1
5.3999999999997797e+01  C  32.000000  32.000000  32.000000  3.7079028462e+00  1.143750  -4.668907e-02  -1.3308  1  2.728595  4.455305e+00  2.397721e+00  -1.707948e-01  +1.889420e+00  -1.090922e-01  19  0  1
5.4999999999997598e+01  A  32.343750  32.000000  32.000000  3.8285504858e+00  1.390000  -1.567027e-02  -1.8049  1  2.617104  4.397140e+00  2.350447e+00  -9.568504e-02  +9.569345e-01  -9.642575e-02  58  0  1
5.4999999999997598e+01  B  31.656250  32.000000  32.000000  3.8287011260e+00  1.390000  -1.563154e-02  -1.8060  1  2.617104  4.397138e+00  2.350446e+00  -9.568504e-02  +9.569345e-01  -9.642575e-02  58  0  1
5.4999999999997598e+01  C  32.000000  32.000000  32.000000  3.6980742970e+00  1.143750  -4.921602e-02  -1.3079  1  2.760754  4.465414e+00  2.392898e+00  -1.751248e-01  +1.879152e+00  -1.530800e-01  20  0  1
5.5999999999997399e+01  A  32.343750  32.000000  32.000000  3.8239998482e+00  1.390000  -1.684025e-02  -1.7737  1  2.626083  4.393104e+00  2.347232e+00  -9.412476e-02  +9.742331e-01  -9.473312e-02  58  0  1
5.5999999999997399e+01  B  31.656250  32.000000  32.000000  3.8241448438e+00  1.390000  -1.680297e-02  -1.7746  1  2.626083  4.393103e+00  2.347231e+00  -9.412476e-02  +9.742331e-01  -9.473312e-02  58  0  1
5.5999999999997399e+01  C  32.000000  32.000000  32.000000  3.6880969352e+00  1.143750  -5.178122e-02  -1.2858  1  2.795495  4.476931e+00  2.388978e+00  -1.820887e-01  +1.855416e+00  -1.495120e-01  20  0  1
5.6999999999997200e+01  A  32.343750  32.000000  32.000000  3.8190956943e+00  1.390000  -1.810112e-02  -1.7423  1  2.636653  4.389614e+00  2.344586e+00  -8.949595e-02  +1.010425e+00  -9.001529e-02  58  0  1
5.6999999999997200e+01  B  31.656250  32.000000  32.000000  3.8192359332e+00  1.390000  -1.806506e-02  -1.7432  1  2.636653  4.389614e+00  2.344586e+00  -8.949595e-02  +1.010425e+00  -9.001529e-02  58  0  1
5.6999999999997200e+01  C  32.000000  32.000000  32.000000  3.6779236837e+00  1.143750  -5.439679e-02  -1.2644  1  2.831939  4.489224e+00  2.385664e+00  -1.903430e-01  +1.820027e+00  -1.459891e-01  21  0  1
5.7999999999997002e+01  A  32.343750  32.000000  32.000000  3.8131555911e+00  1.410000  -1.962833e-02  -1.7071  1  2.640248  4.381804e+00  2.342387e+00  -8.084410e-02  -8.084410e-02  +7.329481e-01  58  0  1
5.7999999999997002e+01  B  31.656250  32.000000  32.000000  3.8132201314e+00  1.410000  -1.961174e-02  -1.7075  1  2.640248  4.381805e+00  2.342387e+00  -8.084410e-02  -8.084410e-02  +7.329481e-01  58  0  1
5.7999999999997002e+01  C  32.000000  32.000000  32.000000  3.6674957844e+00  1.143750  -5.707783e-02  -1.2435  1  2.880700  4.508849e+00  2.382301e+00  -1.986544e-01  +1.775045e+00  -1.453458e-01  21  0  1
5.8999999999996803e+01  A  32.343750  32.000000  32.000000  3.8059676895e+00  1.410000  -2.147636e-02  -1.6680  1  2.610047  4.354502e+00  2.340505e+00  -6.222411e-02  -6.222411e-02  +7.750103e-01  55  0  1
5.8999999999996803e+01  B  31.656250  32.000000  32.000000  3.8060303043e+00  1.410000  -2.146026e-02  -1.6684  1  2.610047  4.354505e+00  2.340507e+00  -6.222411e-02  -6.222411e-02  +7.750103e-01  55  0  1
5.8999999999996803e+01  C  32.000000  32.000000  32.000000  3.6567600788e+00  1.143750  -5.983801e-02  -1.2230  1  2.931787  4.529848e+00  2.379086e+00  -2.079160e-01  +1.722639e+00  -1.491984e-01  22  0  1
5.9999999999996597e+01  A  32.343750  32.000000  32.000000  3.7978781221e+00  1.410000  -2.355621e-02  -1.6279  1  2.385808  4.220679e+00  2.338532e+00  -4.315069e-02  +8.207262e-01  -4.318500e-02  42  0  1
5.9999999999996597e+01  B  31.656250  32.000000  32.000000  3.7979397030e+00  1.410000  -2.354038e-02  -1.6282  1  2.385808  4.220690e+00  2.338539e+00  -4.315069e-02  +8.207262e-01  -4.318500e-02  42  0  1
5.9999999999996597e+01  C  32.000000  32.000000  32.000000  3.6456773948e+00  1.143750  -6.268739e-02  -1.2028  1  2.982862  4.550802e+00  2.375007e+00  -2.163482e-01  +1.664914e+00  -1.529775e-01  22  0  1
6.0999999999996398e+01  A  32.343750  32.000000  32.000000  3.7888394228e+00  1.410000  -2.588008e-02  -1.5870  1  2.161520  4.092705e+00  2.333514e+00  -2.291353e-02  +8.692147e-01  -2.250748e-02  30  0  1
6.0999999999996398e+01  B  31.656250  32.000000  32.000000  3.7889006781e+00  1.410000  -2.586433e-02  -1.5873  1  2.161520  4.092726e+00  2.333528e+00  -2.291353e-02  +8.692147e-01  -2.250748e-02  30  0  1
6.0999999999996398e+01  C  32.000000  32.000000  32.000000  3.6342253956e+00  1.143750  -6.563173e-02  -1.1829  1  3.033296  4.571628e+00  2.372062e+00  -2.117417e-01  +1.605300e+00  -1.602543e-01  23  0  1
6.1999999999996199e+01  A  32.343750  32.000000  32.000000  3.7784205328e+00  1.430000  -2.855880e-02  -1.5443  1  1.943100  3.973735e+00  2.323992e+00  -1.055784e-02  -9.896593e-03  +8.337311e-01  19  0  2
6.1999999999996199e+01  B  31.656250  32.000000  32.000000  3.7784441800e+00  1.430000  -2.855272e-02  -1.5444  1  1.943100  3.973765e+00  2.324014e+00  -1.055784e-02  -9.896593e-03  +8.337311e-01  19  0  2
6.1999999999996199e+01  C  32.000000  32.000000  32.000000  3.6224034219e+00  1.143750  -6.867119e-02  -1.1632  0  nan  nan  nan  +nan  +1.555209e+00  -1.697724e-01  24  0  2
6.2999999999996000e+01  A  32.343750  32.000000  32.000000  3.7663598310e+00  1.430000  -3.165964e-02  -1.4995  0  nan  nan  nan  +nan  +8.956938e-01  +2.492239e-03  0  0  0
6.2999999999996000e+01  B  31.656250  32.000000  32.000000  3.7663854172e+00  1.430000  -3.165306e-02  -1.4996  0  nan  nan  nan  +nan  +8.956938e-01  +2.492239e-03  0  0  0
6.2999999999996000e+01  C  32.000000  32.000000  32.000000  3.6102384233e+00  1.143750  -7.179884e-02  -1.1439  0  nan  nan  nan  +nan  +1.504312e+00  -1.824845e-01  24  0  0
6.3999999999995801e+01  A  32.343750  32.000000  32.000000  3.7536481048e+00  1.430000  -3.492786e-02  -1.4568  0  nan  nan  nan  +nan  +9.579763e-01  +1.291168e-02  0  0  0
6.3999999999995801e+01  B  31.656250  32.000000  32.000000  3.7536757668e+00  1.430000  -3.492074e-02  -1.4569  0  nan  nan  nan  +nan  +9.579763e-01  +1.291168e-02  0  0  0
6.3999999999995801e+01  C  32.000000  32.000000  32.000000  3.5977838449e+00  1.143750  -7.500094e-02  -1.1249  0  nan  nan  nan  +nan  +1.453942e+00  -1.977253e-01  24  0  0
6.4999999999996305e+01  A  32.343750  32.000000  32.000000  3.7400067094e+00  1.450000  -3.843509e-02  -1.4153  0  nan  nan  nan  +nan  +2.072841e-02  +7.590315e-01  0  0  0
6.4999999999996305e+01  B  31.656250  32.000000  32.000000  3.7400308195e+00  1.450000  -3.842889e-02  -1.4153  0  nan  nan  nan  +nan  +2.072841e-02  +7.590315e-01  0  0  0
6.4999999999996305e+01  C  32.000000  32.000000  32.000000  3.5851129837e+00  1.143750  -7.825865e-02  -1.1065  0  nan  nan  nan  +nan  +1.405209e+00  -2.140951e-01  24  0  0
6.5999999999996902e+01  A  32.343750  32.000000  32.000000  3.7260891158e+00  1.450000  -4.201334e-02  -1.3766  0  nan  nan  nan  +nan  +2.703936e-02  +8.163136e-01  0  0  0
6.5999999999996902e+01  B  31.656250  32.000000  32.000000  3.7261157728e+00  1.450000  -4.200649e-02  -1.3767  0  nan  nan  nan  +nan  +2.703936e-02  +8.163136e-01  0  0  0
6.5999999999996902e+01  C  32.000000  32.000000  32.000000  3.5723129637e+00  1.143750  -8.154957e-02  -1.0886  0  nan  nan  nan  +nan  +1.359083e+00  -2.310874e-01  24  0  0
6.6999999999997399e+01  A  32.343750  32.000000  32.000000  3.7121975558e+00  1.450000  -4.558489e-02  -1.3412  0  nan  nan  nan  +nan  +3.146788e-02  +8.680017e-01  0  0  1
6.6999999999997399e+01  B  31.656250  32.000000  32.000000  3.7122261931e+00  1.450000  -4.557753e-02  -1.3412  0  nan  nan  nan  +nan  +3.146788e-02  +8.680017e-01  0  0  1
6.6999999999997399e+01  C  32.000000  32.000000  32.000000  3.5594787366e+00  1.143750  -8.484928e-02  -1.0714  1  3.037467  4.508878e+00  2.354691e+00  -1.453416e-01  +1.316346e+00  -2.136861e-01  23  0  1
6.7999999999997897e+01  A  32.343750  32.000000  32.000000  3.6984952475e+00  1.450000  -4.910779e-02  -1.3088  0  nan  nan  nan  +nan  +3.494966e-02  +9.137670e-01  0  0  1
6.7999999999997897e+01  B  31.656250  32.000000  32.000000  3.6985252398e+00  1.450000  -4.910008e-02  -1.3089  0  nan  nan  nan  +nan  +3.494966e-02  +9.137670e-01  0  0  1
6.7999999999997897e+01  C  32.000000  32.000000  32.000000  3.5467077879e+00  1.143750  -8.813272e-02  -1.0549  1  3.011548  4.482129e+00  2.349729e+00  -1.376159e-01  +1.302760e+00  -1.931441e-01  23  0  1
6.8999999999998394e+01  A  32.343750  32.000000  32.000000  3.6851480892e+00  1.450000  -5.253938e-02  -1.2795  0  nan  nan  nan  +nan  +3.515821e-02  +9.534364e-01  0  0  1
6.8999999999998394e+01  B  31.656250  32.000000  32.000000  3.6851788063e+00  1.450000  -5.253148e-02  -1.2796  0  nan  nan  nan  +nan  +3.515821e-02  +9.534364e-01  0  0  1
6.8999999999998394e+01  C  32.000000  32.000000  32.000000  3.5340974854e+00  1.143750  -9.137486e-02  -1.0392  1  2.992863  4.460242e+00  2.344507e+00  -1.330801e-01  +1.290944e+00  -1.746771e-01  23  0  1
6.9999999999998906e+01  A  32.343750  32.000000  32.000000  3.6723053640e+00  1.450000  -5.584127e-02  -1.2530  0  nan  nan  nan  +nan  +3.363996e-02  +9.868718e-01  0  0  1
6.9999999999998906e+01  B  31.656250  32.000000  32.000000  3.6723362240e+00  1.450000  -5.583334e-02  -1.2531  0  nan  nan  nan  +nan  +3.363996e-02  +9.868718e-01  0  0  1
6.9999999999998906e+01  C  32.000000  32.000000  32.000000  3.5217442964e+00  1.143750  -9.455089e-02  -1.0243  1  2.990698  4.449131e+00  2.338623e+00  -1.335629e-01  +1.281093e+00  -1.586849e-01  23  0  1
7.0999999999999403e+01  A  32.343750  32.000000  32.000000  3.6600830748e+00  1.450000  -5.898365e-02  -1.2293  0  nan  nan  nan  +nan  +3.118595e-02  +1.014042e+00  0  0  1
7.0999999999999403e+01  B  31.656250  32.000000  32.000000  3.6601135399e+00  1.450000  -5.897582e-02  -1.2293  0  nan  nan  nan  +nan  +3.118595e-02  +1.014042e+00  0  0  1
7.0999999999999403e+01  C  32.000000  32.000000  32.000000  3.5097395417e+00  1.143750  -9.763735e-02  -1.0104  1  2.996603  4.443546e+00  2.331815e+00  -1.355227e-01  +1.279721e+00  -1.452463e-01  23  0  1
7.1999999999999901e+01  A  32.343750  32.000000  32.000000  3.6485650850e+00  1.450000  -6.194496e-02  -1.2080  0  nan  nan  nan  +nan  +2.743070e-02  +1.035017e+00  0  0  1
7.1999999999999901e+01  B  31.656250  32.000000  32.000000  3.6485946838e+00  1.450000  -6.193735e-02  -1.2080  0  nan  nan  nan  +nan  +2.743070e-02  +1.035017e+00  0  0  1
7.1999999999999901e+01  C  32.000000  32.000000  32.000000  3.4981653517e+00  1.143750  -1.006131e-01  -0.9973  1  3.008480  4.442207e+00  2.324336e+00  -1.384229e-01  +1.280831e+00  -1.339468e-01  23  0  1
7.3000000000000398e+01  A  32.343750  32.000000  32.000000  3.6373330622e+00  1.430000  -6.483274e-02  -1.1882  0  nan  nan  nan  +nan  +1.452931e+00  +2.299240e-02  0  0  1
7.3000000000000398e+01  B  31.656250  32.000000  32.000000  3.6373675440e+00  1.430000  -6.482387e-02  -1.1883  0  nan  nan  nan  +nan  +1.452931e+00  +2.299240e-02  0  0  1
7.3000000000000398e+01  C  32.000000  32.000000  32.000000  3.4870923890e+00  1.143750  -1.034600e-01  -0.9852  1  3.028052  4.446204e+00  2.316282e+00  -1.430142e-01  +1.283752e+00  -1.245018e-01  23  0  1
7.4000000000000995e+01  A  32.343750  32.000000  32.000000  3.6268190239e+00  1.430000  -6.753592e-02  -1.1705  0  nan  nan  nan  +nan  +1.491801e+00  +1.699480e-02  0  0  1
7.4000000000000995e+01  B  31.656250  32.000000  32.000000  3.6268524323e+00  1.430000  -6.752733e-02  -1.1705  0  nan  nan  nan  +nan  +1.491801e+00  +1.699480e-02  0  0  1
7.4000000000000995e+01  C  32.000000  32.000000  32.000000  3.4765768084e+00  1.143750  -1.061636e-01  -0.9740  1  3.051966  4.453409e+00  2.307799e+00  -1.486232e-01  +1.288264e+00  -1.171541e-01  23  0  1
7.5000000000001506e+01  A  32.343750  32.000000  32.000000  3.6170474035e+00  1.430000  -7.004823e-02  -1.1546  0  nan  nan  nan  +nan  +1.525889e+00  +1.008695e-02  0  0  0
7.5000000000001506e+01  B  31.656250  32.000000  32.000000  3.6170794923e+00  1.430000  -7.003998e-02  -1.1547  0  nan  nan  nan  +nan  +1.525889e+00  +1.008695e-02  0  0  0
7.5000000000001506e+01  C  32.000000  32.000000  32.000000  3.4666558245e+00  1.143750  -1.087143e-01  -0.9637  0  nan  nan  nan  +nan  +1.294135e+00  -1.121713e-01  24  0  0
7.6000000000002004e+01  A  32.343750  32.000000  32.000000  3.6079898870e+00  1.430000  -7.237694e-02  -1.1404  0  nan  nan  nan  +nan  +1.554987e+00  +3.147268e-03  0  0  0
7.6000000000002004e+01  B  31.656250  32.000000  32.000000  3.6080204425e+00  1.430000  -7.236909e-02  -1.1404  0  nan  nan  nan  +nan  +1.554987e+00  +3.147268e-03  0  0  0
7.6000000000002004e+01  C  32.000000  32.000000  32.000000  3.4573436630e+00  1.143750  -1.111085e-01  -0.9543  0  nan  nan  nan  +nan  +1.301091e+00  -1.095320e-01  24  0  0
7.7000000000002501e+01  A  32.343750  32.000000  32.000000  3.5995880917e+00  1.430000  -7.453706e-02  -1.1276  1  1.740399  3.728570e+00  2.213587e+00  -6.238453e-03  -6.008461e-03  +1.579047e+00  12  0  2
7.7000000000002501e+01  B  31.656250  32.000000  32.000000  3.5996169386e+00  1.430000  -7.452965e-02  -1.1277  1  1.740399  3.728596e+00  2.213607e+00  -6.238453e-03  -6.008461e-03  +1.579047e+00  12  0  2
7.7000000000002501e+01  C  32.000000  32.000000  32.000000  3.4486286441e+00  1.143750  -1.133491e-01  -0.9456  0  nan  nan  nan  +nan  +1.308786e+00  -1.097808e-01  24  0  2
7.8000000000002998e+01  A  32.343750  32.000000  32.000000  3.5917595939e+00  1.430000  -7.654979e-02  -1.1161  1  1.925447  3.809643e+00  2.217144e+00  -1.629687e-02  -1.623707e-02  +1.598202e+00  21  0  1
7.8000000000002998e+01  B  31.656250  32.000000  32.000000  3.5917866047e+00  1.430000  -7.654284e-02  -1.1161  1  1.925447  3.809664e+00  2.217160e+00  -1.629687e-02  -1.623707e-02  +1.598202e+00  21  0  1
7.8000000000002998e+01  C  32.000000  32.000000  32.000000  3.4404710658e+00  1.143750  -1.154464e-01  -0.9376  1  3.048395  4.423574e+00  2.275370e+00  -1.804200e-01  +1.316968e+00  -1.133398e-01  23  0  1
7.9000000000003496e+01  A  32.343750  32.000000  32.000000  3.5844083538e+00  1.430000  -7.843981e-02  -1.1055  1  2.044907  3.862373e+00  2.214667e+00  -2.493455e-02  -2.493455e-02  +1.612756e+00  27  0  1
7.9000000000003496e+01  B  31.656250  32.000000  32.000000  3.5844334526e+00  1.430000  -7.843336e-02  -1.1055  1  2.044907  3.862391e+00  2.214680e+00  -2.493455e-02  -2.493455e-02  +1.612756e+00  27  0  1
7.9000000000003496e+01  C  32.000000  32.000000  32.000000  3.4328046111e+00  1.143750  -1.174175e-01  -0.9303  1  3.013431  4.395321e+00  2.268064e+00  -1.891767e-01  +1.325467e+00  -1.197218e-01  23  0  1
8.0000000000003993e+01  A  32.343750  32.000000  32.000000  3.5774410314e+00  1.430000  -8.023113e-02  -1.0957  1  2.150822  3.910038e+00  2.210605e+00  -3.353757e-02  -3.353757e-02  +1.623157e+00  33  0  1
8.0000000000003993e+01  B  31.656250  32.000000  32.000000  3.5774641712e+00  1.430000  -8.022518e-02  -1.0957  1  2.150822  3.910052e+00  2.210615e+00  -3.353757e-02  -3.353757e-02  +1.623157e+00  33  0  1
8.0000000000003993e+01  C  32.000000  32.000000  32.000000  3.4255430857e+00  1.143750  -1.192845e-01  -0.9234  1  2.979649  4.367970e+00  2.260795e+00  -1.974407e-01  +1.334116e+00  -1.281020e-01  22  0  1
8.1000000000004505e+01  A  32.343750  32.000000  32.000000  3.5707796348e+00  1.430000  -8.194379e-02  -1.0865  1  2.245203  3.953098e+00  2.205784e+00  -4.143787e-02  -4.143787e-02  +1.629974e+00  37  0  1
8.1000000000004505e+01  B  31.656250  32.000000  32.000000  3.5708007966e+00  1.430000  -8.193835e-02  -1.0865  1  2.245203  3.953109e+00  2.205792e+00  -4.143787e-02  -4.143787e-02  +1.629974e+00  37  0  1
8.1000000000004505e+01  C  32.000000  32.000000  32.000000  3.4185925354e+00  1.143750  -1.210715e-01  -0.9170  1  2.948102  4.342366e+00  2.253768e+00  -2.056094e-01  +1.342749e+00  -1.377320e-01  22  0  1
8.2000000000005002e+01  A  32.343750  32.000000  32.000000  3.5639494890e+00  1.410000  -8.369984e-02  -1.0773  1  2.322499  3.988122e+00  2.200461e+00  -4.830595e-02  +1.484879e+00  -4.848924e-02  41  0  1
8.2000000000005002e+01  B  31.656250  32.000000  32.000000  3.5640045432e+00  1.410000  -8.368568e-02  -1.0773  1  2.322499  3.988130e+00  2.200466e+00  -4.830595e-02  +1.484879e+00  -4.848924e-02  41  0  1
8.2000000000005002e+01  C  32.000000  32.000000  32.000000  3.4118646681e+00  1.143750  -1.228012e-01  -0.9108  1  2.923117  4.320908e+00  2.246903e+00  -2.133545e-01  +1.351271e+00  -1.485263e-01  22  0  1
8.3000000000005599e+01  A  32.343750  32.000000  32.000000  3.5573228444e+00  1.410000  -8.540356e-02  -1.0685  1  2.367422  4.006349e+00  2.194645e+00  -5.411708e-02  +1.490275e+00  -5.428203e-02  43  0  1
8.3000000000005599e+01  B  31.656250  32.000000  32.000000  3.5573759229e+00  1.410000  -8.538992e-02  -1.0686  1  2.367422  4.006356e+00  2.194650e+00  -5.411708e-02  +1.490275e+00  -5.428203e-02  43  0  1
8.3000000000005599e+01  C  32.000000  32.000000  32.000000  3.4052882745e+00  1.143750  -1.244920e-01  -0.9049  1  2.896439  4.298581e+00  2.240408e+00  -2.146289e-01  +1.359630e+00  -1.601507e-01  21  0  1
8.4000000000006096e+01  A  32.343750  32.000000  32.000000  3.5509716130e+00  1.410000  -8.703648e-02  -1.0603  1  2.391213  4.013408e+00  2.188799e+00  -5.777923e-02  +1.495424e+00  -5.797627e-02  45  0  1
8.4000000000006096e+01  B  31.656250  32.000000  32.000000  3.5510227075e+00  1.410000  -8.702334e-02  -1.0604  1  2.391213  4.013414e+00  2.188803e+00  -5.777923e-02  +1.495424e+00  -5.797627e-02  45  0  1
8.4000000000006096e+01  C  32.000000  32.000000  32.000000  3.3988166609e+00  1.143750  -1.261559e-01  -0.8991  1  2.873849  4.279054e+00  2.234186e+00  -2.122778e-01  +1.367754e+00  -1.719817e-01  21  0  1
8.5000000000006594e+01  A  32.343750  32.000000  32.000000  3.5449102027e+00  1.410000  -8.859488e-02  -1.0526  1  2.400066  4.012515e+00  2.183163e+00  -5.972937e-02  +1.500973e+00  -5.998939e-02  45  0  1
8.5000000000006594e+01  B  31.656250  32.000000  32.000000  3.5449593630e+00  1.410000  -8.858224e-02  -1.0527  1  2.400066  4.012521e+00  2.183167e+00  -5.972937e-02  +1.500973e+00  -5.998939e-02  45  0  1
8.5000000000006594e+01  C  32.000000  32.000000  32.000000  3.3924308084e+00  1.143750  -1.277977e-01  -0.8935  1  2.856369  4.262799e+00  2.228375e+00  -2.192710e-01  +1.375518e+00  -1.833168e-01  21  0  1
8.6000000000007105e+01  A  32.343750  32.000000  32.000000  3.5391565904e+00  1.410000  -9.007415e-02  -1.0454  1  2.402654  4.008391e+00  2.177821e+00  -6.050131e-02  +1.507482e+00  -6.073097e-02  45  0  1
8.6000000000007105e+01  B  31.656250  32.000000  32.000000  3.5392039260e+00  1.410000  -9.006198e-02  -1.0455  1  2.402654  4.008397e+00  2.177825e+00  -6.050131e-02  +1.507482e+00  -6.073097e-02  45  0  1
8.6000000000007105e+01  C  32.000000  32.000000  32.000000  3.3861371065e+00  1.143750  -1.294158e-01  -0.8880  1  2.842712  4.249069e+00  2.223100e+00  -2.300356e-01  +1.382780e+00  -1.938008e-01  21  0  1
8.7000000000007603e+01  A  32.343750  32.000000  32.000000  3.5337213713e+00  1.410000  -9.147156e-02  -1.0387  1  2.401144  4.002251e+00  2.172751e+00  -6.048981e-02  +1.515400e+00  -6.072520e-02  45  0  1
8.7000000000007603e+01  B  31.656250  32.000000  32.000000  3.5337670337e+00  1.410000  -9.145982e-02  -1.0388  1  2.401144  4.002257e+00  2.172754e+00  -6.048981e-02  +1.515400e+00  -6.072520e-02  45  0  1
8.7000000000007603e+01  C  32.000000  32.000000  32.000000  3.3799596345e+00  1.143750  -1.310041e-01  -0.8827  1  2.831592  4.237110e+00  2.217961e+00  -2.288358e-01  +1.389450e+00  -2.027361e-01  21  0  1
8.8000000000008100e+01  A  32.343750  32.000000  32.000000  3.5286042681e+00  1.410000  -9.278718e-02  -1.0325  1  2.397237  3.995051e+00  2.167881e+00  -5.974696e-02  +1.525039e+00  -5.997493e-02  45  0  1
8.8000000000008100e+01  B  31.656250  32.000000  32.000000  3.5286484655e+00  1.410000  -9.277582e-02  -1.0326  1  2.397237  3.995057e+00  2.167885e+00  -5.974696e-02  +1.525039e+00  -5.997493e-02  45  0  1
8.8000000000008100e+01  C  32.000000  32.000000  32.000000  3.3739317878e+00  1.143750  -1.325539e-01  -0.8776  1  2.821326  4.225951e+00  2.213095e+00  -2.280625e-01  +1.395404e+00  -2.097427e-01  20  0  1
8.9000000000008598e+01  A  32.343750  32.000000  32.000000  3.5237993701e+00  1.410000  -9.402253e-02  -1.0268  1  2.391375  3.987059e+00  2.163225e+00  -5.815652e-02  +1.536576e+00  -5.831672e-02  45  0  1
8.9000000000008598e+01  B  31.656250  32.000000  32.000000  3.5238423321e+00  1.410000  -9.401148e-02  -1.0268  1  2.391375  3.987065e+00  2.163229e+00  -5.815652e-02  +1.536576e+00  -5.831672e-02  45  0  1
8.9000000000008598e+01  C  32.000000  32.000000  32.000000  3.3680903048e+00  1.143750  -1.340557e-01  -0.8727  1  2.813684  4.216719e+00  2.208492e+00  -2.275519e-01  +1.400504e+00  -2.144553e-01  20  0  1
9.0000000000009095e+01  A  32.343750  32.000000  32.000000  3.5192982263e+00  1.410000  -9.517978e-02  -1.0215  1  2.379640  3.976169e+00  2.158763e+00  -5.590503e-02  +1.550059e+00  -5.603085e-02  44  0  1
9.0000000000009095e+01  B  31.656250  32.000000  32.000000  3.5193401984e+00  1.410000  -9.516899e-02  -1.0215  1  2.379640  3.976175e+00  2.158767e+00  -5.590503e-02  +1.550059e+00  -5.603085e-02  44  0  1
9.0000000000009095e+01  C  32.000000  32.000000  32.000000  3.3624711664e+00  1.143750  -1.355004e-01  -0.8681  1  2.809662  4.209970e+00  2.204014e+00  -2.275930e-01  +1.404701e+00  -2.170869e-01  20  0  1
9.1000000000009607e+01  A  32.343750  32.000000  32.000000  3.5150929257e+00  1.410000  -9.626098e-02  -1.0165  1  2.368328  3.965834e+00  2.154449e+00  -5.306325e-02  +1.565424e+00  -5.320332e-02  43  0  1
9.1000000000009607e+01  B  31.656250  32.000000  32.000000  3.5151341362e+00  1.410000  -9.625038e-02  -1.0166  1  2.368328  3.965841e+00  2.154454e+00  -5.306325e-02  +1.565424e+00  -5.320332e-02  43  0  1
9.1000000000009607e+01  C  32.000000  32.000000  32.000000  3.3571070832e+00  1.143750  -1.368795e-01  -0.8637  1  2.804657  4.202966e+00  2.199760e+00  -2.278684e-01  +1.408002e+00  -2.179135e-01  20  0  1
9.2000000000010203e+01  A  32.343750  32.000000  32.000000  3.5111782759e+00  1.410000  -9.726744e-02  -1.0120  1  2.352107  3.953199e+00  2.150312e+00  -4.981940e-02  +1.582522e+00  -4.992444e-02  43  0  1
9.2000000000010203e+01  B  31.656250  32.000000  32.000000  3.5112189360e+00  1.410000  -9.725699e-02  -1.0121  1  2.352107  3.953207e+00  2.150317e+00  -4.981940e-02  +1.582522e+00  -4.992444e-02  43  0  1
9.2000000000010203e+01  C  32.000000  32.000000  32.000000  3.3520265533e+00  1.143750  -1.381857e-01  -0.8595  1  2.800034  4.196551e+00  2.195771e+00  -2.255618e-01  +1.410416e+00  -2.171032e-01  20  0  1
9.3000000000010701e+01  A  32.343750  32.000000  32.000000  3.5075529593e+00  1.410000  -9.819952e-02  -1.0079  1  2.332091  3.938903e+00  2.146258e+00  -4.649836e-02  +1.601155e+00  -4.662673e-02  42  0  1
9.3000000000010701e+01  B  31.656250  32.000000  32.000000  3.5075932372e+00  1.410000  -9.818917e-02  -1.0079  1  2.332091  3.938912e+00  2.146263e+00  -4.649836e-02  +1.601155e+00  -4.662673e-02  42  0  1
9.3000000000010701e+01  C  32.000000  32.000000  32.000000  3.3472540248e+00  1.143750  -1.394128e-01  -0.8557  1  2.795140  4.190357e+00  2.191888e+00  -2.213531e-01  +1.411968e+00  -2.149407e-01  20  0  1
9.4000000000011198e+01  A  32.343750  32.000000  32.000000  3.5042190805e+00  1.410000  -9.905667e-02  -1.0041  1  2.308317  3.922976e+00  2.142320e+00  -4.395403e-02  +1.621096e+00  -4.397928e-02  40  0  1
9.4000000000011198e+01  B  31.656250  32.000000  32.000000  3.5042590994e+00  1.410000  -9.904638e-02  -1.0042  1  2.308317  3.922985e+00  2.142326e+00  -4.395403e-02  +1.621096e+00  -4.397928e-02  40  0  1
9.4000000000011198e+01  C  32.000000  32.000000  32.000000  3.3428105631e+00  1.143750  -1.405552e-01  -0.8522  1  2.791877  4.185548e+00  2.188322e+00  -2.170351e-01  +1.412709e+00  -2.119188e-01  20  0  1
9.5000000000011696e+01  A  32.343750  32.000000  32.000000  3.5011810477e+00  1.410000  -9.983776e-02  -1.0007  1  2.282621  3.906494e+00  2.138449e+00  -4.081060e-02  +1.642118e+00  -4.083576e-02  39  0  1
9.5000000000011696e+01  B  31.656250  32.000000  32.000000  3.5012208972e+00  1.410000  -9.982751e-02  -1.0007  1  2.282621  3.906505e+00  2.138456e+00  -4.081060e-02  +1.642118e+00  -4.083576e-02  39  0  1
9.5000000000011696e+01  C  32.000000  32.000000  32.000000  3.3387146457e+00  1.143750  -1.416083e-01  -0.8489  1  2.788385  4.181029e+00  2.184814e+00  -2.122424e-01  +1.412725e+00  -2.080828e-01  20  0  1
9.6000000000012193e+01  A  32.343750  32.000000  32.000000  3.4984432686e+00  1.410000  -1.005416e-01  -0.9977  1  2.253700  3.888780e+00  2.134526e+00  -3.748049e-02  +1.664003e+00  -3.751068e-02  38  0  1
9.6000000000012193e+01  B  31.656250  32.000000  32.000000  3.4984829848e+00  1.410000  -1.005314e-01  -0.9977  1  2.253700  3.888792e+00  2.134533e+00  -3.748049e-02  +1.664003e+00  -3.751068e-02  38  0  1
9.6000000000012193e+01  C  32.000000  32.000000  32.000000  3.3349828255e+00  1.143750  -1.425677e-01  -0.8460  1  2.786667  4.178015e+00  2.181401e+00  -2.072520e-01  +1.412073e+00  -2.035579e-01  20  0  1
9.7000000000012705e+01  A  32.343750  32.000000  32.000000  3.4960101970e+00  1.410000  -1.011672e-01  -0.9950  1  2.222363  3.870301e+00  2.130725e+00  -3.440452e-02  +1.686551e+00  -3.425280e-02  36  0  1
9.7000000000012705e+01  B  31.656250  32.000000  32.000000  3.4960497796e+00  1.410000  -1.011570e-01  -0.9950  1  2.222363  3.870313e+00  2.130733e+00  -3.440452e-02  +1.686551e+00  -3.425280e-02  36  0  1
9.7000000000012705e+01  C  32.000000  32.000000  32.000000  3.3316296092e+00  1.143750  -1.434298e-01  -0.8434  1  2.783891  4.174811e+00  2.178136e+00  -2.019638e-01  +1.410792e+00  -1.983791e-01  20  0  1
9.8000000000013202e+01  A  32.343750  32.000000  32.000000  3.4938843477e+00  1.410000  -1.017138e-01  -0.9926  1  2.183695  3.848424e+00  2.126728e+00  -3.105882e-02  +1.709593e+00  -3.096535e-02  34  0  1
9.8000000000013202e+01  B  31.656250  32.000000  32.000000  3.4939237591e+00  1.410000  -1.017036e-01  -0.9927  1  2.183695  3.848438e+00  2.126737e+00  -3.105882e-02  +1.709593e+00  -3.096535e-02  34  0  1
9.8000000000013202e+01  C  32.000000  32.000000  32.000000  3.3286667270e+00  1.143750  -1.441916e-01  -0.8411  1  2.782606  4.172939e+00  2.175088e+00  -1.967454e-01  +1.408923e+00  -1.928153e-01  20  0  1
9.9000000000013699e+01  A  32.343750  32.000000  32.000000  3.4920637282e+00  1.410000  -1.021818e-01  -0.9906  1  2.141028  3.825013e+00  2.122745e+00  -2.757683e-02  +1.732996e+00  -2.738888e-02  32  0  1
9.9000000000013699e+01  B  31.656250  32.000000  32.000000  3.4921029065e+00  1.410000  -1.021718e-01  -0.9907  1  2.141028  3.825028e+00  2.122755e+00  -2.757683e-02  +1.732996e+00  -2.738888e-02  32  0  1
9.9000000000013699e+01  C  32.000000  32.000000  32.000000  3.3261011951e+00  1.143750  -1.448512e-01  -0.8391  1  2.782747  4.172337e+00  2.172085e+00  -1.921506e-01  +1.406511e+00  -1.871413e-01  20  0  1
