# thinned to dt=0.05 from the every-step stream; the last 1 time units are kept whole (the death window)
  40.0100000    8.6097011054e+00    3.5156250000e+00   -2.4843750000e+00    0.0000000000e+00    3.6434777187e-01    3.8631101672e-01   -3.5156250000e+00    2.4843750000e+00    0.0000000000e+00    3.6447057329e-01    3.8641625228e-01    1.0000000000e+30    0.0000000000e+00    1.0000000000e+30    0.0000000000e+00    1.0000000000e+30    0.0000000000e+00
  40.0600000    2.1974570200e+00    9.5875726744e-01   -5.3388444767e-01    0.0000000000e+00    1.0000000000e-04    9.2916121373e-03   -9.6231871547e-01    5.3301968232e-01    0.0000000000e+00    1.0000000000e-04    9.2927133783e-03    1.0000000000e+30    0.0000000000e+00    1.0000000000e+30    0.0000000000e+00    1.0000000000e+30    0.0000000000e+00
  40.1100000    2.2329725793e+00    9.5528273810e-01   -5.7239583333e-01    0.0000000000e+00    1.0000000000e-04    9.2746632207e-03   -9.5793269231e-01    5.7902644231e-01    0.0000000000e+00    1.0000000000e-04    9.2748871295e-03    1.0000000000e+30    0.0000000000e+00    1.0000000000e+30    0.0000000000e+00    1.0000000000e+30    0.0000000000e+00
  40.1600000    2.2163948617e+00    9.4900173611e-01   -5.7443576389e-01    0.0000000000e+00    1.0000000000e-04    9.2746160934e-03   -9.4681078767e-01    5.7373715753e-01    0.0000000000e+00    1.0000000000e-04    9.2748152063e-03    1.0000000000e+30    0.0000000000e+00    1.0000000000e+30    0.0000000000e+00    1.0000000000e+30    0.0000000000e+00
  40.2100000    2.2883727256e+00    9.6906250000e-01   -6.0968750000e-01    0.0000000000e+00    1.0000000000e-04    9.2745824320e-03   -9.6953125000e-01    6.0625000000e-01    0.0000000000e+00    1.0000000000e-04    9.2747616707e-03    1.0000000000e+30    0.0000000000e+00    1.0000000000e+30    0.0000000000e+00    1.0000000000e+30    0.0000000000e+00
  40.2600000    2.3138755985e+00    9.2522321429e-01   -5.6361607143e-01    0.0000000000e+00    1.0000000000e-04    9.2745626602e-03   -1.0322690217e+00    6.7017663043e-01    0.0000000000e+00    1.0000000000e-04    9.2747272797e-03    1.0000000000e+30    0.0000000000e+00    1.0000000000e+30    0.0000000000e+00    1.0000000000e+30    0.0000000000e+00
  40.3100000    1.2999566951e+00    2.4218750000e-01    3.2031250000e-01    0.0000000000e+00    9.4727162157e-03    9.2416454295e-03   -1.0146059783e+00    6.5251358696e-01    0.0000000000e+00    1.0000000000e-04    9.2419149970e-03    1.0000000000e+30    0.0000000000e+00    1.0000000000e+30    0.0000000000e+00    1.0000000000e+30    0.0000000000e+00
  40.3600000    1.2729364641e+00    2.4218750000e-01    3.2031250000e-01    0.0000000000e+00    9.3207575728e-03    9.2091216485e-03   -9.8943014706e-01    6.4200367647e-01    0.0000000000e+00    1.0000000000e-04    9.2092124502e-03    1.0000000000e+30    0.0000000000e+00    1.0000000000e+30    0.0000000000e+00    1.0000000000e+30    0.0000000000e+00
  40.4100000    1.2715121565e+00    2.4218750000e-01    3.2031250000e-01    0.0000000000e+00    9.1710766396e-03    9.1771935135e-03   -9.8750000000e-01    6.4375000000e-01    0.0000000000e+00    1.0000000000e-04    9.1771173097e-03    1.0000000000e+30    0.0000000000e+00    1.0000000000e+30    0.0000000000e+00    1.0000000000e+30    0.0000000000e+00
  40.4600000    1.2392112537e+00    2.4218750000e-01    3.2031250000e-01    0.0000000000e+00    9.0237152849e-03    9.1458458685e-03   -9.6093750000e-01    6.1718750000e-01    0.0000000000e+00    1.0000000000e-04    9.1456181520e-03    1.0000000000e+30    0.0000000000e+00    1.0000000000e+30    0.0000000000e+00    1.0000000000e+30    0.0000000000e+00
  40.5100000    1.2392112537e+00    2.4218750000e-01    3.2031250000e-01    0.0000000000e+00    8.8787308034e-03    9.1150611344e-03   -9.6093750000e-01    6.1718750000e-01    0.0000000000e+00    1.0000000000e-04    9.1147021998e-03    1.0000000000e+30    0.0000000000e+00    1.0000000000e+30    0.0000000000e+00    1.0000000000e+30    0.0000000000e+00
  40.5600000    1.2392112537e+00    2.4218750000e-01    3.2031250000e-01    0.0000000000e+00    8.7359757553e-03    9.0848220644e-03   -9.6093750000e-01    6.1718750000e-01    0.0000000000e+00    1.0000000000e-04    9.0843545065e-03    1.0000000000e+30    0.0000000000e+00    1.0000000000e+30    0.0000000000e+00    1.0000000000e+30    0.0000000000e+00
  40.6100000    1.2392112537e+00    2.4218750000e-01    3.2031250000e-01    0.0000000000e+00    8.5954843864e-03    9.0551108259e-03   -9.6093750000e-01    6.1718750000e-01    0.0000000000e+00    1.0000132393e-04    9.0545594599e-03    1.0000000000e+30    0.0000000000e+00    1.0000000000e+30    0.0000000000e+00    1.0000000000e+30    0.0000000000e+00
  40.6600000    1.2392112537e+00    2.4218750000e-01    3.2031250000e-01    0.0000000000e+00    8.4571212258e-03    9.0259104790e-03   -9.6093750000e-01    6.1718750000e-01    0.0000000000e+00    1.0007085796e-04    9.0253012040e-03    1.0000000000e+30    0.0000000000e+00    1.0000000000e+30    0.0000000000e+00    1.0000000000e+30    0.0000000000e+00
  40.7100000    1.2203515119e+00    2.4218750000e-01    3.2031250000e-01    0.0000000000e+00    8.3211443874e-03    8.9972052140e-03   -9.4531250000e-01    6.0156250000e-01    0.0000000000e+00    1.0015124154e-04    8.9965629590e-03    1.0000000000e+30    0.0000000000e+00    1.0000000000e+30    0.0000000000e+00    1.0000000000e+30    0.0000000000e+00
  40.7600000    1.2203515119e+00    2.4218750000e-01    3.2031250000e-01    0.0000000000e+00    8.1871928678e-03    8.9689778467e-03   -9.4531250000e-01    6.0156250000e-01    0.0000000000e+00    1.0012071231e-04    8.9683277901e-03    1.0000000000e+30    0.0000000000e+00    1.0000000000e+30    0.0000000000e+00    1.0000000000e+30    0.0000000000e+00
  40.8100000    1.2203515119e+00    2.4218750000e-01    3.2031250000e-01    0.0000000000e+00    8.0553286032e-03    8.9412117203e-03   -9.4531250000e-01    6.0156250000e-01    0.0000000000e+00    1.0012951110e-04    8.9405809669e-03    1.0000000000e+30    0.0000000000e+00    1.0000000000e+30    0.0000000000e+00    1.0000000000e+30    0.0000000000e+00
  40.8600000    1.2203515119e+00    2.4218750000e-01    3.2031250000e-01    0.0000000000e+00    7.9256981497e-03    8.9138948792e-03   -9.4531250000e-01    6.0156250000e-01    0.0000000000e+00    1.0018570213e-04    8.9133084435e-03    1.0000000000e+30    0.0000000000e+00    1.0000000000e+30    0.0000000000e+00    1.0000000000e+30    0.0000000000e+00
  40.9100000    1.2203515119e+00    2.4218750000e-01    3.2031250000e-01    0.0000000000e+00    7.7979159627e-03    8.8870195216e-03   -9.4531250000e-01    6.0156250000e-01    0.0000000000e+00    1.0029677682e-04    8.8864978115e-03    1.0000000000e+30    0.0000000000e+00    1.0000000000e+30    0.0000000000e+00    1.0000000000e+30    0.0000000000e+00
  40.9600000    1.2203515119e+00    2.4218750000e-01    3.2031250000e-01    0.0000000000e+00    7.6728927003e-03    8.8605755557e-03   -9.4531250000e-01    6.0156250000e-01    0.0000000000e+00    1.0047080269e-04    8.8601367001e-03    1.0000000000e+30    0.0000000000e+00    1.0000000000e+30    0.0000000000e+00    1.0000000000e+30    0.0000000000e+00
  41.0100000    1.2203515119e+00    2.4218750000e-01    3.2031250000e-01    0.0000000000e+00    7.5496154202e-03    8.8345555414e-03   -9.4531250000e-01    6.0156250000e-01    0.0000000000e+00    1.0071571635e-04    8.8342157093e-03    1.0000000000e+30    0.0000000000e+00    1.0000000000e+30    0.0000000000e+00    1.0000000000e+30    0.0000000000e+00
  41.0600000    1.2203515119e+00    2.4218750000e-01    3.2031250000e-01    0.0000000000e+00    7.4283028999e-03    8.8089544047e-03   -9.4531250000e-01    6.0156250000e-01    0.0000000000e+00    1.0102961302e-04    8.8087286765e-03    1.0000000000e+30    0.0000000000e+00    1.0000000000e+30    0.0000000000e+00    1.0000000000e+30    0.0000000000e+00
  41.1100000    1.2016021206e+00    2.4218750000e-01    3.2031250000e-01    0.0000000000e+00    7.3093355446e-03    8.7837680803e-03   -9.2968750000e-01    5.8593750000e-01    0.0000000000e+00    1.0107990836e-04    8.7836694441e-03    1.0000000000e+30    0.0000000000e+00    1.0000000000e+30    0.0000000000e+00    1.0000000000e+30    0.0000000000e+00
  41.1600000    1.2016021206e+00    2.4218750000e-01    3.2031250000e-01    0.0000000000e+00    7.1922004846e-03    8.7589962498e-03   -9.2968750000e-01    5.8593750000e-01    0.0000000000e+00    1.0109913408e-04    8.7590346533e-03    1.0000000000e+30    0.0000000000e+00    1.0000000000e+30    0.0000000000e+00    1.0000000000e+30    0.0000000000e+00
  41.2100000    1.2016021206e+00    2.4218750000e-01    3.2031250000e-01    0.0000000000e+00    7.0771364349e-03    8.7346418287e-03   -9.2968750000e-01    5.8593750000e-01    0.0000000000e+00    1.0117525871e-04    8.7348234310e-03    1.0000000000e+30    0.0000000000e+00    1.0000000000e+30    0.0000000000e+00    1.0000000000e+30    0.0000000000e+00
  41.2600000    1.2016021206e+00    2.4218750000e-01    3.2031250000e-01    0.0000000000e+00    6.9639788055e-03    8.7107059696e-03   -9.2968750000e-01    5.8593750000e-01    0.0000000000e+00    1.0131215868e-04    8.7110347776e-03    1.0000000000e+30    0.0000000000e+00    1.0000000000e+30    0.0000000000e+00    1.0000000000e+30    0.0000000000e+00
  41.3100000    1.2016021206e+00    2.4218750000e-01    3.2031250000e-01    0.0000000000e+00    6.8526007612e-03    8.6871910965e-03   -9.2968750000e-01    5.8593750000e-01    0.0000000000e+00    1.0151106205e-04    8.6876685451e-03    1.0000000000e+30    0.0000000000e+00    1.0000000000e+30    0.0000000000e+00    1.0000000000e+30    0.0000000000e+00
  41.3600000    1.2016021206e+00    2.4218750000e-01    3.2031250000e-01    0.0000000000e+00    6.7431162592e-03    8.6641012885e-03   -9.2968750000e-01    5.8593750000e-01    0.0000000000e+00    1.0177072406e-04    8.6647274260e-03    1.0000000000e+30    0.0000000000e+00    1.0000000000e+30    0.0000000000e+00    1.0000000000e+30    0.0000000000e+00
  41.4100000    1.1982449731e+00    2.4218750000e-01    3.3593750000e-01    0.0000000000e+00    6.6350259248e-03    8.6414421003e-03   -9.2968750000e-01    5.8593750000e-01    0.0000000000e+00    1.0208938233e-04    8.6422149195e-03    1.0000000000e+30    0.0000000000e+00    1.0000000000e+30    0.0000000000e+00    1.0000000000e+30    0.0000000000e+00
  41.4600000    1.1982449731e+00    2.4218750000e-01    3.3593750000e-01    0.0000000000e+00    6.5288927620e-03    8.6192197036e-03   -9.2968750000e-01    5.8593750000e-01    0.0000000000e+00    1.0246241649e-04    8.6201353257e-03    1.0000000000e+30    0.0000000000e+00    1.0000000000e+30    0.0000000000e+00    1.0000000000e+30    0.0000000000e+00
  41.5100000    1.1797651051e+00    2.4218750000e-01    3.3593750000e-01    0.0000000000e+00    6.4245265344e-03    8.5974398891e-03   -9.1406250000e-01    5.7031250000e-01    0.0000000000e+00    1.0261657938e-04    8.5984937054e-03    1.0000000000e+30    0.0000000000e+00    1.0000000000e+30    0.0000000000e+00    1.0000000000e+30    0.0000000000e+00
  41.5600000    1.1797651051e+00    2.4218750000e-01    3.3593750000e-01    0.0000000000e+00    6.3218055324e-03    8.5761100587e-03   -9.1406250000e-01    5.7031250000e-01    0.0000000000e+00    1.0266128076e-04    8.5772961563e-03    1.0000000000e+30    0.0000000000e+00    1.0000000000e+30    0.0000000000e+00    1.0000000000e+30    0.0000000000e+00
  41.6100000    1.1797651051e+00    2.4218750000e-01    3.3593750000e-01    0.0000000000e+00    6.2208394422e-03    8.5552368248e-03   -9.1406250000e-01    5.7031250000e-01    0.0000000000e+00    1.0275804441e-04    8.5565481107e-03    1.0000000000e+30    0.0000000000e+00    1.0000000000e+30    0.0000000000e+00    1.0000000000e+30    0.0000000000e+00
  41.6600000    1.1797651051e+00    2.4218750000e-01    3.3593750000e-01    0.0000000000e+00    6.1217121849e-03    8.5348253687e-03   -9.1406250000e-01    5.7031250000e-01    0.0000000000e+00    1.0290835624e-04    8.5362550849e-03    1.0000000000e+30    0.0000000000e+00    1.0000000000e+30    0.0000000000e+00    1.0000000000e+30    0.0000000000e+00
  41.7100000    1.1797651051e+00    2.4218750000e-01    3.3593750000e-01    0.0000000000e+00    6.0243681956e-03    8.5148809333e-03   -9.1406250000e-01    5.7031250000e-01    0.0000000000e+00    1.0311242772e-04    8.5164223125e-03    1.0000000000e+30    0.0000000000e+00    1.0000000000e+30    0.0000000000e+00    1.0000000000e+30    0.0000000000e+00
  41.7600000    1.1797651051e+00    2.4218750000e-01    3.3593750000e-01    0.0000000000e+00    5.9286998795e-03    8.4954093788e-03   -9.1406250000e-01    5.7031250000e-01    0.0000000000e+00    1.0336805046e-04    8.4970554843e-03    1.0000000000e+30    0.0000000000e+00    1.0000000000e+30    0.0000000000e+00    1.0000000000e+30    0.0000000000e+00
  41.8100000    1.1797651051e+00    2.4218750000e-01    3.3593750000e-01    0.0000000000e+00    5.8346609005e-03    8.4764162792e-03   -9.1406250000e-01    5.7031250000e-01    0.0000000000e+00    1.0367155003e-04    8.4781607536e-03    1.0000000000e+30    0.0000000000e+00    1.0000000000e+30    0.0000000000e+00    1.0000000000e+30    0.0000000000e+00
  41.8600000    1.1797651051e+00    2.4218750000e-01    3.3593750000e-01    0.0000000000e+00    5.7422549320e-03    8.4579048272e-03   -9.1406250000e-01    5.7031250000e-01    0.0000000000e+00    1.0402098744e-04    8.4597421658e-03    1.0000000000e+30    0.0000000000e+00    1.0000000000e+30    0.0000000000e+00    1.0000000000e+30    0.0000000000e+00
  41.9100000    1.1048543456e+00    2.4218750000e-01    3.3593750000e-01    0.0000000000e+00    5.6514692090e-03    8.4398760233e-03   -8.5156250000e-01    4.9218750000e-01    0.0000000000e+00    1.0429824843e-04    8.4418019948e-03    1.0000000000e+30    0.0000000000e+00    1.0000000000e+30    0.0000000000e+00    1.0000000000e+30    0.0000000000e+00
  41.9600000    1.1048543456e+00    2.4218750000e-01    3.3593750000e-01    0.0000000000e+00    5.5622646828e-03    8.4223312089e-03   -8.5156250000e-01    4.9218750000e-01    0.0000000000e+00    1.0455024049e-04    8.4243428571e-03    1.0000000000e+30    0.0000000000e+00    1.0000000000e+30    0.0000000000e+00    1.0000000000e+30    0.0000000000e+00
  42.0100000    1.1614116209e+00    2.4218750000e-01    3.3593750000e-01    0.0000000000e+00    5.4746036024e-03    8.4052721224e-03   -8.9843750000e-01    5.5468750000e-01    0.0000000000e+00    1.0470245837e-04    8.4073673631e-03    1.0000000000e+30    0.0000000000e+00    1.0000000000e+30    0.0000000000e+00    1.0000000000e+30    0.0000000000e+00
  42.0600000    1.1614116209e+00    2.4218750000e-01    3.3593750000e-01    0.0000000000e+00    5.3884737189e-03    8.3886986822e-03   -8.9843750000e-01    5.5468750000e-01    0.0000000000e+00    1.0481917809e-04    8.3908768199e-03    1.0000000000e+30    0.0000000000e+00    1.0000000000e+30    0.0000000000e+00    1.0000000000e+30    0.0000000000e+00
  42.1100000    1.1614116209e+00    2.4218750000e-01    3.3593750000e-01    0.0000000000e+00    5.3038637154e-03    8.3726090731e-03   -8.9843750000e-01    5.5468750000e-01    0.0000000000e+00    1.0497828502e-04    8.3748711299e-03    1.0000000000e+30    0.0000000000e+00    1.0000000000e+30    0.0000000000e+00    1.0000000000e+30    0.0000000000e+00
  42.1600000    1.1614116209e+00    2.4218750000e-01    3.3593750000e-01    0.0000000000e+00    5.2207412695e-03    8.3570006297e-03   -8.9843750000e-01    5.5468750000e-01    0.0000000000e+00    1.0517985068e-04    8.3593494736e-03    1.0000000000e+30    0.0000000000e+00    1.0000000000e+30    0.0000000000e+00    1.0000000000e+30    0.0000000000e+00
  42.2100000    1.1614116209e+00    2.4218750000e-01    3.3593750000e-01    0.0000000000e+00    5.1390849116e-03    8.3418706205e-03   -8.9843750000e-01    5.5468750000e-01    0.0000000000e+00    1.0542265076e-04    8.3443105448e-03    1.0000000000e+30    0.0000000000e+00    1.0000000000e+30    0.0000000000e+00    1.0000000000e+30    0.0000000000e+00
  42.2600000    1.1614116209e+00    2.4218750000e-01    3.3593750000e-01    0.0000000000e+00    5.0588809621e-03    8.3272153574e-03   -8.9843750000e-01    5.5468750000e-01    0.0000000000e+00    1.0570416611e-04    8.3297520385e-03    1.0000000000e+30    0.0000000000e+00    1.0000000000e+30    0.0000000000e+00    1.0000000000e+30    0.0000000000e+00
  42.3100000    1.1614116209e+00    2.4218750000e-01    3.3593750000e-01    0.0000000000e+00    4.9800845647e-03    8.3130302657e-03   -8.9843750000e-01    5.5468750000e-01    0.0000000000e+00    1.0600989557e-04    8.3156705539e-03    1.0000000000e+30    0.0000000000e+00    1.0000000000e+30    0.0000000000e+00    1.0000000000e+30    0.0000000000e+00
  42.3600000    1.0872575161e+00    2.4218750000e-01    3.3593750000e-01    0.0000000000e+00    4.9026764645e-03    8.2993103343e-03   -8.3593750000e-01    4.7656250000e-01    0.0000000000e+00    1.0629669575e-04    8.3020622479e-03    1.0000000000e+30    0.0000000000e+00    1.0000000000e+30    0.0000000000e+00    1.0000000000e+30    0.0000000000e+00
  42.4100000    1.0872575161e+00    2.4218750000e-01    3.3593750000e-01    0.0000000000e+00    4.8266306548e-03    8.2860505850e-03   -8.3593750000e-01    4.7656250000e-01    0.0000000000e+00    1.0652924221e-04    8.2888430025e-03    1.0000000000e+30    0.0000000000e+00    1.0000000000e+30    0.0000000000e+00    1.0000000000e+30    0.0000000000e+00
  42.4600000    1.0872575161e+00    2.4218750000e-01    3.3593750000e-01    0.0000000000e+00    4.7519275044e-03    8.2732454646e-03   -8.3593750000e-01    4.7656250000e-01    0.0000000000e+00    1.0680851248e-04    8.2760186435e-03    1.0000000000e+30    0.0000000000e+00    1.0000000000e+30    0.0000000000e+00    1.0000000000e+30    0.0000000000e+00
  42.5100000    1.0872575161e+00    2.4218750000e-01    3.3593750000e-01    0.0000000000e+00    4.6785610105e-03    8.2608894236e-03   -8.3593750000e-01    4.7656250000e-01    0.0000000000e+00    1.0712961443e-04    8.2636406535e-03    1.0000000000e+30    0.0000000000e+00    1.0000000000e+30    0.0000000000e+00    1.0000000000e+30    0.0000000000e+00
  42.5600000    1.1431906077e+00    2.4218750000e-01    3.3593750000e-01    0.0000000000e+00    4.6065128665e-03    8.2489773721e-03   -8.8281250000e-01    5.3906250000e-01    0.0000000000e+00    1.0732336149e-04    8.2517032499e-03    1.0000000000e+30    0.0000000000e+00    1.0000000000e+30    0.0000000000e+00    1.0000000000e+30    0.0000000000e+00
  42.6100000    1.1431906077e+00    2.4218750000e-01    3.3593750000e-01    0.0000000000e+00    4.5357358296e-03    8.2375042128e-03   -8.8281250000e-01    5.3906250000e-01    0.0000000000e+00    1.0749146468e-04    8.2402011753e-03    1.0000000000e+30    0.0000000000e+00    1.0000000000e+30    0.0000000000e+00    1.0000000000e+30    0.0000000000e+00
  42.6600000    1.1431906077e+00    2.4218750000e-01    3.3593750000e-01    0.0000000000e+00    4.4661858983e-03    8.2264650397e-03   -8.8281250000e-01    5.3906250000e-01    0.0000000000e+00    1.0769117243e-04    8.2291294649e-03    1.0000000000e+30    0.0000000000e+00    1.0000000000e+30    0.0000000000e+00    1.0000000000e+30    0.0000000000e+00
  42.7100000    1.1431906077e+00    2.4218750000e-01    3.3593750000e-01    0.0000000000e+00    4.3978578492e-03    8.2158550357e-03   -8.8281250000e-01    5.3906250000e-01    0.0000000000e+00    1.0792174385e-04    8.2184839099e-03    1.0000000000e+30    0.0000000000e+00    1.0000000000e+30    0.0000000000e+00    1.0000000000e+30    0.0000000000e+00
  42.7600000    1.1431906077e+00    2.4218750000e-01    3.3593750000e-01    0.0000000000e+00    4.3307297597e-03    8.2056701833e-03   -8.8281250000e-01    5.3906250000e-01    0.0000000000e+00    1.0815935222e-04    8.2082605421e-03    1.0000000000e+30    0.0000000000e+00    1.0000000000e+30    0.0000000000e+00    1.0000000000e+30    0.0000000000e+00
  42.8100000    1.1431906077e+00    2.4218750000e-01    3.3593750000e-01    0.0000000000e+00    4.2647658192e-03    8.1959071282e-03   -8.8281250000e-01    5.3906250000e-01    0.0000000000e+00    1.0841452059e-04    8.1984555792e-03    1.0000000000e+30    0.0000000000e+00    1.0000000000e+30    0.0000000000e+00    1.0000000000e+30    0.0000000000e+00
  42.8600000    1.1431906077e+00    2.4218750000e-01    3.3593750000e-01    0.0000000000e+00    4.1999401452e-03    8.1865628814e-03   -8.8281250000e-01    5.3906250000e-01    0.0000000000e+00    1.0869818810e-04    8.1890661488e-03    1.0000000000e+30    0.0000000000e+00    1.0000000000e+30    0.0000000000e+00    1.0000000000e+30    0.0000000000e+00
  42.9100000    1.1431906077e+00    2.4218750000e-01    3.3593750000e-01    0.0000000000e+00    4.1362420749e-03    8.1776351996e-03   -8.8281250000e-01    5.3906250000e-01    0.0000000000e+00    1.0900903355e-04    8.1800898915e-03    1.0000000000e+30    0.0000000000e+00    1.0000000000e+30    0.0000000000e+00    1.0000000000e+30    0.0000000000e+00
  42.9600000    1.1431906077e+00    2.4218750000e-01    3.3593750000e-01    0.0000000000e+00    4.0736654258e-03    8.1691223512e-03   -8.8281250000e-01    5.3906250000e-01    0.0000000000e+00    1.0934566620e-04    8.1715252023e-03    1.0000000000e+30    0.0000000000e+00    1.0000000000e+30    0.0000000000e+00    1.0000000000e+30    0.0000000000e+00
  43.0100000    1.3786351097e+00    4.9218750000e-01    5.4687500000e-02    0.0000000000e+00    5.6796019028e-04    8.1610232244e-03   -8.2031250000e-01    4.7656250000e-01    0.0000000000e+00    1.0963132850e-04    8.1633710066e-03    1.0000000000e+30    0.0000000000e+00    1.0000000000e+30    0.0000000000e+00    1.0000000000e+30    0.0000000000e+00
  43.0600000    1.3786351097e+00    4.9218750000e-01    5.4687500000e-02    0.0000000000e+00    5.5623861849e-04    8.1533373777e-03   -8.2031250000e-01    4.7656250000e-01    0.0000000000e+00    1.0990005123e-04    8.1556269872e-03    1.0000000000e+30    0.0000000000e+00    1.0000000000e+30    0.0000000000e+00    1.0000000000e+30    0.0000000000e+00
  43.1100000    1.3786351097e+00    4.9218750000e-01    5.4687500000e-02    0.0000000000e+00    5.4480960963e-04    8.1460649753e-03   -8.2031250000e-01    4.7656250000e-01    0.0000000000e+00    1.1019049990e-04    8.1482933060e-03    1.0000000000e+30    0.0000000000e+00    1.0000000000e+30    0.0000000000e+00    1.0000000000e+30    0.0000000000e+00
  43.1600000    1.3786351097e+00    4.9218750000e-01    5.4687500000e-02    0.0000000000e+00    5.3366344085e-04    8.1392066240e-03   -8.2031250000e-01    4.7656250000e-01    0.0000000000e+00    1.1049934689e-04    8.1413706681e-03    1.0000000000e+30    0.0000000000e+00    1.0000000000e+30    0.0000000000e+00    1.0000000000e+30    0.0000000000e+00
  43.2100000    1.1251085017e+00    2.4218750000e-01    3.3593750000e-01    0.0000000000e+00    3.7771230466e-03    8.1327632218e-03   -8.6718750000e-01    5.2343750000e-01    0.0000000000e+00    1.1075263254e-04    8.1348605938e-03    1.0000000000e+30    0.0000000000e+00    1.0000000000e+30    0.0000000000e+00    1.0000000000e+30    0.0000000000e+00
  43.2600000    1.1251085017e+00    2.4218750000e-01    3.3593750000e-01    0.0000000000e+00    3.7209081556e-03    8.1267357671e-03   -8.6718750000e-01    5.2343750000e-01    0.0000000000e+00    1.1097251288e-04    8.1287652166e-03    1.0000000000e+30    0.0000000000e+00    1.0000000000e+30    0.0000000000e+00    1.0000000000e+30    0.0000000000e+00
  43.3100000    1.1251085017e+00    2.4218750000e-01    3.3593750000e-01    0.0000000000e+00    3.6656762767e-03    8.1211259278e-03   -8.6718750000e-01    5.2343750000e-01    0.0000000000e+00    1.1118498503e-04    8.1230871445e-03    1.0000000000e+30    0.0000000000e+00    1.0000000000e+30    0.0000000000e+00    1.0000000000e+30    0.0000000000e+00
  43.3600000    1.1251085017e+00    2.4218750000e-01    3.3593750000e-01    0.0000000000e+00    3.6114081117e-03    8.1159366786e-03   -8.6718750000e-01    5.2343750000e-01    0.0000000000e+00    1.1142112617e-04    8.1178281921e-03    1.0000000000e+30    0.0000000000e+00    1.0000000000e+30    0.0000000000e+00    1.0000000000e+30    0.0000000000e+00
  43.4100000    1.3590157571e+00    4.9218750000e-01    5.4687500000e-02    0.0000000000e+00    4.8187650907e-04    8.1111710297e-03   -8.0468750000e-01    4.6093750000e-01    0.0000000000e+00    1.1159024239e-04    8.1129903656e-03    1.0000000000e+30    0.0000000000e+00    1.0000000000e+30    0.0000000000e+00    1.0000000000e+30    0.0000000000e+00
  43.4600000    1.3590157571e+00    4.9218750000e-01    5.4687500000e-02    0.0000000000e+00    4.7224800020e-04    8.1068321956e-03   -8.0468750000e-01    4.6093750000e-01    0.0000000000e+00    1.1174292777e-04    8.1085759386e-03    1.0000000000e+30    0.0000000000e+00    1.0000000000e+30    0.0000000000e+00    1.0000000000e+30    0.0000000000e+00
  43.5100000    1.3590157571e+00    4.9218750000e-01    5.4687500000e-02    0.0000000000e+00    4.6284645095e-04    8.1029230781e-03   -8.0468750000e-01    4.6093750000e-01    0.0000000000e+00    1.1192616000e-04    8.1045875649e-03    1.0000000000e+30    0.0000000000e+00    1.0000000000e+30    0.0000000000e+00    1.0000000000e+30    0.0000000000e+00
  43.5600000    1.3590157571e+00    4.9218750000e-01    5.4687500000e-02    0.0000000000e+00    4.5366415160e-04    8.0994468667e-03   -8.0468750000e-01    4.6093750000e-01    0.0000000000e+00    1.1213753655e-04    8.1010282350e-03    1.0000000000e+30    0.0000000000e+00    1.0000000000e+30    0.0000000000e+00    1.0000000000e+30    0.0000000000e+00
  43.6100000    1.3590157571e+00    4.9218750000e-01    5.4687500000e-02    0.0000000000e+00    4.4469496063e-04    8.0964074046e-03   -8.0468750000e-01    4.6093750000e-01    0.0000000000e+00    1.1237480598e-04    8.0979001678e-03    1.0000000000e+30    0.0000000000e+00    1.0000000000e+30    0.0000000000e+00    1.0000000000e+30    0.0000000000e+00
  43.6600000    1.3590157571e+00    4.9218750000e-01    5.4687500000e-02    0.0000000000e+00    4.3593372023e-04    8.0938076788e-03   -8.0468750000e-01    4.6093750000e-01    0.0000000000e+00    1.1263561336e-04    8.0952062529e-03    1.0000000000e+30    0.0000000000e+00    1.0000000000e+30    0.0000000000e+00    1.0000000000e+30    0.0000000000e+00
  43.7100000    1.3590157571e+00    4.9218750000e-01    5.4687500000e-02    0.0000000000e+00    4.2737378456e-04    8.0916509396e-03   -8.0468750000e-01    4.6093750000e-01    0.0000000000e+00    1.1291788115e-04    8.0929493962e-03    1.0000000000e+30    0.0000000000e+00    1.0000000000e+30    0.0000000000e+00    1.0000000000e+30    0.0000000000e+00
  43.7600000    1.3590157571e+00    4.9218750000e-01    5.4687500000e-02    0.0000000000e+00    4.1900852167e-04    8.0899404502e-03   -8.0468750000e-01    4.6093750000e-01    0.0000000000e+00    1.1321964002e-04    8.0911322353e-03    1.0000000000e+30    0.0000000000e+00    1.0000000000e+30    0.0000000000e+00    1.0000000000e+30    0.0000000000e+00
  43.8100000    1.3590157571e+00    4.9218750000e-01    5.4687500000e-02    0.0000000000e+00    4.1083142944e-04    8.0886784566e-03   -8.0468750000e-01    4.6093750000e-01    0.0000000000e+00    1.1353886250e-04    8.0897579823e-03    1.0000000000e+30    0.0000000000e+00    1.0000000000e+30    0.0000000000e+00    1.0000000000e+30    0.0000000000e+00
  43.8600000    1.3590157571e+00    4.9218750000e-01    5.4687500000e-02    0.0000000000e+00    4.0283691247e-04    8.0878667027e-03   -8.0468750000e-01    4.6093750000e-01    0.0000000000e+00    1.1387401637e-04    8.0888301635e-03    1.0000000000e+30    0.0000000000e+00    1.0000000000e+30    0.0000000000e+00    1.0000000000e+30    0.0000000000e+00
  43.9100000    1.3590157571e+00    4.9218750000e-01    5.4687500000e-02    0.0000000000e+00    3.9502059192e-04    8.0875070779e-03   -8.0468750000e-01    4.6093750000e-01    0.0000000000e+00    1.1422359093e-04    8.0883523518e-03    1.0000000000e+30    0.0000000000e+00    1.0000000000e+30    0.0000000000e+00    1.0000000000e+30    0.0000000000e+00
  43.9600000    1.3590157571e+00    4.9218750000e-01    5.4687500000e-02    0.0000000000e+00    3.8737749184e-04    8.0876021600e-03   -8.0468750000e-01    4.6093750000e-01    0.0000000000e+00    1.1458608077e-04    8.0883269489e-03    1.0000000000e+30    0.0000000000e+00    1.0000000000e+30    0.0000000000e+00    1.0000000000e+30    0.0000000000e+00
  44.0100000    1.3394735731e+00    4.9218750000e-01    5.4687500000e-02    0.0000000000e+00    3.7990328078e-04    8.0881545181e-03   -7.8906250000e-01    4.4531250000e-01    0.0000000000e+00    1.1483427420e-04    8.0887558941e-03    1.0000000000e+30    0.0000000000e+00    1.0000000000e+30    0.0000000000e+00    1.0000000000e+30    0.0000000000e+00
  44.0600000    1.3394735731e+00    4.9218750000e-01    5.4687500000e-02    0.0000000000e+00    3.7259568057e-04    8.0891658910e-03   -7.8906250000e-01    4.4531250000e-01    0.0000000000e+00    1.1498009929e-04    8.0896419111e-03    1.0000000000e+30    0.0000000000e+00    1.0000000000e+30    0.0000000000e+00    1.0000000000e+30    0.0000000000e+00
  44.1100000    1.3394735731e+00    4.9218750000e-01    5.4687500000e-02    0.0000000000e+00    3.6545046768e-04    8.0906383651e-03   -7.8906250000e-01    4.4531250000e-01    0.0000000000e+00    1.1515395838e-04    8.0909872224e-03    1.0000000000e+30    0.0000000000e+00    1.0000000000e+30    0.0000000000e+00    1.0000000000e+30    0.0000000000e+00
  44.1600000    1.3394735731e+00    4.9218750000e-01    5.4687500000e-02    0.0000000000e+00    3.5846252972e-04    8.0925741642e-03   -7.8906250000e-01    4.4531250000e-01    0.0000000000e+00    1.1535416194e-04    8.0927939324e-03    1.0000000000e+30    0.0000000000e+00    1.0000000000e+30    0.0000000000e+00    1.0000000000e+30    0.0000000000e+00
  44.2100000    1.3394735731e+00    4.9218750000e-01    5.4687500000e-02    0.0000000000e+00    3.5162780410e-04    8.0949755130e-03   -7.8906250000e-01    4.4531250000e-01    0.0000000000e+00    1.1557984384e-04    8.0950639672e-03    1.0000000000e+30    0.0000000000e+00    1.0000000000e+30    0.0000000000e+00    1.0000000000e+30    0.0000000000e+00
  44.2600000    1.3394735731e+00    4.9218750000e-01    5.4687500000e-02    0.0000000000e+00    3.4494401662e-04    8.0978445843e-03   -7.8906250000e-01    4.4531250000e-01    0.0000000000e+00    1.1582964956e-04    8.0977993311e-03    1.0000000000e+30    0.0000000000e+00    1.0000000000e+30    0.0000000000e+00    1.0000000000e+30    0.0000000000e+00
  44.2700000    1.3394735731e+00    4.9218750000e-01    5.4687500000e-02    0.0000000000e+00    3.4362518257e-04    8.0984747180e-03   -7.8906250000e-01    4.4531250000e-01    0.0000000000e+00    1.1588228699e-04    8.0984024204e-03    1.0000000000e+30    0.0000000000e+00    1.0000000000e+30    0.0000000000e+00    1.0000000000e+30    0.0000000000e+00
  44.2800000    1.3394735731e+00    4.9218750000e-01    5.4687500000e-02    0.0000000000e+00    3.4231226066e-04    8.0991236584e-03   -7.8906250000e-01    4.4531250000e-01    0.0000000000e+00    1.1593581208e-04    8.0990242199e-03    1.0000000000e+30    0.0000000000e+00    1.0000000000e+30    0.0000000000e+00    1.0000000000e+30    0.0000000000e+00
  44.2900000    1.3394735731e+00    4.9218750000e-01    5.4687500000e-02    0.0000000000e+00    3.4100522233e-04    8.0997914244e-03   -7.8906250000e-01    4.4531250000e-01    0.0000000000e+00    1.1599024151e-04    8.0996647502e-03    1.0000000000e+30    0.0000000000e+00    1.0000000000e+30    0.0000000000e+00    1.0000000000e+30    0.0000000000e+00
  44.3000000    1.3394735731e+00    4.9218750000e-01    5.4687500000e-02    0.0000000000e+00    3.3970403995e-04    8.1004780375e-03   -7.8906250000e-01    4.4531250000e-01    0.0000000000e+00    1.1604557967e-04    8.1003240306e-03    1.0000000000e+30    0.0000000000e+00    1.0000000000e+30    0.0000000000e+00    1.0000000000e+30    0.0000000000e+00
  44.3100000    1.3394735731e+00    4.9218750000e-01    5.4687500000e-02    0.0000000000e+00    3.3840868801e-04    8.1011835163e-03   -7.8906250000e-01    4.4531250000e-01    0.0000000000e+00    1.1610181121e-04    8.1010020740e-03    1.0000000000e+30    0.0000000000e+00    1.0000000000e+30    0.0000000000e+00    1.0000000000e+30    0.0000000000e+00
  44.3200000    1.3394735731e+00    4.9218750000e-01    5.4687500000e-02    0.0000000000e+00    3.3711914400e-04    8.1019078781e-03   -7.8906250000e-01    4.4531250000e-01    0.0000000000e+00    1.1615890553e-04    8.1016988955e-03    1.0000000000e+30    0.0000000000e+00    1.0000000000e+30    0.0000000000e+00    1.0000000000e+30    0.0000000000e+00
  44.3300000    1.3394735731e+00    4.9218750000e-01    5.4687500000e-02    0.0000000000e+00    3.3583538834e-04    8.1026511360e-03   -7.8906250000e-01    4.4531250000e-01    0.0000000000e+00    1.1621683043e-04    8.1024145129e-03    1.0000000000e+30    0.0000000000e+00    1.0000000000e+30    0.0000000000e+00    1.0000000000e+30    0.0000000000e+00
  44.3400000    1.3394735731e+00    4.9218750000e-01    5.4687500000e-02    0.0000000000e+00    3.3455740355e-04    8.1034133006e-03   -7.8906250000e-01    4.4531250000e-01    0.0000000000e+00    1.1627556567e-04    8.1031489449e-03    1.0000000000e+30    0.0000000000e+00    1.0000000000e+30    0.0000000000e+00    1.0000000000e+30    0.0000000000e+00
  44.3500000    1.3394735731e+00    4.9218750000e-01    5.4687500000e-02    0.0000000000e+00    3.3328517328e-04    8.1041943884e-03   -7.8906250000e-01    4.4531250000e-01    0.0000000000e+00    1.1633510716e-04    8.1039022125e-03    1.0000000000e+30    0.0000000000e+00    1.0000000000e+30    0.0000000000e+00    1.0000000000e+30    0.0000000000e+00
  44.3600000    1.3394735731e+00    4.9218750000e-01    5.4687500000e-02    0.0000000000e+00    3.3201868161e-04    8.1049944188e-03   -7.8906250000e-01    4.4531250000e-01    0.0000000000e+00    1.1639545901e-04    8.1046743357e-03    1.0000000000e+30    0.0000000000e+00    1.0000000000e+30    0.0000000000e+00    1.0000000000e+30    0.0000000000e+00
  44.3700000    1.3394735731e+00    4.9218750000e-01    5.4687500000e-02    0.0000000000e+00    3.3075791312e-04    8.1058134077e-03   -7.8906250000e-01    4.4531250000e-01    0.0000000000e+00    1.1645662032e-04    8.1054653325e-03    1.0000000000e+30    0.0000000000e+00    1.0000000000e+30    0.0000000000e+00    1.0000000000e+30    0.0000000000e+00
  44.3800000    1.3394735731e+00    4.9218750000e-01    5.4687500000e-02    0.0000000000e+00    3.2950285324e-04    8.1066513726e-03   -7.8906250000e-01    4.4531250000e-01    0.0000000000e+00    1.1651857798e-04    8.1062752237e-03    1.0000000000e+30    0.0000000000e+00    1.0000000000e+30    0.0000000000e+00    1.0000000000e+30    0.0000000000e+00
  44.3900000    1.3394735731e+00    4.9218750000e-01    5.4687500000e-02    0.0000000000e+00    3.2825348785e-04    8.1075083317e-03   -7.8906250000e-01    4.4531250000e-01    0.0000000000e+00    1.1658131152e-04    8.1071040269e-03    1.0000000000e+30    0.0000000000e+00    1.0000000000e+30    0.0000000000e+00    1.0000000000e+30    0.0000000000e+00
  44.4000000    1.3394735731e+00    4.9218750000e-01    5.4687500000e-02    0.0000000000e+00    3.2700980188e-04    8.1083842994e-03   -7.8906250000e-01    4.4531250000e-01    0.0000000000e+00    1.1664480494e-04    8.1079517545e-03    1.0000000000e+30    0.0000000000e+00    1.0000000000e+30    0.0000000000e+00    1.0000000000e+30    0.0000000000e+00
  44.4100000    1.3394735731e+00    4.9218750000e-01    5.4687500000e-02    0.0000000000e+00    3.2577177815e-04    8.1092792908e-03   -7.8906250000e-01    4.4531250000e-01    0.0000000000e+00    1.1670905488e-04    8.1088184260e-03    1.0000000000e+30    0.0000000000e+00    1.0000000000e+30    0.0000000000e+00    1.0000000000e+30    0.0000000000e+00
  44.4200000    1.3394735731e+00    4.9218750000e-01    5.4687500000e-02    0.0000000000e+00    3.2453939771e-04    8.1101933232e-03   -7.8906250000e-01    4.4531250000e-01    0.0000000000e+00    1.1677406872e-04    8.1097040658e-03    1.0000000000e+30    0.0000000000e+00    1.0000000000e+30    0.0000000000e+00    1.0000000000e+30    0.0000000000e+00
  44.4300000    1.3394735731e+00    4.9218750000e-01    5.4687500000e-02    0.0000000000e+00    3.2331264083e-04    8.1111264144e-03   -7.8906250000e-01    4.4531250000e-01    0.0000000000e+00    1.1683985575e-04    8.1106086933e-03    1.0000000000e+30    0.0000000000e+00    1.0000000000e+30    0.0000000000e+00    1.0000000000e+30    0.0000000000e+00
  44.4400000    1.3394735731e+00    4.9218750000e-01    5.4687500000e-02    0.0000000000e+00    3.2209148779e-04    8.1120785852e-03   -7.8906250000e-01    4.4531250000e-01    0.0000000000e+00    1.1690641814e-04    8.1115323247e-03    1.0000000000e+30    0.0000000000e+00    1.0000000000e+30    0.0000000000e+00    1.0000000000e+30    0.0000000000e+00
  44.4500000    1.3394735731e+00    4.9218750000e-01    5.4687500000e-02    0.0000000000e+00    3.2087591879e-04    8.1130498571e-03   -7.8906250000e-01    4.4531250000e-01    0.0000000000e+00    1.1697374682e-04    8.1124749746e-03    1.0000000000e+30    0.0000000000e+00    1.0000000000e+30    0.0000000000e+00    1.0000000000e+30    0.0000000000e+00
  44.4600000    1.3394735731e+00    4.9218750000e-01    5.4687500000e-02    0.0000000000e+00    3.1966591420e-04    8.1140402479e-03   -7.8906250000e-01    4.4531250000e-01    0.0000000000e+00    1.1704182342e-04    8.1134366592e-03    1.0000000000e+30    0.0000000000e+00    1.0000000000e+30    0.0000000000e+00    1.0000000000e+30    0.0000000000e+00
  44.4700000    1.3394735731e+00    4.9218750000e-01    5.4687500000e-02    0.0000000000e+00    3.1846145521e-04    8.1150497726e-03   -7.8906250000e-01    4.4531250000e-01    0.0000000000e+00    1.1711062597e-04    8.1144174000e-03    1.0000000000e+30    0.0000000000e+00    1.0000000000e+30    0.0000000000e+00    1.0000000000e+30    0.0000000000e+00
  44.4800000    1.3394735731e+00    4.9218750000e-01    5.4687500000e-02    0.0000000000e+00    3.1726252437e-04    8.1160784477e-03   -7.8906250000e-01    4.4531250000e-01    0.0000000000e+00    1.1718013531e-04    8.1154172176e-03    1.0000000000e+30    0.0000000000e+00    1.0000000000e+30    0.0000000000e+00    1.0000000000e+30    0.0000000000e+00
  44.4900000    1.3394735731e+00    4.9218750000e-01    5.4687500000e-02    0.0000000000e+00    3.1606910521e-04    8.1171262933e-03   -7.8906250000e-01    4.4531250000e-01    0.0000000000e+00    1.1725033986e-04    8.1164361263e-03    1.0000000000e+30    0.0000000000e+00    1.0000000000e+30    0.0000000000e+00    1.0000000000e+30    0.0000000000e+00
  44.5000000    1.3394735731e+00    4.9218750000e-01    5.4687500000e-02    0.0000000000e+00    3.1488118150e-04    8.1181933330e-03   -7.8906250000e-01    4.4531250000e-01    0.0000000000e+00    1.1732123649e-04    8.1174741411e-03    1.0000000000e+30    0.0000000000e+00    1.0000000000e+30    0.0000000000e+00    1.0000000000e+30    0.0000000000e+00
  44.5100000    1.3394735731e+00    4.9218750000e-01    5.4687500000e-02    0.0000000000e+00    3.1369873683e-04    8.1192795874e-03   -7.8906250000e-01    4.4531250000e-01    0.0000000000e+00    1.1739282588e-04    8.1185312823e-03    1.0000000000e+30    0.0000000000e+00    1.0000000000e+30    0.0000000000e+00    1.0000000000e+30    0.0000000000e+00
  44.5200000    1.3394735731e+00    4.9218750000e-01    5.4687500000e-02    0.0000000000e+00    3.1252175478e-04    8.1203850733e-03   -7.8906250000e-01    4.4531250000e-01    0.0000000000e+00    1.1746510444e-04    8.1196075739e-03    1.0000000000e+30    0.0000000000e+00    1.0000000000e+30    0.0000000000e+00    1.0000000000e+30    0.0000000000e+00
  44.5300000    1.3394735731e+00    4.9218750000e-01    5.4687500000e-02    0.0000000000e+00    3.1135021916e-04    8.1215098077e-03   -7.8906250000e-01    4.4531250000e-01    0.0000000000e+00    1.1753805975e-04    8.1207030369e-03    1.0000000000e+30    0.0000000000e+00    1.0000000000e+30    0.0000000000e+00    1.0000000000e+30    0.0000000000e+00
  44.5400000    1.3394735731e+00    4.9218750000e-01    5.4687500000e-02    0.0000000000e+00    3.1018411452e-04    8.1226538115e-03   -7.8906250000e-01    4.4531250000e-01    0.0000000000e+00    1.1761167536e-04    8.1218176827e-03    1.0000000000e+30    0.0000000000e+00    1.0000000000e+30    0.0000000000e+00    1.0000000000e+30    0.0000000000e+00
  44.5500000    1.3394735731e+00    4.9218750000e-01    5.4687500000e-02    0.0000000000e+00    3.0902342685e-04    8.1238171102e-03   -7.8906250000e-01    4.4531250000e-01    0.0000000000e+00    1.1768594186e-04    8.1229515214e-03    1.0000000000e+30    0.0000000000e+00    1.0000000000e+30    0.0000000000e+00    1.0000000000e+30    0.0000000000e+00
  44.5600000    1.3394735731e+00    4.9218750000e-01    5.4687500000e-02    0.0000000000e+00    3.0786814385e-04    8.1249997288e-03   -7.8906250000e-01    4.4531250000e-01    0.0000000000e+00    1.1776086328e-04    8.1241045724e-03    1.0000000000e+30    0.0000000000e+00    1.0000000000e+30    0.0000000000e+00    1.0000000000e+30    0.0000000000e+00
  44.5700000    1.3394735731e+00    4.9218750000e-01    5.4687500000e-02    0.0000000000e+00    3.0671825418e-04    8.1262016865e-03   -7.8906250000e-01    4.4531250000e-01    0.0000000000e+00    1.1783645121e-04    8.1252768620e-03    1.0000000000e+30    0.0000000000e+00    1.0000000000e+30    0.0000000000e+00    1.0000000000e+30    0.0000000000e+00
  44.5800000    1.3394735731e+00    4.9218750000e-01    5.4687500000e-02    0.0000000000e+00    3.0557374567e-04    8.1274229991e-03   -7.8906250000e-01    4.4531250000e-01    0.0000000000e+00    1.1791271146e-04    8.1264684124e-03    1.0000000000e+30    0.0000000000e+00    1.0000000000e+30    0.0000000000e+00    1.0000000000e+30    0.0000000000e+00
  44.5900000    1.3394735731e+00    4.9218750000e-01    5.4687500000e-02    0.0000000000e+00    3.0443460402e-04    8.1286636860e-03   -7.8906250000e-01    4.4531250000e-01    0.0000000000e+00    1.1798963575e-04    8.1276792373e-03    1.0000000000e+30    0.0000000000e+00    1.0000000000e+30    0.0000000000e+00    1.0000000000e+30    0.0000000000e+00
  44.6000000    1.3394735731e+00    4.9218750000e-01    5.4687500000e-02    0.0000000000e+00    3.0330081332e-04    8.1299237743e-03   -7.8906250000e-01    4.4531250000e-01    0.0000000000e+00    1.1806720579e-04    8.1289093468e-03    1.0000000000e+30    0.0000000000e+00    1.0000000000e+30    0.0000000000e+00    1.0000000000e+30    0.0000000000e+00
  44.6100000    1.3394735731e+00    4.9218750000e-01    5.4687500000e-02    0.0000000000e+00    3.0217235803e-04    8.1312032942e-03   -7.8906250000e-01    4.4531250000e-01    0.0000000000e+00    1.1814540484e-04    8.1301587581e-03    1.0000000000e+30    0.0000000000e+00    1.0000000000e+30    0.0000000000e+00    1.0000000000e+30    0.0000000000e+00
  44.6200000    1.3394735731e+00    4.9218750000e-01    5.4687500000e-02    0.0000000000e+00    3.0104922423e-04    8.1325022708e-03   -7.8906250000e-01    4.4531250000e-01    0.0000000000e+00    1.1822422540e-04    8.1314274944e-03    1.0000000000e+30    0.0000000000e+00    1.0000000000e+30    0.0000000000e+00    1.0000000000e+30    0.0000000000e+00
  44.6300000    1.3394735731e+00    4.9218750000e-01    5.4687500000e-02    0.0000000000e+00    2.9993139919e-04    8.1338207211e-03   -7.8906250000e-01    4.4531250000e-01    0.0000000000e+00    1.1830366638e-04    8.1327155786e-03    1.0000000000e+30    0.0000000000e+00    1.0000000000e+30    0.0000000000e+00    1.0000000000e+30    0.0000000000e+00
  44.6400000    1.3394735731e+00    4.9218750000e-01    5.4687500000e-02    0.0000000000e+00    2.9881887024e-04    8.1351586615e-03   -7.8906250000e-01    4.4531250000e-01    0.0000000000e+00    1.1838372419e-04    8.1340230269e-03    1.0000000000e+30    0.0000000000e+00    1.0000000000e+30    0.0000000000e+00    1.0000000000e+30    0.0000000000e+00
  44.6500000    1.3394735731e+00    4.9218750000e-01    5.4687500000e-02    0.0000000000e+00    2.9771162434e-04    8.1365161147e-03   -7.8906250000e-01    4.4531250000e-01    0.0000000000e+00    1.1846438740e-04    8.1353498522e-03    1.0000000000e+30    0.0000000000e+00    1.0000000000e+30    0.0000000000e+00    1.0000000000e+30    0.0000000000e+00
  44.6600000    1.3394735731e+00    4.9218750000e-01    5.4687500000e-02    0.0000000000e+00    2.9660964845e-04    8.1378931106e-03   -7.8906250000e-01    4.4531250000e-01    0.0000000000e+00    1.1854564040e-04    8.1366960705e-03    1.0000000000e+30    0.0000000000e+00    1.0000000000e+30    0.0000000000e+00    1.0000000000e+30    0.0000000000e+00
  44.6700000    1.3394735731e+00    4.9218750000e-01    5.4687500000e-02    0.0000000000e+00    2.9551293009e-04    8.1392896800e-03   -7.8906250000e-01    4.4531250000e-01    0.0000000000e+00    1.1862747195e-04    8.1380617036e-03    1.0000000000e+30    0.0000000000e+00    1.0000000000e+30    0.0000000000e+00    1.0000000000e+30    0.0000000000e+00
  44.6800000    1.3394735731e+00    4.9218750000e-01    5.4687500000e-02    0.0000000000e+00    2.9442145715e-04    8.1407058474e-03   -7.8906250000e-01    4.4531250000e-01    0.0000000000e+00    1.1870987973e-04    8.1394467740e-03    1.0000000000e+30    0.0000000000e+00    1.0000000000e+30    0.0000000000e+00    1.0000000000e+30    0.0000000000e+00
  44.6900000    1.3394735731e+00    4.9218750000e-01    5.4687500000e-02    0.0000000000e+00    2.9333521718e-04    8.1421416326e-03   -7.8906250000e-01    4.4531250000e-01    0.0000000000e+00    1.1879286610e-04    8.1408512996e-03    1.0000000000e+30    0.0000000000e+00    1.0000000000e+30    0.0000000000e+00    1.0000000000e+30    0.0000000000e+00
  44.7000000    1.3394735731e+00    4.9218750000e-01    5.4687500000e-02    0.0000000000e+00    2.9225419671e-04    8.1435970569e-03   -7.8906250000e-01    4.4531250000e-01    0.0000000000e+00    1.1887642969e-04    8.1422752940e-03    1.0000000000e+30    0.0000000000e+00    1.0000000000e+30    0.0000000000e+00    1.0000000000e+30    0.0000000000e+00
  44.7100000    1.3394735731e+00    4.9218750000e-01    5.4687500000e-02    0.0000000000e+00    2.9117838148e-04    8.1450721470e-03   -7.8906250000e-01    4.4531250000e-01    0.0000000000e+00    1.1896056179e-04    8.1437187721e-03    1.0000000000e+30    0.0000000000e+00    1.0000000000e+30    0.0000000000e+00    1.0000000000e+30    0.0000000000e+00
  44.7200000    1.3394735731e+00    4.9218750000e-01    5.4687500000e-02    0.0000000000e+00    2.9010775754e-04    8.1465669328e-03   -7.8906250000e-01    4.4531250000e-01    0.0000000000e+00    1.1904525100e-04    8.1451817532e-03    1.0000000000e+30    0.0000000000e+00    1.0000000000e+30    0.0000000000e+00    1.0000000000e+30    0.0000000000e+00
  44.7300000    1.3394735731e+00    4.9218750000e-01    5.4687500000e-02    0.0000000000e+00    2.8904231268e-04    8.1480814435e-03   -7.8906250000e-01    4.4531250000e-01    0.0000000000e+00    1.1913049042e-04    8.1466642579e-03    1.0000000000e+30    0.0000000000e+00    1.0000000000e+30    0.0000000000e+00    1.0000000000e+30    0.0000000000e+00
  44.7400000    1.3394735731e+00    4.9218750000e-01    5.4687500000e-02    0.0000000000e+00    2.8798203679e-04    8.1496157056e-03   -7.8906250000e-01    4.4531250000e-01    0.0000000000e+00    1.1921627911e-04    8.1481663050e-03    1.0000000000e+30    0.0000000000e+00    1.0000000000e+30    0.0000000000e+00    1.0000000000e+30    0.0000000000e+00
  44.7500000    1.3394735731e+00    4.9218750000e-01    5.4687500000e-02    0.0000000000e+00    2.8692692085e-04    8.1511697449e-03   -7.8906250000e-01    4.4531250000e-01    0.0000000000e+00    1.1930261768e-04    8.1496879106e-03    1.0000000000e+30    0.0000000000e+00    1.0000000000e+30    0.0000000000e+00    1.0000000000e+30    0.0000000000e+00
  44.7600000    1.3394735731e+00    4.9218750000e-01    5.4687500000e-02    0.0000000000e+00    2.8587695555e-04    8.1527435882e-03   -7.8906250000e-01    4.4531250000e-01    0.0000000000e+00    1.1938950357e-04    8.1512290915e-03    1.0000000000e+30    0.0000000000e+00    1.0000000000e+30    0.0000000000e+00    1.0000000000e+30    0.0000000000e+00
  44.7700000    1.3394735731e+00    4.9218750000e-01    5.4687500000e-02    0.0000000000e+00    2.8483213034e-04    8.1543372631e-03   -7.8906250000e-01    4.4531250000e-01    0.0000000000e+00    1.1947693048e-04    8.1527898667e-03    1.0000000000e+30    0.0000000000e+00    1.0000000000e+30    0.0000000000e+00    1.0000000000e+30    0.0000000000e+00
  44.7800000    1.3394735731e+00    4.9218750000e-01    5.4687500000e-02    0.0000000000e+00    2.8379243342e-04    8.1559507975e-03   -7.8906250000e-01    4.4531250000e-01    0.0000000000e+00    1.1956489049e-04    8.1543702550e-03    1.0000000000e+30    0.0000000000e+00    1.0000000000e+30    0.0000000000e+00    1.0000000000e+30    0.0000000000e+00
  44.7900000    1.3394735731e+00    4.9218750000e-01    5.4687500000e-02    0.0000000000e+00    2.8275785246e-04    8.1575842202e-03   -7.8906250000e-01    4.4531250000e-01    0.0000000000e+00    1.1965337581e-04    8.1559702736e-03    1.0000000000e+30    0.0000000000e+00    1.0000000000e+30    0.0000000000e+00    1.0000000000e+30    0.0000000000e+00
  44.8000000    1.3200119850e+00    4.9218750000e-01    5.4687500000e-02    0.0000000000e+00    2.8172837537e-04    8.1592375617e-03   -7.7343750000e-01    4.2968750000e-01    0.0000000000e+00    1.1970347799e-04    8.1575899401e-03    1.0000000000e+30    0.0000000000e+00    1.0000000000e+30    0.0000000000e+00    1.0000000000e+30    0.0000000000e+00
  44.8100000    1.3200119850e+00    4.9218750000e-01    5.4687500000e-02    0.0000000000e+00    2.8070399091e-04    8.1609108524e-03   -7.7343750000e-01    4.2968750000e-01    0.0000000000e+00    1.1974987355e-04    8.1592292740e-03    1.0000000000e+30    0.0000000000e+00    1.0000000000e+30    0.0000000000e+00    1.0000000000e+30    0.0000000000e+00
  44.8200000    1.3200119850e+00    4.9218750000e-01    5.4687500000e-02    0.0000000000e+00    2.7968468836e-04    8.1626041205e-03   -7.7343750000e-01    4.2968750000e-01    0.0000000000e+00    1.1979720819e-04    8.1608882948e-03    1.0000000000e+30    0.0000000000e+00    1.0000000000e+30    0.0000000000e+00    1.0000000000e+30    0.0000000000e+00
  44.8300000    1.3200119850e+00    4.9218750000e-01    5.4687500000e-02    0.0000000000e+00    2.7867045666e-04    8.1643173939e-03   -7.7343750000e-01    4.2968750000e-01    0.0000000000e+00    1.1984547423e-04    8.1625670200e-03    1.0000000000e+30    0.0000000000e+00    1.0000000000e+30    0.0000000000e+00    1.0000000000e+30    0.0000000000e+00
  44.8400000    1.3200119850e+00    4.9218750000e-01    5.4687500000e-02    0.0000000000e+00    2.7766128388e-04    8.1660507033e-03   -7.7343750000e-01    4.2968750000e-01    0.0000000000e+00    1.1989466593e-04    8.1642654657e-03    1.0000000000e+30    0.0000000000e+00    1.0000000000e+30    0.0000000000e+00    1.0000000000e+30    0.0000000000e+00
  44.8500000    1.3200119850e+00    4.9218750000e-01    5.4687500000e-02    0.0000000000e+00    2.7665715792e-04    8.1678040806e-03   -7.7343750000e-01    4.2968750000e-01    0.0000000000e+00    1.1994477915e-04    8.1659836494e-03    1.0000000000e+30    0.0000000000e+00    1.0000000000e+30    0.0000000000e+00    1.0000000000e+30    0.0000000000e+00
  44.8600000    1.3200119850e+00    4.9218750000e-01    5.4687500000e-02    0.0000000000e+00    2.7565806791e-04    8.1695775574e-03   -7.7343750000e-01    4.2968750000e-01    0.0000000000e+00    1.1999581035e-04    8.1677215914e-03    1.0000000000e+30    0.0000000000e+00    1.0000000000e+30    0.0000000000e+00    1.0000000000e+30    0.0000000000e+00
  44.8700000    1.3200119850e+00    4.9218750000e-01    5.4687500000e-02    0.0000000000e+00    2.7466400510e-04    8.1713711632e-03   -7.7343750000e-01    4.2968750000e-01    0.0000000000e+00    1.2004775591e-04    8.1694793145e-03    1.0000000000e+30    0.0000000000e+00    1.0000000000e+30    0.0000000000e+00    1.0000000000e+30    0.0000000000e+00
  44.8800000    1.3200119850e+00    4.9218750000e-01    5.4687500000e-02    0.0000000000e+00    2.7367496218e-04    8.1731849255e-03   -7.7343750000e-01    4.2968750000e-01    0.0000000000e+00    1.2010061122e-04    8.1712568409e-03    1.0000000000e+30    0.0000000000e+00    1.0000000000e+30    0.0000000000e+00    1.0000000000e+30    0.0000000000e+00
  44.8900000    1.3200119850e+00    4.9218750000e-01    5.4687500000e-02    0.0000000000e+00    2.7269093162e-04    8.1750188720e-03   -7.7343750000e-01    4.2968750000e-01    0.0000000000e+00    1.2015437049e-04    8.1730541912e-03    1.0000000000e+30    0.0000000000e+00    1.0000000000e+30    0.0000000000e+00    1.0000000000e+30    0.0000000000e+00
  44.9000000    1.3200119850e+00    4.9218750000e-01    5.4687500000e-02    0.0000000000e+00    2.7171190401e-04    8.1768730332e-03   -7.7343750000e-01    4.2968750000e-01    0.0000000000e+00    1.2020902846e-04    8.1748713841e-03    1.0000000000e+30    0.0000000000e+00    1.0000000000e+30    0.0000000000e+00    1.0000000000e+30    0.0000000000e+00
  44.9100000    1.3200119850e+00    4.9218750000e-01    5.4687500000e-02    0.0000000000e+00    2.7073786742e-04    8.1787474423e-03   -7.7343750000e-01    4.2968750000e-01    0.0000000000e+00    1.2026458172e-04    8.1767084385e-03    1.0000000000e+30    0.0000000000e+00    1.0000000000e+30    0.0000000000e+00    1.0000000000e+30    0.0000000000e+00
  44.9200000    1.3200119850e+00    4.9218750000e-01    5.4687500000e-02    0.0000000000e+00    2.6976880829e-04    8.1806421327e-03   -7.7343750000e-01    4.2968750000e-01    0.0000000000e+00    1.2032102711e-04    8.1785653750e-03    1.0000000000e+30    0.0000000000e+00    1.0000000000e+30    0.0000000000e+00    1.0000000000e+30    0.0000000000e+00
  44.9300000    1.3200119850e+00    4.9218750000e-01    5.4687500000e-02    0.0000000000e+00    2.6880471350e-04    8.1825571362e-03   -7.7343750000e-01    4.2968750000e-01    0.0000000000e+00    1.2037835950e-04    8.1804422155e-03    1.0000000000e+30    0.0000000000e+00    1.0000000000e+30    0.0000000000e+00    1.0000000000e+30    0.0000000000e+00
  44.9400000    1.3200119850e+00    4.9218750000e-01    5.4687500000e-02    0.0000000000e+00    2.6784557240e-04    8.1844924844e-03   -7.7343750000e-01    4.2968750000e-01    0.0000000000e+00    1.2043657319e-04    8.1823389823e-03    1.0000000000e+30    0.0000000000e+00    1.0000000000e+30    0.0000000000e+00    1.0000000000e+30    0.0000000000e+00
  44.9500000    1.3200119850e+00    4.9218750000e-01    5.4687500000e-02    0.0000000000e+00    2.6689137771e-04    8.1864482100e-03   -7.7343750000e-01    4.2968750000e-01    0.0000000000e+00    1.2049566401e-04    8.1842556954e-03    1.0000000000e+30    0.0000000000e+00    1.0000000000e+30    0.0000000000e+00    1.0000000000e+30    0.0000000000e+00
  44.9600000    1.3200119850e+00    4.9218750000e-01    5.4687500000e-02    0.0000000000e+00    2.6594212488e-04    8.1884243470e-03   -7.7343750000e-01    4.2968750000e-01    0.0000000000e+00    1.2055562733e-04    8.1861923735e-03    1.0000000000e+30    0.0000000000e+00    1.0000000000e+30    0.0000000000e+00    1.0000000000e+30    0.0000000000e+00
  44.9700000    1.3200119850e+00    4.9218750000e-01    5.4687500000e-02    0.0000000000e+00    2.6499781083e-04    8.1904209286e-03   -7.7343750000e-01    4.2968750000e-01    0.0000000000e+00    1.2061645580e-04    8.1881490371e-03    1.0000000000e+30    0.0000000000e+00    1.0000000000e+30    0.0000000000e+00    1.0000000000e+30    0.0000000000e+00
  44.9800000    1.3200119850e+00    4.9218750000e-01    5.4687500000e-02    0.0000000000e+00    2.6405843229e-04    8.1924379885e-03   -7.7343750000e-01    4.2968750000e-01    0.0000000000e+00    1.2067814232e-04    8.1901257100e-03    1.0000000000e+30    0.0000000000e+00    1.0000000000e+30    0.0000000000e+00    1.0000000000e+30    0.0000000000e+00
  44.9900000    1.3200119850e+00    4.9218750000e-01    5.4687500000e-02    0.0000000000e+00    2.6312398355e-04    8.1944755614e-03   -7.7343750000e-01    4.2968750000e-01    0.0000000000e+00    1.2074068364e-04    8.1921224162e-03    1.0000000000e+30    0.0000000000e+00    1.0000000000e+30    0.0000000000e+00    1.0000000000e+30    0.0000000000e+00
  45.0000000    1.3200119850e+00    4.9218750000e-01    5.4687500000e-02    0.0000000000e+00    2.6219445402e-04    8.1965336825e-03   -7.7343750000e-01    4.2968750000e-01    0.0000000000e+00    1.2080407710e-04    8.1941391764e-03    1.0000000000e+30    0.0000000000e+00    1.0000000000e+30    0.0000000000e+00    1.0000000000e+30    0.0000000000e+00
  45.0100000    1.3200119850e+00    4.9218750000e-01    5.4687500000e-02    0.0000000000e+00    2.6126982748e-04    8.1986123859e-03   -7.7343750000e-01    4.2968750000e-01    0.0000000000e+00    1.2086831582e-04    8.1961760100e-03    1.0000000000e+30    0.0000000000e+00    1.0000000000e+30    0.0000000000e+00    1.0000000000e+30    0.0000000000e+00
  45.0200000    1.3200119850e+00    4.9218750000e-01    5.4687500000e-02    0.0000000000e+00    2.6035008476e-04    8.2007117056e-03   -7.7343750000e-01    4.2968750000e-01    0.0000000000e+00    1.2093339234e-04    8.1982329399e-03    1.0000000000e+30    0.0000000000e+00    1.0000000000e+30    0.0000000000e+00    1.0000000000e+30    0.0000000000e+00
  45.0300000    1.3200119850e+00    4.9218750000e-01    5.4687500000e-02    0.0000000000e+00    2.5943520862e-04    8.2028316774e-03   -7.7343750000e-01    4.2968750000e-01    0.0000000000e+00    1.2099930457e-04    8.2003099919e-03    1.0000000000e+30    0.0000000000e+00    1.0000000000e+30    0.0000000000e+00    1.0000000000e+30    0.0000000000e+00
  45.0400000    1.3200119850e+00    4.9218750000e-01    5.4687500000e-02    0.0000000000e+00    2.5852518775e-04    8.2049723397e-03   -7.7343750000e-01    4.2968750000e-01    0.0000000000e+00    1.2106605221e-04    8.2024071907e-03    1.0000000000e+30    0.0000000000e+00    1.0000000000e+30    0.0000000000e+00    1.0000000000e+30    0.0000000000e+00
  45.0500000    1.3200119850e+00    4.9218750000e-01    5.4687500000e-02    0.0000000000e+00    2.5762001747e-04    8.2071337302e-03   -7.7343750000e-01    4.2968750000e-01    0.0000000000e+00    1.2113362905e-04    8.2045245587e-03    1.0000000000e+30    0.0000000000e+00    1.0000000000e+30    0.0000000000e+00    1.0000000000e+30    0.0000000000e+00
  45.0600000    1.3200119850e+00    4.9218750000e-01    5.4687500000e-02    0.0000000000e+00    2.5671969711e-04    8.2093158836e-03   -7.7343750000e-01    4.2968750000e-01    0.0000000000e+00    1.2120202552e-04    8.2066621183e-03    1.0000000000e+30    0.0000000000e+00    1.0000000000e+30    0.0000000000e+00    1.0000000000e+30    0.0000000000e+00
  45.0700000    1.3200119850e+00    4.9218750000e-01    5.4687500000e-02    0.0000000000e+00    2.5582422572e-04    8.2115188352e-03   -7.7343750000e-01    4.2968750000e-01    0.0000000000e+00    1.2127123659e-04    8.2088198952e-03    1.0000000000e+30    0.0000000000e+00    1.0000000000e+30    0.0000000000e+00    1.0000000000e+30    0.0000000000e+00
  45.0800000    1.3200119850e+00    4.9218750000e-01    5.4687500000e-02    0.0000000000e+00    2.5493359806e-04    8.2137426229e-03   -7.7343750000e-01    4.2968750000e-01    0.0000000000e+00    1.2134126027e-04    8.2109979162e-03    1.0000000000e+30    0.0000000000e+00    1.0000000000e+30    0.0000000000e+00    1.0000000000e+30    0.0000000000e+00
  45.0900000    1.3245355908e+00    4.9218750000e-01    5.4687500000e-02    0.0000000000e+00    2.5404780264e-04    8.2159872858e-03   -7.7343750000e-01    4.4531250000e-01    0.0000000000e+00    1.2137085422e-04    8.2131962069e-03    1.0000000000e+30    0.0000000000e+00    1.0000000000e+30    0.0000000000e+00    1.0000000000e+30    0.0000000000e+00
  45.1000000    1.3245355908e+00    4.9218750000e-01    5.4687500000e-02    0.0000000000e+00    2.5316682306e-04    8.2182528607e-03   -7.7343750000e-01    4.4531250000e-01    0.0000000000e+00    1.2139824801e-04    8.2154147935e-03    1.0000000000e+30    0.0000000000e+00    1.0000000000e+30    0.0000000000e+00    1.0000000000e+30    0.0000000000e+00
  45.1100000    1.3245355908e+00    4.9218750000e-01    5.4687500000e-02    0.0000000000e+00    2.5229064218e-04    8.2205393827e-03   -7.7343750000e-01    4.4531250000e-01    0.0000000000e+00    1.2142652134e-04    8.2176537056e-03    1.0000000000e+30    0.0000000000e+00    1.0000000000e+30    0.0000000000e+00    1.0000000000e+30    0.0000000000e+00
  45.1200000    1.3245355908e+00    4.9218750000e-01    5.4687500000e-02    0.0000000000e+00    2.5141924690e-04    8.2228468878e-03   -7.7343750000e-01    4.4531250000e-01    0.0000000000e+00    1.2145567185e-04    8.2199129743e-03    1.0000000000e+30    0.0000000000e+00    1.0000000000e+30    0.0000000000e+00    1.0000000000e+30    0.0000000000e+00
  45.1300000    1.3245355908e+00    4.9218750000e-01    5.4687500000e-02    0.0000000000e+00    2.5055263074e-04    8.2251754145e-03   -7.7343750000e-01    4.4531250000e-01    0.0000000000e+00    1.2148569176e-04    8.2221926286e-03    1.0000000000e+30    0.0000000000e+00    1.0000000000e+30    0.0000000000e+00    1.0000000000e+30    0.0000000000e+00
  45.1400000    1.3245355908e+00    4.9218750000e-01    5.4687500000e-02    0.0000000000e+00    2.4969079298e-04    8.2275250030e-03   -7.7343750000e-01    4.4531250000e-01    0.0000000000e+00    1.2151657504e-04    8.2244926946e-03    1.0000000000e+30    0.0000000000e+00    1.0000000000e+30    0.0000000000e+00    1.0000000000e+30    0.0000000000e+00
  45.1500000    1.3245355908e+00    4.9218750000e-01    5.4687500000e-02    0.0000000000e+00    2.4883373467e-04    8.2298956937e-03   -7.7343750000e-01    4.4531250000e-01    0.0000000000e+00    1.2154831871e-04    8.2268131985e-03    1.0000000000e+30    0.0000000000e+00    1.0000000000e+30    0.0000000000e+00    1.0000000000e+30    0.0000000000e+00
  45.1600000    1.3245355908e+00    4.9218750000e-01    5.4687500000e-02    0.0000000000e+00    2.4798145342e-04    8.2322875273e-03   -7.7343750000e-01    4.4531250000e-01    0.0000000000e+00    1.2158091893e-04    8.2291541697e-03    1.0000000000e+30    0.0000000000e+00    1.0000000000e+30    0.0000000000e+00    1.0000000000e+30    0.0000000000e+00
  45.1700000    1.3245355908e+00    4.9218750000e-01    5.4687500000e-02    0.0000000000e+00    2.4713393976e-04    8.2347005447e-03   -7.7343750000e-01    4.4531250000e-01    0.0000000000e+00    1.2161437212e-04    8.2315156401e-03    1.0000000000e+30    0.0000000000e+00    1.0000000000e+30    0.0000000000e+00    1.0000000000e+30    0.0000000000e+00
  45.1800000    1.3245355908e+00    4.9218750000e-01    5.4687500000e-02    0.0000000000e+00    2.4629117709e-04    8.2371347883e-03   -7.7343750000e-01    4.4531250000e-01    0.0000000000e+00    1.2164867697e-04    8.2338976413e-03    1.0000000000e+30    0.0000000000e+00    1.0000000000e+30    0.0000000000e+00    1.0000000000e+30    0.0000000000e+00
  45.1900000    1.3245355908e+00    4.9218750000e-01    5.4687500000e-02    0.0000000000e+00    2.4545314541e-04    8.2395903013e-03   -7.7343750000e-01    4.4531250000e-01    0.0000000000e+00    1.2168383047e-04    8.2363002039e-03    1.0000000000e+30    0.0000000000e+00    1.0000000000e+30    0.0000000000e+00    1.0000000000e+30    0.0000000000e+00
  45.2000000    1.3245355908e+00    4.9218750000e-01    5.4687500000e-02    0.0000000000e+00    2.4461982645e-04    8.2420671273e-03   -7.7343750000e-01    4.4531250000e-01    0.0000000000e+00    1.2171982677e-04    8.2387233582e-03    1.0000000000e+30    0.0000000000e+00    1.0000000000e+30    0.0000000000e+00    1.0000000000e+30    0.0000000000e+00
  45.2100000    1.3245355908e+00    4.9218750000e-01    5.4687500000e-02    0.0000000000e+00    2.4379120739e-04    8.2445653088e-03   -7.7343750000e-01    4.4531250000e-01    0.0000000000e+00    1.2175666366e-04    8.2411671370e-03    1.0000000000e+30    0.0000000000e+00    1.0000000000e+30    0.0000000000e+00    1.0000000000e+30    0.0000000000e+00
  45.2200000    1.3245355908e+00    4.9218750000e-01    5.4687500000e-02    0.0000000000e+00    2.4296728181e-04    8.2470848870e-03   -7.7343750000e-01    4.4531250000e-01    0.0000000000e+00    1.2179434327e-04    8.2436315768e-03    1.0000000000e+30    0.0000000000e+00    1.0000000000e+30    0.0000000000e+00    1.0000000000e+30    0.0000000000e+00
  45.2300000    1.3245355908e+00    4.9218750000e-01    5.4687500000e-02    0.0000000000e+00    2.4214804758e-04    8.2496259038e-03   -7.7343750000e-01    4.4531250000e-01    0.0000000000e+00    1.2183286347e-04    8.2461167158e-03    1.0000000000e+30    0.0000000000e+00    1.0000000000e+30    0.0000000000e+00    1.0000000000e+30    0.0000000000e+00
  45.2400000    1.3245355908e+00    4.9218750000e-01    5.4687500000e-02    0.0000000000e+00    2.4133350260e-04    8.2521884031e-03   -7.7343750000e-01    4.4531250000e-01    0.0000000000e+00    1.2187221614e-04    8.2486225907e-03    1.0000000000e+30    0.0000000000e+00    1.0000000000e+30    0.0000000000e+00    1.0000000000e+30    0.0000000000e+00
  45.2500000    1.3245355908e+00    4.9218750000e-01    5.4687500000e-02    0.0000000000e+00    2.4052364029e-04    8.2547724299e-03   -7.7343750000e-01    4.4531250000e-01    0.0000000000e+00    1.2191239608e-04    8.2511492360e-03    1.0000000000e+30    0.0000000000e+00    1.0000000000e+30    0.0000000000e+00    1.0000000000e+30    0.0000000000e+00
  45.2600000    1.3245355908e+00    4.9218750000e-01    5.4687500000e-02    0.0000000000e+00    2.3971844783e-04    8.2573780295e-03   -7.7343750000e-01    4.4531250000e-01    0.0000000000e+00    1.2195340382e-04    8.2536966872e-03    1.0000000000e+30    0.0000000000e+00    1.0000000000e+30    0.0000000000e+00    1.0000000000e+30    0.0000000000e+00
  45.2700000    1.3245355908e+00    4.9218750000e-01    5.4687500000e-02    0.0000000000e+00    2.3891790849e-04    8.2600052471e-03   -7.7343750000e-01    4.4531250000e-01    0.0000000000e+00    1.2199523840e-04    8.2562649834e-03    1.0000000000e+30    0.0000000000e+00    1.0000000000e+30    0.0000000000e+00    1.0000000000e+30    0.0000000000e+00
