  40.0100000    8.9906871201e-07    3.2609127635e-06   -3.7288012616e-06   -4.3448028940e-06    2.4244518388e-07   -1.1119049657e-06    1.1991542151e-06    3.0596667113e-07
  40.0200000    7.7798236391e-07    2.9135427834e-06   -3.2534865507e-06   -4.5629238850e-06    1.8797445721e-07   -1.1036494492e-06    1.0974026340e-06    5.3690715347e-07
  40.0300000    6.7156720285e-07    2.5532438752e-06   -2.8063555664e-06   -4.7514259916e-06    1.3229611400e-07   -1.0889713768e-06    9.9010653768e-07    7.6594693084e-07
  40.0400000    5.8394246937e-07    2.1824953774e-06   -2.3948805202e-06   -4.9067924536e-06    7.5819480250e-08   -1.0680589609e-06    8.7782073304e-07    9.9175957067e-07
  40.0500000    5.1839406498e-07    1.8040891604e-06   -2.0260235059e-06   -5.0260043428e-06    1.8957299881e-08   -1.0411391863e-06    7.6112244416e-07    1.2130306801e-06
  40.0600000    4.7724702766e-07    1.4210602242e-06   -1.7061258040e-06   -5.1065750250e-06   -3.7876936983e-08   -1.0084762370e-06    6.4060821882e-07    1.4284656190e-06
  40.0700000    4.6177193876e-07    1.0366300502e-06   -1.4408012009e-06   -5.1466009955e-06   -9.4271619208e-08   -9.7036931542e-07    5.1689079426e-07    1.6367971464e-06
  40.0800000    4.7213025097e-07    6.5416394265e-07   -1.2348407671e-06   -5.1448034501e-06   -1.4981961765e-07   -9.2715022544e-07    3.9059591035e-07    1.8367929408e-06
  40.0900000    1.0267222181e-06   -1.7190765099e-07   -1.0921310519e-06   -5.1005598883e-06   -2.0412085469e-07   -8.7918074912e-07    2.6235909045e-07    2.0272629377e-06
  40.1000000    9.3516069769e-07   -4.9503387840e-07   -1.0155868871e-06   -5.0139251976e-06   -2.5678482322e-07   -8.2684983896e-07    1.3282239641e-07    2.2070664725e-06
  40.1100000    8.5350836020e-07   -8.0815323633e-07   -1.0071000053e-06   -4.8856415569e-06   -3.0743302748e-07   -7.7057066320e-07    2.6312205586e-09    2.3751191552e-06
  40.1200000    7.8207452669e-07   -1.1068421353e-06   -1.0675044426e-06   -4.7171368782e-06   -3.5570134523e-07   -7.1077747199e-07   -1.2756895141e-07    2.5303994482e-06
  40.1300000    7.2077931681e-07   -1.3864411497e-06   -1.1965592771e-06   -4.5105116628e-06   -4.0124229391e-07   -6.4792237177e-07   -2.5713569033e-07    2.6719549070e-06
  40.1400000    6.6918573170e-07   -1.6421675080e-06   -1.3929490742e-06   -4.2685141756e-06   -4.4372719223e-07   -5.8247199655e-07   -3.8543278094e-07    2.7989080561e-06
  40.1500000    6.2654041891e-07   -1.8692347607e-06   -1.6543019778e-06   -3.9945043559e-06   -4.8284818216e-07   -5.1490409676e-07   -5.1183326509e-07    2.9104618035e-06
  40.1600000    5.9182143596e-07   -2.0629768845e-06   -1.9772252550e-06   -3.6924067123e-06   -5.1832012868e-07   -4.4570408615e-07   -6.3572243919e-07    3.0059044896e-06
  40.1700000    1.2016550463e-06   -2.2471288201e-06   -2.3226265810e-06   -3.5141061710e-06   -5.4988380375e-07   -3.7534738661e-07   -7.5650074490e-07    3.0846143730e-06
  40.1800000    1.0963181811e-06   -2.3618258075e-06   -2.7588555710e-06   -3.1781783120e-06   -5.7730220355e-07   -3.0433905682e-07   -8.7358656899e-07    3.1460636645e-06
  40.1900000    9.9224319460e-07   -2.4308923670e-06   -3.2392201836e-06   -2.8291248992e-06   -6.0036822171e-07   -2.3316675699e-07   -9.8641890404e-07    3.1898219970e-06
  40.2000000    8.8903174580e-07   -2.4513522171e-06   -3.7570897816e-06   -2.4724146262e-06   -6.1890349184e-07   -1.6231207620e-07   -1.0944599258e-06    3.2155593631e-06
  40.2100000    7.8641435766e-07   -2.4209407698e-06   -4.3051914024e-06   -2.1136881241e-06   -6.3275949704e-07   -9.2247125965e-08   -1.1971973744e-06    3.2230484340e-06
  40.2200000    6.8423864284e-07   -2.3381985802e-06   -4.8758018144e-06   -1.7586486943e-06   -6.4181846183e-07   -2.3431280288e-08   -1.2941468644e-06    3.2121663378e-06
  40.2300000    5.8250154385e-07   -2.2025491611e-06   -5.4608651998e-06   -1.4129636500e-06   -6.4599403752e-07    4.3691921172e-08   -1.3848539571e-06    3.1828957988e-06
  40.2400000    4.8137425701e-07   -2.0143605066e-06   -6.0521178872e-06   -1.0821645774e-06   -6.4523182145e-07    1.0869775953e-07   -1.4688961444e-06    3.1353256724e-06
  40.2500000    3.8122057353e-07   -1.7749882729e-06   -6.6412158958e-06   -7.7154890842e-07   -6.3950965858e-07    1.7118315455e-07   -1.5458846290e-06    3.0696508541e-06
  40.2600000    2.8260724368e-07   -1.4867994945e-06   -7.2198630494e-06   -4.8608455310e-07   -6.2883773219e-07    2.3076929642e-07   -1.6154659210e-06    2.9861715798e-06
  40.2700000    1.8630623572e-07   -1.1531757137e-06   -7.7799378758e-06   -2.3031957467e-07   -6.1325848233e-07    2.8710408636e-07   -1.6773232897e-06    2.8852920943e-06
  40.2800000    9.3288640739e-08   -7.7849499331e-07   -8.3136171489e-06   -8.2984458641e-09   -5.9284630715e-07    3.3986436554e-07   -1.7311780100e-06    2.7675187014e-06
  40.2900000    4.7103237211e-09   -3.6809274407e-07   -8.8134939156e-06    1.7651353728e-07   -5.6770706950e-07    3.8875791276e-07   -1.7767904191e-06    2.6334572218e-06
  40.3000000   -7.8110440904e-08    7.1798450461e-08   -9.2726885967e-06    3.2129586211e-07   -5.3797742086e-07    4.3352519674e-07   -1.8139608047e-06    2.4838098468e-06
  40.3100000   -1.5372275042e-07    5.3412928629e-07   -9.6849510656e-06    4.2392744620e-07   -5.0382392068e-07    4.7394088272e-07   -1.8425300923e-06    2.3193714303e-06
  40.3200000   -2.2057962942e-07    1.0111327400e-06   -1.0044752261e-05    4.8302896720e-07   -4.6544197412e-07    5.0981507680e-07   -1.8623803383e-06    2.1410252001e-06
  40.3300000   -2.7708029160e-07    1.4944411004e-06   -1.0347363908e-05    4.9799195603e-07   -4.2305461302e-07    5.4099430363e-07   -1.8734350501e-06    1.9497379654e-06
  40.3400000   -3.2161703725e-07    1.9752183397e-06   -1.0588925046e-05    4.6899420845e-07   -3.7691108642e-07    5.6736219621e-07   -1.8756592923e-06    1.7465547979e-06
  40.3500000   -3.5262551385e-07    2.4443055595e-06   -1.0766494585e-05    3.9700069740e-07   -3.2728529145e-07    5.8883991895e-07   -1.8690596393e-06    1.5325932352e-06
  40.3600000   -3.6863693511e-07    2.8923773746e-06   -1.0878088936e-05    2.8375002394e-07   -2.7447406557e-07    6.0538633193e-07   -1.8536839192e-06    1.3090370734e-06
  40.3700000   -3.6833088240e-07    3.3101060493e-06   -1.0922704274e-05    1.3172645272e-07   -2.1879533878e-07    6.1699782637e-07   -1.8296207851e-06    1.0771296901e-06
  40.3800000   -3.5058702880e-07    3.6883305144e-06   -1.0900323176e-05   -5.5882165650e-08   -1.6058613576e-07    6.2370794138e-07   -1.7969991089e-06    8.3816706493e-07
  40.3900000   -3.1453440877e-07    4.0182270119e-06   -1.0811905549e-05   -2.7523981302e-07   -1.0020049361e-07    6.2558666063e-07   -1.7559872041e-06    5.9349041606e-07
  40.4000000   -2.5959668444e-07    4.2914782682e-06   -1.0659364209e-05   -5.2193033984e-07   -3.8007250039e-08    6.2273948915e-07   -1.7067918759e-06    3.4447858209e-07
  40.4100000   -1.8553195681e-07    4.5004379060e-06   -1.0445525481e-05   -7.9103680337e-07    2.5612243713e-08    6.1530624060e-07   -1.6496573168e-06    9.2540144735e-08
  40.4200000   -9.2465864749e-08    4.6382867652e-06   -1.0174075545e-05   -1.0772309659e-06    9.0266497262e-08    6.0345959350e-07   -1.5848638490e-06   -1.6089463402e-07
  40.4300000    1.9083052015e-08    4.6991782795e-06   -9.8494935525e-06   -1.3748710579e-06    1.5555630512e-07    5.8740341929e-07   -1.5127264934e-06   -4.1438205373e-07
  40.4400000    1.4818689729e-07    4.6783697038e-06   -9.4769726183e-06   -1.6781063125e-06    2.2107722934e-07    5.6737088386e-07   -1.4335934282e-06   -6.6647327692e-07
  40.4500000    2.9350126460e-07    4.5723368693e-06   -9.0623298537e-06   -1.9809863373e-06    2.8642209500e-07    5.4362233811e-07   -1.3478443000e-06   -9.1572272393e-07
  40.4600000    4.5326891901e-07    4.3788697735e-06   -8.6119072943e-06   -2.2775732180e-06    3.5118353293e-07    5.1644303979e-07   -1.2558883929e-06   -1.1606964603e-06
  40.4700000    6.2533267012e-07    4.0971467835e-06   -8.1324651845e-06   -2.5620541595e-06    4.1495649147e-07    4.8614069029e-07   -1.1581627076e-06   -1.3999805085e-06
  40.4800000    8.0715956088e-07    3.7277862198e-06   -7.6310693789e-06   -2.8288527781e-06    4.7734075052e-07    4.5304282768e-07   -1.0551298958e-06   -1.6321891210e-06
  40.4900000    9.9587497183e-07    3.2728735312e-06   -7.1149746290e-06   -3.0727366130e-06    5.3794341227e-07    4.1749409090e-07   -9.4727612643e-07   -1.8559728671e-06
  40.5000000    1.1883064114e-06    2.7359634252e-06   -6.5915058966e-06   -3.2889191937e-06    5.9638131944e-07    3.7985336339e-07   -8.3510883567e-07   -2.0700265489e-06
  40.5100000    1.3810362180e-06    2.1220565898e-06   -6.0679393728e-06   -3.4731541656e-06    6.5228345164e-07    3.4049085384e-07   -7.1915440136e-07   -2.2730968665e-06
  40.5200000    1.5704623455e-06    1.4375506807e-06   -5.5513853270e-06   -3.6218199015e-06    7.0529321400e-07    2.9978507960e-07   -5.9995574195e-07   -2.4639898193e-06
  40.5300000    1.7528657793e-06    6.9016656583e-07   -5.0486745478e-06   -3.7319928855e-06    7.5507066008e-07    2.5811983857e-07   -4.7806985070e-07   -2.6415777511e-06
  40.5400000    1.9244834746e-06   -1.1114969753e-07   -4.5662502691e-06   -3.8015081090e-06    8.0129459927e-07    2.1588114674e-07   -3.5406528201e-07   -2.8048060497e-06
  40.5500000    2.0815850376e-06   -9.5634744228e-07   -4.1100673119e-06   -3.8290054490e-06    8.4366459582e-07    1.7345417065e-07   -2.2851957245e-07   -2.9526994294e-06
  40.5600000    2.2205516519e-06   -1.8344128204e-06   -3.6855000507e-06   -3.8139607717e-06    8.8190283946e-07    1.3122020447e-07   -1.0201665872e-07   -3.0843677513e-06
  40.5700000    2.3379553743e-06   -2.7335289275e-06   -3.2972606120e-06   -3.7567012876e-06    9.1575588765e-07    8.9553688416e-08    2.4855763884e-08   -3.1990113827e-06
  40.5800000    2.4306369684e-06   -3.6412520047e-06   -2.9493286183e-06   -3.6584041767e-06    9.4499623746e-07    4.8819293999e-08    1.5150886674e-07   -3.2959260199e-06
  40.5900000    2.4957807422e-06   -4.5447009082e-06   -2.6448937230e-06   -3.5210791325e-06    9.6942375284e-07    9.3691102528e-09    2.7735534337e-07   -3.3745069815e-06
  40.6000000    2.5309842139e-06   -5.4307567780e-06   -2.3863114971e-06   -3.3475341926e-06    9.8886693035e-07   -2.8460071889e-08    4.0181203954e-07   -3.4342529286e-06
  40.6100000    2.5343210794e-06   -6.2862694601e-06   -2.1750737631e-06   -3.1413258396e-06    1.0031839841e-06   -6.4349313076e-08    5.2430257256e-07   -3.4747689744e-06
  40.6200000    2.5043958818e-06   -7.0982673047e-06   -2.0117933259e-06   -2.9066939000e-06    1.0122637362e-06   -9.7999962125e-08    6.4425993233e-07   -3.4957691996e-06
  40.6300000    2.4403890420e-06   -7.8541669526e-06   -1.8962038160e-06   -2.6484824261e-06    1.0160263403e-06   -1.2913589510e-07    7.6112902925e-07   -3.4970785357e-06
  40.6400000    2.3420908906e-06   -8.5419792787e-06   -1.8271741419e-06   -2.3720482114e-06    1.0144238124e-06   -1.5750559066e-07    8.7436921330e-07   -3.4786339941e-06
  40.6500000    2.2099237669e-06   -9.1505082100e-06   -1.8027376070e-06   -2.0831580788e-06    1.0074403407e-06   -1.8288397901e-07    9.8345672412e-07   -3.4404852598e-06
  40.6600000    2.0449513487e-06   -9.6695389164e-06   -1.8201349895e-06   -1.7878771653e-06    9.9509243638e-07   -2.0507410897e-07    1.0878870728e-06   -3.3827946202e-06
  40.6700000    1.8488748717e-06   -1.0090012166e-05   -1.8758708307e-06   -1.4924502192e-06    9.7742886420e-07   -2.2390854717e-07    1.1871773579e-06   -3.3058362570e-06
  40.6800000    1.6240161024e-06   -1.0404181927e-05   -1.9657820502e-06   -1.2031781155e-06    9.5453037390e-07   -2.3925059287e-07    1.2808684752e-06   -3.2099948604e-06
  40.6900000    1.3732864005e-06   -1.0605753186e-05   -2.0851177071e-06   -9.2629183868e-07    9.2650924988e-07   -2.5099520506e-07    1.3685272603e-06   -3.0957636333e-06
  40.7000000    1.1001432990e-06   -1.0689997902e-05   -2.2286285497e-06   -6.6782650036e-07    8.9350865672e-07   -2.5906969794e-07    1.4497484915e-06   -2.9637416264e-06
  40.7100000    8.0853473710e-07   -1.0653846795e-05   -2.3906647607e-06   -4.3349786991e-07    8.5570180033e-07   -2.6343418147e-07    1.5241568064e-06   -2.8146304881e-06
  40.7200000    5.0283182584e-07   -1.0495955459e-05   -2.5652803890e-06   -2.2858375972e-07    8.1329091012e-07   -2.6408174473e-07    1.5914084793e-06   -2.6492305935e-06
  40.7300000    1.8775159867e-07   -1.0216743448e-05   -2.7463426686e-06   -5.7812664805e-08    7.6650603243e-07   -2.6103837745e-07    1.6511930784e-06   -2.4684366110e-06
  40.7400000   -1.3172917543e-07   -9.8184058687e-06   -2.9276442516e-06    7.4738049073e-08    7.1560366705e-07   -2.5436263563e-07    1.7032349608e-06   -2.2732325031e-06
  40.7500000   -4.5046702432e-07   -9.3048966520e-06   -3.1030167750e-06    1.6573241423e-07    6.6086522502e-07   -2.4414505441e-07    1.7472946633e-06   -2.0646860235e-06
  40.7600000   -7.6325016796e-07   -8.6818840135e-06   -3.2664435060e-06    2.1265250072e-07    6.0259536462e-07   -2.3050731910e-07    1.7831700882e-06   -1.8439427010e-06
  40.7700000   -1.0649000885e-06   -7.9566785746e-06   -3.4121693925e-06    2.1385987527e-07    5.4112013847e-07   -2.1360117359e-07    1.8106975687e-06   -1.6122193829e-06
  40.7800000   -1.3503745432e-06   -7.1381354433e-06   -3.5348064959e-06    1.6864063288e-07    4.7678506020e-07   -1.9360711954e-07    1.8297527496e-06   -1.3707973646e-06
  40.7900000   -1.6148694966e-06   -6.2365313134e-06   -3.6294331407e-06    7.7232592754e-08    4.0995302059e-07   -1.7073287976e-07    1.8402512854e-06   -1.1210151166e-06
  40.8000000   -1.8539183159e-06   -5.2634188660e-06   -3.6916850868e-06   -5.9165833324e-08    3.4100209575e-07   -1.4521166667e-07    1.8421493910e-06   -8.6426070538e-07
  40.8100000   -2.0634858540e-06   -4.2314605997e-06   -3.7178369717e-06   -2.3840557883e-07    2.7032330053e-07   -1.1730021958e-07    1.8354441901e-06   -6.0196389856e-07
  40.8200000   -2.2400555872e-06   -3.1542447558e-06   -3.7048728156e-06   -4.5741572996e-07    1.9831820261e-07   -8.7276700567e-08    1.8201738650e-06   -3.3558804287e-07
  40.8300000   -2.3807079212e-06   -2.0460861595e-06   -3.6505441235e-06   -7.1225108863e-07    1.2539653400e-07   -5.5438396600e-08    1.7964176525e-06   -6.6621725699e-08
  40.8400000   -2.4831879370e-06   -9.2181541144e-07   -3.5534153240e-06   -9.9815675255e-07    5.1973707187e-08   -2.2099281770e-08    1.7642956329e-06    2.0342969522e-07
  40.8500000   -2.5459610954e-06    2.0344076275e-07   -3.4128940845e-06   -1.3096505611e-06   -2.1531677604e-08    1.2412539062e-08    1.7239683165e-06    4.7305267620e-07
  40.8600000   -2.5682558072e-06    1.3144840409e-06   -3.2292475637e-06   -1.6406202729e-06   -9.4700347180e-08    4.7757512426e-08    1.6756360493e-06    7.4073411596e-07
  40.8700000   -2.5500916717e-06    2.3962705249e-06   -3.0036032757e-06   -1.9844347432e-06   -1.6711489104e-07    8.3587410279e-08    1.6195382242e-06    1.0049699828e-06
  40.8800000   -2.4922927266e-06    3.4341347330e-06   -2.7379348387e-06   -2.3340668396e-06   -2.3836225909e-07    1.1954814200e-07    1.5559523130e-06    1.2642739059e-06
  40.8900000   -2.3964855095e-06    4.4140080055e-06   -2.4350327454e-06   -2.6822257506e-06   -3.0803624568e-07    1.5528266102e-07    1.4851926905e-06    1.5171856293e-06
  40.9000000   -2.2650815624e-06    5.3226278174e-06   -2.0984604094e-06   -3.0214963664e-06   -3.7573993348e-07    1.9043384979e-07    1.4076092807e-06    1.7622793670e-06
  40.9100000   -2.1012446464e-06    6.1477348233e-06   -1.7324961932e-06   -3.3444831884e-06   -4.4108807782e-07    2.2464744063e-07    1.3235860283e-06    1.9981719219e-06
  40.9200000   -1.9088432345e-06    6.8782545176e-06   -1.3420624124e-06   -3.6439558748e-06   -5.0370941067e-07    2.5757490450e-07    1.2335391747e-06    2.2235305712e-06
  40.9300000   -1.6923891237e-06    7.5044607030e-06   -9.3264212330e-07   -3.9129938180e-06   -5.6324886250e-07    2.8887629309e-07    1.1379154006e-06    2.4370806636e-06
  40.9400000   -1.4569631681e-06    8.0181181735e-06   -5.1018538172e-07   -4.1451268343e-06   -6.1936969335e-07    3.1822304347e-07    1.0371897381e-06    2.6376128815e-06
  40.9500000   -1.2081296259e-06    8.4126026556e-06   -8.1006466786e-08   -4.3344689829e-06   -6.7175550091e-07    3.4530065948e-07    9.3186341426e-07    2.8239901193e-06
  40.9600000   -9.5184023053e-07    8.6829957101e-06    3.4832665326e-07   -4.4758434418e-06   -7.2011209364e-07    3.6981133197e-07    8.2246145810e-07    2.9951539603e-06
  40.9700000   -6.9433041410e-07    8.8261537840e-06    7.7110872423e-07   -4.5648956553e-06   -7.6416925795e-07    3.9147640824e-07    7.0953023013e-07    3.1501306725e-06
  40.9800000   -4.4200948053e-07    8.8407501330e-06    1.1806166837e-06   -4.5981917507e-06   -8.0368234856e-07    4.1003872140e-07    5.9363480301e-07    3.2880367493e-06
  40.9900000   -2.0134649619e-07    8.7272889749e-06    1.5702314176e-06   -4.5733012928e-06   -8.3843372976e-07    4.2526477368e-07    4.7535622058e-07    3.4080839055e-06
  41.0000000    2.1246046790e-08    8.4880919112e-06    1.9335590153e-06   -4.4888618916e-06   -8.6823405973e-07    4.3694673080e-07    3.5528864946e-07    3.5095835439e-06
  41.0100000    2.1952796715e-07    8.1272567626e-06    2.2645494703e-06   -4.3446243115e-06   -8.9292339586e-07    4.4490423774e-07    2.3403646292e-07    3.5919506223e-06
  41.0200000    3.8754507554e-07    7.6505897878e-06    2.5576113559e-06   -4.1414773509e-06   -9.1237211279e-07    4.4898600180e-07    1.1221121713e-07    3.6547069592e-06
  41.0300000    5.1973824046e-07    7.0655122898e-06    2.8077193827e-06   -3.8814509952e-06   -9.2648164431e-07    4.4907119364e-07   -9.5714372447e-09    3.6974839025e-06
  41.0400000    6.1104601657e-07    6.3809432450e-06    3.0105138882e-06   -3.5676982862e-06   -9.3518503926e-07    4.4507060173e-07   -1.3069484809e-07    3.7200243731e-06
  41.0500000    6.5699881929e-07    5.6071598007e-06    3.1623902302e-06   -3.2044559637e-06   -9.3844730786e-07    4.3692753805e-07   -2.5054455028e-07    3.7221842738e-06
  41.0600000    6.5380303153e-07    4.7556379046e-06    3.2605757813e-06   -2.7969835375e-06   -9.3626559652e-07    4.2461852467e-07   -3.6851143803e-07    3.7039332586e-06
  41.0700000    5.9841298094e-07    3.8388762534e-06    3.3031939126e-06   -2.3514826402e-06   -9.2866914199e-07    4.0815371315e-07   -4.8399492731e-07    3.6653548412e-06
  41.0800000    4.8859067829e-07    2.8702050013e-06    3.2893134880e-06   -1.8749978021e-06   -9.1571905725e-07    3.8757705314e-07   -5.9640614395e-07    3.6066458597e-06
  41.0900000    3.2295079372e-07    1.8635836009e-06    3.2189826380e-06   -1.3752999007e-06   -8.9750789098e-07    3.6296620746e-07   -7.0517104195e-07    3.5281153002e-06
  41.1000000    1.0099115996e-07    8.3339017534e-07    3.0932460311e-06   -8.6075463853e-07   -8.7415903936e-07    3.3443221559e-07   -8.0973348154e-07    3.4301824751e-06
  41.1100000   -1.7689230571e-07   -2.0579361506e-07    2.9141451982e-06   -3.4017830514e-07   -8.4582593359e-07    3.0211889092e-07   -9.0955825872e-07    3.3133745792e-06
  41.1200000   -5.0940655900e-07   -1.2393998410e-06    2.6847017855e-06    1.7731671138e-07   -8.1269107468e-07    2.6620198367e-07   -1.0041340384e-06    3.1783236536e-06
  41.1300000   -8.9437719630e-07   -2.2530891602e-06    2.4088836243e-06    6.8248365076e-07   -7.7496487099e-07    2.2688808981e-07   -1.0929761741e-06    3.0257629305e-06
  41.1400000   -1.3287798214e-06   -3.2329608767e-06    2.0915540208e-06    1.1661075390e-06   -7.3288432448e-07    1.8441332971e-07   -1.1756294410e-06    2.8565226263e-06
  41.1500000   -1.8087861095e-06   -4.1657545736e-06    1.7384050130e-06    1.6191727164e-06   -6.8671155712e-07    1.3904178826e-07   -1.2516706096e-06    2.6715251962e-06
  41.1600000   -2.3298235044e-06   -5.0390404028e-06    1.3558754049e-06    2.0330284988e-06   -6.3673218329e-07    9.1063760914e-08   -1.3207108833e-06    2.4717800682e-06
  41.1700000   -2.8866471673e-06   -5.8413951783e-06    9.5105472986e-07    2.3995498823e-06   -5.8325355022e-07    4.0793766819e-08   -1.3823981666e-06    2.2583778774e-06
  41.1800000   -3.4734234636e-06   -6.5625616089e-06    5.3157467016e-07    2.7112902268e-06   -5.2660284455e-07   -1.1431606575e-08   -1.4364191649e-06    2.0324843009e-06
  41.1900000   -4.0838230477e-06   -7.1935883330e-06    1.0548962467e-07    2.9616232004e-06   -4.6712508802e-07   -6.5256046341e-08   -1.4825012753e-06    1.7953334146e-06
  41.2000000   -4.7111217067e-06   -7.7269487782e-06   -3.1885181494e-07    3.1448710343e-06   -4.0518103458e-07   -1.2030600121e-07   -1.5204142778e-06    1.5482207402e-06
  41.2100000   -5.3483075775e-06   -8.1566372982e-06   -7.3294212882e-07    3.2564164316e-06   -3.4114496724e-07   -1.7619332831e-07   -1.5499718150e-06    1.2924959140e-06
  41.2200000   -5.9881927332e-06   -8.4782410899e-06   -1.1282551710e-06    3.2927965164e-06   -2.7540243441e-07   -2.3251804388e-07   -1.5710326420e-06    1.0295550924e-06
  41.2300000   -6.6235271672e-06   -8.6889869149e-06   -1.4963888586e-06    3.2517763826e-06   -2.0834791440e-07   -2.8887118658e-07   -1.5835016244e-06    7.6083310948e-07
  41.2400000   -7.2471122935e-06   -8.7877625157e-06   -1.8292076144e-06    3.1324008816e-06   -1.4038243227e-07   -3.4483776328e-07   -1.5873305034e-06    4.8779542757e-07
  41.2500000   -7.8519141383e-06   -8.7751125585e-06   -2.1189826639e-06    2.9350236467e-06   -7.1911162466e-08   -3.9999975020e-07   -1.5825184117e-06    2.1192993550e-07
  41.2600000   -8.4311723412e-06   -8.6532090173e-06   -2.3585275052e-06    2.6613126897e-06   -3.3409903665e-09   -4.5393912692e-07   -1.5691120907e-06   -6.5261342502e-08
  41.2700000   -8.9785041243e-06   -8.4257970214e-06   -2.5413261709e-06    2.3142322370e-06    6.4921906667e-08   -5.0624094984e-07   -1.5472059103e-06   -3.4227061412e-07
  41.2800000   -9.4880013032e-06   -8.0981171923e-06   -2.6616518776e-06    1.8980006391e-06    1.3247448572e-07   -5.5649639690e-07   -1.5169415468e-06   -6.1759268937e-07
  41.2900000   -9.9543188973e-06   -7.6768059333e-06   -2.7146751614e-06    1.4180266145e-06    1.9891920276e-07   -6.0430579513e-07   -1.4785074534e-06   -8.8973330660e-07
  41.3000000   -1.0372754190e-05   -7.1697752145e-06   -2.6965572644e-06    8.8082268481e-07    2.6386637789e-07   -6.4928160159e-07   -1.4321380148e-06   -1.1572173899e-06
  41.3100000   -1.0739314243e-05   -6.5860747060e-06   -2.6045289374e-06    2.9389850703e-07    3.2693646941e-07   -6.9105131663e-07   -1.3781124617e-06   -1.4185971433e-06
  41.3200000   -1.1050772026e-05   -5.9357377501e-06   -2.4369522610e-06   -3.3436404537e-07    3.8776228485e-07   -7.2926029270e-07   -1.3167535168e-06   -1.6724600159e-06
  41.3300000   -1.1304709718e-05   -5.2296141545e-06   -2.1933644395e-06   -9.9485196262e-07    4.4599112210e-07   -7.6357444874e-07   -1.2484257702e-06   -1.9174363940e-06
  41.3400000   -1.1499548677e-05   -4.4791926163e-06   -1.8745028130e-06   -1.6778757254e-06    5.0128679555e-07   -7.9368284440e-07   -1.1735338175e-06   -2.1522070641e-06
  41.3500000   -1.1634566491e-05   -3.6964156893e-06   -1.4823100089e-06   -2.3733347440e-06    5.5333155465e-07   -8.1930009817e-07   -1.0925201448e-06   -2.3755103558e-06
  41.3600000   -1.1709899912e-05   -2.8934901751e-06   -1.0199194467e-06   -3.0708904452e-06    6.0182789569e-07   -8.4016865640e-07   -1.0058627814e-06   -2.5861489509e-06
  41.3700000   -1.1726535039e-05   -2.0826962068e-06   -4.9162089483e-07   -3.7601439419e-06    6.4650023125e-07   -8.5606085674e-07   -9.1407272529e-07   -2.7829962864e-06
  41.3800000   -1.1686283934e-05   -1.2761977243e-06    9.7193643861e-08   -4.4308150052e-06    6.8709641509e-07   -8.6678080328e-07   -8.1769116977e-07   -2.9650025842e-06
  41.3900000   -1.1591749225e-05   -4.8585784450e-07    7.4010270684e-07   -5.0729189552e-06    7.2338912556e-07   -8.7216603242e-07   -7.1728651059e-07   -3.1312003855e-06
  41.4000000   -1.1446277122e-05    2.7693847356e-07    1.4297458605e-06   -5.6769383603e-06    7.5517709357e-07   -8.7208894571e-07   -6.1345121665e-07   -3.2807096426e-06
  41.4100000   -1.1253899626e-05    1.0014515326e-06    2.1579306429e-06   -6.2339860505e-06    7.8228615903e-07   -8.6645800174e-07   -5.0679847608e-07   -3.4127422829e-06
  41.4200000   -1.1019267170e-05    1.6777410757e-06    2.9157544368e-06   -6.7359568316e-06    8.0457015946e-07   -8.5521868602e-07   -3.9795875758e-07   -3.5266062723e-06
  41.4300000   -1.0747572898e-05    2.2968055946e-06    3.6937390151e-06   -7.1756649871e-06    8.2191165353e-07   -8.3835418406e-07   -2.8757620391e-07   -3.6217091134e-06
  41.4400000   -1.0444469879e-05    2.8507043723e-06    4.4819757650e-06   -7.5469647768e-06    8.3422244602e-07   -8.1588584248e-07   -1.7630493715e-07   -3.6975607719e-06
  41.4500000   -1.0115982550e-05    3.3326608293e-06    5.2702793196e-06   -7.8448522418e-06    8.4144395953e-07   -7.8787334058e-07   -6.4805278886e-08   -3.7537760564e-06
  41.4600000   -9.7684140199e-06    3.7371454889e-06    6.0483470968e-06   -8.0655460471e-06    8.4354740210e-07   -7.5441460627e-07    4.6260093250e-08   -3.7900763759e-06
  41.4700000   -9.4082504320e-06    4.0599379208e-06    6.8059218662e-06   -8.2065460745e-06    8.4053377508e-07   -7.1564545043e-07    1.5623003548e-07   -3.8062909257e-06
  41.4800000   -9.0420634587e-06    4.2981664149e-06    7.5329548709e-06   -8.2666686080e-06    8.3243368390e-07   -6.7173897269e-07    2.6444883209e-07   -3.8023572711e-06
  41.4900000   -8.6764139316e-06    4.4503257085e-06    8.2197666182e-06   -8.2460578990e-06    8.1930697332e-07   -6.2290467227e-07    3.7027008915e-07   -3.7783213227e-06
  41.5000000   -8.3177562222e-06    4.5162720726e-06    8.8572025210e-06   -8.1461735720e-06    8.0124220659e-07   -5.6938731742e-07    4.7306060537e-07   -3.7343367353e-06
  41.5100000   -7.9723456905e-06    4.4971970083e-06    9.4367811969e-06   -7.9697546324e-06    7.7835595138e-07   -5.1146557969e-07    5.7220418220e-07   -3.6706636967e-06
  41.5200000   -7.6461503758e-06    4.3955796413e-06    9.9508321422e-06   -7.7207604325e-06    7.5079192252e-07   -4.4945040461e-07    6.6710534960e-07   -3.5876671670e-06
  41.5300000   -7.3447678290e-06    4.2151193414e-06    1.0392621202e-05   -7.4042900495e-06    7.1871994762e-07   -3.8368317873e-07    7.5719300251e-07   -3.4858145228e-06
  41.5400000   -7.0733483404e-06    3.9606498516e-06    1.0756460873e-05   -7.0264817203e-06    6.8233480558e-07   -3.1453366216e-07    8.4192391205e-07   -3.3656726755e-06
  41.5500000   -6.8365254608e-06    3.6380364796e-06    1.1037804183e-05   -6.5943942537e-06    6.4185490618e-07   -2.4239772910e-07    9.2078607412e-07   -3.2279046648e-06
  41.5600000   -6.6383549117e-06    3.2540593982e-06    1.1233320052e-05   -6.1158727290e-06    5.9752084452e-07   -1.6769491665e-07    9.9330192410e-07   -3.0732657153e-06
  41.5700000   -6.4822622251e-06    2.8162831767e-06    1.1340948919e-05   -5.5994012774e-06    5.4959382987e-07   -9.0865809021e-08    1.0590313255e-06   -2.9025988442e-06
  41.5800000   -6.3709997504e-06    2.3329167925e-06    1.1359937598e-05   -5.0539455612e-06    4.9835401292e-07   -1.2369250453e-08    1.1175743700e-06   -2.7168299997e-06
  41.5900000   -6.3066136791e-06    1.8126660257e-06    1.1290852732e-05   -4.4887881421e-06    4.4409870604e-07    6.7320554068e-08    1.1685739515e-06   -2.5169627762e-06
  41.6000000   -6.2904212758e-06    1.2645807698e-06    1.1135572526e-05   -3.9133599105e-06    3.8714050723e-07    1.4771706843e-07    1.2117180819e-06   -2.3040727422e-06
  41.6100000   -6.3229983401e-06    6.9789992803e-07    1.0897256996e-05   -3.3370706558e-06    3.2780536698e-07    2.2832455494e-07    1.2467419648e-06   -2.0793013919e-06
  41.6200000   -6.4041770328e-06    1.2189671981e-07    1.0580296950e-05   -2.7691420622e-06    2.6643058403e-07    3.0864125494e-07    1.2734297708e-06   -1.8438498043e-06
  41.6300000   -6.5330538017e-06   -4.5427315649e-07    1.0190242644e-05   -2.2184463142e-06    2.0336274231e-07    3.8816265672e-07    1.2916161466e-06   -1.5989719856e-06
  41.6400000   -6.7080074122e-06   -1.0217180007e-06    9.7337134352e-06   -1.6933532561e-06    1.3895562766e-07    4.6638476223e-07    1.3011874024e-06   -1.3459679732e-06
  41.6500000   -6.9267270939e-06   -1.5719489740e-06    9.2182897337e-06   -1.2015888735e-06    7.3568114329e-08    5.4280738179e-07    1.3020824156e-06   -1.0861767485e-06
  41.6600000   -7.1862486937e-06   -2.0970083964e-06    8.6523891263e-06   -7.5010773309e-07    7.5620275931e-09    6.1693741120e-07    1.2942931896e-06   -8.2096894960e-07
  41.6700000   -7.4830002557e-06   -2.5895864454e-06    8.0451288963e-06   -3.4498156695e-07   -5.8699956368e-08    6.8829207479e-07    1.2778651169e-06   -5.5173947946e-07
  41.6800000   -7.8128553585e-06   -3.0431241160e-06    7.4061773591e-06    8.6939980687e-09   -1.2485643406e-07    7.5640210253e-07    1.2528968875e-06   -2.7990002216e-07
  41.6900000   -8.1711936980e-06   -3.4519009120e-06    6.7455961887e-06    3.0687281927e-07   -1.9054933422e-07    8.2081484542e-07    1.2195401027e-06   -6.8715051916e-09
  41.7000000   -8.5529679371e-06   -3.8111060818e-06    6.0736769674e-06    5.4661096697e-07   -2.5542596089e-07    8.8109728294e-07    1.1779985315e-06    2.6592342135e-07
  41.7100000   -8.9527758880e-06   -4.1168926399e-06    5.4007740214e-06    7.2609786748e-07   -3.1914095970e-07    9.3683890345e-07    1.1285270612e-06    5.3706790618e-07
  41.7200000   -9.3649375873e-06   -4.3664135470e-06    4.7371372802e-06    8.4466548800e-07   -3.8135823116e-07    9.8765445099e-07    1.0714303178e-06    8.0515830604e-07
  41.7300000   -9.7835755903e-06   -4.5578400341e-06    4.0927473899e-06    9.0277561126e-07   -4.4175277067e-07    1.0331865321e-06    1.0070609893e-06    1.0688114841e-06
  41.7400000   -1.0202697781e-05   -4.6903617440e-06    3.4771561388e-06    9.0198594424e-07   -5.0001240773e-07    1.0731080145e-06    9.3581781175e-07    1.3266719809e-06
  41.7500000   -1.0616281660e-05   -4.7641695216e-06    2.8993349315e-06    8.4489601057e-07   -5.5583945232e-07    1.1071242611e-06    8.5814329926e-07    1.5774189749e-06
  41.7600000   -1.1018359040e-05   -4.7804214239e-06    2.3675337627e-06    7.3507399495e-07   -6.0895222929e-07    1.1349751422e-06    7.7452117559e-07    1.8197729942e-06
  41.7700000   -1.1403100229e-05   -4.7411927984e-06    1.8891531647e-06    5.7696652092e-07   -6.5908651455e-07    1.1564368462e-06    6.8547352586e-07    2.0525024222e-06
  41.7800000   -1.1764896407e-05   -4.6494124756e-06    1.4706312785e-06    3.7579317431e-07   -7.0599682459e-07    1.1713234349e-06    5.9155773352e-07    2.2744296515e-06
  41.7900000   -1.2098438774e-05   -4.5087851758e-06    1.1173478497e-06    1.3742823522e-07   -7.4945759212e-07    1.1794881746e-06    4.9336313976e-07    2.4844369587e-06
  41.8000000   -1.2398794297e-05   -4.3237031768e-06    8.3354666468e-07   -1.3172799372e-07   -7.8926418883e-07    1.1808246026e-06    3.9150753406e-07    2.6814720021e-06
  41.8100000   -1.2661476485e-05   -4.0991484995e-06    6.2227793713e-07   -4.2488543915e-07   -8.2523384045e-07    1.1752673552e-06    2.8663341813e-07    2.8645529438e-06
  41.8200000   -1.2882510429e-05   -3.8405877967e-06    4.8536118924e-07   -7.3500520732e-07   -8.5720635290e-07    1.1627927014e-06    1.7940413806e-07    3.0327731823e-06
  41.8300000   -1.3058491230e-05   -3.5538618976e-06    4.2336919792e-07   -1.0549424995e-06   -8.8504473217e-07    1.1434188402e-06    7.0499825098e-08    3.1853056483e-06
  41.8400000   -1.3186634873e-05   -3.2450723480e-06    4.3563321014e-07   -1.3775885030e-06   -9.0863562481e-07    1.1172059072e-06   -3.9386746282e-08    3.3214066668e-06
  41.8500000   -1.3264820902e-05   -2.9204668471e-06    5.2026947071e-07   -1.6960087051e-06   -9.2788963093e-07    1.0842557191e-06   -1.4955441573e-07    3.4404193583e-06
  41.8600000   -1.3291626418e-05   -2.5863260846e-06    6.7422579632e-07   -2.0035742194e-06   -9.4274144742e-07    1.0447112452e-06   -2.5929794336e-07    3.5417765539e-06
  41.8700000   -1.3266350332e-05   -2.2488536733e-06    8.9334766111e-07   -2.2940844507e-06   -9.5314987550e-07    9.9875582602e-07   -3.6791239422e-07    3.6250032574e-06
  41.8800000   -1.3189028357e-05   -1.9140712073e-06    1.1724624453e-06   -2.5618783220e-06   -9.5909767956e-07    9.4661210692e-07   -4.7469749466e-07    3.6897185909e-06
  41.8900000   -1.3060437412e-05   -1.5877202355e-06    1.5054800933e-06   -2.8019320883e-06   -9.6059130425e-07    8.8854076464e-07   -5.7896200209e-07    3.7356372450e-06
  41.9000000   -1.2882089016e-05   -1.2751723870e-06    1.8855084936e-06   -3.0099421876e-06   -9.5766044291e-07    8.2483892156e-07   -6.8002802123e-07    3.7625704418e-06
  41.9100000   -1.2656213682e-05   -9.8135038990e-07    2.3049812142e-06   -3.1823914866e-06   -9.5035746647e-07    7.5583839255e-07   -7.7723528967e-07    3.7704263897e-06
  41.9200000   -1.2385734044e-05   -7.1065953165e-07    2.7557948177e-06   -3.3165978341e-06   -9.3875674455e-07    6.8190367350e-07   -8.6994529890e-07    3.7592102347e-06
  41.9300000   -1.2074228116e-05   -4.6693125909e-07    3.2294545558e-06   -3.4107448761e-06   -9.2295382917e-07    6.0342971754e-07   -9.5754536206e-07    3.7290235293e-06
  41.9400000   -1.1725882547e-05   -2.5337967646e-07    3.7172245102e-06   -3.4638941092e-06   -9.0306452227e-07    5.2083953786e-07   -1.0394524956e-06    3.6800632047e-06
  41.9500000   -1.1345436739e-05   -7.2571067779e-08    4.2102799287e-06   -3.4759788678e-06   -8.7922383164e-07    4.3458161295e-07   -1.1151171454e-06    3.6126200769e-06
  41.9600000   -1.0938118319e-05    7.3593208800e-08    4.6998592628e-06   -3.4477803964e-06   -8.5158484074e-07    3.4512713348e-07   -1.1840267170e-06    3.5270768858e-06
  41.9700000   -1.0509570706e-05    1.8388068112e-07    5.1774128453e-06   -3.3808871829e-06   -8.2031746538e-07    2.5296710391e-07   -1.2457088650e-06    3.4239058850e-06
  41.9800000   -1.0065773710e-05    2.5771873076e-07    5.6347460478e-06   -3.2776384130e-06   -7.8560716087e-07    1.5860933239e-07   -1.2997345838e-06    3.3036659962e-06
  41.9900000   -9.6129581902e-06    2.9517364189e-07    6.0641541973e-06   -3.1410533686e-06   -7.4765351663e-07    6.2575280751e-08   -1.3457209958e-06    3.1669995565e-06
  42.0000000   -9.1575160222e-06    2.9691807759e-07    6.4585469988e-06   -2.9747485886e-06   -7.0666882059e-07   -3.4603140781e-08   -1.3833338910e-06    3.0146286574e-06
  42.0100000   -8.7059065458e-06    2.6418813230e-07    6.8115602808e-06   -2.7828444595e-06   -6.6287657167e-07   -1.3238685092e-07   -1.4122899499e-06    2.8473511453e-06
  42.0200000   -8.2645606226e-06    1.9873142658e-07    7.1176535577e-06   -2.5698639167e-06   -6.1650992191e-07   -2.3023293450e-07   -1.4323586716e-06    2.6660362208e-06
  42.0300000   -7.8397840226e-06    1.0274744178e-07    7.3721916256e-06   -2.3406252982e-06   -5.6781012148e-07   -3.2759798803e-07   -1.4433639757e-06    2.4716197757e-06
  42.0400000   -7.4376614407e-06   -2.1178573090e-08    7.5715090691e-06   -2.1001318287e-06   -5.1702493085e-07   -4.2394147062e-07   -1.4451854667e-06    2.2650993962e-06
  42.0500000   -7.0639626582e-06   -1.7014654067e-07    7.7129566265e-06   -1.8534601945e-06   -4.6440701923e-07   -5.1872904731e-07   -1.4377593501e-06    2.0475291097e-06
  42.0600000   -6.7240521584e-06   -3.4101551044e-07    7.7949288730e-06   -1.6056505716e-06   -4.1021237537e-07   -6.1143586582e-07   -1.4210790207e-06    1.8200138867e-06
  42.0700000   -6.4228042844e-06   -5.3047906266e-07    7.8168731565e-06   -1.3616005758e-06   -3.5469872436e-07   -7.0154980611e-07   -1.3951952574e-06    1.5837039412e-06
  42.0800000   -6.1645240801e-06   -7.3514079195e-07    7.7792797765e-06   -1.1259652352e-06   -2.9812397001e-07   -7.8857461285e-07   -1.3602161183e-06    1.3397888471e-06
  42.0900000   -5.9528765376e-06   -9.5158822317e-07    7.6836537866e-06   -9.0306503836e-07   -2.4074466880e-07   -8.7203296146e-07   -1.3163064258e-06    1.0894915111e-06
  42.1000000   -5.7908246402e-06   -1.1764634967e-06    7.5324692549e-06   -6.9680381321e-07   -1.8281454073e-07   -9.5146937086e-07   -1.2636869419e-06    8.3406200651e-07
  42.1100000   -5.6805777324e-06   -1.4065297953e-06    7.3291070478e-06   -5.1059810038e-07   -1.2458304536e-07   -1.0264530064e-06   -1.2026331529e-06    5.7477136302e-07
  42.1200000   -5.6235508905e-06   -1.6387317505e-06    7.0777776290e-06   -3.4731916941e-07   -6.6293992724e-08   -1.0965803070e-06   -1.1334737528e-06    3.1290524247e-07
  42.1300000   -5.6203367853e-06   -1.8702496665e-06    6.7834300463e-06   -2.0924894671e-07   -8.1842532975e-09   -1.1614774471e-06   -1.0565887655e-06    4.9757633261e-08
  42.1400000   -5.6706898898e-06   -2.0985458993e-06    6.4516494965e-06   -9.8049850994e-08    4.9517476862e-08   -1.2208026117e-06   -9.7240735627e-07   -2.1337545308e-07
  42.1500000   -5.7735234710e-06   -2.3214022763e-06    6.0885451699e-06   -1.4749453586e-08    1.0659183521e-07   -1.2742480663e-06   -8.8140534075e-07   -4.7520227898e-07
  42.1600000   -5.9269206945e-06   -2.5369494896e-06    5.7006306848e-06    4.0260404580e-08    1.6282985394e-07   -1.3215420230e-06   -7.8410238629e-07   -7.3444158567e-07
  42.1700000   -6.1281587445e-06   -2.7436868950e-06    5.2946990993e-06    6.7210242360e-08    2.1803390924e-07   -1.3624502710e-06   -6.8105895035e-07   -9.8982871522e-07
  42.1800000   -6.3737463028e-06   -2.9404931571e-06    4.8776950870e-06    6.6926124654e-08    2.7201862335e-07   -1.3967775750e-06   -5.7287295465e-07   -1.2401216120e-06
  42.1900000   -6.6594738735e-06   -3.1266276930e-06    4.4565865600e-06    4.0790249175e-08    3.2461161324e-07   -1.4243688419e-06   -4.6017621447e-07   -1.4841066655e-06
  42.2000000   -6.9804761182e-06   -3.3017232476e-06    4.0382379985e-06   -9.3096315111e-09    3.7565415815e-07   -1.4451100128e-06   -3.4363068075e-07   -1.7206043994e-06
  42.2100000   -7.3313058745e-06   -3.4657700414e-06    3.6292877123e-06   -8.1040656552e-08    4.2500176041e-07   -1.4589287368e-06   -2.2392446048e-07   -1.9484749314e-06
  42.2200000   -7.7060178725e-06   -3.6190920846e-06    3.2360313007e-06   -1.7169341317e-07    4.7252460091e-07   -1.4657947554e-06   -1.0176767142e-07   -2.1666232489e-06
  42.2300000   -8.0982618853e-06   -3.7623165116e-06    2.8643130721e-06   -2.7825679177e-07    5.1810786515e-07   -1.4657200464e-06    2.2111805211e-08   -2.3740041946e-06
  42.2400000   -8.5013832558e-06   -3.8963369063e-06    2.5194275030e-06   -3.9749722727e-07    5.6165198957e-07   -1.4587587057e-06    1.4697275530e-07   -2.5696272312e-06
  42.2500000   -8.9085293131e-06   -4.0222714695e-06    2.2060321464e-06   -5.2604021781e-07    6.0307277760e-07   -1.4450065660e-06    2.7206507487e-07   -2.7525608853e-06
  42.2600000   -9.3127600162e-06   -4.1414173090e-06    1.9280734468e-06   -6.6045227272e-07    6.4230141824e-07   -1.4246005642e-06    3.9663434342e-07   -2.9219369171e-06
  42.2700000   -9.7071607884e-06   -4.2552017219e-06    1.6887264767e-06   -7.9732125334e-07    6.7928439921e-07   -1.3977178618e-06    5.1992637351e-07   -3.0769541474e-06
  42.2800000   -1.0084956130e-05   -4.3651321636e-06    1.4903497838e-06   -9.3333296374e-07    7.1398331459e-07   -1.3645747163e-06    6.4119179977e-07   -3.2168819742e-06
  42.2900000   -1.0439621507e-05   -4.4727455622e-06    1.3344552993e-06   -1.0653428344e-06    7.4637458404e-07   -1.3254251272e-06    7.5969062577e-07   -3.3410635227e-06
  42.3000000   -1.0764991529e-05   -4.5795588346e-06    1.2216942216e-06   -1.1904404103e-06    7.7644907254e-07   -1.2805592397e-06    8.7469672933e-07   -3.4489184558e-06
  42.3100000   -1.1055363450e-05   -4.6870204874e-06    1.1518583987e-06   -1.3060056458e-06    8.0421162089e-07   -1.2303015571e-06    9.8550228431e-07   -3.5399454017e-06
  42.3200000   -1.1305592988e-05   -4.7964657533e-06    1.1238972225e-06   -1.4097556899e-06    8.2968049738e-07   -1.1750089161e-06    1.0914220711e-06   -3.6137240290e-06
  42.3300000   -1.1511181276e-05   -4.9090753036e-06    1.1359493612e-06   -1.4997813467e-06    8.5288676973e-07   -1.1150683093e-06    1.1917976551e-06   -3.6699167213e-06
  42.3400000   -1.1668351314e-05   -5.0258388399e-06    1.1853885281e-06   -1.5745724728e-06    8.7387360990e-07   -1.0508944906e-06    1.2860014032e-06   -3.7082698797e-06
  42.3500000   -1.1774112475e-05   -5.1475241889e-06    1.2688821931e-06   -1.6330320111e-06    8.9269553729e-07   -9.8292745346e-07    1.3734403467e-06   -3.7286148263e-06
  42.3600000   -1.1826311752e-05   -5.2746524313e-06    1.3824621677e-06   -1.6744785875e-06    9.0941759649e-07   -9.1162975199e-07    1.4535597823e-06   -3.7308683370e-06
  42.3700000   -1.1823670943e-05   -5.4074796042e-06    1.5216052929e-06   -1.6986380794e-06    9.2411449378e-07   -8.3748368402e-07    1.5258466790e-06   -3.7150327744e-06
  42.3800000   -1.1765808605e-05   -5.5459850073e-06    1.6813229443e-06   -1.7056243323e-06    9.3686969531e-07   -7.6098837532e-07    1.5898328496e-06   -3.6811958421e-06
  42.3900000   -1.1653246734e-05   -5.6898666202e-06    1.8562576563e-06   -1.6959099589e-06    9.4777448023e-07   -6.8265676907e-07    1.6450978043e-06   -3.6295299534e-06
  42.4000000   -1.1487401529e-05   -5.8385436621e-06    2.0407846656e-06   -1.6702884588e-06    9.5692699496e-07   -6.0301253834e-07    1.6912713730e-06   -3.5602912158e-06
  42.4100000   -1.1270558685e-05   -5.9911656205e-06    2.2291168815e-06   -1.6298286335e-06    9.6443123952e-07   -5.2258694247e-07    1.7280359843e-06   -3.4738180760e-06
  42.4200000   -1.1005833240e-05   -6.1466279039e-06    2.4154112831e-06   -1.5758228276e-06    9.7039611413e-07   -4.4191565471e-07    1.7551286470e-06   -3.3705295642e-06
  42.4300000   -1.0697114897e-05   -6.3035937823e-06    2.5938747780e-06   -1.5097305108e-06    9.7493438764e-07   -3.6153556984e-07    1.7723426229e-06   -3.2509232224e-06
  42.4400000   -1.0348999422e-05   -6.4605215066e-06    2.7588676367e-06   -1.4331190447e-06    9.7816174323e-07   -2.8198160983e-07    1.7795287091e-06   -3.1155726634e-06
  42.4500000   -9.9667074114e-06   -6.6156964253e-06    2.9050031156e-06   -1.3476029779e-06    9.8019579046e-07   -2.0378356026e-07    1.7765962528e-06   -2.9651248260e-06
  42.4600000   -9.5559920016e-06   -6.7672671579e-06    3.0272411412e-06   -1.2547840527e-06    9.8115511027e-07   -1.2746294254e-07    1.7635137357e-06   -2.8002968965e-06
  42.4700000   -9.1230368957e-06   -6.9132850766e-06    3.1209747899e-06   -1.1561933594e-06    9.8115834817e-07   -5.3529953587e-08    1.7403090781e-06   -2.6218729428e-06
  42.4800000   -8.6743463028e-06   -7.0517464786e-06    3.1821080699e-06   -1.0532374126e-06    9.8032330378e-07    1.7519527955e-08    1.7070695412e-06   -2.4307002441e-06
  42.4900000   -8.2166296320e-06   -7.1806357846e-06    3.2071238581e-06   -9.4714956818e-07    9.7876609743e-07    8.5206827513e-08    1.6639412941e-06   -2.2276853779e-06
  42.5000000   -7.7566822150e-06   -7.2979693545e-06    3.1931410106e-06   -8.3894822438e-07    9.7660036063e-07    1.4907325901e-07    1.6111286385e-06   -2.0137900340e-06
  42.5100000   -7.3012644743e-06   -7.4018390093e-06    3.1379598382e-06   -7.2940303641e-07    9.7393648625e-07    2.0868277248e-07    1.5488928832e-06   -1.7900266054e-06
  42.5200000   -6.8569817743e-06   -7.4904542610e-06    3.0400951816e-06   -6.1900996746e-07    9.7088093890e-07    2.6362445762e-07    1.4775508642e-06   -1.5574535602e-06
  42.5300000   -6.4301673103e-06   -7.5621825937e-06    2.8987970628e-06   -5.0797602696e-07    9.6753561402e-07    3.1351489687e-07    1.3974731784e-06   -1.3171706233e-06
  42.5400000   -6.0267699261e-06   -7.6155864960e-06    2.7140584638e-06   -3.9621402244e-07    9.6399727136e-07    3.5800033884e-07    1.3090820686e-06   -1.0703137708e-06
  42.5500000   -5.6522491826e-06   -7.6494569576e-06    2.4866102754e-06   -2.8334784695e-07    9.6035704252e-07    3.9675868354e-07    1.2128490141e-06   -8.1805009352e-07
  42.5600000   -5.3114797283e-06   -7.6628426935e-06    2.2179040668e-06   -1.6872764391e-07    9.5669997702e-07    4.2950129819e-07    1.1092920358e-06   -5.6157249825e-07
  42.5700000   -5.0086663966e-06   -7.6550743696e-06    1.9100827923e-06   -5.1454898497e-08    9.5310470760e-07    4.5597458840e-07    9.9897274210e-07   -3.0209433180e-07
  42.5800000   -4.7472721187e-06   -7.6257834216e-06    1.5659402666e-06    6.9583237911e-08    9.4964314052e-07    4.7596138895e-07    8.8249309823e-07   -4.0843880854e-08
  42.5900000   -4.5299595650e-06   -7.5749155198e-06    1.1888702534e-06    1.9567149727e-07    9.4638025433e-07    4.8928212944e-07    7.6049198570e-07    2.2094116986e-07
  42.6000000   -4.3585480868e-06   -7.5027378769e-06    7.8280614327e-07    3.2821677722e-07    9.4337395430e-07    4.9579576224e-07    6.3364153385e-07    4.8201932249e-07
  42.6100000   -4.2339866200e-06   -7.4098405755e-06    3.5215242703e-07    4.6869271733e-07    9.4067499705e-07    4.9540046023e-07    5.0264327259e-07    7.4115090276e-07
  42.6200000   -4.1563431623e-06   -7.2971320972e-06   -9.8290834695e-08    6.1857994498e-07    9.3832701043e-07    4.8803409981e-07    3.6822411250e-07    9.9710363668e-07
  42.6300000   -4.1248106423e-06   -7.1658287979e-06   -5.6340916663e-07    7.7930366287e-07    9.3636655068e-07    4.7367448868e-07    2.3113217092e-07    1.2486582828e-06
  42.6400000   -4.1377297097e-06   -7.0174388005e-06   -1.0378589683e-06    9.5217034567e-07    9.3482324052e-07    4.5233936954e-07    9.2132515798e-08    1.4946141357e-06
  42.6500000   -4.1926277298e-06   -6.8537407123e-06   -1.5161556635e-06    1.1383053220e-06    9.3371998847e-07    4.2408618980e-07   -4.7997224392e-08    1.7337945178e-06
  42.6600000   -4.2862732936e-06   -6.6767574345e-06   -1.9927629841e-06    1.3385929514e-06    9.3307323369e-07    3.8901162095e-07   -1.8847129759e-07    1.9650521516e-06
  42.6700000   -4.4147452187e-06   -6.4887256048e-06   -2.4621820415e-06    1.5536212860e-06    9.3289328181e-07    3.4725089396e-07   -3.2850030526e-07    2.1872744244e-06
  42.6800000   -4.5735148702e-06   -6.2920614712e-06   -2.9190387547e-06    1.7836327856e-06    9.3318467077e-07    2.9897686317e-07   -4.6729570160e-07    2.3993885214e-06
  42.6900000   -4.7575400094e-06   -6.0893234052e-06   -3.3581681258e-06    2.0284826232e-06    9.3394659111e-07    2.4439888433e-07   -6.0407427066e-07    2.6003663919e-06
  42.7000000   -4.9613686104e-06   -5.8831722291e-06   -3.7746942433e-06    2.2876059872e-06    9.3517335509e-07    1.8376147914e-07   -7.3806259502e-07    2.7892295425e-06
  42.7100000   -5.1792506174e-06   -5.6763299251e-06   -4.1641045195e-06    2.5599955361e-06    9.3685489814e-07    1.1734279730e-07   -8.6850142264e-07    2.9650536268e-06
  42.7200000   -5.4052552368e-06   -5.4715372575e-06   -4.5223172393e-06    2.8441898732e-06    9.3897730050e-07    4.5452887186e-08   -9.9464997227e-07    3.1269728354e-06
  42.7300000   -5.6333919475e-06   -5.2715112909e-06   -4.8457413476e-06    3.1382738554e-06    9.4152336251e-07   -3.1568202273e-08   -1.1157901290e-06    3.2741840126e-06
  42.7400000   -5.8577325919e-06   -5.0789035746e-06   -5.1313276037e-06    3.4398907782e-06    9.4447316609e-07   -1.1335249316e-07   -1.2312304878e-06    3.4059505525e-06
  42.7500000   -6.0725320037e-06   -4.8962598967e-06   -5.3766104821e-06    3.7462669381e-06    9.4780467704e-07   -1.9950630355e-07   -1.3403102565e-06    3.5216059925e-06
  42.7600000   -6.2723453725e-06   -4.7259815642e-06   -5.5797401928e-06    4.0542480231e-06    9.5149434776e-07   -2.8961259756e-07   -1.4424029723e-06    3.6205573430e-06
  42.7700000   -6.4521394749e-06   -4.5702896607e-06   -5.7395044464e-06    4.3603469034e-06    9.5551771014e-07   -3.8323349122e-07   -1.5369200220e-06    3.7022880875e-06
  42.7800000   -6.6073956768e-06   -4.4311926047e-06   -5.8553398884e-06    4.6608020954e-06    9.5984997211e-07   -4.7991282689e-07   -1.6233139361e-06    3.7663608787e-06
  42.7900000   -6.7342032291e-06   -4.3104573660e-06   -5.9273328111e-06    4.9516456708e-06    9.6446660774e-07   -5.7917887572e-07   -1.7010814615e-06    3.8124198809e-06
  42.8000000   -6.8293403799e-06   -4.2095850518e-06   -5.9562096612e-06    5.2287792464e-06    9.6934392678e-07   -6.8054710078e-07   -1.7697663663e-06    3.8401927955e-06
  42.8100000   -6.8903412253e-06   -4.1297911111e-06   -5.9433173977e-06    5.4880565105e-06    9.7445961896e-07   -7.8352299123e-07   -1.8289619833e-06    3.8494924922e-06
  42.8200000   -6.9155481316e-06   -4.0719904482e-06   -5.8905942175e-06    5.7253704747e-06    9.7979328028e-07   -8.8760492830e-07   -1.8783134914e-06    3.8402182962e-06
  42.8300000   -6.9041478560e-06   -4.0367876719e-06   -5.8005310511e-06    5.9367435607e-06    9.8532688874e-07   -9.9228708654e-07   -1.9175198634e-06    3.8123568886e-06
  42.8400000   -6.8561907018e-06   -4.0244725398e-06   -5.6761248159e-06    6.1184183473e-06    9.9104526578e-07   -1.0970623575e-06   -1.9463355523e-06    3.7659828283e-06
  42.8500000   -6.7725922432e-06   -4.0350206128e-06   -5.5208240866e-06    6.2669470284e-06    9.9693647861e-07   -1.2014252402e-06   -1.9645718465e-06    3.7012586736e-06
  42.8600000   -6.6551175176e-06   -4.0680991616e-06   -5.3384681443e-06    6.3792773420e-06    1.0029922043e-06   -1.3048747360e-06   -1.9720979156e-06    3.6184347185e-06
  42.8700000   -6.5063479089e-06   -4.1230781225e-06   -5.1332204556e-06    6.4528329207e-06    1.0092080425e-06   -1.4069171845e-06   -1.9688415425e-06    3.5178483269e-06
  42.8800000   -6.3296311871e-06   -4.1990457602e-06   -4.9094977223e-06    6.4855860265e-06    1.0155837743e-06   -1.5070690637e-06   -1.9547895044e-06    3.3999228676e-06
  42.8900000   -6.1290158302e-06   -4.2948284891e-06   -4.6718956264e-06    6.4761207804e-06    1.0221235751e-06   -1.6048596904e-06   -1.9299876773e-06    3.2651662536e-06
  42.9000000   -5.9091706066e-06   -4.4090152915e-06   -4.4251125076e-06    6.4236853258e-06    1.0288361587e-06   -1.6998338681e-06   -1.8945407643e-06    3.1141690735e-06
  42.9100000   -5.6752908417e-06   -4.5399850892e-06   -4.1738722393e-06    6.3282312206e-06    1.0357348712e-06   -1.7915544055e-06   -1.8486117492e-06    2.9476023566e-06
  42.9200000   -5.4329933622e-06   -4.6859371459e-06   -3.9228473876e-06    6.1904391354e-06    1.0428377157e-06   -1.8796045367e-06   -1.7924209930e-06    2.7662149147e-06
  42.9300000   -5.1882020932e-06   -4.8449241586e-06   -3.6765841252e-06    6.0117295698e-06    1.0501673364e-06   -1.9635902001e-06   -1.7262450576e-06    2.5708303370e-06
  42.9400000   -4.9470264297e-06   -5.0148868909e-06   -3.4394297454e-06    5.7942583934e-06    1.0577509209e-06   -2.0431421910e-06   -1.6504152042e-06    2.3623435921e-06
  42.9500000   -4.7156347298e-06   -5.1936899344e-06   -3.2154643300e-06    5.5408968004e-06    1.0656200479e-06   -2.1179181510e-06   -1.5653155927e-06    2.1417172794e-06
  42.9600000   -4.5001255299e-06   -5.3791578277e-06   -3.0084372314e-06    5.2551955255e-06    1.0738104944e-06   -2.1876043946e-06   -1.4713812310e-06    1.9099775288e-06
  42.9700000   -4.3063986561e-06   -5.5691111865e-06   -2.8217096256e-06    4.9413340383e-06    1.0823619613e-06   -2.2519175625e-06   -1.3690956097e-06    1.6682095703e-06
  42.9800000   -4.1400293533e-06   -5.7614016294e-06   -2.6582038900e-06    4.6040554363e-06    1.0913177632e-06   -2.3106061020e-06   -1.2589881255e-06    1.4175529872e-06
  42.9900000   -4.0061476643e-06   -5.9539451081e-06   -2.5203606086e-06    4.2485881744e-06    1.1007244640e-06   -2.3634515511e-06   -1.1416312176e-06    1.1591966579e-06
  43.0000000   -3.9093254328e-06   -6.1447530900e-06   -2.4101039140e-06    3.8805559211e-06    1.1106314504e-06   -2.4102696208e-06   -1.0176373183e-06    8.9437343180e-07
  43.0100000   -3.8534733532e-06   -6.3319608451e-06   -2.3288155916e-06    3.5058774525e-06    1.1210904799e-06   -2.4509110969e-06   -8.8765556707e-07    6.2435454250e-07
  43.0200000   -3.8417504311e-06   -6.5138524881e-06   -2.2773183547e-06    3.1306584720e-06    1.1321551709e-06   -2.4852625094e-06   -7.5236834226e-07    3.5044377632e-07
  43.0300000   -3.8764872173e-06   -6.6888821284e-06   -2.2558685424e-06    2.7610773570e-06    1.1438804718e-06   -2.5132466120e-06   -6.1248764133e-07    7.3971429846e-08
  43.0400000   -3.9591251619e-06   -6.8556909554e-06   -2.2641582887e-06    2.4032676262e-06    1.1563220861e-06   -2.5348226574e-06   -4.6875126022e-07   -2.0371190259e-07
  43.0500000   -4.0901730487e-06   -7.0131194299e-06   -2.3013270741e-06    2.0631991421e-06    1.1695358780e-06   -2.5499864331e-06   -3.2191889016e-07   -4.8124173142e-07
  43.0600000   -4.2691815678e-06   -7.1602150900e-06   -2.3659824460e-06    1.7465607143e-06    1.1835772506e-06   -2.5587701313e-06   -1.7276808480e-07   -7.5724618813e-07
  43.0700000   -4.4947372068e-06   -7.2962352452e-06   -2.4562297990e-06    1.4586466982e-06    1.1985005200e-06   -2.5612419659e-06   -2.2090130844e-08   -1.0303526428e-06
  43.0800000   -4.7644752267e-06   -7.4206448971e-06   -2.5697099970e-06    1.2042501253e-06    1.2143582680e-06   -2.5575056212e-06    1.2931414371e-07   -1.2991943981e-06
  43.0900000   -5.0751119684e-06   -7.5331098974e-06   -2.7036448543e-06    9.8756438547e-07    1.2312006906e-06   -2.5476994762e-06    2.8063860468e-07   -1.5624174424e-06
  43.1000000   -5.4224961011e-06   -7.6334853824e-06   -2.8548896485e-06    8.1209627891e-07    1.2490749585e-06   -2.5319956476e-06    4.3107606705e-07   -1.8186871786e-06
  43.1100000   -5.8016780391e-06   -7.7217997088e-06   -3.0199913722e-06    6.8059182145e-07    1.2680245744e-06   -2.5105988386e-06    5.7982255907e-07   -2.0666951568e-06
  43.1200000   -6.2069965543e-06   -7.7982346634e-06   -3.1952520113e-06    5.9497684505e-07    1.2880887458e-06   -2.4837449940e-06    7.2608156671e-07   -2.3051657443e-06
  43.1300000   -6.6321807124e-06   -7.8631019853e-06   -3.3767957831e-06    5.5631378887e-07    1.3093017881e-06   -2.4516998131e-06    8.6906823727e-07   -2.5328627018e-06
  43.1400000   -7.0704655511e-06   -7.9168170176e-06   -3.5606390354e-06    5.6477579399e-07    1.3316925338e-06   -2.4147570680e-06    1.0080135059e-06   -2.7485956402e-06
  43.1500000   -7.5147195776e-06   -7.9598700318e-06   -3.7427618246e-06    6.1963887090e-07    1.3552837899e-06   -2.3732367824e-06    1.1421681654e-06   -2.9512263182e-06
  43.1600000   -7.9575813641e-06   -7.9927959724e-06   -3.9191796043e-06    7.1929256970e-07    1.3800918216e-06   -2.3274832731e-06    1.2708067929e-06   -3.1396747613e-06
  43.1700000   -8.3916028530e-06   -8.0161433105e-06   -4.0860138999e-06    8.6126916574e-07    1.4061258746e-06   -2.2778630354e-06    1.3932315952e-06   -3.3129251275e-06
  43.1800000   -8.8093970551e-06   -8.0304432724e-06   -4.2395617364e-06    1.0422901076e-06    1.4333877632e-06   -2.2247625462e-06    1.5087760824e-06   -3.4700313533e-06
  43.1900000   -9.2037864553e-06   -8.0361794172e-06   -4.3763605605e-06    1.2583305962e-06    1.4618714704e-06   -2.1685859371e-06    1.6168085850e-06   -3.6101224960e-06
  43.2000000   -9.5679497849e-06   -8.0337590463e-06   -4.4932493476e-06    1.5046995632e-06    1.4915628435e-06   -2.1097525763e-06    1.7167355884e-06   -3.7324077420e-06
  43.2100000   -9.8955641665e-06   -8.0234871205e-06   -4.5874239774e-06    1.7761342857e-06    1.5224393237e-06   -2.0486945915e-06    1.8080049091e-06   -3.8361810973e-06
  43.2200000   -1.0180939772e-05   -8.0055435037e-06   -4.6564861046e-06    2.0669074052e-06    1.5544697357e-06   -1.9858543071e-06    1.8901085835e-06   -3.9208256719e-06
  43.2300000   -1.0419143954e-05   -7.9799641371e-06   -4.6984846977e-06    2.3709442621e-06    1.5876141604e-06   -1.9216816429e-06    1.9625856123e-06   -3.9858175709e-06
  43.2400000   -1.0606112735e-05   -7.9466269756e-06   -4.7119494192e-06    2.6819483435e-06    1.6218238553e-06   -1.8566314895e-06    2.0250244185e-06   -4.0307293643e-06
  43.2500000   -1.0738746853e-05   -7.9052432795e-06   -4.6959149149e-06    2.9935316610e-06    1.6570412495e-06   -1.7911610479e-06    2.0770650644e-06   -4.0552330816e-06
  43.2600000   -1.0814990269e-05   -7.8553546178e-06   -4.6499365606e-06    3.2993485624e-06    1.6932000003e-06   -1.7257271768e-06    2.1184012158e-06   -4.0591027466e-06
  43.2700000   -1.0833889666e-05   -7.7963362133e-06   -4.5740962049e-06    3.5932287741e-06    1.7302251417e-06   -1.6607837513e-06    2.1487818255e-06   -4.0422164019e-06
  43.2800000   -1.0795633079e-05   -7.7274066095e-06   -4.4689981845e-06    3.8693076958e-06    1.7680332661e-06   -1.5967790444e-06    2.1680125409e-06   -4.0045576341e-06
  43.2900000   -1.0701566678e-05   -7.6476439584e-06   -4.3357565402e-06    4.1221502614e-06    1.8065328173e-06   -1.5341531565e-06    2.1759568179e-06   -3.9462165669e-06
  43.3000000   -1.0554189048e-05   -7.5560087753e-06   -4.1759719937e-06    4.3468670218e-06    1.8456244156e-06   -1.4733354890e-06    2.1725367728e-06   -3.8673903002e-06
  43.3100000   -1.0357122631e-05   -7.4513729757e-06   -3.9916999825e-06    4.5392191104e-06    1.8852012759e-06   -1.4147423153e-06    2.1577336787e-06   -3.7683828033e-06
  43.3200000   -1.0115062569e-05   -7.3325548093e-06   -3.7854110238e-06    4.6957092624e-06    1.9251496715e-06   -1.3587744051e-06    2.1315882374e-06   -3.6496042632e-06
  43.3300000   -9.8337038814e-06   -7.1983594357e-06   -3.5599425911e-06    4.8136580897e-06    1.9653494721e-06   -1.3058147582e-06    2.0942004860e-06   -3.5115698517e-06
  43.3400000   -9.5196471566e-06   -7.0476238099e-06   -3.3184449042e-06    4.8912625770e-06    2.0056747345e-06   -1.2562264699e-06    2.0457294441e-06   -3.3548979353e-06
  43.3500000   -9.1802851344e-06   -6.8792656579e-06   -3.0643201208e-06    4.9276368112e-06    2.0459943527e-06   -1.2103506735e-06    1.9863924371e-06   -3.1803077280e-06
  43.3600000   -8.8236716016e-06   -6.6923352562e-06   -2.8011571735e-06    4.9228326401e-06    2.0861727554e-06   -1.1685046670e-06    1.9164641420e-06   -2.9886163788e-06
  43.3700000   -8.4583749083e-06   -6.4860689511e-06   -2.5326633049e-06    4.8778404650e-06    2.1260706528e-06   -1.1309801433e-06    1.8362753346e-06   -2.7807355171e-06
  43.3800000   -8.0933190242e-06   -6.2599432533e-06   -2.2625932380e-06    4.7945699486e-06    2.1655458305e-06   -1.0980415973e-06    1.7462113395e-06   -2.5576672555e-06
  43.3900000   -7.7376144805e-06   -6.0137281205e-06   -1.9946772050e-06    4.6758105542e-06    2.2044539630e-06   -1.0699248862e-06    1.6467102212e-06   -2.3204996661e-06
  43.4000000   -7.4003827038e-06   -5.7475380966e-06   -1.7325495854e-06    4.5251730397e-06    2.2426494750e-06   -1.0468359651e-06    1.5382606840e-06   -2.0704017622e-06
  43.4100000   -7.0905769811e-06   -5.4618798419e-06   -1.4796796250e-06    4.3470129157e-06    2.2799864291e-06   -1.0289497911e-06    1.4213997282e-06   -1.8086179810e-06
  43.4200000   -6.8168032855e-06   -5.1576945909e-06   -1.2393048846e-06    4.1463373403e-06    2.3163194089e-06   -1.0164094261e-06    1.2967100317e-06   -1.5364622168e-06
  43.4300000   -6.5871446907e-06   -4.8363943591e-06   -1.0143696257e-06    3.9286972161e-06    2.3515044485e-06   -1.0093253035e-06    1.1648171254e-06   -1.2553114114e-06
  43.4400000   -6.4089929618e-06   -4.4998903920e-06   -8.0746854740e-07    3.7000669500e-06    2.3853999382e-06   -1.0077747103e-06    1.0263862956e-06   -9.6659873640e-07
  43.4500000   -6.2888902653e-06   -4.1506125225e-06   -6.2079738993e-07    3.4667143002e-06    2.4178675585e-06   -1.0118014484e-06    8.8211933669e-07   -6.7180641633e-07
  43.4600000   -6.2323847356e-06   -3.7915184344e-06   -4.5611139112e-07    3.2350628243e-06    2.4487731729e-06   -1.0214156952e-06    7.3275103981e-07   -3.7245818532e-07
  43.4700000   -6.2439026264e-06   -3.4260919113e-06   -3.1469211993e-07    3.0115501777e-06    2.4779877424e-06   -1.0365940579e-06    5.7904555221e-07   -7.0111477953e-08
  43.4800000   -6.3266400034e-06   -3.0583289890e-06   -1.9732373163e-07    2.8024851185e-06    2.5053881957e-06   -1.0572798288e-06    4.2179254629e-07    2.3365067250e-07
  43.4900000   -6.4824763481e-06   -2.6927116935e-06   -1.0427912780e-07    2.6139057931e-06    2.5308582794e-06   -1.0833834169e-06    2.6180324683e-07    5.3722793973e-07
  43.5000000   -6.7119121746e-06   -2.3341689455e-06   -3.5316070239e-08    2.4514432497e-06    2.5542893842e-06   -1.1147829992e-06    9.9906338450e-08    8.3901119320e-07
  43.5100000   -7.0140323365e-06   -1.9880244511e-06    1.0316569483e-08    2.3201925139e-06    2.5755813199e-06   -1.1513253264e-06   -6.3056233730e-08    1.1373911220e-06
  43.5200000   -7.3864960729e-06   -1.6599318144e-06    3.3862443417e-08    2.2245938558e-06    2.5946430540e-06   -1.1928267223e-06   -2.2623357413e-07    1.4307669330e-06
  43.5300000   -7.8255545952e-06   -1.3557972757e-06    3.7031284373e-08    2.1683275737e-06    2.6113933993e-06   -1.2390742705e-06   -3.8877018297e-07    1.7175550991e-06
  43.5400000   -8.3260961654e-06   -1.0816908738e-06    2.1963362503e-08    2.1542238260e-06    2.6257616404e-06   -1.2898271420e-06   -5.4981037144e-07    1.9961981016e-06
  43.5500000   -8.8817184731e-06   -8.4374702130e-07   -8.8147827456e-09    2.1841899800e-06    2.6376881091e-06   -1.3448181000e-06   -7.0850268688e-07    2.2651730828e-06
  43.5600000   -9.4848272705e-06   -6.4805590761e-07   -5.2442526504e-08    2.2591569738e-06    2.6471246883e-06   -1.4037551580e-06   -8.6400435791e-07    2.5230004288e-06
  43.5700000   -1.0126759808e-05   -5.0054721640e-07   -1.0578393200e-07    2.3790460528e-06    2.6540352420e-06   -1.4663233609e-06   -1.0154856996e-06    2.7682521698e-06
  43.5800000   -1.0797931159e-05   -4.0686803712e-07   -1.6549229797e-07    2.5427564866e-06    2.6583959854e-06   -1.5321867086e-06   -1.1621345027e-06    2.9995601720e-06
  43.5900000   -1.1488000845e-05   -3.7225711316e-07   -2.2807874293e-07    2.7481751697e-06    2.6601957770e-06   -1.6009901981e-06   -1.3031603443e-06    3.2156240919e-06
  43.6000000   -1.2186057062e-05   -4.0141761478e-07   -2.8998396371e-07    2.9922073927e-06    2.6594363340e-06   -1.6723619668e-06   -1.4377988150e-06    3.4152189946e-06
  43.6100000   -1.2880815275e-05   -4.9839107512e-07   -3.4765119969e-07    3.2708288650e-06    2.6561323464e-06   -1.7459155290e-06   -1.5653156485e-06    3.5972026543e-06
  43.6200000   -1.3560826809e-05   -6.6643450564e-07   -3.9760020268e-07    3.5791567598e-06    2.6503115375e-06   -1.8212520906e-06   -1.6850107225e-06    3.7605224287e-06
  43.6300000   -1.4214694962e-05   -9.0790430154e-07   -4.3649806615e-07    3.9115409032e-06    2.6420146389e-06   -1.8979629487e-06   -1.7962219016e-06    3.9042217154e-06
  43.6400000   -1.4831293455e-05   -1.2241487980e-06   -4.6122794150e-07    4.2616709005e-06    2.6312952630e-06   -1.9756318964e-06   -1.8983287291e-06    4.0274459148e-06
  43.6500000   -1.5399983259e-05   -1.6154124018e-06   -4.6895316365e-07    4.6226980707e-06    2.6182197111e-06   -2.0538377385e-06   -1.9907559168e-06    4.1294478661e-06
  43.6600000   -1.5910823865e-05   -2.0807538890e-06   -4.5717560587e-07    4.9873697629e-06    2.6028666991e-06   -2.1321567602e-06   -2.0729766344e-06    4.2095927346e-06
  43.6700000   -1.6354774455e-05   -2.6179811721e-06   -4.2378699745e-07    5.3481731337e-06    2.5853269949e-06   -2.2101652472e-06   -2.1445155648e-06    4.2673623052e-06
  43.6800000   -1.6723880902e-05   -3.2236049867e-06   -3.6711202812e-07    5.6974855567e-06    2.5657029869e-06   -2.2874419715e-06   -2.2049517254e-06    4.3023586488e-06
  43.6900000   -1.7011445213e-05   -3.8928134280e-06   -2.8594246879e-07    6.0277285584e-06    2.5441081716e-06   -2.3635706960e-06   -2.2539210334e-06    4.3143071425e-06
  43.7000000   -1.7212173270e-05   -4.6194687796e-06   -1.7956138630e-07    6.3315221091e-06    2.5206665620e-06   -2.4381425973e-06   -2.2911185820e-06    4.3030588020e-06
  43.7100000   -1.7322297984e-05   -5.3961282655e-06   -4.7756970647e-08    6.6018362412e-06    2.4955120488e-06   -2.5107586636e-06   -2.3163006357e-06    4.2685919436e-06
  43.7200000   -1.7339675011e-05   -6.2140896085e-06    1.0917412533e-07    6.8321364891e-06    2.4687876743e-06   -2.5810320318e-06   -2.3292863228e-06    4.2110131049e-06
  43.7300000   -1.7263848716e-05   -7.0634619140e-06    2.9043447997e-07    7.0165205812e-06    2.4406448522e-06   -2.6485902341e-06   -2.3299590125e-06    4.1305572694e-06
  43.7400000   -1.7096086649e-05   -7.9332619218e-06    4.9474409553e-07    7.1498432441e-06    2.4112425436e-06   -2.7130773663e-06   -2.3182673687e-06    4.0275873342e-06
  43.7500000   -1.6839381409e-05   -8.8115351625e-06    7.2036915560e-07    7.2278267195e-06    2.3807463676e-06   -2.7741561344e-06   -2.2942260725e-06    3.9025928562e-06
  43.7600000   -1.6498419415e-05   -9.6855012305e-06    9.6516035200e-07    7.2471545263e-06    2.3493276709e-06   -2.8315098060e-06   -2.2579161950e-06    3.7561880603e-06
  43.7700000   -1.6079516495e-05   -1.0541721605e-05    1.2266000555e-06    7.2055468446e-06    2.3171625729e-06   -2.8848440237e-06   -2.2094852371e-06    3.5891091103e-06
  43.7800000   -1.5590521335e-05   -1.1366288260e-05    1.5018576001e-06    7.1018149825e-06    2.2844309553e-06   -2.9338884786e-06   -2.1491468069e-06    3.4022106653e-06
  43.7900000   -1.5040687894e-05   -1.2145030494e-05    1.7878513229e-06    6.9358950457e-06    2.2513154464e-06   -2.9783984510e-06   -2.0771799616e-06    3.1964617274e-06
  43.8000000   -1.4440519283e-05   -1.2863737425e-05    2.0813161671e-06    6.7088592813e-06    2.2180003732e-06   -3.0181561712e-06   -1.9939281778e-06    2.9729407828e-06
  43.8100000   -1.3801584914e-05   -1.3508392493e-05    2.3788751617e-06    6.4229049333e-06    2.1846707051e-06   -3.0529720302e-06   -1.8997979721e-06    2.7328303036e-06
  43.8200000   -1.3136314636e-05   -1.4065416529e-05    2.6771136024e-06    6.0813210445e-06    2.1515110050e-06   -3.0826856240e-06   -1.7952571940e-06    2.4774105887e-06
  43.8300000   -1.2457773770e-05   -1.4521915345e-05    2.9726533636e-06    5.6884331137e-06    2.1187043445e-06   -3.1071666118e-06   -1.6808329493e-06    2.2080529912e-06
  43.8400000   -1.1779422675e-05   -1.4865927819e-05    3.2622273469e-06    5.2495279323e-06    2.0864312778e-06   -3.1263153798e-06   -1.5571092094e-06    1.9262125831e-06
  43.8500000   -1.1114865428e-05   -1.5086669688e-05    3.5427512559e-06    4.7707590840e-06    2.0548687890e-06   -3.1400635546e-06   -1.4247240743e-06    1.6334202810e-06
  43.8600000   -1.0477592364e-05   -1.5174768751e-05    3.8113908519e-06    4.2590349464e-06    2.0241892809e-06   -3.1483742876e-06   -1.2843667262e-06    1.3312744608e-06
  43.8700000   -9.8807213833e-06   -1.5122486780e-05    4.0656245374e-06    3.7218925176e-06    1.9945595874e-06   -3.1512423641e-06   -1.1367740837e-06    1.0214321517e-06
  43.8800000   -9.3367430124e-06   -1.4923923626e-05    4.3032972045e-06    3.1673574985e-06    1.9661400306e-06   -3.1486941436e-06   -9.8272715776e-07    7.0559979721e-07
  43.8900000   -8.8572742029e-06   -1.4575199276e-05    4.5226677480e-06    2.6037963093e-06    1.9390834888e-06   -3.1407872699e-06   -8.2304713291e-07    3.8552369255e-07
  43.9000000   -8.4528257146e-06   -1.4074609466e-05    4.7224463837e-06    2.0397607740e-06    1.9135345502e-06   -3.1276102144e-06   -6.5859119268e-07    6.2980127576e-08
  43.9100000   -8.1325878128e-06   -1.3422751096e-05    4.9018217390e-06    1.4838291842e-06    1.8896286815e-06   -3.1092816420e-06   -4.9024811313e-07   -2.6023473907e-07
  43.9200000   -7.9042384551e-06   -1.2622613966e-05    5.0604769356e-06    9.4444711313e-07    1.8674914880e-06   -3.0859495755e-06   -3.1893363262e-07   -5.8231514293e-07
  43.9300000   -7.7737782576e-06   -1.1679635873e-05    5.1985943153e-06    4.2977104346e-07    1.8472380138e-06   -3.0577903982e-06   -1.4558562573e-07   -9.0145611811e-07
  43.9400000   -7.7453954657e-06   -1.0601718616e-05    5.3168486321e-06   -5.2482082306e-08    1.8289721039e-06   -3.0250076793e-06    2.8840894833e-08   -1.2158639624e-06
  43.9500000   -7.8213639775e-06   -9.3992030990e-06    5.4163885789e-06   -4.9517644503e-07    1.8127858537e-06   -2.9878308426e-06    2.0337890453e-07   -1.5237666874e-06
  43.9600000   -8.0019769474e-06   -8.0848023923e-06    5.4988070915e-06   -8.9188727602e-07    1.7987591215e-06   -2.9465136771e-06    3.7705464331e-07   -1.8234244029e-06
  43.9700000   -8.2855170590e-06   -6.6734921936e-06    5.5661010360e-06   -1.2370165628e-06    1.7869591211e-06   -2.9013326960e-06    5.4889296055e-07   -2.1131395705e-06
  43.9800000   -8.6682648681e-06   -5.1823591111e-06    5.6206209203e-06   -1.5258923375e-06    1.7774400838e-06   -2.8525853834e-06    7.1792272809e-07   -2.3912670668e-06
  43.9900000   -9.1445455173e-06   -3.6304079361e-06    5.6650117713e-06   -1.7548496086e-06    1.7702430153e-06   -2.8005882854e-06    8.8318229836e-07   -2.6562239906e-06
  44.0000000   -9.7068131682e-06   -2.0383296029e-06    5.7021465251e-06   -1.9212912891e-06    1.7653955256e-06   -2.7456750192e-06    1.0437249598e-06   -2.9064991489e-06
  44.0100000   -1.0345771668e-05   -4.2823240725e-07    5.7350531763e-06   -2.0237283034e-06    1.7629117444e-06   -2.6881941682e-06    1.1986243695e-06   -3.1406621701e-06
  44.0200000   -1.1050529691e-05    1.1766599953e-06    5.7668372527e-06   -2.0617978897e-06    1.7627923152e-06   -2.6285070817e-06    1.3469799207e-06   -3.3573721804e-06
  44.0300000   -1.1808787768e-05    2.7523399362e-06    5.8006014609e-06   -2.0362601345e-06    1.7650244730e-06   -2.5669856221e-06    1.4879220493e-06   -3.5553860000e-06
  44.0400000   -1.2607053383e-05    4.2743714670e-06    5.8393642243e-06   -1.9489728533e-06    1.7695822141e-06   -2.5040098373e-06    1.6206173924e-06   -3.7335657814e-06
  44.0500000   -1.3430880774e-05    5.7182653470e-06    5.8859788329e-06   -1.8028452520e-06    1.7764265330e-06   -2.4399655960e-06    1.7442738228e-06   -3.8908860676e-06
  44.0600000   -1.4265130772e-05    7.0598675581e-06    5.9430554913e-06   -1.6017715524e-06    1.7855057408e-06   -2.3752421971e-06    1.8581452942e-06   -4.0264402179e-06
  44.0700000   -1.5094245901e-05    8.2757550104e-06    6.0128871591e-06   -1.3505461442e-06    1.7967558651e-06   -2.3102299499e-06    1.9615364799e-06   -4.1394461238e-06
  44.0800000   -1.5902535373e-05    9.3436318616e-06    6.0973815971e-06   -1.0547621980e-06    1.8101011159e-06   -2.2453177649e-06    2.0538071812e-06   -4.2292512412e-06
  44.0900000   -1.6674464801e-05    1.0242719701e-05    6.1980014202e-06   -7.2069536922e-07    1.8254544298e-06   -2.1808907699e-06    2.1343764564e-06   -4.2953368371e-06
  44.1000000   -1.7394944891e-05    1.0954134929e-05    6.3157131983e-06   -3.5517545387e-07    1.8427180685e-06   -2.1173279283e-06    2.2027264868e-06   -4.3373214697e-06
  44.1100000   -1.8049613609e-05    1.1461246303e-05    6.4509470679e-06    3.4551537239e-08    1.8617842973e-06   -2.0549997276e-06    2.2584060778e-06   -4.3549636483e-06
  44.1200000   -1.8625106541e-05    1.1750006027e-05    6.6035678185e-06    4.4096772781e-07    1.8825361075e-06   -1.9942659150e-06    2.3010338697e-06   -4.3481636466e-06
  44.1300000   -1.9109309931e-05    1.1809248121e-05    6.7728584300e-06    8.5643189956e-07    1.9048479879e-06   -1.9354733136e-06    2.3303011479e-06   -4.3169645099e-06
  44.1400000   -1.9491591504e-05    1.1630948038e-05    6.9575166862e-06    1.2733283702e-06    1.9285867511e-06   -1.8789537112e-06    2.3459742830e-06   -4.2615521560e-06
  44.1500000   -1.9763004623e-05    1.1210438006e-05    7.1556648268e-06    1.6842140088e-06    1.9536124083e-06   -1.8250218709e-06    2.3478967533e-06   -4.1822546358e-06
  44.1600000   -1.9916461665e-05    1.0546573291e-05    7.3648728530e-06    2.0819598054e-06    1.9797790622e-06   -1.7739736359e-06    2.3359907540e-06   -4.0795405280e-06
  44.1700000   -1.9946873125e-05    9.6418453548e-06    7.5821948030e-06    2.4598846854e-06    2.0069358456e-06   -1.7260841616e-06    2.3102583712e-06   -3.9540164756e-06
  44.1800000   -1.9851249783e-05    8.5024384367e-06    7.8042175467e-06    2.8118787362e-06    2.0349278785e-06   -1.6816062895e-06    2.2707822943e-06   -3.8064238671e-06
  44.1900000   -1.9628765774e-05    7.1382273511e-06    8.0271214118e-06    3.1325137366e-06    2.0635972440e-06   -1.6407690710e-06    2.2177260691e-06   -3.6376346990e-06
  44.2000000   -1.9280781167e-05    5.5627150020e-06    8.2467512445e-06    3.4171383510e-06    2.0927839643e-06   -1.6037764210e-06    2.1513339012e-06   -3.4486466141e-06
  44.2100000   -1.8810823735e-05    3.7929092932e-06    8.4586967151e-06    3.6619567369e-06    2.1223270097e-06   -1.5708059672e-06    2.0719299601e-06   -3.2405771696e-06
  44.2200000   -1.8224529949e-05    1.8491399970e-06    8.6583813730e-06    3.8640897028e-06    2.1520652707e-06   -1.5420080431e-06    1.9799172300e-06   -3.0146573421e-06
  44.2300000   -1.7529546464e-05   -2.4518272330e-07    8.8411568403e-06    4.0216157754e-06    2.1818385699e-06   -1.5175048752e-06    1.8757758479e-06   -2.7722243388e-06
  44.2400000   -1.6735393767e-05   -2.4638653839e-06    9.0024015353e-06    4.1335928166e-06    2.2114885887e-06   -1.4973899377e-06    1.7600610314e-06   -2.5147137098e-06
  44.2500000   -1.5853294720e-05   -4.7782799900e-06    9.1376213458e-06    4.2000594073e-06    2.2408598656e-06   -1.4817275018e-06    1.6334004757e-06   -2.2436508505e-06
  44.2600000   -1.4895971273e-05   -7.1577599251e-06    9.2425508046e-06    4.2220165887e-06    2.2698006966e-06   -1.4705523827e-06    1.4964913390e-06   -1.9606419289e-06
  44.2700000   -1.3877413272e-05   -9.5700372211e-06    9.3132522548e-06    4.2013903227e-06    2.2981640288e-06   -1.4638698478e-06    1.3500967601e-06   -1.6673642832e-06
  44.2800000   -1.2812623758e-05   -1.1981714693e-05    9.3462108923e-06    4.1409754477e-06    2.3258083263e-06   -1.4616557404e-06    1.1950419503e-06   -1.3655563581e-06
  44.2900000   -1.1717345665e-05   -1.4358765731e-05    9.3384242626e-06    4.0443631575e-06    2.3525983959e-06   -1.4638567844e-06    1.0322098757e-06   -1.0570072373e-06
  44.3000000   -1.0607775407e-05   -1.6667053925e-05    9.2874831695e-06    3.9158524845e-06    2.3784061380e-06   -1.4703910764e-06    8.6253654745e-07   -7.4354584480e-07
  44.3100000   -9.5002687064e-06   -1.8872864178e-05    9.1916431701e-06    3.7603486532e-06    2.4031112900e-06   -1.4811487571e-06    6.8700593889e-07   -4.2702985437e-07
  44.3200000   -8.4110443642e-06   -2.0943436680e-05    9.0498846890e-06    3.5832502040e-06    2.4266020740e-06   -1.4959928674e-06    5.0664455136e-07   -1.0933441335e-07
  44.3300000   -7.3558918322e-06   -2.2847494672e-05    8.8619602824e-06    3.3903272484e-06    2.4487758178e-06   -1.5147603866e-06    3.2251568662e-07    2.0765927608e-07
  44.3400000   -6.3498880521e-06   -2.4555757266e-05    8.6284280312e-06    3.1875934190e-06    2.4695394849e-06   -1.5372634171e-06    1.3571340206e-07    5.2207544425e-07
  44.3500000   -5.4071291179e-06   -2.6041428290e-05    8.3506700791e-06    2.9811741186e-06    2.4888101804e-06   -1.5632905486e-06   -5.2643748115e-08    8.3205522465e-07
  44.3600000   -4.5404818002e-06   -2.7280652801e-05    8.0308957353e-06    2.7771738062e-06    2.5065155403e-06   -1.5926083688e-06   -2.4141924292e-07    1.1357680406e-06
  44.3700000   -3.7613597132e-06   -2.8252932891e-05    7.6721286993e-06    2.5815449532e-06    2.5225940911e-06   -1.6249631030e-06   -4.2946524898e-07    1.4314228685e-06
  44.3800000   -3.0795282864e-06   -2.8941495390e-05    7.2781785991e-06    2.3999612824e-06    2.5369955243e-06   -1.6600823982e-06   -6.1562946135e-07    1.7172792267e-06
  44.3900000   -2.5029420308e-06   -2.9333604539e-05    6.8535969816e-06    2.2376978158e-06    2.5496808873e-06   -1.6976772218e-06   -7.9876202111e-07    1.9916579146e-06
  44.4000000   -2.0376174440e-06   -2.9420813659e-05    6.4036182879e-06    2.0995200211e-06    2.5606227369e-06   -1.7374438654e-06   -9.7772252839e-07    2.2529513717e-06
  44.4100000   -1.6875434512e-06   -2.9199150639e-05    5.9340871351e-06    1.9895843673e-06    2.5698051683e-06   -1.7790660420e-06   -1.1513870359e-06    2.4996336097e-06
  44.4200000   -1.4546309153e-06   -2.8669233119e-05    5.4513725582e-06    1.9113517367e-06    2.5772238188e-06   -1.8222170585e-06   -1.3186550607e-06    2.7302696433e-06
  44.4300000   -1.3387017651e-06   -2.7836310978e-05    4.9622709527e-06    1.8675158008e-06    2.5828857737e-06   -1.8665620648e-06   -1.4784565091e-06    2.9435243847e-06
  44.4400000   -1.3375180863e-06   -2.6710234284e-05    4.4738991667e-06    1.8599473144e-06    2.5868094108e-06   -1.9117603504e-06   -1.6297585010e-06    3.1381709075e-06
  44.4500000   -1.4468498446e-06   -2.5305346267e-05    3.9935798741e-06    1.8896553641e-06    2.5890241858e-06   -1.9574676676e-06   -1.7715720401e-06    3.3130980572e-06
  44.4600000   -1.6605797453e-06   -2.3640302390e-05    3.5287210654e-06    1.9567664295e-06    2.5895703349e-06   -2.0033385905e-06   -1.9029584933e-06    3.4673173305e-06
  44.4700000   -1.9708428546e-06   -2.1737817564e-05    3.0866918043e-06    2.0605209067e-06    2.5884985105e-06   -2.0490288606e-06   -2.0230358481e-06    3.5999690214e-06
  44.4800000   -2.3681978686e-06   -1.9624345074e-05    2.6746965022e-06    2.1992876465e-06    2.5858693868e-06   -2.0941977390e-06   -2.1309846658e-06    3.7103275200e-06
  44.4900000   -2.8418262868e-06   -1.7329692035e-05    2.2996501457e-06    2.3705958735e-06    2.5817531590e-06   -2.1385103247e-06   -2.2260537444e-06    3.7978058219e-06
  44.5000000   -3.3797554302e-06   -1.4886577048e-05    1.9680565442e-06    2.5711836187e-06    2.5762290344e-06   -2.1816398290e-06   -2.3075653879e-06    3.8619591336e-06
  44.5100000   -3.9691005330e-06   -1.2330136969e-05    1.6858918812e-06    2.7970616925e-06    2.5693846331e-06   -2.2232698072e-06   -2.3749203445e-06    3.9024875924e-06
  44.5200000   -4.5963209060e-06   -9.6973907125e-06    1.4584958090e-06    3.0435917362e-06    2.5613153848e-06   -2.2630963007e-06   -2.4276022404e-06    3.9192380823e-06
  44.5300000   -5.2474850994e-06   -7.0266685776e-06    1.2904718776e-06    3.3055768433e-06    2.5521238415e-06   -2.3008299211e-06   -2.4651816032e-06    3.9122051133e-06
  44.5400000   -5.9085392887e-06   -4.3570167125e-06    1.1855993858e-06    3.5773628424e-06    2.5419189783e-06   -2.3361977923e-06   -2.4873193800e-06    3.8815307709e-06
  44.5500000   -6.5655742719e-06   -1.7275860722e-06    1.1467581337e-06    3.8529481510e-06    2.5308154594e-06   -2.3689454309e-06   -2.4937699185e-06    3.8275037257e-06
  44.5600000   -7.2050850398e-06    8.2298360320e-07    1.1758675818e-06    4.1261002442e-06    2.5189328693e-06   -2.3988384695e-06   -2.4843834273e-06    3.7505573185e-06
  44.5700000   -7.8142183671e-06    3.2571747890e-06    1.2738415007e-06    4.3904763085e-06    2.5063949163e-06   -2.4256642493e-06   -2.4591078403e-06    3.6512667142e-06
  44.5800000   -8.3810034382e-06    5.5391873776e-06    1.4405590604e-06    4.6397457767e-06    2.4933286378e-06   -2.4492332738e-06   -2.4179901112e-06    3.5303451614e-06
  44.5900000   -8.8945610945e-06    7.6355083608e-06    1.6748529443e-06    4.8677126325e-06    2.4798635711e-06   -2.4693804897e-06   -2.3611768994e-06    3.3886393701e-06
  44.6000000   -9.3452879860e-06    9.5154460794e-06    1.9745146545e-06    5.0684349163e-06    2.4661309484e-06   -2.4859664332e-06   -2.2889146474e-06    3.2271240359e-06
  44.6100000   -9.7250121932e-06    1.1151619960e-05    2.3363173052e-06    5.2363395211e-06    2.4522628293e-06   -2.4988781613e-06   -2.2015490175e-06    3.0468955304e-06
  44.6200000   -1.0027117589e-05    1.2520397299e-05    2.7560551348e-06    5.3663300165e-06    2.4383913093e-06   -2.5080300394e-06   -2.0995237209e-06    2.8491648382e-06
  44.6300000   -1.0246635175e-05    1.3602269438e-05    3.2285995011e-06    5.4538857653e-06    2.4246476948e-06   -2.5133643185e-06   -1.9833787091e-06    2.6352497467e-06
  44.6400000   -1.0380299911e-05    1.4382160897e-05    3.7479702419e-06    5.4951504305e-06    2.4111616933e-06   -2.5148515391e-06   -1.8537477380e-06    2.4065663337e-06
  44.6500000   -1.0426572429e-05    1.4849665951e-05    4.3074213971e-06    5.4870085664e-06    2.3980606269e-06   -2.5124907338e-06   -1.7113553260e-06    2.1646198541e-06
  44.6600000   -1.0385625899e-05    1.4999208466e-05    4.8995396553e-06    5.4271486656e-06    2.3854686752e-06   -2.5063094329e-06   -1.5570130943e-06    1.9109950290e-06
  44.6700000   -1.0259298824e-05    1.4830122231e-05    5.5163541575e-06    5.3141122126e-06    2.3735061340e-06   -2.4963634738e-06   -1.3916155252e-06    1.6473458452e-06
  44.6800000   -1.0051015414e-05    1.4346650252e-05    6.1494556099e-06    5.1473276477e-06    2.3622887093e-06   -2.4827366287e-06   -1.2161351585e-06    1.3753848872e-06
  44.6900000   -9.7656757225e-06    1.3557862886e-05    6.7901229505e-06    4.9271289595e-06    2.3519268576e-06   -2.4655400305e-06   -1.0316172135e-06    1.0968723083e-06
  44.7000000   -9.4095183863e-06    1.2477496324e-05    7.4294552305e-06    4.6547586369e-06    2.3425251371e-06   -2.4449113974e-06   -8.3917373428e-07    8.1360448515e-07
  44.7100000   -8.9899588974e-06    1.1123713600e-05    8.0585067819e-06    4.3323551840e-06    2.3341816258e-06   -2.4210140988e-06   -6.3997720372e-07    5.2740246312e-07
  44.7200000   -8.5154077943e-06    9.5187929185e-06    8.6684232937e-06    3.9629256098e-06    2.3269873808e-06   -2.3940360251e-06   -4.3525373194e-07    2.4010021162e-07
  44.7300000   -7.9950729877e-06    7.6887486546e-06    9.2505766325e-06    3.5503034132e-06    2.3210259328e-06   -2.3641882941e-06   -2.2627581430e-07   -4.6467167295e-08
  44.7400000   -7.4387501689e-06    5.6628912252e-06    9.7966961936e-06    3.0990930946e-06    2.3163728404e-06   -2.3317037817e-06   -1.4354729870e-08   -3.3047526622e-07
  44.7500000   -6.8566058408e-06    3.4733333309e-06    1.0298994722e-05    2.6146022389e-06    2.3130952921e-06   -2.2968355183e-06    1.9916741387e-07   -6.1012208491e-07
  44.7600000   -6.2589580103e-06    1.1544514848e-06    1.0750286481e-05    2.1027624502e-06    2.3112517813e-06   -2.2598549179e-06    4.1292589946e-07   -8.8363964240e-07
  44.7700000   -5.6560590409e-06   -1.2576879692e-06    1.1144096000e-05    1.5700405738e-06    2.3108918086e-06   -2.2210498935e-06    6.2554186714e-07   -1.1493053124e-06
  44.7800000   -5.0578851690e-06   -3.7259283687e-06    1.1474755603e-05    1.0233418450e-06    2.3120556614e-06   -2.1807228397e-06    8.3563095254e-07   -1.4054528972e-06
  44.7900000   -4.4739370659e-06   -6.2126372492e-06    1.1737490241e-05    4.6990663315e-07    2.3147742308e-06   -2.1391885230e-06    1.0418120868e-06   -1.6504833037e-06
  44.8000000   -3.9130553484e-06   -8.6803253376e-06    1.1928488292e-05   -8.2797478943e-08    2.3190689102e-06   -2.0967718667e-06    1.2427163303e-06   -1.8828747836e-06
  44.8100000   -3.3832547650e-06   -1.1092259090e-05    1.2044957253e-05   -6.2718653628e-07    2.3249515265e-06   -2.0538056618e-06    1.4369957585e-06   -2.1011926613e-06
  44.8200000   -2.8915800414e-06   -1.3413056349e-05    1.2085163541e-05   -1.1556719897e-06    2.3324243563e-06   -2.0106282140e-06    1.6233323061e-06   -2.3040984917e-06
  44.8300000   -2.4439861603e-06   -1.5609254949e-05    1.2048455823e-05   -1.6607718893e-06    2.3414801692e-06   -1.9675809464e-06    1.8004465096e-06   -2.4903585719e-06
  44.8400000   -2.0452450227e-06   -1.7649844313e-05    1.1935271473e-05   -2.1352196900e-06    2.3521023393e-06   -1.9250059612e-06    1.9671061227e-06   -2.6588517686e-06
  44.8500000   -1.6988801549e-06   -1.9506750884e-05    1.1747126305e-05   -2.5720690063e-06    2.3642650250e-06   -1.8832436123e-06    2.1221344897e-06   -2.8085766012e-06
  44.8600000   -1.4071300090e-06   -2.1155269425e-05    1.1486587607e-05   -2.9647928159e-06    2.3779333574e-06   -1.8426300358e-06    2.2644186832e-06   -2.9386575147e-06
  44.8700000   -1.1709403963e-06   -2.2574432630e-05    1.1157231195e-05   -3.3073757894e-06    2.3930637434e-06   -1.8034947366e-06    2.3929173299e-06   -3.0483503627e-06
  44.8800000   -9.8998535723e-07   -2.3747313140e-05    1.0763582994e-05   -3.5943983649e-06    2.4096041536e-06   -1.7661581881e-06    2.5066680348e-06   -3.1370469837e-06
  44.8900000   -8.6271562714e-07   -2.4661253122e-05    1.0311046247e-05   -3.8211117372e-06    2.4274944942e-06   -1.7309294974e-06    2.6047944047e-06   -3.2042788783e-06
  44.9000000   -7.8643303137e-07   -2.5308017695e-05    9.8058155097e-06   -3.9835025461e-06    2.4466670050e-06   -1.6981041226e-06    2.6865125974e-06   -3.2497199900e-06
  44.9100000   -7.5738867528e-07   -2.5683870107e-05    9.2547787984e-06   -4.0783467409e-06    2.4670466979e-06   -1.6679616876e-06    2.7511373313e-06   -3.2731885381e-06
  44.9200000   -7.7090237257e-07   -2.5789567881e-05    8.6654094019e-06   -4.1032520181e-06    2.4885518382e-06   -1.6407638804e-06    2.7980873521e-06   -3.2746478488e-06
  44.9300000   -8.2150026375e-07   -2.5630280582e-05    8.0456491780e-06   -4.0566884723e-06    2.5110944647e-06   -1.6167524669e-06    2.8268902606e-06   -3.2542063067e-06
  44.9400000   -9.0306727134e-07   -2.5215431314e-05    7.4037849725e-06   -3.9380072839e-06    2.5345809132e-06   -1.5961474453e-06    2.8371867365e-06   -3.2121162862e-06
  44.9500000   -1.0090108297e-06   -2.4558465291e-05    6.7483202393e-06   -3.7474474788e-06    2.5589124041e-06   -1.5791453118e-06    2.8287340375e-06   -3.1487721466e-06
  44.9600000   -1.1324319314e-06   -2.3676550488e-05    6.0878437328e-06   -3.4861308264e-06    2.5839856147e-06   -1.5659175066e-06    2.8014088128e-06   -3.0647072937e-06
  44.9700000   -1.2662997072e-06   -2.2590216199e-05    5.4308973297e-06   -3.1560453178e-06    2.6096932985e-06   -1.5566090031e-06    2.7552091689e-06   -2.9605903378e-06
  44.9800000   -1.4036257283e-06   -2.1322936341e-05    4.7858449819e-06   -2.7600176179e-06    2.6359249007e-06   -1.5513370812e-06    2.6902559817e-06   -2.8372203115e-06
  44.9900000   -1.5376341169e-06   -1.9900665772e-05    4.1607447874e-06   -2.3016751153e-06    2.6625672078e-06   -1.5501902884e-06    2.6067934145e-06   -2.6955210809e-06
  45.0000000   -1.6619236914e-06   -1.8351338317e-05    3.5632261251e-06   -1.7853982493e-06    2.6895049662e-06   -1.5532275648e-06    2.5051886798e-06   -2.5365348971e-06
  45.0100000   -1.7706188560e-06   -1.6704336157e-05    3.0003737174e-06   -1.2162639804e-06    2.7166215525e-06   -1.5604776013e-06    2.3859309583e-06   -2.3614151791e-06
  45.0200000   -1.8585060060e-06   -1.4989940218e-05    2.4786203936e-06   -5.9998127497e-07    2.7437996050e-06   -1.5719383735e-06    2.2496295614e-06   -2.1714185786e-06
  45.0300000   -1.9211527577e-06   -1.3238772013e-05    2.0036501041e-06    5.7180512579e-08    2.7709216662e-06   -1.5875768995e-06    2.0970112758e-06   -1.9678963274e-06
  45.0400000   -1.9550076333e-06   -1.1481237059e-05    1.5803128152e-06    7.4846921954e-07    2.7978708190e-06   -1.6073292016e-06    1.9289169106e-06   -1.7522850219e-06
  45.0500000   -1.9574782321e-06   -9.7469802069e-06    1.2125523997e-06    1.4667324302e-06    2.8245313213e-06   -1.6311004706e-06    1.7462971009e-06   -1.5260967909e-06
  45.0600000   -1.9269865036e-06   -8.0643626832e-06    9.0334877495e-07    2.2045039610e-06    2.8507891986e-06   -1.6587654562e-06    1.5502073194e-06   -1.2909090148e-06
  45.0700000   -1.8630003199e-06   -6.4599702660e-06    6.5467517450e-07    2.9540931771e-06    2.8765328479e-06   -1.6901690656e-06    1.3418021788e-06   -1.0483535965e-06
  45.0800000   -1.7660410845e-06   -4.9581614706e-06    4.6747116631e-07    3.7076760286e-06    2.9016535978e-06   -1.7251271562e-06    1.1223290130e-06   -8.0010590298e-07
  45.0900000   -1.6376670451e-06   -3.5806636635e-06    3.4163198227e-07    4.4573869112e-06    2.9260462734e-06   -1.7634275528e-06    8.9312081303e-07   -5.4787340014e-07
  45.1000000   -1.4804334946e-06   -2.3462239676e-06    2.7601430910e-07    5.1954100822e-06    2.9496097017e-06   -1.8048312391e-06    6.5558849340e-07   -2.9338413317e-07
  45.1100000   -1.2978310508e-06   -1.2703209923e-06    2.6845858746e-07    5.9140698622e-06    2.9722472082e-06   -1.8490737680e-06    4.1121261031e-07   -3.8375035517e-08
  45.1200000   -1.0942031448e-06   -3.6494245015e-07    3.1582748364e-07    6.6059186131e-06    2.9938670882e-06   -1.8958668257e-06    1.6153449841e-07    2.1541976585e-07
  45.1300000   -8.7464495239e-07    3.6156825434e-07    4.1406008896e-07    7.2638214628e-06    3.0143830128e-06   -1.9448999978e-06   -9.1853055489e-08    4.6628062958e-07
  45.1400000   -6.4488644181e-07    9.0459428269e-07    5.5824113908e-07    7.8810370899e-06    3.0337144412e-06   -1.9958426686e-06   -3.4731558541e-07    7.1251395053e-07
  45.1500000   -4.1116186452e-07    1.2632555022e-06    7.4268426532e-07    8.4512937469e-06    3.0517869744e-06   -2.0483461023e-06   -6.0318709828e-07    9.5246355465e-07
  45.1600000   -1.8006876545e-07    1.4403471436e-06    9.6102803434e-07    8.9688596656e-06    3.0685326583e-06   -2.1020456361e-06   -8.5778053869e-07    1.1845217477e-06
  45.1700000    4.1580455624e-08    1.4422088741e-06    1.2063435323e-06    9.4286073382e-06    3.0838902687e-06   -2.1565630162e-06   -1.1093984997e-06    1.4071401041e-06
  45.1800000    2.4691115654e-07    1.2785275951e-06    1.4712518254e-06    9.8260709052e-06    3.0978055440e-06   -2.2115088420e-06   -1.3563441384e-06    1.6188397965e-06
  45.1900000    4.2914019189e-07    9.6207821664e-07    1.7480496049e-06    1.0157496231e-05    3.1102313728e-06   -2.2664850945e-06   -1.5969321730e-06    1.8182214209e-06
  45.2000000    5.8172754855e-07    5.0840789630e-07    2.0288411116e-06    1.0419883071e-05    3.1211279461e-06   -2.3210877461e-06   -1.8294999673e-06    2.0039743241e-06
  45.2100000    6.9852237231e-07   -6.4528993403e-08    2.3056743627e-06    1.0611019007e-05    3.1304628562e-06   -2.3749094549e-06   -2.0524185483e-06    2.1748852552e-06
  45.2200000    7.7390075632e-07   -7.3677817612e-07    2.5706795902e-06    1.0729504742e-05    3.1382111717e-06   -2.4275422528e-06   -2.2641035592e-06    2.3298463831e-06
  45.2300000    8.0289269957e-07   -1.4868269359e-06    2.8162077278e-06    1.0774770460e-05    3.1443554420e-06   -2.4785803044e-06   -2.4630260214e-06    2.4678625721e-06
  45.2400000    7.8129558375e-07   -2.2920704971e-06    3.0349666849e-06    1.0747083101e-05    3.1488856833e-06   -2.5276226726e-06   -2.6477228621e-06    2.5880578794e-06
  45.2500000    7.0577217217e-07   -3.1292941848e-06    3.2201533182e-06    1.0647544379e-05    3.1517993020e-06   -2.5742760444e-06   -2.8168071372e-06    2.6896812379e-06
  45.2600000    5.7393095425e-07   -3.9751620211e-06    3.3655788865e-06    1.0478079476e-05    3.1531009865e-06   -2.6181574619e-06   -2.9689778597e-06    2.7721112633e-06
  45.2700000    3.8438795491e-07   -4.8067019635e-06    3.4657857658e-06    1.0241416420e-05    3.1528025630e-06   -2.6588969776e-06   -3.1030293852e-06    2.8348602028e-06
