  40.0100000    1.3191134672e-03   -1.3227526424e-03    1.4007305128e-04   -4.8496949601e-04   -3.5846409239e-04    1.2456057533e-03   -6.9385884181e-04    2.5440139219e-04
  40.0200000    1.3076306955e-03   -1.3210801196e-03    1.4841754706e-04   -4.8471881605e-04   -3.5674978865e-04    1.2443860370e-03   -6.9453628189e-04    2.5523999693e-04
  40.0300000    1.2965953458e-03   -1.3194631620e-03    1.5680740276e-04   -4.8432336707e-04   -3.5501701277e-04    1.2431452042e-03   -6.9520389623e-04    2.5608995007e-04
  40.0400000    1.2859689426e-03   -1.3178479600e-03    1.6522371363e-04   -4.8378574962e-04   -3.5326666560e-04    1.2418841071e-03   -6.9586052423e-04    2.5695163158e-04
  40.0500000    1.2757028918e-03   -1.3161769284e-03    1.7364796697e-04   -4.8310984763e-04   -3.5149977140e-04    1.2406036443e-03   -6.9650503640e-04    2.5782536755e-04
  40.0600000    1.2657405618e-03   -1.3143900662e-03    1.8206172745e-04   -4.8230059632e-04   -3.4971743917e-04    1.2393047548e-03   -6.9713634029e-04    2.5871142812e-04
  40.0700000    1.2560196328e-03   -1.3124264615e-03    1.9044693351e-04   -4.8136394928e-04   -3.4792085652e-04    1.2379884125e-03   -6.9775338629e-04    2.5961002580e-04
  40.0800000    1.2464745961e-03   -1.3102258716e-03    1.9878618413e-04   -4.8030683477e-04   -3.4611128198e-04    1.2366556201e-03   -6.9835517334e-04    2.6052131397e-04
  40.0900000    1.2378817022e-03   -1.3080428425e-03    2.0706301873e-04   -4.7913710469e-04   -3.4429003685e-04    1.2353074031e-03   -6.9894075438e-04    2.6144538572e-04
  40.1000000    1.2275785458e-03   -1.3049302976e-03    2.1526218405e-04   -4.7786347571e-04   -3.4245849661e-04    1.2339448034e-03   -6.9950924166e-04    2.6238227296e-04
  40.1100000    1.2173772104e-03   -1.3013507246e-03    2.2336988247e-04   -4.7649546371e-04   -3.4061808186e-04    1.2325688733e-03   -7.0005981184e-04    2.6333194590e-04
  40.1200000    1.2072512927e-03   -1.2972746844e-03    2.3137399670e-04   -4.7504331171e-04   -3.3877024907e-04    1.2311806689e-03   -7.0059171075e-04    2.6429431276e-04
  40.1300000    1.1971747755e-03   -1.2926804628e-03    2.3926428602e-04   -4.7351791204e-04   -3.3691648102e-04    1.2297812443e-03   -7.0110425788e-04    2.6526921991e-04
  40.1400000    1.1871223977e-03   -1.2875544816e-03    2.4703254970e-04   -4.7193072317e-04   -3.3505827701e-04    1.2283716447e-03   -7.0159685059e-04    2.6625645223e-04
  40.1500000    1.1770699957e-03   -1.2818915735e-03    2.5467275402e-04   -4.7029368171e-04   -3.3319714307e-04    1.2269529011e-03   -7.0206896788e-04    2.6725573382e-04
  40.1600000    1.1669948125e-03   -1.2756951158e-03    2.6218111974e-04   -4.6861911049e-04   -3.3133458209e-04    1.2255260234e-03   -7.0252017386e-04    2.6826672910e-04
  40.1700000    1.1567451641e-03   -1.2690808290e-03    2.6676358609e-04   -4.7001761106e-04   -3.2947152194e-04    1.2240919662e-03   -7.0295012074e-04    2.6928904412e-04
  40.1800000    1.1466597393e-03   -1.2618671928e-03    2.7376703647e-04   -4.6832243597e-04   -3.2760996087e-04    1.2226517081e-03   -7.0335855149e-04    2.7032222826e-04
  40.1900000    1.1365292546e-03   -1.2541817006e-03    2.8063372783e-04   -4.6667935069e-04   -3.2575133528e-04    1.2212061634e-03   -7.0374530194e-04    2.7136577620e-04
  40.2000000    1.1263369509e-03   -1.2460603943e-03    2.8736988872e-04   -4.6509842870e-04   -3.2389704415e-04    1.2197562027e-03   -7.0411030250e-04    2.7241913020e-04
  40.2100000    1.1160681287e-03   -1.2375463630e-03    2.9398412891e-04   -4.6358975496e-04   -3.2204843814e-04    1.2183026494e-03   -7.0445357933e-04    2.7348168266e-04
  40.2200000    1.1057103263e-03   -1.2286890539e-03    3.0048692620e-04   -4.6216315814e-04   -3.2020681118e-04    1.2168462743e-03   -7.0477525509e-04    2.7455277895e-04
  40.2300000    1.0952533714e-03   -1.2195434641e-03    3.0689046219e-04   -4.6082813863e-04   -3.1837339240e-04    1.2153877924e-03   -7.0507554912e-04    2.7563172054e-04
  40.2400000    1.0846893959e-03   -1.2101692356e-03    3.1320841569e-04   -4.5959379207e-04   -3.1654933851e-04    1.2139278582e-03   -7.0535477713e-04    2.7671776828e-04
  40.2500000    1.0740128129e-03   -1.2006296656e-03    3.1945572820e-04   -4.5846873480e-04   -3.1473572683e-04    1.2124670629e-03   -7.0561335039e-04    2.7781014600e-04
  40.2600000    1.0632202602e-03   -1.1909906508e-03    3.2564834482e-04   -4.5746103112e-04   -3.1293354873e-04    1.2110059311e-03   -7.0585177439e-04    2.7890804429e-04
  40.2700000    1.0523105126e-03   -1.1813195816e-03    3.3180293550e-04   -4.5657812302e-04   -3.1114370391e-04    1.2095449183e-03   -7.0607064695e-04    2.8001062442e-04
  40.2800000    1.0412843661e-03   -1.1716842063e-03    3.3793660150e-04   -4.5582676306e-04   -3.0936699517e-04    1.2080844089e-03   -7.0627065585e-04    2.8111702255e-04
  40.2900000    1.0301444988e-03   -1.1621514837e-03    3.4406657275e-04   -4.5521295074e-04   -3.0760412407e-04    1.2066247143e-03   -7.0645257597e-04    2.8222635392e-04
  40.3000000    1.0188953118e-03   -1.1527864441e-03    3.5020990226e-04   -4.5474187330e-04   -3.0585568717e-04    1.2051660719e-03   -7.0661726586e-04    2.8333771729e-04
  40.3100000    1.0075427561e-03   -1.1436510773e-03    3.5638316236e-04   -4.5441785062e-04   -3.0412217318e-04    1.2037086444e-03   -7.0676566393e-04    2.8445019946e-04
  40.3200000    9.9609414666e-04   -1.1348032677e-03    3.6260214956e-04   -4.5424428559e-04   -3.0240396083e-04    1.2022525191e-03   -7.0689878408e-04    2.8556287979e-04
  40.3300000    9.8455797102e-04   -1.1262957942e-03    3.6888160366e-04   -4.5422361976e-04   -3.0070131757e-04    1.2007977089e-03   -7.0701771094e-04    2.8667483487e-04
  40.3400000    9.7294369428e-04   -1.1181754128e-03    3.7523494667e-04   -4.5435729508e-04   -2.9901439908e-04    1.1993441521e-03   -7.0712359463e-04    2.8778514317e-04
  40.3500000    9.6126156584e-04   -1.1104820365e-03    3.8167404696e-04   -4.5464572245e-04   -2.9734324957e-04    1.1978917144e-03   -7.0721764523e-04    2.8889288966e-04
  40.3600000    9.4952243081e-04   -1.1032480287e-03    3.8820901330e-04   -4.5508825706e-04   -2.9568780297e-04    1.1964401897e-03   -7.0730112671e-04    2.8999717045e-04
  40.3700000    9.3773754913e-04   -1.0964976213e-03    3.9484802321e-04   -4.5568318129e-04   -2.9404788482e-04    1.1949893026e-03   -7.0737535069e-04    2.9109709736e-04
  40.3800000    9.2591842551e-04   -1.0902464676e-03    4.0159718883e-04   -4.5642769545e-04   -2.9242321502e-04    1.1935387109e-03   -7.0744166976e-04    2.9219180244e-04
  40.3900000    9.1407665248e-04   -1.0845013386e-03    4.0846046362e-04   -4.5731791693e-04   -2.9081341134e-04    1.1920880080e-03   -7.0750147059e-04    2.9328044233e-04
  40.4000000    9.0222376805e-04   -1.0792599692e-03    4.1543959177e-04   -4.5834888796e-04   -2.8921799359e-04    1.1906367268e-03   -7.0755616680e-04    2.9436220253e-04
  40.4100000    8.9037112960e-04   -1.0745110550e-03    4.2253410152e-04   -4.5951459264e-04   -2.8763638858e-04    1.1891843429e-03   -7.0760719161e-04    2.9543630157e-04
  40.4200000    8.7852980456e-04   -1.0702344024e-03    4.2974134268e-04   -4.6080798301e-04   -2.8606793569e-04    1.1877302784e-03   -7.0765599032e-04    2.9650199489e-04
  40.4300000    8.6671047847e-04   -1.0664012287e-03    4.3705656775e-04   -4.6222101500e-04   -2.8451189309e-04    1.1862739067e-03   -7.0770401273e-04    2.9755857867e-04
  40.4400000    8.5492337977e-04   -1.0629746077e-03    4.4447305503e-04   -4.6374469404e-04   -2.8296744449e-04    1.1848145568e-03   -7.0775270543e-04    2.9860539329e-04
  40.4500000    8.4317822127e-04   -1.0599100537e-03    4.5198227164e-04   -4.6536913072e-04   -2.8143370643e-04    1.1833515181e-03   -7.0780350406e-04    2.9964182673e-04
  40.4600000    8.3148415727e-04   -1.0571562337e-03    4.5957407237e-04   -4.6708360627e-04   -2.7990973606e-04    1.1818840454e-03   -7.0785782562e-04    3.0066731756e-04
  40.4700000    8.1984975445e-04   -1.0546557971e-03    4.6723693142e-04   -4.6887664782e-04   -2.7839453924e-04    1.1804113643e-03   -7.0791706084e-04    3.0168135775e-04
  40.4800000    8.0828297516e-04   -1.0523463074e-03    4.7495820160e-04   -4.7073611327e-04   -2.7688707906e-04    1.1789326766e-03   -7.0798256659e-04    3.0268349520e-04
  40.4900000    7.9679117192e-04   -1.0501612619e-03    4.8272439596e-04   -4.7264928561e-04   -2.7538628462e-04    1.1774471659e-03   -7.0805565850e-04    3.0367333590e-04
  40.5000000    7.8538108986e-04   -1.0480311819e-03    4.9052148574e-04   -4.7460297612e-04   -2.7389105992e-04    1.1759540029e-03   -7.0813760380e-04    3.0465054590e-04
  40.5100000    7.7405887632e-04   -1.0458847544e-03    4.9833520851e-04   -4.7658363574e-04   -2.7240029304e-04    1.1744523516e-03   -7.0822961427e-04    3.0561485286e-04
  40.5200000    7.6283009520e-04   -1.0436500066e-03    5.0615138004e-04   -4.7857747408e-04   -2.7091286529e-04    1.1729413745e-03   -7.0833283964e-04    3.0656604730e-04
  40.5300000    7.5169974359e-04   -1.0412554931e-03    5.1395620332e-04   -4.8057058522e-04   -2.6942766035e-04    1.1714202388e-03   -7.0844836116e-04    3.0750398357e-04
  40.5400000    7.4067226957e-04   -1.0386314760e-03    5.2173656821e-04   -4.8254907919e-04   -2.6794357340e-04    1.1698881217e-03   -7.0857718564e-04    3.0842858041e-04
  40.5500000    7.2975158907e-04   -1.0357110786e-03    5.2948033499e-04   -4.8449921795e-04   -2.6645952007e-04    1.1683442158e-03   -7.0872023981e-04    3.0933982123e-04
  40.5600000    7.1894110036e-04   -1.0324313925e-03    5.3717659620e-04   -4.8640755476e-04   -2.6497444522e-04    1.1667877352e-03   -7.0887836519e-04    3.1023775402e-04
  40.5700000    7.0824369518e-04   -1.0287345195e-03    5.4481591050e-04   -4.8826107512e-04   -2.6348733137e-04    1.1652179201e-03   -7.0905231337e-04    3.1112249094e-04
  40.5800000    6.9766176531e-04   -1.0245685319e-03    5.5239050448e-04   -4.9004733857e-04   -2.6199720690e-04    1.1636340422e-03   -7.0924274183e-04    3.1199420757e-04
  40.5900000    6.8719720461e-04   -1.0198883341e-03    5.5989443695e-04   -4.9175461906e-04   -2.6050315381e-04    1.1620354094e-03   -7.0945021024e-04    3.1285314186e-04
  40.6000000    6.7685140573e-04   -1.0146564119e-03    5.6732372241e-04   -4.9337204187e-04   -2.5900431494e-04    1.1604213707e-03   -7.0967517742e-04    3.1369959270e-04
  40.6100000    6.6662525180e-04   -1.0088434575e-03    5.7467641103e-04   -4.9488971572e-04   -2.5749990091e-04    1.1587913202e-03   -7.0991799873e-04    3.1453391826e-04
  40.6200000    6.5651910350e-04   -1.0024288577e-03    5.8195262272e-04   -4.9629885812e-04   -2.5598919621e-04    1.1571447015e-03   -7.1017892419e-04    3.1535653399e-04
  40.6300000    6.4653278257e-04   -9.9540104052e-04    5.8915453572e-04   -4.9759191316e-04   -2.5447156498e-04    1.1554810108e-03   -7.1045809714e-04    3.1616791030e-04
  40.6400000    6.3666555215e-04   -9.8775767307e-04    5.9628632893e-04   -4.9876265784e-04   -2.5294645593e-04    1.1537998008e-03   -7.1075555356e-04    3.1696857009e-04
  40.6500000    6.2691609540e-04   -9.7950570768e-04    6.0335407914e-04   -4.9980629638e-04   -2.5141340669e-04    1.1521006833e-03   -7.1107122200e-04    3.1775908585e-04
  40.6600000    6.1728249387e-04   -9.7066127682e-04    6.1036561553e-04   -5.0071954049e-04   -2.4987204748e-04    1.1503833321e-03   -7.1140492417e-04    3.1854007672e-04
  40.6700000    6.0776220708e-04   -9.6124943814e-04    6.1733033454e-04   -5.0150067429e-04   -2.4832210395e-04    1.1486474847e-03   -7.1175637616e-04    3.1931220514e-04
  40.6800000    5.9835205545e-04   -9.5130377434e-04    6.2425897907e-04   -5.0214960182e-04   -2.4676339937e-04    1.1468929441e-03   -7.1212519032e-04    3.2007617349e-04
  40.6900000    5.8904820698e-04   -9.4086585560e-04    6.3116338687e-04   -5.0266787630e-04   -2.4519585603e-04    1.1451195804e-03   -7.1251087771e-04    3.2083272036e-04
  40.7000000    5.7984617005e-04   -9.2998457367e-04    6.3805621360e-04   -5.0305870980e-04   -2.4361949584e-04    1.1433273313e-03   -7.1291285124e-04    3.2158261685e-04
  40.7100000    5.7074079383e-04   -9.1871535914e-04    6.4495063698e-04   -5.0332696226e-04   -2.4203444020e-04    1.1415162025e-03   -7.1333042941e-04    3.2232666261e-04
  40.7200000    5.6172627722e-04   -9.0711929520e-04    6.5186004824e-04   -5.0347910937e-04   -2.4044090912e-04    1.1396862678e-03   -7.1376284055e-04    3.2306568180e-04
  40.7300000    5.5279618785e-04   -8.9526214269e-04    6.5879773801e-04   -5.0352318917e-04   -2.3883921954e-04    1.1378376683e-03   -7.1420922777e-04    3.2380051902e-04
  40.7400000    5.4394349175e-04   -8.8321329343e-04    6.6577658380e-04   -5.0346872713e-04   -2.3722978295e-04    1.1359706115e-03   -7.1466865429e-04    3.2453203508e-04
  40.7500000    5.3516059425e-04   -8.7104466897e-04    6.7280874617e-04   -5.0332663948e-04   -2.3561310232e-04    1.1340853699e-03   -7.1514010941e-04    3.2526110284e-04
  40.7600000    5.2643939248e-04   -8.5882958327e-04    6.7990538065e-04   -5.0310911656e-04   -2.3398976825e-04    1.1321822791e-03   -7.1562251490e-04    3.2598860294e-04
  40.7700000    5.1777133930e-04   -8.4664158807e-04    6.8707637199e-04   -5.0282948604e-04   -2.3236045459e-04    1.1302617354e-03   -7.1611473181e-04    3.2671541960e-04
  40.7800000    5.0914751850e-04   -8.3455331970e-04    6.9433009708e-04   -5.0250205792e-04   -2.3072591335e-04    1.1283241933e-03   -7.1661556772e-04    3.2744243643e-04
  40.7900000    5.0055873025e-04   -8.2263536662e-04    7.0167322234e-04   -5.0214195271e-04   -2.2908696911e-04    1.1263701620e-03   -7.1712378433e-04    3.2817053231e-04
  40.8000000    4.9199558547e-04   -8.1095517552e-04    7.0911054028e-04   -5.0176491477e-04   -2.2744451283e-04    1.1244002022e-03   -7.1763810539e-04    3.2890057731e-04
  40.8100000    4.8344860817e-04   -7.9957601371e-04    7.1664484950e-04   -5.0138711306e-04   -2.2579949523e-04    1.1224149224e-03   -7.1815722484e-04    3.2963342877e-04
  40.8200000    4.7490834378e-04   -7.8855600430e-04    7.2427688126e-04   -5.0102493197e-04   -2.2415291974e-04    1.1204149741e-03   -7.1867981526e-04    3.3036992744e-04
  40.8300000    4.6636547159e-04   -7.7794724936e-04    7.3200527500e-04   -5.0069475484e-04   -2.2250583510e-04    1.1184010481e-03   -7.1920453640e-04    3.3111089380e-04
  40.8400000    4.5781091924e-04   -7.6779505422e-04    7.3982660350e-04   -5.0041274304e-04   -2.2085932759e-04    1.1163738690e-03   -7.1973004388e-04    3.3185712454e-04
  40.8500000    4.4923597669e-04   -7.5813726504e-04    7.4773544774e-04   -5.0019461495e-04   -2.1921451309e-04    1.1143341907e-03   -7.2025499793e-04    3.3260938918e-04
  40.8600000    4.4063240745e-04   -7.4900372955e-04    7.5572452014e-04   -5.0005542616e-04   -2.1757252893e-04    1.1122827910e-03   -7.2077807218e-04    3.3336842691e-04
  40.8700000    4.3199255458e-04   -7.4041588836e-04    7.6378483419e-04   -5.0000935586e-04   -2.1593452556e-04    1.1102204663e-03   -7.2129796234e-04    3.3413494364e-04
  40.8800000    4.2330943906e-04   -7.3238650234e-04    7.7190591697e-04   -5.0006950157e-04   -2.1430165829e-04    1.1081480258e-03   -7.2181339481e-04    3.3490960924e-04
  40.8900000    4.1457684812e-04   -7.2491951953e-04    7.8007605989e-04   -5.0024768696e-04   -2.1267507894e-04    1.1060662860e-03   -7.2232313520e-04    3.3569305506e-04
  40.9000000    4.0578941134e-04   -7.1801008197e-04    7.8828260252e-04   -5.0055428513e-04   -2.1105592758e-04    1.1039760652e-03   -7.2282599653e-04    3.3648587163e-04
  40.9100000    3.9694266261e-04   -7.1164467134e-04    7.9651224333e-04   -5.0099806052e-04   -2.0944532445e-04    1.1018781771e-03   -7.2332084724e-04    3.3728860667e-04
  40.9200000    3.8803308638e-04   -7.0580138986e-04    8.0475137037e-04   -5.0158603249e-04   -2.0784436206e-04    1.0997734257e-03   -7.2380661888e-04    3.3810176330e-04
  40.9300000    3.7905814662e-04   -7.0045037031e-04    8.1298640469e-04   -5.0232336319e-04   -2.0625409750e-04    1.0976625993e-03   -7.2428231344e-04    3.3892579857e-04
  40.9400000    3.7001629726e-04   -6.9555430777e-04    8.2120414818e-04   -5.0321327170e-04   -2.0467554517e-04    1.0955464647e-03   -7.2474701023e-04    3.3976112219e-04
  40.9500000    3.6090697441e-04   -6.9106910224e-04    8.2939212840e-04   -5.0425697639e-04   -2.0310966981e-04    1.0934257619e-03   -7.2519987237e-04    3.4060809557e-04
  40.9600000    3.5173056939e-04   -6.8694460184e-04    8.3753893165e-04   -5.0545366802e-04   -2.0155737998e-04    1.0913011985e-03   -7.2564015271e-04    3.4146703110e-04
  40.9700000    3.4248838352e-04   -6.8312543356e-04    8.4563451657e-04   -5.0680051332e-04   -2.0001952201e-04    1.0891734447e-03   -7.2606719924e-04    3.4233819173e-04
  40.9800000    3.3318256419e-04   -6.7955190675e-04    8.5367050077e-04   -5.0829268900e-04   -1.9849687449e-04    1.0870431280e-03   -7.2648045994e-04    3.4322179076e-04
  40.9900000    3.2381602424e-04   -6.7616097438e-04    8.6164041302e-04   -5.0992344826e-04   -1.9699014328e-04    1.0849108289e-03   -7.2687948698e-04    3.4411799191e-04
  41.0000000    3.1439234627e-04   -6.7288723621e-04    8.6953990455e-04   -5.1168421752e-04   -1.9549995720e-04    1.0827770762e-03   -7.2726394030e-04    3.4502690963e-04
  41.0100000    3.0491567323e-04   -6.6966396785e-04    8.7736691351e-04   -5.1356472349e-04   -1.9402686425e-04    1.0806423428e-03   -7.2763359048e-04    3.4594860970e-04
  41.0200000    2.9539058844e-04   -6.6642415823e-04    8.8512177819e-04   -5.1555314797e-04   -1.9257132857e-04    1.0785070421e-03   -7.2798832093e-04    3.4688310992e-04
  41.0300000    2.8582198687e-04   -6.6310153912e-04    8.9280729488e-04   -5.1763630822e-04   -1.9113372806e-04    1.0763715246e-03   -7.2832812944e-04    3.4783038122e-04
  41.0400000    2.7621494100e-04   -6.5963159099e-04    9.0042871799e-04   -5.1979986191e-04   -1.8971435261e-04    1.0742360746e-03   -7.2865312884e-04    3.4879034881e-04
  41.0500000    2.6657456455e-04   -6.5595250928e-04    9.0799370129e-04   -5.2202853235e-04   -1.8831340322e-04    1.0721009080e-03   -7.2896354707e-04    3.4976289360e-04
  41.0600000    2.5690587723e-04   -6.5200611636e-04    9.1551217950e-04   -5.2430634990e-04   -1.8693099162e-04    1.0699661702e-03   -7.2925972641e-04    3.5074785379e-04
  41.0700000    2.4721367227e-04   -6.4773870489e-04    9.2299619208e-04   -5.2661690730e-04   -1.8556714080e-04    1.0678319339e-03   -7.2954212202e-04    3.5174502662e-04
  41.0800000    2.3750239172e-04   -6.4310180101e-04    9.3045965172e-04   -5.2894362408e-04   -1.8422178610e-04    1.0656981984e-03   -7.2981129969e-04    3.5275417029e-04
  41.0900000    2.2777601244e-04   -6.3805283658e-04    9.3791806095e-04   -5.3127001521e-04   -1.8289477706e-04    1.0635648887e-03   -7.3006793288e-04    3.5377500601e-04
  41.1000000    2.1803794541e-04   -6.3255572003e-04    9.4538818294e-04   -5.3357996042e-04   -1.8158587998e-04    1.0614318551e-03   -7.3031279902e-04    3.5480722012e-04
  41.1100000    2.0829095105e-04   -6.2658129914e-04    9.5288767151e-04   -5.3585796902e-04   -1.8029478108e-04    1.0592988739e-03   -7.3054677510e-04    3.5585046641e-04
  41.1200000    1.9853707307e-04   -6.2010770950e-04    9.6043466810e-04   -5.3808943596e-04   -1.7902109034e-04    1.0571656475e-03   -7.3077083264e-04    3.5690436841e-04
  41.1300000    1.8877759240e-04   -6.1312060496e-04    9.6804737406e-04   -5.4026088454e-04   -1.7776434595e-04    1.0550318066e-03   -7.3098603188e-04    3.5796852189e-04
  41.1400000    1.7901300351e-04   -6.0561326825e-04    9.7574360637e-04   -5.4236019139e-04   -1.7652401927e-04    1.0528969108e-03   -7.3119351545e-04    3.5904249725e-04
  41.1500000    1.6924301403e-04   -5.9758660179e-04    9.8354034626e-04   -5.4437679009e-04   -1.7529952043e-04    1.0507604518e-03   -7.3139450140e-04    3.6012584210e-04
  41.1600000    1.5946656792e-04   -5.8904900050e-04    9.9145329114e-04   -5.4630184895e-04   -1.7409020431e-04    1.0486218557e-03   -7.3159027568e-04    3.6121808374e-04
  41.1700000    1.4968189281e-04   -5.8001611050e-04    9.9949641903e-04   -5.4812842032e-04   -1.7289537705e-04    1.0464804862e-03   -7.3178218410e-04    3.6231873173e-04
  41.1800000    1.3988657100e-04   -5.7051047918e-04    1.0076815748e-03   -5.4985155848e-04   -1.7171430289e-04    1.0443356482e-03   -7.3197162389e-04    3.6342728042e-04
  41.1900000    1.3007763228e-04   -5.6056110419e-04    1.0160180884e-03   -5.5146840339e-04   -1.7054621139e-04    1.0421865919e-03   -7.3216003473e-04    3.6454321141e-04
  41.2000000    1.2025166805e-04   -5.5020288947e-04    1.0245124341e-03   -5.5297822923e-04   -1.6939030496e-04    1.0400325173e-03   -7.3234888948e-04    3.6566599604e-04
  41.2100000    1.1040496456e-04   -5.3947601854e-04    1.0331679384e-03   -5.5438245624e-04   -1.6824576655e-04    1.0378725789e-03   -7.3253968468e-04    3.6679509783e-04
  41.2200000    1.0053365249e-04   -5.2842525641e-04    1.0419845455e-03   -5.5568462516e-04   -1.6711176759e-04    1.0357058909e-03   -7.3273393061e-04    3.6792997478e-04
  41.2300000    9.0633869413e-05   -5.1709919291e-04    1.0509586441e-03   -5.5689033545e-04   -1.6598747597e-04    1.0335315326e-03   -7.3293314136e-04    3.6907008166e-04
  41.2400000    8.0701932736e-05   -5.0554943916e-04    1.0600829643e-03   -5.5800714691e-04   -1.6487206419e-04    1.0313485542e-03   -7.3313882462e-04    3.7021487225e-04
  41.2500000    7.0734518403e-05   -4.9382979109e-04    1.0693465458e-03   -5.5904444666e-04   -1.6376471735e-04    1.0291559831e-03   -7.3335247150e-04    3.7136380136e-04
  41.2600000    6.0728842355e-05   -4.8199537406e-04    1.0787347819e-03   -5.6001328368e-04   -1.6266464121e-04    1.0269528296e-03   -7.3357554627e-04    3.7251632689e-04
  41.2700000    5.0682840045e-05   -4.7010178226e-04    1.0882295380e-03   -5.6092617451e-04   -1.6157107007e-04    1.0247380935e-03   -7.3380947624e-04    3.7367191172e-04
  41.2800000    4.0595340095e-05   -4.5820422636e-04    1.0978093474e-03   -5.6179688138e-04   -1.6048327445e-04    1.0225107708e-03   -7.3405564168e-04    3.7483002547e-04
  41.2900000    3.0466227921e-05   -4.4635670321e-04    1.1074496784e-03   -5.6264016761e-04   -1.5940056857e-04    1.0202698600e-03   -7.3431536599e-04    3.7599014620e-04
  41.3000000    2.0296593956e-05   -4.3461120005e-04    1.1171232734e-03   -5.6347153614e-04   -1.5832231752e-04    1.0180143690e-03   -7.3458990610e-04    3.7715176193e-04
  41.3100000    1.0088864525e-05   -4.2301694507e-04    1.1268005511e-03   -5.6430695348e-04   -1.5724794409e-04    1.0157433215e-03   -7.3488044317e-04    3.7831437210e-04
  41.3200000   -1.5308947638e-07   -4.1161971550e-04    1.1364500682e-03   -5.6516256461e-04   -1.5617693518e-04    1.0134557638e-03   -7.3518807368e-04    3.7947748887e-04
  41.3300000   -1.0423869564e-05   -4.0046121325e-04    1.1460390308e-03   -5.6605440430e-04   -1.5510884778e-04    1.0111507712e-03   -7.3551380095e-04    3.8064063834e-04
  41.3400000   -2.0716494855e-05   -3.8957851683e-04    1.1555338483e-03   -5.6699810923e-04   -1.5404331452e-04    1.0088274545e-03   -7.3585852713e-04    3.8180336158e-04
  41.3500000   -3.1022378520e-05   -3.7900361685e-04    1.1649007188e-03   -5.6800863652e-04   -1.5298004858e-04    1.0064849662e-03   -7.3622304576e-04    3.8296521566e-04
  41.3600000   -4.1331337189e-05   -3.6876304060e-04    1.1741062357e-03   -5.6909999321e-04   -1.5191884813e-04    1.0041225062e-03   -7.3660803490e-04    3.8412577444e-04
  41.3700000   -5.1631634683e-05   -3.5887757044e-04    1.1831180041e-03   -5.7028498211e-04   -1.5085960012e-04    1.0017393281e-03   -7.3701405093e-04    3.8528462940e-04
  41.3800000   -6.1910060951e-05   -3.4936205821e-04    1.1919052553e-03   -5.7157496779e-04   -1.4980228351e-04    9.9933474419e-04   -7.3744152297e-04    3.8644139018e-04
  41.3900000   -7.2152046192e-05   -3.4022533730e-04    1.2004394480e-03   -5.7297966725e-04   -1.4874697176e-04    9.9690813083e-04   -7.3789074813e-04    3.8759568527e-04
  41.4000000   -8.2341809532e-05   -3.3147023214e-04    1.2086948436e-03   -5.7450696849e-04   -1.4769383471e-04    9.9445893305e-04   -7.3836188743e-04    3.8874716237e-04
  41.4100000   -9.2462541246e-05   -3.2309366143e-04    1.2166490446e-03   -5.7616278068e-04   -1.4664313980e-04    9.9198666895e-04   -7.3885496252e-04    3.8989548883e-04
  41.4200000   -1.0249661612e-04   -3.1508683307e-04    1.2242834857e-03   -5.7795091801e-04   -1.4559525253e-04    9.8949093360e-04   -7.3936985330e-04    3.9104035201e-04
  41.4300000   -1.1242583568e-04   -3.0743552560e-04    1.2315838661e-03   -5.7987301939e-04   -1.4455063629e-04    9.8697140249e-04   -7.3990629630e-04    3.9218145947e-04
  41.4400000   -1.2223169642e-04   -3.0012044897e-04    1.2385405151e-03   -5.8192850522e-04   -1.4350985142e-04    9.8442783443e-04   -7.4046388390e-04    3.9331853919e-04
  41.4500000   -1.3189567931e-04   -2.9311767793e-04    1.2451486832e-03   -5.8411457190e-04   -1.4247355367e-04    9.8186007400e-04   -7.4104206455e-04    3.9445133979e-04
  41.4600000   -1.4139955762e-04   -2.8639914869e-04    1.2514087505e-03   -5.8642622373e-04   -1.4144249188e-04    9.7926805346e-04   -7.4164014371e-04    3.9557963055e-04
  41.4700000   -1.5072571680e-04   -2.7993321017e-04    1.2573263478e-03   -5.8885634160e-04   -1.4041750507e-04    9.7665179401e-04   -7.4225728579e-04    3.9670320160e-04
  41.4800000   -1.5985748122e-04   -2.7368521909e-04    1.2629123881e-03   -5.9139578688e-04   -1.3939951881e-04    9.7401140661e-04   -7.4289251688e-04    3.9782186393e-04
  41.4900000   -1.6877944330e-04   -2.6761816813e-04    1.2681830046e-03   -5.9403353848e-04   -1.3838954102e-04    9.7134709213e-04   -7.4354472839e-04    3.9893544948e-04
  41.5000000   -1.7747778922e-04   -2.6169333608e-04    1.2731593973e-03   -5.9675686079e-04   -1.3738865709e-04    9.6865914092e-04   -7.4421268156e-04    4.0004381117e-04
  41.5100000   -1.8594061395e-04   -2.5587094899e-04    1.2778675860e-03   -5.9955149889e-04   -1.3639802455e-04    9.6594793187e-04   -7.4489501272e-04    4.0114682297e-04
  41.5200000   -1.9415822092e-04   -2.5011084070e-04    1.2823380774e-03   -6.0240189757e-04   -1.3541886704e-04    9.6321393076e-04   -7.4559023942e-04    4.0224437995e-04
  41.5300000   -2.0212340062e-04   -2.4437310163e-04    1.2866054484e-03   -6.0529144011e-04   -1.3445246795e-04    9.6045768813e-04   -7.4629676736e-04    4.0333639837e-04
  41.5400000   -2.0983168190e-04   -2.3861870543e-04    1.2907078527e-03   -6.0820270256e-04   -1.3350016345e-04    9.5767983650e-04   -7.4701289795e-04    4.0442281574e-04
  41.5500000   -2.1728155052e-04   -2.3281010312e-04    1.2946864596e-03   -6.1111771871e-04   -1.3256333518e-04    9.5488108711e-04   -7.4773683667e-04    4.0550359099e-04
  41.5600000   -2.2447463046e-04   -2.2691177578e-04    1.2985848331e-03   -6.1401825169e-04   -1.3164340261e-04    9.5206222601e-04   -7.4846670205e-04    4.0657870454e-04
  41.5700000   -2.3141582377e-04   -2.2089073705e-04    1.3024482623e-03   -6.1688606706e-04   -1.3074181495e-04    9.4922410976e-04   -7.4920053523e-04    4.0764815851e-04
  41.5800000   -2.3811340319e-04   -2.1471697806e-04    1.3063230551e-03   -6.1970320291e-04   -1.2986004292e-04    9.4636766047e-04   -7.4993631009e-04    4.0871197690e-04
  41.5900000   -2.4457905565e-04   -2.0836384855e-04    1.3102558072e-03   -6.2245223257e-04   -1.2899957024e-04    9.4349386052e-04   -7.5067194392e-04    4.0977020583e-04
  41.6000000   -2.5082787407e-04   -2.0180836947e-04    1.3142926586e-03   -6.2511651559e-04   -1.2816188495e-04    9.4060374675e-04   -7.5140530839e-04    4.1082291375e-04
  41.6100000   -2.5687829512e-04   -1.9503147240e-04    1.3184785513e-03   -6.2768043292e-04   -1.2734847066e-04    9.3769840427e-04   -7.5213424109e-04    4.1187019172e-04
  41.6200000   -2.6275198212e-04   -1.8801816420e-04    1.3228565014e-03   -6.3012960334e-04   -1.2656079769e-04    9.3477895988e-04   -7.5285655715e-04    4.1291215376e-04
  41.6300000   -2.6847365299e-04   -1.8075761572e-04    1.3274668980e-03   -6.3245107746e-04   -1.2580031427e-04    9.3184657520e-04   -7.5357006129e-04    4.1394893710e-04
  41.6400000   -2.7407085347e-04   -1.7324317474e-04    1.3323468415e-03   -6.3463350696e-04   -1.2506843771e-04    9.2890243950e-04   -7.5427255993e-04    4.1498070253e-04
  41.6500000   -2.7957367774e-04   -1.6547230485e-04    1.3375295331e-03   -6.3666728671e-04   -1.2436654583e-04    9.2594776225e-04   -7.5496187341e-04    4.1600763475e-04
  41.6600000   -2.8501443880e-04   -1.5744645331e-04    1.3430437267e-03   -6.3854466864e-04   -1.2369596834e-04    9.2298376555e-04   -7.5563584824e-04    4.1702994268e-04
  41.6700000   -2.9042729179e-04   -1.4917085244e-04    1.3489132527e-03   -6.4025984600e-04   -1.2305797866e-04    9.2001167634e-04   -7.5629236932e-04    4.1804785981e-04
  41.6800000   -2.9584781498e-04   -1.4065425949e-04    1.3551566212e-03   -6.4180900777e-04   -1.2245378585e-04    9.1703271859e-04   -7.5692937202e-04    4.1906164449e-04
  41.6900000   -3.0131255314e-04   -1.3190864144e-04    1.3617867140e-03   -6.4319036342e-04   -1.2188452694e-04    9.1404810536e-04   -7.5754485402e-04    4.2007158028e-04
  41.7000000   -3.0685852948e-04   -1.2294881192e-04    1.3688105676e-03   -6.4440413860e-04   -1.2135125958e-04    9.1105903098e-04   -7.5813688698e-04    4.2107797611e-04
  41.7100000   -3.1252273225e-04   -1.1379202848e-04    1.3762292537e-03   -6.4545254278e-04   -1.2085495510e-04    9.0806666318e-04   -7.5870362777e-04    4.2208116658e-04
  41.7200000   -3.1834158364e-04   -1.0445755893e-04    1.3840378575e-03   -6.4633971082e-04   -1.2039649212e-04    9.0507213544e-04   -7.5924332935e-04    4.2308151207e-04
  41.7300000   -3.2435039838e-04   -9.4966225512e-05    1.3922255554e-03   -6.4707162015e-04   -1.1997665048e-04    9.0207653940e-04   -7.5975435115e-04    4.2407939884e-04
  41.7400000   -3.3058283980e-04   -8.5339936557e-05    1.4007757886e-03   -6.4765598616e-04   -1.1959610586e-04    8.9908091760e-04   -7.6023516894e-04    4.2507523909e-04
  41.7500000   -3.3707038183e-04   -7.5601214849e-05    1.4096665314e-03   -6.4810213827e-04   -1.1925542489e-04    8.9608625644e-04   -7.6068438405e-04    4.2606947081e-04
  41.7600000   -3.4384178541e-04   -6.5772732030e-05    1.4188706474e-03   -6.4842087963e-04   -1.1895506087e-04    8.9309347940e-04   -7.6110073197e-04    4.2706255769e-04
  41.7700000   -3.5092259833e-04   -5.5876858319e-05    1.4283563277e-03   -6.4862433334e-04   -1.1869535007e-04    8.9010344079e-04   -7.6148309025e-04    4.2805498880e-04
  41.7800000   -3.5833468632e-04   -4.5935235255e-05    1.4380876039e-03   -6.4872577823e-04   -1.1847650878e-04    8.8711691972e-04   -7.6183048556e-04    4.2904727822e-04
  41.7900000   -3.6609580318e-04   -3.5968380340e-05    1.4480249253e-03   -6.4873947719e-04   -1.1829863089e-04    8.8413461469e-04   -7.6214210004e-04    4.3003996450e-04
  41.8000000   -3.7421920862e-04   -2.5995330861e-05    1.4581257905e-03   -6.4868050117e-04   -1.1816168627e-04    8.8115713860e-04   -7.6241727670e-04    4.3103361003e-04
  41.8100000   -3.8271334058e-04   -1.6033332834e-05    1.4683454227e-03   -6.4856455169e-04   -1.1806551976e-04    8.7818501431e-04   -7.6265552404e-04    4.3202880021e-04
  41.8200000   -3.9158154878e-04   -6.0975806218e-06    1.4786374750e-03   -6.4840778395e-04   -1.1800985088e-04    8.7521867078e-04   -7.6285651964e-04    4.3302614248e-04
  41.8300000   -4.0082189528e-04    3.7989886356e-06    1.4889547553e-03   -6.4822663353e-04   -1.1799427428e-04    8.7225843984e-04   -7.6302011289e-04    4.3402626527e-04
  41.8400000   -4.1042702734e-04    1.3645842577e-05    1.4992499574e-03   -6.4803764840e-04   -1.1801826084e-04    8.6930455351e-04   -7.6314632672e-04    4.3502981664e-04
  41.8500000   -4.2038412637e-04    2.3434941127e-05    1.5094763842e-03   -6.4785732839e-04   -1.1808115948e-04    8.6635714208e-04   -7.6323535837e-04    4.3603746287e-04
  41.8600000   -4.3067493606e-04    3.3160763403e-05    1.5195886526e-03   -6.4770197315e-04   -1.1818219970e-04    8.6341623280e-04   -7.6328757914e-04    4.3704988683e-04
  41.8700000   -4.4127587083e-04    4.2820274970e-05    1.5295433677e-03   -6.4758754006e-04   -1.1832049477e-04    8.6048174925e-04   -7.6330353318e-04    4.3806778621e-04
  41.8800000   -4.5215820627e-04    5.2412836835e-05    1.5392997548e-03   -6.4752951268e-04   -1.1849504551e-04    8.5755351148e-04   -7.6328393529e-04    4.3909187147e-04
  41.8900000   -4.6328835080e-04    6.1940059298e-05    1.5488202391e-03   -6.4754278031e-04   -1.1870474488e-04    8.5463123678e-04   -7.6322966778e-04    4.4012286380e-04
  41.9000000   -4.7462819608e-04    7.1405604466e-05    1.5580709635e-03   -6.4764152868e-04   -1.1894838302e-04    8.5171454115e-04   -7.6314177627e-04    4.4116149272e-04
  41.9100000   -4.8613554272e-04    8.0814943114e-05    1.5670222362e-03   -6.4783914177e-04   -1.1922465302e-04    8.4880294159e-04   -7.6302146466e-04    4.4220849364e-04
  41.9200000   -4.9776459764e-04    9.0175071931e-05    1.5756489035e-03   -6.4814811411e-04   -1.1953215711e-04    8.4589585893e-04   -7.6287008914e-04    4.4326460524e-04
  41.9300000   -5.0946653727e-04    9.9494197874e-05    1.5839306402e-03   -6.4857997343e-04   -1.1986941354e-04    8.4299262142e-04   -7.6268915131e-04    4.4433056663e-04
  41.9400000   -5.2119012935e-04    1.0878139708e-04    1.5918521557e-03   -6.4914521248e-04   -1.2023486383e-04    8.4009246901e-04   -7.6248029052e-04    4.4540711446e-04
  41.9500000   -5.3288240493e-04    1.1804625631e-04    1.5994033120e-03   -6.4985322933e-04   -1.2062688056e-04    8.3719455818e-04   -7.6224527532e-04    4.4649497984e-04
  41.9600000   -5.4448937304e-04    1.2729850546e-04    1.6065791553e-03   -6.5071227533e-04   -1.2104377552e-04    8.3429796745e-04   -7.6198599425e-04    4.4759488518e-04
  41.9700000   -5.5595676723e-04    1.3654764955e-04    1.6133798611e-03   -6.5172940967e-04   -1.2148380832e-04    8.3140170346e-04   -7.6170444590e-04    4.4870754088e-04
  41.9800000   -5.6723081337e-04    1.4580260895e-04    1.6198105960e-03   -6.5291045974e-04   -1.2194519520e-04    8.2850470756e-04   -7.6140272832e-04    4.4983364199e-04
  41.9900000   -5.7825900781e-04    1.5507137587e-04    1.6258813005e-03   -6.5425998661e-04   -1.2242611826e-04    8.2560586294e-04   -7.6108302786e-04    4.5097386474e-04
  42.0000000   -5.8899089427e-04    1.6436069509e-04    1.6316063989e-03   -6.5578125500e-04   -1.2292473485e-04    8.2270400217e-04   -7.6074760753e-04    4.5212886305e-04
  42.0100000   -5.9937882747e-04    1.7367577655e-04    1.6370044410e-03   -6.5747620704e-04   -1.2343918717e-04    8.1979791521e-04   -7.6039879489e-04    4.5329926506e-04
  42.0200000   -6.0937871174e-04    1.8302004649e-04    1.6420976867e-03   -6.5934543969e-04   -1.2396761202e-04    8.1688635773e-04   -7.6003896957e-04    4.5448566953e-04
  42.0300000   -6.1895070258e-04    1.9239494293e-04    1.6469116392e-03   -6.6138818601e-04   -1.2450815060e-04    8.1396805978e-04   -7.5967055049e-04    4.5568864234e-04
  42.0400000   -6.2805985986e-04    2.0179976071e-04    1.6514745388e-03   -6.6360230020e-04   -1.2505895844e-04    8.1104173461e-04   -7.5929598285e-04    4.5690871301e-04
  42.0500000   -6.3667674155e-04    2.1123154972e-04    1.6558168250e-03   -6.6598424702e-04   -1.2561821518e-04    8.0810608784e-04   -7.5891772506e-04    4.5814637129e-04
  42.0600000   -6.4477792677e-04    2.2068507012e-04    1.6599705793e-03   -6.6852909610e-04   -1.2618413439e-04    8.0515982658e-04   -7.5853823542e-04    4.5940206375e-04
  42.0700000   -6.5234646075e-04    2.3015280481e-04    1.6639689584e-03   -6.7123052223e-04   -1.2675497325e-04    8.0220166877e-04   -7.5815995903e-04    4.6067619063e-04
  42.0800000   -6.5937221171e-04    2.3962503050e-04    1.6678456282e-03   -6.7408081243e-04   -1.2732904203e-04    7.9923035238e-04   -7.5778531460e-04    4.6196910264e-04
  42.0900000   -6.6585213267e-04    2.4908994634e-04    1.6716342081e-03   -6.7707088123e-04   -1.2790471341e-04    7.9624464469e-04   -7.5741668155e-04    4.6328109808e-04
  42.1000000   -6.7179042242e-04    2.5853385805e-04    1.6753677369e-03   -6.8019029534e-04   -1.2848043147e-04    7.9324335132e-04   -7.5705638732e-04    4.6461242005e-04
  42.1100000   -6.7719858132e-04    2.6794141421e-04    1.6790781671e-03   -6.8342730923e-04   -1.2905472042e-04    7.9022532516e-04   -7.5670669495e-04    4.6596325385e-04
  42.1200000   -6.8209535901e-04    2.7729589053e-04    1.6827958985e-03   -6.8676891281e-04   -1.2962619294e-04    7.8718947498e-04   -7.5636979113e-04    4.6733372472e-04
  42.1300000   -6.8650659336e-04    2.8657951633e-04    1.6865493547e-03   -6.9020089273e-04   -1.3019355815e-04    7.8413477375e-04   -7.5604777467e-04    4.6872389569e-04
  42.1400000   -6.9046494038e-04    2.9577383808e-04    1.6903646117e-03   -6.9370790833e-04   -1.3075562906e-04    7.8106026658e-04   -7.5574264549e-04    4.7013376583e-04
  42.1500000   -6.9400949766e-04    3.0486011059e-04    1.6942650823e-03   -6.9727358346e-04   -1.3131132963e-04    7.7796507827e-04   -7.5545629428e-04    4.7156326870e-04
  42.1600000   -6.9718532587e-04    3.1381970968e-04    1.6982712613e-03   -7.0088061491e-04   -1.3185970123e-04    7.7484842024e-04   -7.5519049269e-04    4.7301227119e-04
  42.1700000   -7.0004287355e-04    3.2263455737e-04    1.7024005322e-03   -7.0451089796e-04   -1.3239990860e-04    7.7170959708e-04   -7.5494688438e-04    4.7448057265e-04
  42.1800000   -7.0263731277e-04    3.3128755076e-04    1.7066670378e-03   -7.0814566920e-04   -1.3293124512e-04    7.6854801237e-04   -7.5472697674e-04    4.7596790438e-04
  42.1900000   -7.0502779438e-04    3.3976298589e-04    1.7110816139e-03   -7.1176566647e-04   -1.3345313756e-04    7.6536317389e-04   -7.5453213344e-04    4.7747392949e-04
  42.2000000   -7.0727663299e-04    3.4804696737e-04    1.7156517860e-03   -7.1535130530e-04   -1.3396515012e-04    7.6215469822e-04   -7.5436356788e-04    4.7899824316e-04
  42.2100000   -7.0944843357e-04    3.5612779466e-04    1.7203818249e-03   -7.1888287066e-04   -1.3446698780e-04    7.5892231447e-04   -7.5422233753e-04    4.8054037323e-04
  42.2200000   -7.1160917262e-04    3.6399631737e-04    1.7252728587e-03   -7.2234072285e-04   -1.3495849904e-04    7.5566586740e-04   -7.5410933912e-04    4.8209978124e-04
  42.2300000   -7.1382524683e-04    3.7164625080e-04    1.7303230366e-03   -7.2570551515e-04   -1.3543967772e-04    7.5238531965e-04   -7.5402530490e-04    4.8367586387e-04
  42.2400000   -7.1616250482e-04    3.7907444535e-04    1.7355277382e-03   -7.2895842112e-04   -1.3591066433e-04    7.4908075319e-04   -7.5397079979e-04    4.8526795477e-04
  42.2500000   -7.1868527575e-04    3.8628110250e-04    1.7408798231e-03   -7.3208136854e-04   -1.3637174646e-04    7.4575236992e-04   -7.5394621958e-04    4.8687532676e-04
  42.2600000   -7.2145541028e-04    3.9326993223e-04    1.7463699132e-03   -7.3505727690e-04   -1.3682335853e-04    7.4240049150e-04   -7.5395179006e-04    4.8849719452e-04
  42.2700000   -7.2453134898e-04    4.0004824683e-04    1.7519867015e-03   -7.3787029473e-04   -1.3726608069e-04    7.3902555819e-04   -7.5398756718e-04    4.9013271764e-04
  42.2800000   -7.2796723316e-04    4.0662698877e-04    1.7577172788e-03   -7.4050603302e-04   -1.3770063708e-04    7.3562812700e-04   -7.5405343827e-04    4.9178100399e-04
  42.2900000   -7.3181207316e-04    4.1302068984e-04    1.7635474717e-03   -7.4295179064e-04   -1.3812789323e-04    7.3220886881e-04   -7.5414912408e-04    4.9344111362e-04
  42.3000000   -7.3610898473e-04    4.1924736256e-04    1.7694621845e-03   -7.4519676765e-04   -1.3854885272e-04    7.2876856484e-04   -7.5427418199e-04    4.9511206288e-04
  42.3100000   -7.4089450933e-04    4.2532832257e-04    1.7754457356e-03   -7.4723226207e-04   -1.3896465317e-04    7.2530810212e-04   -7.5442800998e-04    4.9679282899e-04
  42.3200000   -7.4619802965e-04    4.3128794388e-04    1.7814821849e-03   -7.4905184600e-04   -1.3937656140e-04    7.2182846829e-04   -7.5460985161e-04    4.9848235491e-04
  42.3300000   -7.5204128937e-04    4.3715335129e-04    1.7875556433e-03   -7.5065151708e-04   -1.3978596796e-04    7.1833074554e-04   -7.5481880190e-04    5.0017955453e-04
  42.3400000   -7.5843802584e-04    4.4295405343e-04    1.7936505594e-03   -7.5202982132e-04   -1.4019438091e-04    7.1481610384e-04   -7.5505381396e-04    5.0188331810e-04
  42.3500000   -7.6539372219e-04    4.4872152282e-04    1.7997519785e-03   -7.5318794398e-04   -1.4060341894e-04    7.1128579349e-04   -7.5531370649e-04    5.0359251803e-04
  42.3600000   -7.7290548365e-04    4.5448872915e-04    1.8058457700e-03   -7.5412976519e-04   -1.4101480388e-04    7.0774113693e-04   -7.5559717199e-04    5.0530601479e-04
  42.3700000   -7.8096204126e-04    4.6028963351e-04    1.8119188187e-03   -7.5486187795e-04   -1.4143035256e-04    7.0418352003e-04   -7.5590278567e-04    5.0702266311e-04
  42.3800000   -7.8954388345e-04    4.6615865180e-04    1.8179591790e-03   -7.5539356631e-04   -1.4185196810e-04    7.0061438278e-04   -7.5622901497e-04    5.0874131830e-04
  42.3900000   -7.9862351457e-04    4.7213009669e-04    1.8239561893e-03   -7.5573674250e-04   -1.4228163067e-04    6.9703520945e-04   -7.5657422971e-04    5.1046084273e-04
  42.4000000   -8.0816583655e-04    4.7823760748e-04    1.8299005483e-03   -7.5590584250e-04   -1.4272138771e-04    6.9344751835e-04   -7.5693671262e-04    5.1218011239e-04
  42.4100000   -8.1812864846e-04    4.8451357798e-04    1.8357843511e-03   -7.5591767995e-04   -1.4317334373e-04    6.8985285121e-04   -7.5731467046e-04    5.1389802347e-04
  42.4200000   -8.2846325680e-04    4.9098859186e-04    1.8416010887e-03   -7.5579125951e-04   -1.4363964969e-04    6.8625276223e-04   -7.5770624534e-04    5.1561349904e-04
  42.4300000   -8.3911518707e-04    4.9769087621e-04    1.8473456112e-03   -7.5554755118e-04   -1.4412249196e-04    6.8264880691e-04   -7.5810952648e-04    5.1732549565e-04
  42.4400000   -8.5002498498e-04    5.0464578201e-04    1.8530140597e-03   -7.5520922828e-04   -1.4462408103e-04    6.7904253073e-04   -7.5852256202e-04    5.1903300987e-04
  42.4500000   -8.6112909619e-04    5.1187530236e-04    1.8586037686e-03   -7.5480037242e-04   -1.4514663987e-04    6.7543545773e-04   -7.5894337116e-04    5.2073508473e-04
  42.4600000   -8.7236081009e-04    5.1939763626e-04    1.8641131445e-03   -7.5434614912e-04   -1.4569239217e-04    6.7182907905e-04   -7.5936995613e-04    5.2243081602e-04
  42.4700000   -8.8365125335e-04    5.2722680618e-04    1.8695415245e-03   -7.5387245916e-04   -1.4626355034e-04    6.6822484161e-04   -7.5980031436e-04    5.2411935838e-04
  42.4800000   -8.9493041580e-04    5.3537233694e-04    1.8748890207e-03   -7.5340557079e-04   -1.4686230345e-04    6.6462413685e-04   -7.6023245040e-04    5.2579993117e-04
  42.4900000   -9.0612819388e-04    5.4383900147e-04    1.8801563545e-03   -7.5297173858e-04   -1.4749080511e-04    6.6102828977e-04   -7.6066438775e-04    5.2747182410e-04
  42.5000000   -9.1717543472e-04    5.5262663982e-04    1.8853446871e-03   -7.5259681532e-04   -1.4815116137e-04    6.5743854821e-04   -7.6109418043e-04    5.2913440244e-04
  42.5100000   -9.2800496399e-04    5.6173005333e-04    1.8904554509e-03   -7.5230586329e-04   -1.4884541867e-04    6.5385607256e-04   -7.6151992420e-04    5.3078711201e-04
  42.5200000   -9.3855258126e-04    5.7113897762e-04    1.8954901866e-03   -7.5212277189e-04   -1.4957555199e-04    6.5028192584e-04   -7.6193976745e-04    5.3242948371e-04
  42.5300000   -9.4875800648e-04    5.8083813595e-04    1.9004503915e-03   -7.5206988807e-04   -1.5034345313e-04    6.4671706442e-04   -7.6235192158e-04    5.3406113758e-04
  42.5400000   -9.5856576312e-04    5.9080737240e-04    1.9053373820e-03   -7.5216766672e-04   -1.5115091924e-04    6.4316232918e-04   -7.6275467095e-04    5.3568178652e-04
  42.5500000   -9.6792598355e-04    6.0102186350e-04    1.9101521757e-03   -7.5243434706e-04   -1.5199964173e-04    6.3961843748e-04   -7.6314638213e-04    5.3729123940e-04
  42.5600000   -9.7679512434e-04    6.1145240539e-04    1.9148953937e-03   -7.5288566147e-04   -1.5289119551e-04    6.3608597574e-04   -7.6352551264e-04    5.3888940372e-04
  42.5700000   -9.8513657970e-04    6.2206577302e-04    1.9195671885e-03   -7.5353458246e-04   -1.5382702864e-04    6.3256539279e-04   -7.6389061891e-04    5.4047628771e-04
  42.5800000   -9.9292118397e-04    6.3282514540e-04    1.9241671976e-03   -7.5439111261e-04   -1.5480845257e-04    6.2905699417e-04   -7.6424036361e-04    5.4205200184e-04
  42.5900000   -1.0001275958e-03    6.4369059117e-04    1.9286945233e-03   -7.5546212220e-04   -1.5583663279e-04    6.2556093714e-04   -7.6457352213e-04    5.4361675975e-04
  42.6000000   -1.0067425577e-03    6.5461960669e-04    1.9331477401e-03   -7.5675123770e-04   -1.5691258017e-04    6.2207722670e-04   -7.6488898828e-04    5.4517087858e-04
  42.6100000   -1.0127610274e-03    6.6556769872e-04    1.9375249289e-03   -7.5825878411e-04   -1.5803714295e-04    6.1860571258e-04   -7.6518577917e-04    5.4671477870e-04
  42.6200000   -1.0181861809e-03    6.7648900296e-04    1.9418237362e-03   -7.5998178265e-04   -1.5921099943e-04    6.1514608716e-04   -7.6546303923e-04    5.4824898275e-04
  42.6300000   -1.0230292857e-03    6.8733692799e-04    1.9460414564e-03   -7.6191400454e-04   -1.6043465134e-04    6.1169788444e-04   -7.6572004330e-04    5.4977411412e-04
  42.6400000   -1.0273094496e-03    6.9806481556e-04    1.9501751352e-03   -7.6404608046e-04   -1.6170841813e-04    6.0826047996e-04   -7.6595619893e-04    5.5129089474e-04
  42.6500000   -1.0310532496e-03    7.0862660636e-04    1.9542216902e-03   -7.6636566426e-04   -1.6303243199e-04    6.0483309191e-04   -7.6617104768e-04    5.5280014228e-04
  42.6600000   -1.0342942458e-03    7.1897750154e-04    1.9581780451e-03   -7.6885764850e-04   -1.6440663377e-04    6.0141478309e-04   -7.6636426557e-04    5.5430276666e-04
  42.6700000   -1.0370723918e-03    7.2907460942e-04    1.9620412744e-03   -7.7150442825e-04   -1.6583076983e-04    5.9800446407e-04   -7.6653566268e-04    5.5579976603e-04
  42.6800000   -1.0394333503e-03    7.3887756766e-04    1.9658087521e-03   -7.7428620868e-04   -1.6730438983e-04    5.9460089727e-04   -7.6668518176e-04    5.5729222208e-04
  42.6900000   -1.0414277275e-03    7.4834913125e-04    1.9694783030e-03   -7.7718135105e-04   -1.6882684542e-04    5.9120270213e-04   -7.6681289610e-04    5.5878129478e-04
  42.7000000   -1.0431102377e-03    7.5745571727e-04    1.9730483484e-03   -7.8016675109e-04   -1.7039728996e-04    5.8780836121e-04   -7.6691900650e-04    5.6026821660e-04
  42.7100000   -1.0445388147e-03    7.6616789862e-04    1.9765180455e-03   -7.8321824291e-04   -1.7201467928e-04    5.8441622729e-04   -7.6700383740e-04    5.6175428617e-04
  42.7200000   -1.0457736825e-03    7.7446083862e-04    1.9798874124e-03   -7.8631102097e-04   -1.7367777335e-04    5.8102453138e-04   -7.6706783233e-04    5.6324086137e-04
  42.7300000   -1.0468764037e-03    7.8231466061e-04    1.9831574377e-03   -7.8942007226e-04   -1.7538513908e-04    5.7763139157e-04   -7.6711154853e-04    5.6472935213e-04
  42.7400000   -1.0479089199e-03    7.8971474680e-04    1.9863301699e-03   -7.9252061083e-04   -1.7713515401e-04    5.7423482280e-04   -7.6713565094e-04    5.6622121256e-04
  42.7500000   -1.0489325996e-03    7.9665196249e-04    1.9894087826e-03   -7.9558850640e-04   -1.7892601118e-04    5.7083274731e-04   -7.6714090554e-04    5.6771793292e-04
  42.7600000   -1.0500073096e-03    8.0312280246e-04    1.9923976140e-03   -7.9860069881e-04   -1.8075572484e-04    5.6742300587e-04   -7.6712817207e-04    5.6922103108e-04
  42.7700000   -1.0511905255e-03    8.0912945705e-04    1.9953021789e-03   -8.0153559078e-04   -1.8262213728e-04    5.6400336960e-04   -7.6709839627e-04    5.7073204374e-04
  42.7800000   -1.0525364948e-03    8.1467979781e-04    1.9981291504e-03   -8.0437341104e-04   -1.8452292661e-04    5.6057155246e-04   -7.6705260158e-04    5.7225251740e-04
  42.7900000   -1.0540954651e-03    8.1978728333e-04    2.0008863123e-03   -8.0709654101e-04   -1.8645561541e-04    5.5712522412e-04   -7.6699188055e-04    5.7378399917e-04
  42.8000000   -1.0559129904e-03    8.2447078676e-04    2.0035824823e-03   -8.0968979863e-04   -1.8841758041e-04    5.5366202336e-04   -7.6691738575e-04    5.7532802732e-04
  42.8100000   -1.0580293245e-03    8.2875434803e-04    2.0062274050e-03   -8.1214067402e-04   -1.9040606304e-04    5.5017957177e-04   -7.6683032054e-04    5.7688612185e-04
  42.8200000   -1.0604789094e-03    8.3266685471e-04    2.0088316191e-03   -8.1443951211e-04   -1.9241818073e-04    5.4667548766e-04   -7.6673192958e-04    5.7845977499e-04
  42.8300000   -1.0632899682e-03    8.3624165666e-04    2.0114062990e-03   -8.1657963887e-04   -1.9445093913e-04    5.4314740027e-04   -7.6662348919e-04    5.8005044169e-04
  42.8400000   -1.0664842039e-03    8.3951612034e-04    2.0139630745e-03   -8.1855742859e-04   -1.9650124504e-04    5.3959296390e-04   -7.6650629770e-04    5.8165953025e-04
  42.8500000   -1.0700766097e-03    8.4253112946e-04    2.0165138332e-03   -8.2037231082e-04   -1.9856592001e-04    5.3600987215e-04   -7.6638166571e-04    5.8328839302e-04
  42.8600000   -1.0740753915e-03    8.4533053944e-04    2.0190705072e-03   -8.2202671691e-04   -2.0064171462e-04    5.3239587200e-04   -7.6625090654e-04    5.8493831740e-04
  42.8700000   -1.0784819993e-03    8.4796059382e-04    2.0216448514e-03   -8.2352596735e-04   -2.0272532327e-04    5.2874877775e-04   -7.6611532676e-04    5.8661051695e-04
  42.8800000   -1.0832912680e-03    8.5046931109e-04    2.0242482162e-03   -8.2487810196e-04   -2.0481339958e-04    5.2506648459e-04   -7.6597621691e-04    5.8830612294e-04
  42.8900000   -1.0884916603e-03    8.5290585065e-04    2.0268913206e-03   -8.2609365659e-04   -2.0690257212e-04    5.2134698191e-04   -7.6583484255e-04    5.9002617624e-04
  42.9000000   -1.0940656074e-03    8.5531986676e-04    2.0295840306e-03   -8.2718539068e-04   -2.0898946057e-04    5.1758836608e-04   -7.6569243565e-04    5.9177161954e-04
  42.9100000   -1.0999899363e-03    8.5776086030e-04    2.0323351474e-03   -8.2816797133e-04   -2.1107069213e-04    5.1378885270e-04   -7.6555018628e-04    5.9354329021e-04
  42.9200000   -1.1062363792e-03    8.6027753585e-04    2.0351522119e-03   -8.2905762021e-04   -2.1314291812e-04    5.0994678829e-04   -7.6540923494e-04    5.9534191351e-04
  42.9300000   -1.1127721505e-03    8.6291717360e-04    2.0380413284e-03   -8.2987173061e-04   -2.1520283073e-04    5.0606066114e-04   -7.6527066516e-04    5.9716809650e-04
  42.9400000   -1.1195605812e-03    8.6572502427e-04    2.0410070129e-03   -8.3062846263e-04   -2.1724717976e-04    5.0212911156e-04   -7.6513549691e-04    5.9902232248e-04
  42.9500000   -1.1265617993e-03    8.6874373523e-04    2.0440520692e-03   -8.3134632453e-04   -2.1927278936e-04    4.9815094118e-04   -7.6500468041e-04    6.0090494617e-04
  42.9600000   -1.1337334424e-03    8.7201281470e-04    2.0471774981e-03   -8.3204374902e-04   -2.2127657455e-04    4.9412512134e-04   -7.6487909067e-04    6.0281618947e-04
  42.9700000   -1.1410313891e-03    8.7556814075e-04    2.0503824389e-03   -8.3273867339e-04   -2.2325555757e-04    4.9005080056e-04   -7.6475952273e-04    6.0475613806e-04
  42.9800000   -1.1484104980e-03    8.7944152135e-04    2.0536641482e-03   -8.3344813215e-04   -2.2520688387e-04    4.8592731099e-04   -7.6464668754e-04    6.0672473871e-04
  42.9900000   -1.1558253385e-03    8.8366031022e-04    2.0570180165e-03   -8.3418787077e-04   -2.2712783771e-04    4.8175417376e-04   -7.6454120856e-04    6.0872179731e-04
  43.0000000   -1.1632309049e-03    8.8824708287e-04    2.0604376215e-03   -8.3497198852e-04   -2.2901585725e-04    4.7753110324e-04   -7.6444361923e-04    6.1074697783e-04
  43.0100000   -1.1705832984e-03    8.9321937634e-04    2.0639148201e-03   -8.3581261838e-04   -2.3086854903e-04    4.7325801018e-04   -7.6435436102e-04    6.1279980195e-04
  43.0200000   -1.1778403688e-03    8.9858949492e-04    2.0674398761e-03   -8.3671965035e-04   -2.3268370183e-04    4.6893500370e-04   -7.6427378238e-04    6.1487964967e-04
  43.0300000   -1.1849623038e-03    9.0436438356e-04    2.0710016227e-03   -8.3770050469e-04   -2.3445929973e-04    4.6456239203e-04   -7.6420213841e-04    6.1698576060e-04
  43.0400000   -1.1919121595e-03    9.1054556977e-04    2.0745876557e-03   -8.3875995976e-04   -2.3619353436e-04    4.6014068216e-04   -7.6413959127e-04    6.1911723618e-04
  43.0500000   -1.1986563226e-03    9.1712917353e-04    2.0781845560e-03   -8.3990003859e-04   -2.3788481619e-04    4.5567057818e-04   -7.6408621137e-04    6.2127304272e-04
  43.0600000   -1.2051649009e-03    9.2410598367e-04    2.0817781352e-03   -8.4111995674e-04   -2.3953178492e-04    4.5115297857e-04   -7.6404197926e-04    6.2345201523e-04
  43.0700000   -1.2114120353e-03    9.3146159923e-04    2.0853537007e-03   -8.4241613330e-04   -2.4113331872e-04    4.4658897216e-04   -7.6400678829e-04    6.2565286204e-04
  43.0800000   -1.2173761323e-03    9.3917663299e-04    2.0888963356e-03   -8.4378226451e-04   -2.4268854241e-04    4.4197983307e-04   -7.6398044787e-04    6.2787417028e-04
  43.0900000   -1.2230400149e-03    9.4722697341e-04    2.0923911859e-03   -8.4520945983e-04   -2.4419683449e-04    4.3732701443e-04   -7.6396268745e-04    6.3011441202e-04
  43.1000000   -1.2283909925e-03    9.5558410125e-04    2.0958237513e-03   -8.4668643743e-04   -2.4565783282e-04    4.3263214103e-04   -7.6395316108e-04    6.3237195121e-04
  43.1100000   -1.2334208511e-03    9.6421545572e-04    2.0991801727e-03   -8.4819977551e-04   -2.4707143916e-04    4.2789700093e-04   -7.6395145253e-04    6.3464505129e-04
  43.1200000   -1.2381257686e-03    9.7308484498e-04    2.1024475109e-03   -8.4973421484e-04   -2.4843782227e-04    4.2312353607e-04   -7.6395708096e-04    6.3693188346e-04
  43.1300000   -1.2425061570e-03    9.8215289571e-04    2.1056140103e-03   -8.5127300655e-04   -2.4975741977e-04    4.1831383189e-04   -7.6396950707e-04    6.3923053553e-04
  43.1400000   -1.2465664405e-03    9.9137753503e-04    2.1086693412e-03   -8.5279829822e-04   -2.5103093849e-04    4.1347010610e-04   -7.6398813962e-04    6.4153902139e-04
  43.1500000   -1.2503147735e-03    1.0007144990e-03    2.1116048178e-03   -8.5429155056e-04   -2.5225935351e-04    4.0859469662e-04   -7.6401234238e-04    6.4385529095e-04
  43.1600000   -1.2537627078e-03    1.0101178612e-03    2.1144135844e-03   -8.5573397634e-04   -2.5344390578e-04    4.0369004877e-04   -7.6404144131e-04    6.4617724053e-04
  43.1700000   -1.2569248164e-03    1.0195405739e-03    2.1170907679e-03   -8.5710699195e-04   -2.5458609819e-04    3.9875870179e-04   -7.6407473207e-04    6.4850272372e-04
  43.1800000   -1.2598182840e-03    1.0289350178e-03    2.1196335907e-03   -8.5839267350e-04   -2.5568769042e-04    3.9380327476e-04   -7.6411148763e-04    6.5082956246e-04
  43.1900000   -1.2624624714e-03    1.0382535502e-03    2.1220414439e-03   -8.5957420734e-04   -2.5675069221e-04    3.8882645205e-04   -7.6415096604e-04    6.5315555850e-04
  43.2000000   -1.2648784658e-03    1.0474490486e-03    2.1243159168e-03   -8.6063632506e-04   -2.5777735528e-04    3.8383096832e-04   -7.6419241823e-04    6.5547850500e-04
  43.2100000   -1.2670886236e-03    1.0564754416e-03    2.1264607825e-03   -8.6156571441e-04   -2.5877016396e-04    3.7881959323e-04   -7.6423509581e-04    6.5779619832e-04
  43.2200000   -1.2691161165e-03    1.0652882217e-03    2.1284819387e-03   -8.6235139676e-04   -2.5973182436e-04    3.7379511590e-04   -7.6427825880e-04    6.6010644981e-04
  43.2300000   -1.2709844890e-03    1.0738449351e-03    2.1303873057e-03   -8.6298506354e-04   -2.6066525232e-04    3.6876032929e-04   -7.6432118312e-04    6.6240709771e-04
  43.2400000   -1.2727172353e-03    1.0821056423e-03    2.1321866819e-03   -8.6346136336e-04   -2.6157356011e-04    3.6371801445e-04   -7.6436316806e-04    6.6469601882e-04
  43.2500000   -1.2743374027e-03    1.0900333459e-03    2.1338915584e-03   -8.6377813396e-04   -2.6246004194e-04    3.5867092498e-04   -7.6440354328e-04    6.6697114021e-04
  43.2600000   -1.2758672282e-03    1.0975943800e-03    2.1355148992e-03   -8.6393657288e-04   -2.6332815833e-04    3.5362177150e-04   -7.6444167561e-04    6.6923045058e-04
  43.2700000   -1.2773278137e-03    1.1047587594e-03    2.1370708880e-03   -8.6394134276e-04   -2.6418151942e-04    3.4857320648e-04   -7.6447697543e-04    6.7147201141e-04
  43.2800000   -1.2787388450e-03    1.1115004831e-03    2.1385746491e-03   -8.6380060775e-04   -2.6502386736e-04    3.4352780942e-04   -7.6450890261e-04    6.7369396772e-04
  43.2900000   -1.2801183564e-03    1.1177977912e-03    2.1400419447e-03   -8.6352599976e-04   -2.6585905774e-04    3.3848807243e-04   -7.6453697197e-04    6.7589455845e-04
  43.3000000   -1.2814825444e-03    1.1236333724e-03    2.1414888578e-03   -8.6313251444e-04   -2.6669104028e-04    3.3345638636e-04   -7.6456075819e-04    6.7807212635e-04
  43.3100000   -1.2828456321e-03    1.1289945203e-03    2.1429314645e-03   -8.6263833637e-04   -2.6752383876e-04    3.2843502763e-04   -7.6457990018e-04    6.8022512733e-04
  43.3200000   -1.2842197817e-03    1.1338732378e-03    2.1443855039e-03   -8.6206459721e-04   -2.6836153043e-04    3.2342614562e-04   -7.6459410481e-04    6.8235213916e-04
  43.3300000   -1.2856150579e-03    1.1382662892e-03    2.1458660511e-03   -8.6143506992e-04   -2.6920822482e-04    3.1843175098e-04   -7.6460315003e-04    6.8445186964e-04
  43.3400000   -1.2870394359e-03    1.1421752003e-03    2.1473872019e-03   -8.6077580440e-04   -2.7006804226e-04    3.1345370476e-04   -7.6460688732e-04    6.8652316391e-04
  43.3500000   -1.2884988549e-03    1.1456062069e-03    2.1489617742e-03   -8.6011471050e-04   -2.7094509205e-04    3.0849370843e-04   -7.6460524339e-04    6.8856501112e-04
  43.3600000   -1.2899973096e-03    1.1485701520e-03    2.1506010318e-03   -8.5948109499e-04   -2.7184345057e-04    3.0355329493e-04   -7.6459822129e-04    6.9057655023e-04
  43.3700000   -1.2915369776e-03    1.1510823354e-03    2.1523144396e-03   -8.5890516201e-04   -2.7276713925e-04    2.9863382073e-04   -7.6458590071e-04    6.9255707508e-04
  43.3800000   -1.2931183766e-03    1.1531623158e-03    2.1541094530e-03   -8.5841748513e-04   -2.7372010269e-04    2.9373645907e-04   -7.6456843760e-04    6.9450603841e-04
  43.3900000   -1.2947405454e-03    1.1548336694e-03    2.1559913480e-03   -8.5804846112e-04   -2.7470618696e-04    2.8886219419e-04   -7.6454606311e-04    6.9642305520e-04
  43.4000000   -1.2964012430e-03    1.1561237067e-03    2.1579630940e-03   -8.5782775521e-04   -2.7572911825e-04    2.8401181689e-04   -7.6451908173e-04    6.9830790488e-04
  43.4100000   -1.2980971602e-03    1.1570631529e-03    2.1600252749e-03   -8.5778374789e-04   -2.7679248194e-04    2.7918592118e-04   -7.6448786885e-04    7.0016053278e-04
  43.4200000   -1.2998241360e-03    1.1576857923e-03    2.1621760593e-03   -8.5794299402e-04   -2.7789970225e-04    2.7438490219e-04   -7.6445286759e-04    7.0198105052e-04
  43.4300000   -1.3015773742e-03    1.1580280848e-03    2.1644112224e-03   -8.5832970437e-04   -2.7905402261e-04    2.6960895533e-04   -7.6441458493e-04    7.0376973547e-04
  43.4400000   -1.3033516535e-03    1.1581287554e-03    2.1667242181e-03   -8.5896525944e-04   -2.8025848676e-04    2.6485807666e-04   -7.6437358736e-04    7.0552702927e-04
  43.4500000   -1.3051415261e-03    1.1580283629e-03    2.1691063033e-03   -8.5986776476e-04   -2.8151592082e-04    2.6013206451e-04   -7.6433049577e-04    7.0725353538e-04
  43.4600000   -1.3069414999e-03    1.1577688522e-03    2.1715467098e-03   -8.6105165649e-04   -2.8282891639e-04    2.5543052229e-04   -7.6428597997e-04    7.0895001572e-04
  43.4700000   -1.3087461993e-03    1.1573930947e-03    2.1740328635e-03   -8.6252736512e-04   -2.8419981470e-04    2.5075286258e-04   -7.6424075256e-04    7.1061738635e-04
  43.4800000   -1.3105505023e-03    1.1569444217e-03    2.1765506451e-03   -8.6430104343e-04   -2.8563069210e-04    2.4609831230e-04   -7.6419556248e-04    7.1225671230e-04
  43.4900000   -1.3123496498e-03    1.1564661568e-03    2.1790846905e-03   -8.6637436520e-04   -2.8712334676e-04    2.4146591912e-04   -7.6415118805e-04    7.1386920145e-04
  43.5000000   -1.3141393256e-03    1.1560011501e-03    2.1816187217e-03   -8.6874439818e-04   -2.8867928683e-04    2.3685455889e-04   -7.6410842975e-04    7.1545619770e-04
  43.5100000   -1.3159157069e-03    1.1555913220e-03    2.1841359053e-03   -8.7140355459e-04   -2.9029972006e-04    2.3226294418e-04   -7.6406810267e-04    7.1701917318e-04
  43.5200000   -1.3176754825e-03    1.1552772180e-03    2.1866192296e-03   -8.7433962051e-04   -2.9198554498e-04    2.2768963380e-04   -7.6403102877e-04    7.1855971989e-04
  43.5300000   -1.3194158428e-03    1.1550975827e-03    2.1890518945e-03   -8.7753586446e-04   -2.9373734370e-04    2.2313304326e-04   -7.6399802897e-04    7.2007954048e-04
  43.5400000   -1.3211344400e-03    1.1550889550e-03    2.1914177051e-03   -8.8097122367e-04   -2.9555537634e-04    2.1859145612e-04   -7.6396991514e-04    7.2158043847e-04
  43.5500000   -1.3228293221e-03    1.1552852895e-03    2.1937014617e-03   -8.8462056549e-04   -2.9743957723e-04    2.1406303611e-04   -7.6394748206e-04    7.2306430786e-04
  43.5600000   -1.3244988441e-03    1.1557176081e-03    2.1958893388e-03   -8.8845501969e-04   -2.9938955279e-04    2.0954584000e-04   -7.6393149948e-04    7.2453312218e-04
  43.5700000   -1.3261415581e-03    1.1564136862e-03    2.1979692434e-03   -8.9244237625e-04   -3.0140458129e-04    2.0503783108e-04   -7.6392270419e-04    7.2598892311e-04
  43.5800000   -1.3277560894e-03    1.1573977755e-03    2.1999311458e-03   -8.9654754225e-04   -3.0348361425e-04    2.0053689325e-04   -7.6392179236e-04    7.2743380871e-04
  43.5900000   -1.3293409993e-03    1.1586903676e-03    2.2017673765e-03   -9.0073304998e-04   -3.0562527974e-04    1.9604084553e-04   -7.6392941207e-04    7.2886992126e-04
  43.6000000   -1.3308946438e-03    1.1603079996e-03    2.2034728801e-03   -9.0495960756e-04   -3.0782788750e-04    1.9154745696e-04   -7.6394615614e-04    7.3029943490e-04
  43.6100000   -1.3324150291e-03    1.1622631057e-03    2.2050454222e-03   -9.0918668302e-04   -3.1008943568e-04    1.8705446177e-04   -7.6397255538e-04    7.3172454307e-04
  43.6200000   -1.3338996729e-03    1.1645639146e-03    2.2064857429e-03   -9.1337311263e-04   -3.1240761952e-04    1.8255957477e-04   -7.6400907218e-04    7.3314744586e-04
  43.6300000   -1.3353454727e-03    1.1672143945e-03    2.2077976523e-03   -9.1747772231e-04   -3.1477984158e-04    1.7806050681e-04   -7.6405609469e-04    7.3457033731e-04
  43.6400000   -1.3367485897e-03    1.1702142465e-03    2.2089880653e-03   -9.2145995126e-04   -3.1720322377e-04    1.7355498019e-04   -7.6411393143e-04    7.3599539273e-04
  43.6500000   -1.3381043506e-03    1.1735589465e-03    2.2100669733e-03   -9.2528046811e-04   -3.1967462086e-04    1.6904074406e-04   -7.6418280658e-04    7.3742475620e-04
  43.6600000   -1.3394071716e-03    1.1772398351e-03    2.2110473503e-03   -9.2890176891e-04   -3.2219063568e-04    1.6451558952e-04   -7.6426285579e-04    7.3886052824e-04
  43.6700000   -1.3406505097e-03    1.1812442538e-03    2.2119449961e-03   -9.3228874702e-04   -3.2474763568e-04    1.5997736453e-04   -7.6435412280e-04    7.4030475373e-04
  43.6800000   -1.3418268425e-03    1.1855557271e-03    2.2127783162e-03   -9.3540922532e-04   -3.2734177091e-04    1.5542398833e-04   -7.6445655662e-04    7.4175941020e-04
  43.6900000   -1.3429276801e-03    1.1901541882e-03    2.2135680412e-03   -9.3823444224e-04   -3.2996899327e-04    1.5085346543e-04   -7.6457000955e-04    7.4322639650e-04
  43.7000000   -1.3439436104e-03    1.1950162450e-03    2.2143368900e-03   -9.4073948361e-04   -3.3262507701e-04    1.4626389906e-04   -7.6469423593e-04    7.4470752202e-04
  43.7100000   -1.3448643773e-03    1.2001154841e-03    2.2151091822e-03   -9.4290365311e-04   -3.3530564026e-04    1.4165350398e-04   -7.6482889160e-04    7.4620449636e-04
  43.7200000   -1.3456789940e-03    1.2054228098e-03    2.2159104045e-03   -9.4471077597e-04   -3.3800616751e-04    1.3702061846e-04   -7.6497353425e-04    7.4771891968e-04
  43.7300000   -1.3463758886e-03    1.2109068123e-03    2.2167667400e-03   -9.4614943133e-04   -3.4072203301e-04    1.3236371565e-04   -7.6512762453e-04    7.4925227369e-04
  43.7400000   -1.3469430802e-03    1.2165341632e-03    2.2177045670e-03   -9.4721310988e-04   -3.4344852478e-04    1.2768141389e-04   -7.6529052789e-04    7.5080591334e-04
  43.7500000   -1.3473683847e-03    1.2222700320e-03    2.2187499376e-03   -9.4790029455e-04   -3.4618086929e-04    1.2297248626e-04   -7.6546151730e-04    7.5238105928e-04
  43.7600000   -1.3476396442e-03    1.2280785198e-03    2.2199280437e-03   -9.4821446338e-04   -3.4891425653e-04    1.1823586903e-04   -7.6563977671e-04    7.5397879118e-04
  43.7700000   -1.3477449784e-03    1.2339231034e-03    2.2212626822e-03   -9.4816401576e-04   -3.5164386542e-04    1.1347066912e-04   -7.6582440522e-04    7.5560004184e-04
  43.7800000   -1.3476730518e-03    1.2397670873e-03    2.2227757292e-03   -9.4776212423e-04   -3.5436488933e-04    1.0867617054e-04   -7.6601442207e-04    7.5724559217e-04
  43.7900000   -1.3474133514e-03    1.2455740549e-03    2.2244866326e-03   -9.4702651469e-04   -3.5707256166e-04    1.0385183957e-04   -7.6620877226e-04    7.5891606716e-04
  43.8000000   -1.3469564696e-03    1.2513083157e-03    2.2264119339e-03   -9.4597917947e-04   -3.5976218124e-04    9.8997328973e-05   -7.6640633285e-04    7.6061193268e-04
  43.8100000   -1.3462943869e-03    1.2569353419e-03    2.2285648290e-03   -9.4464602859e-04   -3.6242913750e-04    9.4112480904e-05   -7.6660591991e-04    7.6233349332e-04
  43.8200000   -1.3454207461e-03    1.2624221901e-03    2.2309547777e-03   -9.4305648554e-04   -3.6506893519e-04    8.9197328727e-05   -7.6680629602e-04    7.6408089113e-04
  43.8300000   -1.3443311142e-03    1.2677379018e-03    2.2335871712e-03   -9.4124303577e-04   -3.6767721848e-04    8.4252097599e-05   -7.6700617827e-04    7.6585410534e-04
  43.8400000   -1.3430232237e-03    1.2728538779e-03    2.2364630636e-03   -9.3924073511e-04   -3.7024979446e-04    7.9277203892e-05   -7.6720424677e-04    7.6765295304e-04
  43.8500000   -1.3414971887e-03    1.2777442230e-03    2.2395789766e-03   -9.3708668622e-04   -3.7278265570e-04    7.4273253425e-05   -7.6739915356e-04    7.6947709083e-04
  43.8600000   -1.3397556890e-03    1.2823860546e-03    2.2429267817e-03   -9.3481949254e-04   -3.7527200184e-04    6.9241038541e-05   -7.6758953182e-04    7.7132601735e-04
  43.8700000   -1.3378041174e-03    1.2867597729e-03    2.2464936650e-03   -9.3247869841e-04   -3.7771426011e-04    6.4181534045e-05   -7.6777400540e-04    7.7319907684e-04
  43.8800000   -1.3356506853e-03    1.2908492890e-03    2.2502621769e-03   -9.3010422543e-04   -3.8010610458e-04    5.9095892018e-05   -7.6795119850e-04    7.7509546347e-04
  43.8900000   -1.3333064832e-03    1.2946422065e-03    2.2542103696e-03   -9.2773581420e-04   -3.8244447406e-04    5.3985435561e-05   -7.6811974556e-04    7.7701422660e-04
  43.9000000   -1.3307854919e-03    1.2981299566e-03    2.2583120211e-03   -9.2541247786e-04   -3.8472658856e-04    4.8851651537e-05   -7.6827830110e-04    7.7895427690e-04
  43.9100000   -1.3281045420e-03    1.3013078817e-03    2.2625369447e-03   -9.2317197767e-04   -3.8694996423e-04    4.3696182285e-05   -7.6842554965e-04    7.8091439316e-04
  43.9200000   -1.3252832218e-03    1.3041752692e-03    2.2668513804e-03   -9.2105032820e-04   -3.8911242654e-04    3.8520816440e-05   -7.6856021548e-04    7.8289322993e-04
  43.9300000   -1.3223437302e-03    1.3067353331e-03    2.2712184634e-03   -9.1908133928e-04   -3.9121212188e-04    3.3327478878e-05   -7.6868107226e-04    7.8488932577e-04
  43.9400000   -1.3193106785e-03    1.3089951445e-03    2.2755987647e-03   -9.1729620042e-04   -3.9324752722e-04    2.8118219857e-05   -7.6878695238e-04    7.8690111224e-04
  43.9500000   -1.3162108389e-03    1.3109655108e-03    2.2799508935e-03   -9.1572311349e-04   -3.9521745803e-04    2.2895203441e-05   -7.6887675603e-04    7.8892692335e-04
  43.9600000   -1.3130728459e-03    1.3126608058e-03    2.2842321541e-03   -9.1438697807e-04   -3.9712107418e-04    1.7660695257e-05   -7.6894945981e-04    7.9096500559e-04
  43.9700000   -1.3099268510e-03    1.3140987523e-03    2.2883992470e-03   -9.1330913289e-04   -3.9895788400e-04    1.2417049692e-05   -7.6900412495e-04    7.9301352837e-04
  43.9800000   -1.3068041364e-03    1.3153001609e-03    2.2924090018e-03   -9.1250715586e-04   -4.0072774626e-04    7.1666965791e-06   -7.6903990496e-04    7.9507059492e-04
  43.9900000   -1.3037366938e-03    1.3162886262e-03    2.2962191295e-03   -9.1199472397e-04   -4.0243087023e-04    1.9121274996e-06   -7.6905605269e-04    7.9713425339e-04
  44.0000000   -1.3007567721e-03    1.3170901867e-03    2.2997889836e-03   -9.1178153363e-04   -4.0406781367e-04   -3.3441182729e-06   -7.6905192675e-04    7.9920250825e-04
  44.0100000   -1.2978964031e-03    1.3177329515e-03    2.3030803131e-03   -9.1187328002e-04   -4.0563947895e-04   -8.5994680134e-06   -7.6902699721e-04    8.0127333187e-04
  44.0200000   -1.2951869103e-03    1.3182466989e-03    2.3060579970e-03   -9.1227169461e-04   -4.0714710708e-04   -1.3851329962e-05   -7.6898085052e-04    8.0334467616e-04
  44.0300000   -1.2926584109e-03    1.3186624521e-03    2.3086907441e-03   -9.1297463806e-04   -4.0859226986e-04   -1.9097107774e-05   -7.6891319370e-04    8.0541448423e-04
  44.0400000   -1.2903393174e-03    1.3190120384e-03    2.3109517478e-03   -9.1397624568e-04   -4.0997686015e-04   -2.4334214965e-05   -7.6882385761e-04    8.0748070203e-04
  44.0500000   -1.2882558470e-03    1.3193276364e-03    2.3128192805e-03   -9.1526712073e-04   -4.1130308026e-04   -2.9560089194e-05   -7.6871279937e-04    8.0954128980e-04
  44.0600000   -1.2864315487e-03    1.3196413186e-03    2.3142772165e-03   -9.1683457042e-04   -4.1257342863e-04   -3.4772206352e-05   -7.6858010386e-04    8.1159423344e-04
  44.0700000   -1.2848868547e-03    1.3199845952e-03    2.3153154742e-03   -9.1866288124e-04   -4.1379068472e-04   -3.9968094357e-05   -7.6842598436e-04    8.1363755545e-04
  44.0800000   -1.2836386653e-03    1.3203879650e-03    2.3159303649e-03   -9.2073362610e-04   -4.1495789242e-04   -4.5145346545e-05   -7.6825078214e-04    8.1566932568e-04
  44.0900000   -1.2826999744e-03    1.3208804799e-03    2.3161248418e-03   -9.2302599779e-04   -4.1607834180e-04   -5.0301634620e-05   -7.6805496519e-04    8.1768767161e-04
  44.1000000   -1.2820795423e-03    1.3214893293e-03    2.3159086421e-03   -9.2551716287e-04   -4.1715554961e-04   -5.5434721047e-05   -7.6783912598e-04    8.1969078816e-04
  44.1100000   -1.2817816233e-03    1.3222394496e-03    2.3152983173e-03   -9.2818262976e-04   -4.1819323839e-04   -6.0542470828e-05   -7.6760397825e-04    8.2167694705e-04
  44.1200000   -1.2818057532e-03    1.3231531647e-03    2.3143171491e-03   -9.3099662496e-04   -4.1919531440e-04   -6.5622862618e-05   -7.6735035290e-04    8.2364450548e-04
  44.1300000   -1.2821466014e-03    1.3242498625e-03    2.3129949476e-03   -9.3393247156e-04   -4.2016584462e-04   -7.0673999067e-05   -7.6707919299e-04    8.2559191429e-04
  44.1400000   -1.2827938918e-03    1.3255457124e-03    2.3113677360e-03   -9.3696296366e-04   -4.2110903273e-04   -7.5694116364e-05   -7.6679154781e-04    8.2751772541e-04
  44.1500000   -1.2837323953e-03    1.3270534274e-03    2.3094773226e-03   -9.4006073220e-04   -4.2202919442e-04   -8.0681592921e-05   -7.6648856613e-04    8.2942059856e-04
  44.1600000   -1.2849419958e-03    1.3287820744e-03    2.3073707662e-03   -9.4319859671e-04   -4.2293073203e-04   -8.5634957159e-05   -7.6617148868e-04    8.3129930724e-04
  44.1700000   -1.2863978299e-03    1.3307369363e-03    2.3050997417e-03   -9.4634989858e-04   -4.2381810874e-04   -9.0552894310e-05   -7.6584163979e-04    8.3315274397e-04
  44.1800000   -1.2880705001e-03    1.3329194272e-03    2.3027198133e-03   -9.4948881191e-04   -4.2469582249e-04   -9.5434252260e-05   -7.6550041841e-04    8.3497992467e-04
  44.1900000   -1.2899263594e-03    1.3353270631e-03    2.3002896295e-03   -9.5259062857e-04   -4.2556837966e-04   -1.0027804638e-04   -7.6514928843e-04    8.3677999221e-04
  44.2000000   -1.2919278659e-03    1.3379534875e-03    2.2978700483e-03   -9.5563201475e-04   -4.2644026885e-04   -1.0508346328e-04   -7.6478976841e-04    8.3855221923e-04
  44.2100000   -1.2940340003e-03    1.3407885535e-03    2.2955232096e-03   -9.5859123762e-04   -4.2731593476e-04   -1.0984986356e-04   -7.6442342089e-04    8.4029600995e-04
  44.2200000   -1.2962007457e-03    1.3438184604e-03    2.2933115664e-03   -9.6144835804e-04   -4.2819975235e-04   -1.1457678345e-04   -7.6405184109e-04    8.4201090127e-04
  44.2300000   -1.2983816189e-03    1.3470259439e-03    2.2912968949e-03   -9.6418539145e-04   -4.2909600154e-04   -1.1926393540e-04   -7.6367664545e-04    8.4369656291e-04
  44.2400000   -1.3005282507e-03    1.3503905166e-03    2.2895392966e-03   -9.6678643497e-04   -4.3000884247e-04   -1.2391120762e-04   -7.6329945968e-04    8.4535279684e-04
  44.2500000   -1.3025910035e-03    1.3538887575e-03    2.2880962101e-03   -9.6923776084e-04   -4.3094229154e-04   -1.2851866255e-04   -7.6292190676e-04    8.4697953576e-04
  44.2600000   -1.3045196219e-03    1.3574946442e-03    2.2870214510e-03   -9.7152787776e-04   -4.3190019832e-04   -1.3308653430e-04   -7.6254559474e-04    8.4857684084e-04
  44.2700000   -1.3062639026e-03    1.3611799265e-03    2.2863642957e-03   -9.7364756076e-04   -4.3288622351e-04   -1.3761522508e-04   -7.6217210458e-04    8.5014489867e-04
  44.2800000   -1.3077743792e-03    1.3649145334e-03    2.2861686250e-03   -9.7558985102e-04   -4.3390381813e-04   -1.4210530064e-04   -7.6180297795e-04    8.5168401746e-04
  44.2900000   -1.3090030075e-03    1.3686670098e-03    2.2864721448e-03   -9.7735002733e-04   -4.3495620387e-04   -1.4655748483e-04   -7.6143970524e-04    8.5319462255e-04
  44.3000000   -1.3099038453e-03    1.3724049766e-03    2.2873056958e-03   -9.7892555162e-04   -4.3604635491e-04   -1.5097265311e-04   -7.6108371383e-04    8.5467725116e-04
  44.3100000   -1.3104337140e-03    1.3760956071e-03    2.2886926672e-03   -9.8031599133e-04   -4.3717698128e-04   -1.5535182540e-04   -7.6073635659e-04    8.5613254663e-04
  44.3200000   -1.3105528341e-03    1.3797061142e-03    2.2906485250e-03   -9.8152292077e-04   -4.3835051377e-04   -1.5969615793e-04   -7.6039890085e-04    8.5756125199e-04
  44.3300000   -1.3102254243e-03    1.3832042406e-03    2.2931804646e-03   -9.8254980421e-04   -4.3956909054e-04   -1.6400693452e-04   -7.6007251781e-04    8.5896420300e-04
  44.3400000   -1.3094202548e-03    1.3865587454e-03    2.2962871949e-03   -9.8340186332e-04   -4.4083454545e-04   -1.6828555702e-04   -7.5975827258e-04    8.6034232080e-04
  44.3500000   -1.3081111483e-03    1.3897398803e-03    2.2999588595e-03   -9.8408593163e-04   -4.4214839834e-04   -1.7253353526e-04   -7.5945711480e-04    8.6169660400e-04
  44.3600000   -1.3062774181e-03    1.3927198483e-03    2.3041770972e-03   -9.8461029872e-04   -4.4351184704e-04   -1.7675247637e-04   -7.5916986997e-04    8.6302812057e-04
  44.3700000   -1.3039042387e-03    1.3954732380e-03    2.3089152440e-03   -9.8498454671e-04   -4.4492576138e-04   -1.8094407363e-04   -7.5889723162e-04    8.6433799927e-04
  44.3800000   -1.3009829424e-03    1.3979774278e-03    2.3141386720e-03   -9.8521938141e-04   -4.4639067921e-04   -1.8511009494e-04   -7.5863975428e-04    8.6562742100e-04
  44.3900000   -1.2975112351e-03    1.4002129533e-03    2.3198052633e-03   -9.8532646038e-04   -4.4790680422e-04   -1.8925237097e-04   -7.5839784734e-04    8.6689760984e-04
  44.4000000   -1.2934933308e-03    1.4021638329e-03    2.3258660102e-03   -9.8531822068e-04   -4.4947400595e-04   -1.9337278298e-04   -7.5817176992e-04    8.6814982412e-04
  44.4100000   -1.2889399983e-03    1.4038178453e-03    2.3322657348e-03   -9.8520770640e-04   -4.5109182159e-04   -1.9747325055e-04   -7.5796162664e-04    8.6938534734e-04
  44.4200000   -1.2838685213e-03    1.4051667571e-03    2.3389439142e-03   -9.8500839901e-04   -4.5275945985e-04   -2.0155571919e-04   -7.5776736458e-04    8.7060547915e-04
  44.4300000   -1.2783025700e-03    1.4062064931e-03    2.3458355999e-03   -9.8473405258e-04   -4.5447580672e-04   -2.0562214789e-04   -7.5758877110e-04    8.7181152649e-04
  44.4400000   -1.2722719856e-03    1.4069372507e-03    2.3528724158e-03   -9.8439853423e-04   -4.5623943307e-04   -2.0967449676e-04   -7.5742547296e-04    8.7300479476e-04
  44.4500000   -1.2658124797e-03    1.4073635517e-03    2.3599836182e-03   -9.8401567113e-04   -4.5804860412e-04   -2.1371471490e-04   -7.5727693640e-04    8.7418657930e-04
  44.4600000   -1.2589652515e-03    1.4074942342e-03    2.3670972009e-03   -9.8359910567e-04   -4.5990129068e-04   -2.1774472832e-04   -7.5714246840e-04    8.7535815710e-04
  44.4700000   -1.2517765283e-03    1.4073423810e-03    2.3741410260e-03   -9.8316215851e-04   -4.6179518205e-04   -2.2176642824e-04   -7.5702121904e-04    8.7652077882e-04
  44.4800000   -1.2442970332e-03    1.4069251871e-03    2.3810439624e-03   -9.8271770102e-04   -4.6372770058e-04   -2.2578165972e-04   -7.5691218500e-04    8.7767566131e-04
  44.4900000   -1.2365813881e-03    1.4062637665e-03    2.3877370111e-03   -9.8227803802e-04   -4.6569601769e-04   -2.2979221073e-04   -7.5681421408e-04    8.7882398036e-04
  44.5000000   -1.2286874586e-03    1.4053829003e-03    2.3941544002e-03   -9.8185480065e-04   -4.6769707130e-04   -2.3379980172e-04   -7.5672601088e-04    8.7996686413e-04
  44.5100000   -1.2206756496e-03    1.4043107300e-03    2.4002346291e-03   -9.8145885011e-04   -4.6972758462e-04   -2.3780607569e-04   -7.5664614349e-04    8.8110538698e-04
  44.5200000   -1.2126081604e-03    1.4030783984e-03    2.4059214446e-03   -9.8110019264e-04   -4.7178408603e-04   -2.4181258891e-04   -7.5657305115e-04    8.8224056390e-04
  44.5300000   -1.2045482092e-03    1.4017196448e-03    2.4111647330e-03   -9.8078790588e-04   -4.7386293009e-04   -2.4582080227e-04   -7.5650505293e-04    8.8337334553e-04
  44.5400000   -1.1965592367e-03    1.4002703572e-03    2.4159213112e-03   -9.8053007714e-04   -4.7596031942e-04   -2.4983207340e-04   -7.5644035726e-04    8.8450461380e-04
  44.5500000   -1.1887041008e-03    1.3987680896e-03    2.4201556051e-03   -9.8033375353e-04   -4.7807232742e-04   -2.5384764943e-04   -7.5637707240e-04    8.8563517827e-04
  44.5600000   -1.1810442708e-03    1.3972515488e-03    2.4238402020e-03   -9.8020490446e-04   -4.8019492154e-04   -2.5786866060e-04   -7.5631321755e-04    8.8676577299e-04
  44.5700000   -1.1736390343e-03    1.3957600597e-03    2.4269562693e-03   -9.8014839643e-04   -4.8232398717e-04   -2.6189611474e-04   -7.5624673483e-04    8.8789705423e-04
  44.5800000   -1.1665447262e-03    1.3943330150e-03    2.4294938308e-03   -9.8016798046e-04   -4.8445535179e-04   -2.6593089245e-04   -7.5617550181e-04    8.8902959874e-04
  44.5900000   -1.1598139905e-03    1.3930093169e-03    2.4314518972e-03   -9.8026629203e-04   -4.8658480937e-04   -2.6997374327e-04   -7.5609734461e-04    8.9016390282e-04
  44.6000000   -1.1534950858e-03    1.3918268195e-03    2.4328384490e-03   -9.8044486364e-04   -4.8870814484e-04   -2.7402528265e-04   -7.5601005151e-04    8.9130038198e-04
  44.6100000   -1.1476312421e-03    1.3908217785e-03    2.4336702713e-03   -9.8070415037e-04   -4.9082115839e-04   -2.7808598984e-04   -7.5591138688e-04    8.9243937134e-04
  44.6200000   -1.1422600809e-03    1.3900283171e-03    2.4339726451e-03   -9.8104356779e-04   -4.9291968962e-04   -2.8215620670e-04   -7.5579910547e-04    8.9358112672e-04
  44.6300000   -1.1374131046e-03    1.3894779141e-03    2.4337789002e-03   -9.8146154217e-04   -4.9499964123e-04   -2.8623613728e-04   -7.5567096689e-04    8.9472582629e-04
  44.6400000   -1.1331152626e-03    1.3891989239e-03    2.4331298379e-03   -9.8195557271e-04   -4.9705700221e-04   -2.9032584843e-04   -7.5552475012e-04    8.9587357294e-04
  44.6500000   -1.1293846018e-03    1.3892161328e-03    2.4320730349e-03   -9.8252230532e-04   -4.9908787039e-04   -2.9442527114e-04   -7.5535826812e-04    8.9702439722e-04
  44.6600000   -1.1262320057e-03    1.3895503600e-03    2.4306620401e-03   -9.8315761711e-04   -5.0108847418e-04   -2.9853420278e-04   -7.5516938228e-04    8.9817826084e-04
  44.6700000   -1.1236610265e-03    1.3902181078e-03    2.4289554788e-03   -9.8385671129e-04   -5.0305519328e-04   -3.0265231016e-04   -7.5495601671e-04    8.9933506071e-04
  44.6800000   -1.1216678129e-03    1.3912312677e-03    2.4270160811e-03   -9.8461422135e-04   -5.0498457851e-04   -3.0677913334e-04   -7.5471617225e-04    9.0049463345e-04
  44.6900000   -1.1202411353e-03    1.3925968859e-03    2.4249096513e-03   -9.8542432328e-04   -5.0687337036e-04   -3.1091409024e-04   -7.5444794006e-04    9.0165676042e-04
  44.7000000   -1.1193625091e-03    1.3943169915e-03    2.4227039960e-03   -9.8628085467e-04   -5.0871851626e-04   -3.1505648191e-04   -7.5414951476e-04    9.0282117307e-04
  44.7100000   -1.1190064140e-03    1.3963884928e-03    2.4204678312e-03   -9.8717743917e-04   -5.1051718652e-04   -3.1920549847e-04   -7.5381920697e-04    9.0398755870e-04
  44.7200000   -1.1191406081e-03    1.3988031400e-03    2.4182696854e-03   -9.8810761462e-04   -5.1226678883e-04   -3.2336022575e-04   -7.5345545526e-04    9.0515556648e-04
  44.7300000   -1.1197265320e-03    1.4015475591e-03    2.4161768204e-03   -9.8906496322e-04   -5.1396498112e-04   -3.2751965234e-04   -7.5305683728e-04    9.0632481376e-04
  44.7400000   -1.1207197989e-03    1.4046033537e-03    2.4142541850e-03   -9.9004324174e-04   -5.1560968296e-04   -3.3168267728e-04   -7.5262208013e-04    9.0749489251e-04
  44.7500000   -1.1220707641e-03    1.4079472767e-03    2.4125634226e-03   -9.9103650970e-04   -5.1719908511e-04   -3.3584811820e-04   -7.5215006978e-04    9.0866537599e-04
  44.7600000   -1.1237251664e-03    1.4115514687e-03    2.4111619469e-03   -9.9203925339e-04   -5.1873165747e-04   -3.4001471978e-04   -7.5163985962e-04    9.0983582535e-04
  44.7700000   -1.1256248333e-03    1.4153837598e-03    2.4101021021e-03   -9.9304650369e-04   -5.2020615523e-04   -3.4418116258e-04   -7.5109067789e-04    9.1100579642e-04
  44.7800000   -1.1277084405e-03    1.4194080332e-03    2.4094304204e-03   -9.9405394545e-04   -5.2162162325e-04   -3.4834607222e-04   -7.5050193410e-04    9.1217484629e-04
  44.7900000   -1.1299123158e-03    1.4235846444e-03    2.4091869894e-03   -9.9505801623e-04   -5.2297739857e-04   -3.5250802860e-04   -7.4987322428e-04    9.1334253995e-04
  44.8000000   -1.1321712764e-03    1.4278708914e-03    2.4094049372e-03   -9.9605599242e-04   -5.2427311123e-04   -3.5666557544e-04   -7.4920433513e-04    9.1450845661e-04
  44.8100000   -1.1344194882e-03    1.4322215299e-03    2.4101100442e-03   -9.9704606074e-04   -5.2550868315e-04   -3.6081722978e-04   -7.4849524687e-04    9.1567219596e-04
  44.8200000   -1.1365913355e-03    1.4365893270e-03    2.4113204846e-03   -9.9802737360e-04   -5.2668432533e-04   -3.6496149153e-04   -7.4774613497e-04    9.1683338405e-04
  44.8300000   -1.1386222885e-03    1.4409256459e-03    2.4130467014e-03   -9.9900008628e-04   -5.2780053325e-04   -3.6909685301e-04   -7.4695737056e-04    9.1799167895e-04
  44.8400000   -1.1404497577e-03    1.4451810548e-03    2.4152914135e-03   -9.9996537495e-04   -5.2885808053e-04   -3.7322180829e-04   -7.4612951966e-04    9.1914677596e-04
  44.8500000   -1.1420139222e-03    1.4493059510e-03    2.4180497536e-03   -1.0009254345e-03   -5.2985801099e-04   -3.7733486247e-04   -7.4526334110e-04    9.2029841245e-04
  44.8600000   -1.1432585199e-03    1.4532511925e-03    2.4213095306e-03   -1.0018834555e-03   -5.3080162906e-04   -3.8143454062e-04   -7.4435978323e-04    9.2144637229e-04
  44.8700000   -1.1441315903e-03    1.4569687295e-03    2.4250516106e-03   -1.0028435797e-03   -5.3169048860e-04   -3.8551939654e-04   -7.4341997937e-04    9.2259048971e-04
  44.8800000   -1.1445861563e-03    1.4604122260e-03    2.4292504061e-03   -1.0038108345e-03   -5.3252638040e-04   -3.8958802108e-04   -7.4244524211e-04    9.2373065269e-04
  44.8900000   -1.1445808384e-03    1.4635376648e-03    2.4338744637e-03   -1.0047910468e-03   -5.3331131817e-04   -3.9363905011e-04   -7.4143705642e-04    9.2486680580e-04
  44.9000000   -1.1440803897e-03    1.4663039267e-03    2.4388871363e-03   -1.0057907367e-03   -5.3404752334e-04   -3.9767117208e-04   -7.4039707159e-04    9.2599895244e-04
  44.9100000   -1.1430561451e-03    1.4686733368e-03    2.4442473269e-03   -1.0068169929e-03   -5.3473740862e-04   -4.0168313507e-04   -7.3932709214e-04    9.2712715648e-04
  44.9200000   -1.1414863783e-03    1.4706121709e-03    2.4499102881e-03   -1.0078773316e-03   -5.3538356062e-04   -4.0567375333e-04   -7.3822906769e-04    9.2825154334e-04
  44.9300000   -1.1393565603e-03    1.4720911146e-03    2.4558284621e-03   -1.0089795394e-03   -5.3598872135e-04   -4.0964191324e-04   -7.3710508187e-04    9.2937230036e-04
  44.9400000   -1.1366595167e-03    1.4730856692e-03    2.4619523447e-03   -1.0101315056e-03   -5.3655576907e-04   -4.1358657875e-04   -7.3595734029e-04    9.3048967662e-04
  44.9500000   -1.1333954798e-03    1.4735764996e-03    2.4682313571e-03   -1.0113410433e-03   -5.3708769833e-04   -4.1750679611e-04   -7.3478815776e-04    9.3160398210e-04
  44.9600000   -1.1295720360e-03    1.4735497189e-03    2.4746147098e-03   -1.0126157052e-03   -5.3758759947e-04   -4.2140169804e-04   -7.3359994473e-04    9.3271558621e-04
  44.9700000   -1.1252039682e-03    1.4729971062e-03    2.4810522416e-03   -1.0139625955e-03   -5.3805863769e-04   -4.2527050723e-04   -7.3239519305e-04    9.3382491575e-04
  44.9800000   -1.1203129963e-03    1.4719162549e-03    2.4874952215e-03   -1.0153881821e-03   -5.3850403183e-04   -4.2911253916e-04   -7.3117646123e-04    9.3493245218e-04
  44.9900000   -1.1149274179e-03    1.4703106487e-03    2.4938970969e-03   -1.0168981132e-03   -5.3892703299e-04   -4.3292720426e-04   -7.2994635918e-04    9.3603872845e-04
  45.0000000   -1.1090816568e-03    1.4681896660e-03    2.5002141785e-03   -1.0184970406e-03   -5.3933090303e-04   -4.3671400941e-04   -7.2870753259e-04    9.3714432516e-04
  45.0100000   -1.1028157236e-03    1.4655685108e-03    2.5064062488e-03   -1.0201884545e-03   -5.3971889335e-04   -4.4047255872e-04   -7.2746264703e-04    9.3824986626e-04
  45.0200000   -1.0961745979e-03    1.4624680718e-03    2.5124370872e-03   -1.0219745329e-03   -5.4009422370e-04   -4.4420255373e-04   -7.2621437189e-04    9.3935601426e-04
  45.0300000   -1.0892075414e-03    1.4589147124e-03    2.5182749030e-03   -1.0238560088e-03   -5.4046006159e-04   -4.4790379289e-04   -7.2496536422e-04    9.4046346496e-04
  45.0400000   -1.0819673504e-03    1.4549399924e-03    2.5238926721e-03   -1.0258320589e-03   -5.4081950195e-04   -4.5157617040e-04   -7.2371825268e-04    9.4157294184e-04
  45.0500000   -1.0745095624e-03    1.4505803273e-03    2.5292683736e-03   -1.0279002154e-03   -5.4117554764e-04   -4.5521967450e-04   -7.2247562151e-04    9.4268518999e-04
  45.0600000   -1.0668916248e-03    1.4458765880e-03    2.5343851260e-03   -1.0300563050e-03   -5.4153109057e-04   -4.5883438510e-04   -7.2123999486e-04    9.4380096985e-04
  45.0700000   -1.0591720423e-03    1.4408736462e-03    2.5392312224e-03   -1.0322944155e-03   -5.4188889370e-04   -4.6242047087e-04   -7.2001382136e-04    9.4492105061e-04
  45.0800000   -1.0514095134e-03    1.4356198730e-03    2.5438000694e-03   -1.0346068936e-03   -5.4225157404e-04   -4.6597818581e-04   -7.1879945924e-04    9.4604620342e-04
  45.0900000   -1.0436620694e-03    1.4301665947e-03    2.5480900334e-03   -1.0369843722e-03   -5.4262158672e-04   -4.6950786529e-04   -7.1759916187e-04    9.4717719447e-04
  45.1000000   -1.0359862315e-03    1.4245675148e-03    2.5521041999e-03   -1.0394158302e-03   -5.4300121015e-04   -4.7300992171e-04   -7.1641506404e-04    9.4831477799e-04
  45.1100000   -1.0284361962e-03    1.4188781088e-03    2.5558500558e-03   -1.0418886837e-03   -5.4339253256e-04   -4.7648483964e-04   -7.1524916888e-04    9.4945968918e-04
  45.1200000   -1.0210630624e-03    1.4131549989e-03    2.5593391023e-03   -1.0443889080e-03   -5.4379743974e-04   -4.7993317067e-04   -7.1410333564e-04    9.5061263722e-04
  45.1300000   -1.0139141135e-03    1.4074553174e-03    2.5625864081e-03   -1.0469011888e-03   -5.4421760425e-04   -4.8335552787e-04   -7.1297926830e-04    9.5177429834e-04
  45.1400000   -1.0070321633e-03    1.4018360663e-03    2.5656101172e-03   -1.0494091019e-03   -5.4465447610e-04   -4.8675258005e-04   -7.1187850525e-04    9.5294530903e-04
  45.1500000   -1.0004549780e-03    1.3963534806e-03    2.5684309190e-03   -1.0518953184e-03   -5.4510927488e-04   -4.9012504569e-04   -7.1080240984e-04    9.5412625949e-04
  45.1600000   -9.9421478134e-04    1.3910624041e-03    2.5710714964e-03   -1.0543418319e-03   -5.4558298348e-04   -4.9347368678e-04   -7.0975216216e-04    9.5531768734e-04
  45.1700000   -9.8833785191e-04    1.3860156836e-03    2.5735559614e-03   -1.0567302061e-03   -5.4607634337e-04   -4.9679930245e-04   -7.0872875187e-04    9.5652007162e-04
  45.1800000   -9.8284421687e-04    1.3812635901e-03    2.5759092921e-03   -1.0590418375e-03   -5.4658985154e-04   -5.0010272256e-04   -7.0773297228e-04    9.5773382723e-04
  45.1900000   -9.7774744813e-04    1.3768532736e-03    2.5781567819e-03   -1.0612582300e-03   -5.4712375895e-04   -5.0338480129e-04   -7.0676541562e-04    9.5895929972e-04
  45.2000000   -9.7305456279e-04    1.3728282572e-03    2.5803235116e-03   -1.0633612769e-03   -5.4767807066e-04   -5.0664641061e-04   -7.0582646960e-04    9.6019676062e-04
  45.2100000   -9.6876602920e-04    1.3692279756e-03    2.5824338550e-03   -1.0653335455e-03   -5.4825254756e-04   -5.0988843400e-04   -7.0491631520e-04    9.6144640327e-04
  45.2200000   -9.6487587789e-04    1.3660873654e-03    2.5845110269e-03   -1.0671585601e-03   -5.4884670965e-04   -5.1311176015e-04   -7.0403492586e-04    9.6270833920e-04
  45.2300000   -9.6137191503e-04    1.3634365088e-03    2.5865766809e-03   -1.0688210785e-03   -5.4945984090e-04   -5.1631727688e-04   -7.0318206789e-04    9.6398259514e-04
  45.2400000   -9.5823603397e-04    1.3613003352e-03    2.5886505641e-03   -1.0703073571e-03   -5.5009099557e-04   -5.1950586520e-04   -7.0235730216e-04    9.6526911060e-04
  45.2500000   -9.5544461960e-04    1.3596983851e-03    2.5907502328e-03   -1.0716054004e-03   -5.5073900607e-04   -5.2267839367e-04   -7.0155998723e-04    9.6656773625e-04
  45.2600000   -9.5296903790e-04    1.3586446350e-03    2.5928908337e-03   -1.0727051907e-03   -5.5140249213e-04   -5.2583571300e-04   -7.0078928359e-04    9.6787823280e-04
  45.2700000   -9.5077620181e-04    1.3581473880e-03    2.5950849516e-03   -1.0735988935e-03   -5.5207987137e-04   -5.2897865101e-04   -7.0004415922e-04    9.6920027072e-04
