  40.0100000   -3.7260528340e-03   -3.4576901462e-03    8.1204940566e-03   -3.6523071230e-03   -7.2345586691e-04    2.9188171037e-03   -1.5003861532e-03    9.8704357717e-04
  40.0200000   -3.7362558963e-03   -3.4560304907e-03    8.1184398126e-03   -3.6581463740e-03   -7.1088582941e-04    2.9158145003e-03   -1.5029022801e-03    9.8884130525e-04
  40.0300000   -3.7466365431e-03   -3.4544840183e-03    8.1162916692e-03   -3.6639140349e-03   -6.9824630251e-04    2.9127604810e-03   -1.5053928642e-03    9.9062566976e-04
  40.0400000   -3.7572786852e-03   -3.4529101126e-03    8.1140480615e-03   -3.6696041143e-03   -6.8553769696e-04    2.9096565722e-03   -1.5078571826e-03    9.9239645648e-04
  40.0500000   -3.7682599406e-03   -3.4511671480e-03    8.1117080388e-03   -3.6752113116e-03   -6.7276055216e-04    2.9065044232e-03   -1.5102946421e-03    9.9415352217e-04
  40.0600000   -3.7796502742e-03   -3.4491144470e-03    8.1092708359e-03   -3.6807308621e-03   -6.5991553314e-04    2.9033057988e-03   -1.5127047835e-03    9.9589679581e-04
  40.0700000   -3.7915108160e-03   -3.4466142961e-03    8.1067359002e-03   -3.6861585564e-03   -6.4700342667e-04    2.9000625706e-03   -1.5150872839e-03    9.9762627963e-04
  40.0800000   -3.8038928702e-03   -3.4435339946e-03    8.1041029128e-03   -3.6914907555e-03   -6.3402513656e-04    2.8967767084e-03   -1.5174419589e-03    9.9934204966e-04
  40.0900000   -3.8098292554e-03   -3.4425092385e-03    8.1013718083e-03   -3.6967244043e-03   -6.2098167846e-04    2.8934502693e-03   -1.5197687646e-03    1.0010442561e-03
  40.1000000   -3.8237091095e-03   -3.4375706541e-03    8.0985427923e-03   -3.7018570442e-03   -6.0787417387e-04    2.8900853881e-03   -1.5220677976e-03    1.0027331234e-03
  40.1100000   -3.8382378007e-03   -3.4316228747e-03    8.0956163574e-03   -3.7068868260e-03   -5.9470384363e-04    2.8866842662e-03   -1.5243392954e-03    1.0044089497e-03
  40.1200000   -3.8534113718e-03   -3.4245839772e-03    8.0925932965e-03   -3.7118125220e-03   -5.8147200083e-04    2.8832491599e-03   -1.5265836354e-03    1.0060721063e-03
  40.1300000   -3.8692150885e-03   -3.4163884401e-03    8.0894747131e-03   -3.7166335397e-03   -5.6818004326e-04    2.8797823694e-03   -1.5288013336e-03    1.0077230367e-03
  40.1400000   -3.8856238636e-03   -3.4069882342e-03    8.0862620293e-03   -3.7213499351e-03   -5.5482944529e-04    2.8762862263e-03   -1.5309930422e-03    1.0093622552e-03
  40.1500000   -3.9026028638e-03   -3.3963536284e-03    8.0829569900e-03   -3.7259624273e-03   -5.4142174946e-04    2.8727630815e-03   -1.5331595466e-03    1.0109903455e-03
  40.1600000   -3.9201082896e-03   -3.3844736979e-03    8.0795616644e-03   -3.7304724139e-03   -5.2795855764e-04    2.8692152931e-03   -1.5353017615e-03    1.0126079585e-03
  40.1700000   -3.9382867333e-03   -3.3712923566e-03    8.0762268001e-03   -3.7371033424e-03   -5.1444152828e-04    2.8656453099e-03   -1.5374207270e-03    1.0142158100e-03
  40.1800000   -3.9565114602e-03   -3.3569794326e-03    8.0726762903e-03   -3.7407652408e-03   -5.0087234754e-04    2.8620553752e-03   -1.5395176029e-03    1.0158146786e-03
  40.1900000   -3.9750232573e-03   -3.3415003312e-03    8.0690454272e-03   -3.7443226728e-03   -4.8725273981e-04    2.8584477920e-03   -1.5415936634e-03    1.0174054025e-03
  40.2000000   -3.9937565081e-03   -3.3249182710e-03    8.0653381533e-03   -3.7477820438e-03   -4.7358445113e-04    2.8548248225e-03   -1.5436502906e-03    1.0189888766e-03
  40.2100000   -4.0126430120e-03   -3.3073131999e-03    8.0615586927e-03   -3.7511513634e-03   -4.5986923961e-04    2.8511886737e-03   -1.5456889672e-03    1.0205660491e-03
  40.2200000   -4.0316131677e-03   -3.2887804966e-03    8.0577115474e-03   -3.7544394262e-03   -4.4610886565e-04    2.8475414860e-03   -1.5477112698e-03    1.0221379182e-03
  40.2300000   -4.0505973270e-03   -3.2694294165e-03    8.0538014619e-03   -3.7576558182e-03   -4.3230508242e-04    2.8438853214e-03   -1.5497188600e-03    1.0237055278e-03
  40.2400000   -4.0695271324e-03   -3.2493813093e-03    8.0498333852e-03   -3.7608108911e-03   -4.1845962633e-04    2.8402221523e-03   -1.5517134767e-03    1.0252699639e-03
  40.2500000   -4.0883368185e-03   -3.2287676358e-03    8.0458124304e-03   -3.7639157264e-03   -4.0457420778e-04    2.8365538505e-03   -1.5536969265e-03    1.0268323503e-03
  40.2600000   -4.1069644501e-03   -3.2077278182e-03    8.0417438324e-03   -3.7669820892e-03   -3.9065050214e-04    2.8328821773e-03   -1.5556710751e-03    1.0283938444e-03
  40.2700000   -4.1253530744e-03   -3.1864069586e-03    8.0376329043e-03   -3.7700223683e-03   -3.7669014106e-04    2.8292087733e-03   -1.5576378373e-03    1.0299556322e-03
  40.2800000   -4.1434517670e-03   -3.1649534645e-03    8.0334849937e-03   -3.7730495046e-03   -3.6269470411e-04    2.8255351498e-03   -1.5595991671e-03    1.0315189241e-03
  40.2900000   -4.1612165516e-03   -3.1435166216e-03    8.0293054389e-03   -3.7760769048e-03   -3.4866571086e-04    2.8218626799e-03   -1.5615570480e-03    1.0330849501e-03
  40.3000000   -4.1786111766e-03   -3.1222441536e-03    8.0250995264e-03   -3.7791183420e-03   -3.3460461351e-04    2.8181925906e-03   -1.5635134824e-03    1.0346549545e-03
  40.3100000   -4.1956077358e-03   -3.1012798099e-03    8.0208724496e-03   -3.7821878427e-03   -3.2051278987e-04    2.8145259563e-03   -1.5654704814e-03    1.0362301917e-03
  40.3200000   -4.2121871199e-03   -3.0807610227e-03    8.0166292701e-03   -3.7852995597e-03   -3.0639153710e-04    2.8108636922e-03   -1.5674300544e-03    1.0378119206e-03
  40.3300000   -4.2283392937e-03   -3.0608166713e-03    8.0123748815e-03   -3.7884676331e-03   -2.9224206588e-04    2.8072065489e-03   -1.5693941989e-03    1.0394013996e-03
  40.3400000   -4.2440633917e-03   -3.0415649929e-03    8.0081139765e-03   -3.7917060388e-03   -2.7806549539e-04    2.8035551082e-03   -1.5713648899e-03    1.0409998820e-03
  40.3500000   -4.2593676340e-03   -3.0231116729e-03    8.0038510180e-03   -3.7950284282e-03   -2.6386284878e-04    2.7999097788e-03   -1.5733440698e-03    1.0426086107e-03
  40.3600000   -4.2742690635e-03   -3.0055481480e-03    7.9995902131e-03   -3.7984479577e-03   -2.4963504951e-04    2.7962707940e-03   -1.5753336386e-03    1.0442288132e-03
  40.3700000   -4.2887931100e-03   -2.9889501501e-03    7.9953354929e-03   -3.8019771139e-03   -2.3538291832e-04    2.7926382097e-03   -1.5773354438e-03    1.0458616969e-03
  40.3800000   -4.3029729915e-03   -2.9733765151e-03    7.9910904949e-03   -3.8056275329e-03   -2.2110717089e-04    2.7890119035e-03   -1.5793512712e-03    1.0475084440e-03
  40.3900000   -4.3168489645e-03   -2.9588682755e-03    7.9868585510e-03   -3.8094098203e-03   -2.0680841644e-04    2.7853915748e-03   -1.5813828355e-03    1.0491702069e-03
  40.4000000   -4.3304674379e-03   -2.9454480527e-03    7.9826426788e-03   -3.8133333714e-03   -1.9248715685e-04    2.7817767454e-03   -1.5834317718e-03    1.0508481036e-03
  40.4100000   -4.3438799690e-03   -2.9331197579e-03    7.9784455774e-03   -3.8174061978e-03   -1.7814378674e-04    2.7781667617e-03   -1.5854996270e-03    1.0525432131e-03
  40.4200000   -4.3571421609e-03   -2.9218686052e-03    7.9742696273e-03   -3.8216347610e-03   -1.6377859418e-04    2.7745607974e-03   -1.5875878521e-03    1.0542565713e-03
  40.4300000   -4.3703124824e-03   -2.9116614380e-03    7.9701168934e-03   -3.8260238186e-03   -1.4939176224e-04    2.7709578574e-03   -1.5896977951e-03    1.0559891668e-03
  40.4400000   -4.3834510356e-03   -2.9024473603e-03    7.9659891309e-03   -3.8305762848e-03   -1.3498337122e-04    2.7673567819e-03   -1.5918306937e-03    1.0577419367e-03
  40.4500000   -4.3966182931e-03   -2.8941586616e-03    7.9618877947e-03   -3.8352931105e-03   -1.2055340159e-04    2.7637562524e-03   -1.5939876697e-03    1.0595157631e-03
  40.4600000   -4.4098738295e-03   -2.8867120203e-03    7.9578140503e-03   -3.8401731835e-03   -1.0610173774e-04    2.7601547976e-03   -1.5961697230e-03    1.0613114699e-03
  40.4700000   -4.4232750738e-03   -2.8800099632e-03    7.9537687864e-03   -3.8452132552e-03   -9.1628172229e-05    2.7565508008e-03   -1.5983777273e-03    1.0631298188e-03
  40.4800000   -4.4368761043e-03   -2.8739425542e-03    7.9497526288e-03   -3.8504078931e-03   -7.7132410815e-05    2.7529425076e-03   -1.6006124251e-03    1.0649715072e-03
  40.4900000   -4.4507265114e-03   -2.8683892856e-03    7.9457659550e-03   -3.8557494648e-03   -6.2614077996e-05    2.7493280345e-03   -1.6028744253e-03    1.0668371645e-03
  40.5000000   -4.4648703491e-03   -2.8632211374e-03    7.9418089088e-03   -3.8612281525e-03   -4.8072723160e-05    2.7457053782e-03   -1.6051641993e-03    1.0687273508e-03
  40.5100000   -4.4793451950e-03   -2.8583027697e-03    7.9378814139e-03   -3.8668320023e-03   -3.3507827216e-05    2.7420724257e-03   -1.6074820800e-03    1.0706425537e-03
  40.5200000   -4.4941813383e-03   -2.8534948098e-03    7.9339831873e-03   -3.8725470069e-03   -1.8918809717e-05    2.7384269643e-03   -1.6098282598e-03    1.0725831872e-03
  40.5300000   -4.5094011106e-03   -2.8486561969e-03    7.9301137512e-03   -3.8783572239e-03   -4.3050363686e-06    2.7347666931e-03   -1.6122027906e-03    1.0745495899e-03
  40.5400000   -4.5250183719e-03   -2.8436465416e-03    7.9262724424e-03   -3.8842449288e-03    1.0334173090e-05    2.7310892341e-03   -1.6146055837e-03    1.0765420236e-03
  40.5500000   -4.5410381621e-03   -2.8383284630e-03    7.9224584208e-03   -3.8901908012e-03    2.4999536700e-05    2.7273921442e-03   -1.6170364108e-03    1.0785606730e-03
  40.5600000   -4.5574565248e-03   -2.8325698624e-03    7.9186706751e-03   -3.8961741443e-03    3.9691801864e-05    2.7236729276e-03   -1.6194949061e-03    1.0806056444e-03
  40.5700000   -4.5742605064e-03   -2.8262460965e-03    7.9149080259e-03   -3.9021731337e-03    5.4411736762e-05    2.7199290476e-03   -1.6219805685e-03    1.0826769662e-03
  40.5800000   -4.5914283306e-03   -2.8192420130e-03    7.9111691268e-03   -3.9081650947e-03    6.9160121625e-05    2.7161579400e-03   -1.6244927645e-03    1.0847745885e-03
  40.5900000   -4.6089297449e-03   -2.8114538163e-03    7.9074524634e-03   -3.9141268025e-03    8.3937739972e-05    2.7123570256e-03   -1.6270307325e-03    1.0868983839e-03
  40.6000000   -4.6267265327e-03   -2.8027907319e-03    7.9037563491e-03   -3.9200348031e-03    9.8745369871e-05    2.7085237228e-03   -1.6295935874e-03    1.0890481478e-03
  40.6100000   -4.6447731807e-03   -2.7931764428e-03    7.9000789200e-03   -3.9258657492e-03    1.1358377525e-04    2.7046554608e-03   -1.6321803253e-03    1.0912235999e-03
  40.6200000   -4.6630176906e-03   -2.7825502760e-03    7.8964181271e-03   -3.9315967459e-03    1.2845369739e-04    2.7007496923e-03   -1.6347898294e-03    1.0934243857e-03
  40.6300000   -4.6814025160e-03   -2.7708681198e-03    7.8927717281e-03   -3.9372057032e-03    1.4335584656e-04    2.6968039057e-03   -1.6374208770e-03    1.0956500778e-03
  40.6400000   -4.6998656115e-03   -2.7581030585e-03    7.8891372771e-03   -3.9426716862e-03    1.5829089399e-04    2.6928156382e-03   -1.6400721453e-03    1.0979001780e-03
  40.6500000   -4.7183415697e-03   -2.7442457167e-03    7.8855121154e-03   -3.9479752582e-03    1.7325946415e-04    2.6887824874e-03   -1.6427422198e-03    1.1001741201e-03
  40.6600000   -4.7367628279e-03   -2.7293043088e-03    7.8818933608e-03   -3.9530988122e-03    1.8826212738e-04    2.6847021232e-03   -1.6454296017e-03    1.1024712719e-03
  40.6700000   -4.7550609207e-03   -2.7133043946e-03    7.8782778987e-03   -3.9580268828e-03    2.0329939300e-04    2.6805722992e-03   -1.6481327160e-03    1.1047909383e-03
  40.6800000   -4.7731677534e-03   -2.6962883491e-03    7.8746623743e-03   -3.9627464337e-03    2.1837170293e-04    2.6763908634e-03   -1.6508499204e-03    1.1071323646e-03
  40.6900000   -4.7910168743e-03   -2.6783145559e-03    7.8710431856e-03   -3.9672471141e-03    2.3347942577e-04    2.6721557688e-03   -1.6535795142e-03    1.1094947398e-03
  40.7000000   -4.8085447221e-03   -2.6594563411e-03    7.8674164802e-03   -3.9715214804e-03    2.4862285161e-04    2.6678650830e-03   -1.6563197474e-03    1.1118771999e-03
  40.7100000   -4.8256918223e-03   -2.6398006677e-03    7.8637781540e-03   -3.9755651765e-03    2.6380218735e-04    2.6635169971e-03   -1.6590688303e-03    1.1142788322e-03
  40.7200000   -4.8424039151e-03   -2.6194466130e-03    7.8601238535e-03   -3.9793770693e-03    2.7901755273e-04    2.6591098346e-03   -1.6618249426e-03    1.1166986788e-03
  40.7300000   -4.8586329892e-03   -2.5985036594e-03    7.8564489823e-03   -3.9829593361e-03    2.9426897711e-04    2.6546420585e-03   -1.6645862437e-03    1.1191357414e-03
  40.7400000   -4.8743382059e-03   -2.5770898252e-03    7.8527487111e-03   -3.9863175003e-03    3.0955639689e-04    2.6501122786e-03   -1.6673508819e-03    1.1215889850e-03
  40.7500000   -4.8894866945e-03   -2.5553296718e-03    7.8490179927e-03   -3.9894604135e-03    3.2487965378e-04    2.6455192571e-03   -1.6701170045e-03    1.1240573429e-03
  40.7600000   -4.9040542053e-03   -2.5333522185e-03    7.8452515813e-03   -3.9924001840e-03    3.4023849377e-04    2.6408619144e-03   -1.6728827670e-03    1.1265397211e-03
  40.7700000   -4.9180256091e-03   -2.5112888030e-03    7.8414440562e-03   -3.9951520492e-03    3.5563256694e-04    2.6361393329e-03   -1.6756463433e-03    1.1290350027e-03
  40.7800000   -4.9313952326e-03   -2.4892709227e-03    7.8375898513e-03   -3.9977341959e-03    3.7106142801e-04    2.6313507604e-03   -1.6784059345e-03    1.1315420534e-03
  40.7900000   -4.9441670251e-03   -2.4674280935e-03    7.8336832879e-03   -4.0001675276e-03    3.8652453771e-04    2.6264956132e-03   -1.6811597782e-03    1.1340597253e-03
  40.8000000   -4.9563545556e-03   -2.4458857606e-03    7.8297186124e-03   -4.0024753826e-03    4.0202126494e-04    2.6215734768e-03   -1.6839061578e-03    1.1365868629e-03
  40.8100000   -4.9679808380e-03   -2.4247632960e-03    7.8256900379e-03   -4.0046832078e-03    4.1755088970e-04    2.6165841072e-03   -1.6866434107e-03    1.1391223070e-03
  40.8200000   -4.9790779903e-03   -2.4041721159e-03    7.8215917897e-03   -4.0068181906e-03    4.3311260675e-04    2.6115274303e-03   -1.6893699367e-03    1.1416649001e-03
  40.8300000   -4.9896867340e-03   -2.3842139463e-03    7.8174181529e-03   -4.0089088557e-03    4.4870553009e-04    2.6064035405e-03   -1.6920842060e-03    1.1442134907e-03
  40.8400000   -4.9998557430e-03   -2.3649792649e-03    7.8131635233e-03   -4.0109846339e-03    4.6432869804e-04    2.6012126986e-03   -1.6947847663e-03    1.1467669387e-03
  40.8500000   -5.0096408556e-03   -2.3465459437e-03    7.8088224599e-03   -4.0130754104e-03    4.7998107909e-04    2.5959553288e-03   -1.6974702504e-03    1.1493241196e-03
  40.8600000   -5.0191041640e-03   -2.3289781107e-03    7.8043897373e-03   -4.0152110561e-03    4.9566157835e-04    2.5906320147e-03   -1.7001393818e-03    1.1518839291e-03
  40.8700000   -5.0283129984e-03   -2.3123252478e-03    7.7998603993e-03   -4.0174209540e-03    5.1136904456e-04    2.5852434941e-03   -1.7027909814e-03    1.1544452875e-03
  40.8800000   -5.0373388249e-03   -2.2966215379e-03    7.7952298111e-03   -4.0197335275e-03    5.2710227774e-04    2.5797906535e-03   -1.7054239726e-03    1.1570071444e-03
  40.8900000   -5.0462560782e-03   -2.2818854670e-03    7.7904937101e-03   -4.0221757788e-03    5.4286003726e-04    2.5742745218e-03   -1.7080373858e-03    1.1595684822e-03
  40.9000000   -5.0551409485e-03   -2.2681196863e-03    7.7856482536e-03   -4.0247728461e-03    5.5864105035e-04    2.5686962625e-03   -1.7106303631e-03    1.1621283204e-03
  40.9100000   -5.0640701475e-03   -2.2553111328e-03    7.7806900640e-03   -4.0275475877e-03    5.7444402106e-04    2.5630571660e-03   -1.7132021615e-03    1.1646857194e-03
  40.9200000   -5.0731196733e-03   -2.2434314025e-03    7.7756162684e-03   -4.0305202004e-03    5.9026763944e-04    2.5573586411e-03   -1.7157521557e-03    1.1672397839e-03
  40.9300000   -5.0823635968e-03   -2.2324373681e-03    7.7704245349e-03   -4.0337078804e-03    6.0611059103e-04    2.5516022053e-03   -1.7182798407e-03    1.1697896660e-03
  40.9400000   -5.0918728924e-03   -2.2222720263e-03    7.7651131010e-03   -4.0371245324e-03    6.2197156654e-04    2.5457894751e-03   -1.7207848334e-03    1.1723345687e-03
  40.9500000   -5.1017143315e-03   -2.2128655601e-03    7.7596807974e-03   -4.0407805324e-03    6.3784927160e-04    2.5399221558e-03   -1.7232668730e-03    1.1748737482e-03
  40.9600000   -5.1119494582e-03   -2.2041365930e-03    7.7541270640e-03   -4.0446825522e-03    6.5374243653e-04    2.5340020305e-03   -1.7257258219e-03    1.1774065168e-03
  40.9700000   -5.1226336651e-03   -2.1959936147e-03    7.7484519582e-03   -4.0488334459e-03    6.6964982619e-04    2.5280309490e-03   -1.7281616652e-03    1.1799322449e-03
  40.9800000   -5.1338153830e-03   -2.1883365507e-03    7.7426561566e-03   -4.0532322017e-03    6.8557024955e-04    2.5220108164e-03   -1.7305745095e-03    1.1824503631e-03
  40.9900000   -5.1455353981e-03   -2.1810584498e-03    7.7367409477e-03   -4.0578739623e-03    7.0150256922e-04    2.5159435814e-03   -1.7329645813e-03    1.1849603634e-03
  41.0000000   -5.1578263074e-03   -2.1740472599e-03    7.7307082172e-03   -4.0627501132e-03    7.1744571062e-04    2.5098312242e-03   -1.7353322250e-03    1.1874618013e-03
  41.0100000   -5.1707121172e-03   -2.1671876617e-03    7.7245604258e-03   -4.0678484390e-03    7.3339867090e-04    2.5036757449e-03   -1.7376778998e-03    1.1899542962e-03
  41.0200000   -5.1842079921e-03   -2.1603629313e-03    7.7183005786e-03   -4.0731533431e-03    7.4936052740e-04    2.4974791512e-03   -1.7400021764e-03    1.1924375322e-03
  41.0300000   -5.1983201556e-03   -2.1534567993e-03    7.7119321882e-03   -4.0786461285e-03    7.6533044566e-04    2.4912434469e-03   -1.7423057329e-03    1.1949112587e-03
  41.0400000   -5.2130459406e-03   -2.1463552778e-03    7.7054592305e-03   -4.0843053368e-03    7.8130768686e-04    2.4849706196e-03   -1.7445893505e-03    1.1973752906e-03
  41.0500000   -5.2283739857e-03   -2.1389484269e-03    7.6988860950e-03   -4.0901071386e-03    7.9729161475e-04    2.4786626294e-03   -1.7468539084e-03    1.1998295074e-03
  41.0600000   -5.2442845715e-03   -2.1311320317e-03    7.6922175292e-03   -4.0960257654e-03    8.1328170177e-04    2.4723213976e-03   -1.7491003784e-03    1.2022738536e-03
  41.0700000   -5.2607500886e-03   -2.1228091667e-03    7.6854585788e-03   -4.1020339807e-03    8.2927753462e-04    2.4659487958e-03   -1.7513298189e-03    1.2047083372e-03
  41.0800000   -5.2777356236e-03   -2.1138916225e-03    7.6786145253e-03   -4.1081035771e-03    8.4527881890e-04    2.4595466349e-03   -1.7535433690e-03    1.2071330286e-03
  41.0900000   -5.2951996528e-03   -2.1043011752e-03    7.6716908195e-03   -4.1142058925e-03    8.6128538303e-04    2.4531166556e-03   -1.7557422414e-03    1.2095480598e-03
  41.1000000   -5.3130948259e-03   -2.0939706801e-03    7.6646930154e-03   -4.1203123348e-03    8.7729718128e-04    2.4466605181e-03   -1.7579277160e-03    1.2119536218e-03
  41.1100000   -5.3313688247e-03   -2.0828449765e-03    7.6576267026e-03   -4.1263949062e-03    8.9331429594e-04    2.4401797940e-03   -1.7601011324e-03    1.2143499637e-03
  41.1200000   -5.3499652797e-03   -2.0708815915e-03    7.6504974399e-03   -4.1324267169e-03    9.0933693845e-04    2.4336759570e-03   -1.7622638826e-03    1.2167373894e-03
  41.1300000   -5.3688247250e-03   -2.0580512357e-03    7.6433106915e-03   -4.1383824769e-03    9.2536544975e-04    2.4271503759e-03   -1.7644174032e-03    1.2191162560e-03
  41.1400000   -5.3878855741e-03   -2.0443380864e-03    7.6360717650e-03   -4.1442389586e-03    9.4140029950e-04    2.4206043075e-03   -1.7665631681e-03    1.2214869710e-03
  41.1500000   -5.4070850986e-03   -2.0297398574e-03    7.6287857551e-03   -4.1499754203e-03    9.5744208441e-04    2.4140388902e-03   -1.7687026805e-03    1.2238499891e-03
  41.1600000   -5.4263603900e-03   -2.0142676583e-03    7.6214574911e-03   -4.1555739812e-03    9.7349152557e-04    2.4074551391e-03   -1.7708374647e-03    1.2262058095e-03
  41.1700000   -5.4456492903e-03   -1.9979456496e-03    7.6140914906e-03   -4.1610199414e-03    9.8954946474e-04    2.4008539411e-03   -1.7729690586e-03    1.2285549725e-03
  41.1800000   -5.4648912728e-03   -1.9808105025e-03    7.6066919204e-03   -4.1663020418e-03    1.0056168598e-03    2.3942360513e-03   -1.7750990058e-03    1.2308980563e-03
  41.1900000   -5.4840282592e-03   -1.9629106751e-03    7.5992625642e-03   -4.1714126559e-03    1.0216947790e-03    2.3876020904e-03   -1.7772288477e-03    1.2332356736e-03
  41.2000000   -5.5030053623e-03   -1.9443055200e-03    7.5918067986e-03   -4.1763479123e-03    1.0377843947e-03    2.3809525427e-03   -1.7793601158e-03    1.2355684678e-03
  41.2100000   -5.5217715396e-03   -1.9250642412e-03    7.5843275766e-03   -4.1811077431e-03    1.0538869754e-03    2.3742877552e-03   -1.7814943241e-03    1.2378971093e-03
  41.2200000   -5.5402801521e-03   -1.9052647183e-03    7.5768274202e-03   -4.1856958587e-03    1.0700038782e-03    2.3676079374e-03   -1.7836329621e-03    1.2402222922e-03
  41.2300000   -5.5584894193e-03   -1.8849922206e-03    7.5693084206e-03   -4.1901196488e-03    1.0861365389e-03    2.3609131622e-03   -1.7857774873e-03    1.2425447301e-03
  41.2400000   -5.5763627677e-03   -1.8643380310e-03    7.5617722478e-03   -4.1943900110e-03    1.1022864625e-03    2.3542033676e-03   -1.7879293188e-03    1.2448651526e-03
  41.2500000   -5.5938690717e-03   -1.8433980046e-03    7.5542201665e-03   -4.1985211100e-03    1.1184552124e-03    2.3474783593e-03   -1.7900898299e-03    1.2471843014e-03
  41.2600000   -5.6109827848e-03   -1.8222710842e-03    7.5466530608e-03   -4.2025300722e-03    1.1346443993e-03    2.3407378139e-03   -1.7922603430e-03    1.2495029267e-03
  41.2700000   -5.6276839652e-03   -1.8010577988e-03    7.5390714652e-03   -4.2064366238e-03    1.1508556690e-03    2.3339812834e-03   -1.7944421225e-03    1.2518217833e-03
  41.2800000   -5.6439582004e-03   -1.7798587661e-03    7.5314756013e-03   -4.2102626750e-03    1.1670906902e-03    2.3272082001e-03   -1.7966363704e-03    1.2541416272e-03
  41.2900000   -5.6597964381e-03   -1.7587732234e-03    7.5238654201e-03   -4.2140318614e-03    1.1833511414e-03    2.3204178822e-03   -1.7988442200e-03    1.2564632120e-03
  41.3000000   -5.6751947314e-03   -1.7378976092e-03    7.5162406481e-03   -4.2177690538e-03    1.1996386980e-03    2.3136095405e-03   -1.8010667322e-03    1.2587872855e-03
  41.3100000   -5.6901539092e-03   -1.7173242157e-03    7.5086008368e-03   -4.2214998420e-03    1.2159550185e-03    2.3067822851e-03   -1.8033048907e-03    1.2611145865e-03
  41.3200000   -5.7046791829e-03   -1.6971399301e-03    7.5009454134e-03   -4.2252500053e-03    1.2323017308e-03    2.2999351336e-03   -1.8055595979e-03    1.2634458415e-03
  41.3300000   -5.7187797028e-03   -1.6774250839e-03    7.4932737327e-03   -4.2290449798e-03    1.2486804184e-03    2.2930670188e-03   -1.8078316722e-03    1.2657817619e-03
  41.3400000   -5.7324680760e-03   -1.6582524244e-03    7.4855851279e-03   -4.2329093324e-03    1.2650926067e-03    2.2861767978e-03   -1.8101218442e-03    1.2681230411e-03
  41.3500000   -5.7457598608e-03   -1.6396862210e-03    7.4778789593e-03   -4.2368662541e-03    1.2815397492e-03    2.2792632607e-03   -1.8124307551e-03    1.2704703523e-03
  41.3600000   -5.7586730508e-03   -1.6217815173e-03    7.4701546609e-03   -4.2409370800e-03    1.2980232136e-03    2.2723251404e-03   -1.8147589540e-03    1.2728243454e-03
  41.3700000   -5.7712275616e-03   -1.6045835368e-03    7.4624117807e-03   -4.2451408483e-03    1.3145442691e-03    2.2653611222e-03   -1.8171068967e-03    1.2751856457e-03
  41.3800000   -5.7834447336e-03   -1.5881272469e-03    7.4546500177e-03   -4.2494939056e-03    1.3311040727e-03    2.2583698535e-03   -1.8194749446e-03    1.2775548515e-03
  41.3900000   -5.7953468633e-03   -1.5724370838e-03    7.4468692508e-03   -4.2540095673e-03    1.3477036574e-03    2.2513499542e-03   -1.8218633641e-03    1.2799325324e-03
  41.4000000   -5.8069567723e-03   -1.5575268392e-03    7.4390695612e-03   -4.2586978382e-03    1.3643439200e-03    2.2443000266e-03   -1.8242723264e-03    1.2823192282e-03
  41.4100000   -5.8182974254e-03   -1.5433997070e-03    7.4312512467e-03   -4.2635652013e-03    1.3810256097e-03    2.2372186654e-03   -1.8267019079e-03    1.2847154474e-03
  41.4200000   -5.8293916036e-03   -1.5300484821e-03    7.4234148272e-03   -4.2686144773e-03    1.3977493175e-03    2.2301044679e-03   -1.8291520912e-03    1.2871216667e-03
  41.4300000   -5.8402616400e-03   -1.5174559064e-03    7.4155610410e-03   -4.2738447577e-03    1.4145154668e-03    2.2229560439e-03   -1.8316227655e-03    1.2895383299e-03
  41.4400000   -5.8509292218e-03   -1.5055951510e-03    7.4076908328e-03   -4.2792514137e-03    1.4313243041e-03    2.2157720249e-03   -1.8341137293e-03    1.2919658477e-03
  41.4500000   -5.8614152606e-03   -1.4944304249e-03    7.3998053310e-03   -4.2848261795e-03    1.4481758915e-03    2.2085510739e-03   -1.8366246913e-03    1.2944045977e-03
  41.4600000   -5.8717398321e-03   -1.4839176962e-03    7.3919058178e-03   -4.2905573079e-03    1.4650700994e-03    2.2012918939e-03   -1.8391552738e-03    1.2968549244e-03
  41.4700000   -5.8819221815e-03   -1.4740055120e-03    7.3839936895e-03   -4.2964297952e-03    1.4820066010e-03    2.1939932367e-03   -1.8417050143e-03    1.2993171395e-03
  41.4800000   -5.8919807924e-03   -1.4646359013e-03    7.3760704092e-03   -4.3024256710e-03    1.4989848679e-03    2.1866539108e-03   -1.8442733697e-03    1.3017915224e-03
  41.4900000   -5.9019335128e-03   -1.4557453444e-03    7.3681374529e-03   -4.3085243447e-03    1.5160041660e-03    2.1792727890e-03   -1.8468597186e-03    1.3042783214e-03
  41.5000000   -5.9117977340e-03   -1.4472657910e-03    7.3601962486e-03   -4.3147030045e-03    1.5330635541e-03    2.1718488147e-03   -1.8494633658e-03    1.3067777544e-03
  41.5100000   -5.9215906078e-03   -1.4391257109e-03    7.3522481111e-03   -4.3209370575e-03    1.5501618825e-03    2.1643810091e-03   -1.8520835455e-03    1.3092900102e-03
  41.5200000   -5.9313292976e-03   -1.4312511605e-03    7.3442941731e-03   -4.3272006032e-03    1.5672977937e-03    2.1568684757e-03   -1.8547194260e-03    1.3118152501e-03
  41.5300000   -5.9410312505e-03   -1.4235668459e-03    7.3363353138e-03   -4.3334669299e-03    1.5844697241e-03    2.1493104057e-03   -1.8573701137e-03    1.3143536091e-03
  41.5400000   -5.9507144786e-03   -1.4159971680e-03    7.3283720869e-03   -4.3397090237e-03    1.6016759070e-03    2.1417060818e-03   -1.8600346576e-03    1.3169051982e-03
  41.5500000   -5.9603978376e-03   -1.4084672335e-03    7.3204046495e-03   -4.3459000800e-03    1.6189143773e-03    2.1340548815e-03   -1.8627120543e-03    1.3194701059e-03
  41.5600000   -5.9701012910e-03   -1.4009038182e-03    7.3124326939e-03   -4.3520140064e-03    1.6361829770e-03    2.1263562795e-03   -1.8654012523e-03    1.3220484004e-03
  41.5700000   -5.9798461474e-03   -1.3932362687e-03    7.3044553829e-03   -4.3580259067e-03    1.6534793626e-03    2.1186098491e-03   -1.8681011575e-03    1.3246401314e-03
  41.5800000   -5.9896552595e-03   -1.3853973295e-03    7.2964712914e-03   -4.3639125366e-03    1.6708010135e-03    2.1108152633e-03   -1.8708106376e-03    1.3272453329e-03
  41.5900000   -5.9995531750e-03   -1.3773238885e-03    7.2884783556e-03   -4.3696527214e-03    1.6881452415e-03    2.1029722947e-03   -1.8735285278e-03    1.3298640247e-03
  41.6000000   -6.0095662295e-03   -1.3689576291e-03    7.2804738301e-03   -4.3752277279e-03    1.7055092021e-03    2.0950808140e-03   -1.8762536350e-03    1.3324962154e-03
  41.6100000   -6.0197225728e-03   -1.3602455852e-03    7.2724542564e-03   -4.3806215829e-03    1.7228899063e-03    2.0871407892e-03   -1.8789847439e-03    1.3351419040e-03
  41.6200000   -6.0300521227e-03   -1.3511405933e-03    7.2644154415e-03   -4.3858213329e-03    1.7402842340e-03    2.0791522824e-03   -1.8817206212e-03    1.3378010826e-03
  41.6300000   -6.0405864416e-03   -1.3416016392e-03    7.2563524500e-03   -4.3908172395e-03    1.7576889485e-03    2.0711154469e-03   -1.8844600211e-03    1.3404737387e-03
  41.6400000   -6.0513585330e-03   -1.3315940994e-03    7.2482596088e-03   -4.3956029083e-03    1.7751007115e-03    2.0630305228e-03   -1.8872016901e-03    1.3431598570e-03
  41.6500000   -6.0624025577e-03   -1.3210898760e-03    7.2401305253e-03   -4.4001753479e-03    1.7925160995e-03    2.0548978327e-03   -1.8899443719e-03    1.3458594218e-03
  41.6600000   -6.0737534706e-03   -1.3100674307e-03    7.2319581205e-03   -4.4045349611e-03    1.8099316210e-03    2.0467177759e-03   -1.8926868122e-03    1.3485724190e-03
  41.6700000   -6.0854465813e-03   -1.2985117222e-03    7.2237346754e-03   -4.4086854676e-03    1.8273437339e-03    2.0384908228e-03   -1.8954277633e-03    1.3512988377e-03
  41.6800000   -6.0975170457e-03   -1.2864140515e-03    7.2154518919e-03   -4.4126337619e-03    1.8447488643e-03    2.0302175077e-03   -1.8981659890e-03    1.3540386721e-03
  41.6900000   -6.1099992951e-03   -1.2737718246e-03    7.2071009666e-03   -4.4163897101e-03    1.8621434253e-03    2.0218984226e-03   -1.9009002685e-03    1.3567919235e-03
  41.7000000   -6.1229264138e-03   -1.2605882392e-03    7.1986726783e-03   -4.4199658922e-03    1.8795238364e-03    2.0135342088e-03   -1.9036294008e-03    1.3595586007e-03
  41.7100000   -6.1363294752e-03   -1.2468719075e-03    7.1901574857e-03   -4.4233772946e-03    1.8968865430e-03    2.0051255494e-03   -1.9063522090e-03    1.3623387222e-03
  41.7200000   -6.1502368514e-03   -1.2326364253e-03    7.1815456372e-03   -4.4266409623e-03    1.9142280365e-03    1.9966731612e-03   -1.9090675441e-03    1.3651323166e-03
  41.7300000   -6.1646735086e-03   -1.2178998962e-03    7.1728272881e-03   -4.4297756181e-03    1.9315448741e-03    1.9881777858e-03   -1.9117742887e-03    1.3679394235e-03
  41.7400000   -6.1796603048e-03   -1.2026844242e-03    7.1639926262e-03   -4.4328012588e-03    1.9488336985e-03    1.9796401816e-03   -1.9144713603e-03    1.3707600942e-03
  41.7500000   -6.1952133049e-03   -1.1870155869e-03    7.1550320019e-03   -4.4357387367e-03    1.9660912581e-03    1.9710611144e-03   -1.9171577150e-03    1.3735943917e-03
  41.7600000   -6.2113431303e-03   -1.1709218990e-03    7.1459360619e-03   -4.4386093371e-03    1.9833144258e-03    1.9624413490e-03   -1.9198323505e-03    1.3764423908e-03
  41.7700000   -6.2280543593e-03   -1.1544342784e-03    7.1366958837e-03   -4.4414343608e-03    2.0005002184e-03    1.9537816408e-03   -1.9224943091e-03    1.3793041780e-03
  41.7800000   -6.2453449929e-03   -1.1375855219e-03    7.1273031096e-03   -4.4442347215e-03    2.0176458146e-03    1.9450827266e-03   -1.9251426800e-03    1.3821798508e-03
  41.7900000   -6.2632060027e-03   -1.1204098049e-03    7.1177500757e-03   -4.4470305663e-03    2.0347485733e-03    1.9363453169e-03   -1.9277766024e-03    1.3850695172e-03
  41.8000000   -6.2816209740e-03   -1.1029422112e-03    7.1080299365e-03   -4.4498409280e-03    2.0518060500e-03    1.9275700875e-03   -1.9303952675e-03    1.3879732944e-03
  41.8100000   -6.3005658567e-03   -1.0852183004e-03    7.0981367808e-03   -4.4526834161e-03    2.0688160133e-03    1.9187576720e-03   -1.9329979204e-03    1.3908913075e-03
  41.8200000   -6.3200088350e-03   -1.0672737197e-03    7.0880657366e-03   -4.4555739526e-03    2.0857764598e-03    1.9099086547e-03   -1.9355838625e-03    1.3938236883e-03
  41.8300000   -6.3399103245e-03   -1.0491438642e-03    7.0778130650e-03   -4.4585265579e-03    2.1026856278e-03    1.9010235635e-03   -1.9381524527e-03    1.3967705729e-03
  41.8400000   -6.3602231039e-03   -1.0308635893e-03    7.0673762383e-03   -4.4615531911e-03    2.1195420105e-03    1.8921028639e-03   -1.9407031092e-03    1.3997321001e-03
  41.8500000   -6.3808925842e-03   -1.0124669780e-03    7.0567540029e-03   -4.4646636461e-03    2.1363443669e-03    1.8831469538e-03   -1.9432353104e-03    1.4027084092e-03
  41.8600000   -6.4018572182e-03   -9.9398716332e-04    7.0459464247e-03   -4.4678655044e-03    2.1530917323e-03    1.8741561582e-03   -1.9457485966e-03    1.4056996370e-03
  41.8700000   -6.4230490474e-03   -9.7545620398e-04    7.0349549154e-03   -4.4711641456e-03    2.1697834263e-03    1.8651307254e-03   -1.9482425702e-03    1.4087059155e-03
  41.8800000   -6.4443943843e-03   -9.5690501188e-04    7.0237822396e-03   -4.4745628106e-03    2.1864190604e-03    1.8560708233e-03   -1.9507168971e-03    1.4117273689e-03
  41.8900000   -6.4658146211e-03   -9.3836332733e-04    7.0124325012e-03   -4.4780627183e-03    2.2029985426e-03    1.8469765375e-03   -1.9531713066e-03    1.4147641106e-03
  41.9000000   -6.4872271566e-03   -9.1985973973e-04    7.0009111106e-03   -4.4816632271e-03    2.2195220820e-03    1.8378478690e-03   -1.9556055923e-03    1.4178162398e-03
  41.9100000   -6.5085464286e-03   -9.0142174564e-04    6.9892247300e-03   -4.4853620384e-03    2.2359901901e-03    1.8286847338e-03   -1.9580196120e-03    1.4208838386e-03
  41.9200000   -6.5296850377e-03   -8.8307583605e-04    6.9773812002e-03   -4.4891554348e-03    2.2524036811e-03    1.8194869631e-03   -1.9604132879e-03    1.4239669681e-03
  41.9300000   -6.5505549452e-03   -8.6484760771e-04    6.9653894479e-03   -4.4930385441e-03    2.2687636710e-03    1.8102543040e-03   -1.9627866062e-03    1.4270656652e-03
  41.9400000   -6.5710687268e-03   -8.4676189013e-04    6.9532593752e-03   -4.4970056228e-03    2.2850715736e-03    1.8009864216e-03   -1.9651396173e-03    1.4301799391e-03
  41.9500000   -6.5911408625e-03   -8.2884288050e-04    6.9410017330e-03   -4.5010503494e-03    2.3013290955e-03    1.7916829020e-03   -1.9674724347e-03    1.4333097678e-03
  41.9600000   -6.6106890401e-03   -8.1111427716e-04    6.9286279799e-03   -4.5051661186e-03    2.3175382298e-03    1.7823432561e-03   -1.9697852353e-03    1.4364550941e-03
  41.9700000   -6.6296354507e-03   -7.9359940383e-04    6.9161501285e-03   -4.5093463284e-03    2.3337012468e-03    1.7729669240e-03   -1.9720782579e-03    1.4396158229e-03
  41.9800000   -6.6479080534e-03   -7.7632131673e-04    6.9035805813e-03   -4.5135846516e-03    2.3498206841e-03    1.7635532808e-03   -1.9743518026e-03    1.4427918171e-03
  41.9900000   -6.6654417865e-03   -7.5930288819e-04    6.8909319601e-03   -4.5178752828e-03    2.3658993342e-03    1.7541016429e-03   -1.9766062300e-03    1.4459828949e-03
  42.0000000   -6.6821797029e-03   -7.4256685905e-04    6.8782169292e-03   -4.5222131535e-03    2.3819402312e-03    1.7446112751e-03   -1.9788419599e-03    1.4491888260e-03
  42.0100000   -6.6980740080e-03   -7.2613585364e-04    6.8654480176e-03   -4.5265941111e-03    2.3979466354e-03    1.7350813987e-03   -1.9810594702e-03    1.4524093290e-03
  42.0200000   -6.7130869805e-03   -7.1003235343e-04    6.8526374411e-03   -4.5310150531e-03    2.4139220165e-03    1.7255112001e-03   -1.9832592950e-03    1.4556440686e-03
  42.0300000   -6.7271917574e-03   -6.9427862670e-04    6.8397969296e-03   -4.5354740151e-03    2.4298700353e-03    1.7158998400e-03   -1.9854420240e-03    1.4588926529e-03
  42.0400000   -6.7403729661e-03   -6.7889661130e-04    6.8269375590e-03   -4.5399702075e-03    2.4457945247e-03    1.7062464632e-03   -1.9876082998e-03    1.4621546310e-03
  42.0500000   -6.7526271908e-03   -6.6390774951e-04    6.8140695943e-03   -4.5445040009e-03    2.4616994683e-03    1.6965502094e-03   -1.9897588171e-03    1.4654294911e-03
  42.0600000   -6.7639632606e-03   -6.4933277568e-04    6.8012023436e-03   -4.5490768596e-03    2.4775889792e-03    1.6868102232e-03   -1.9918943199e-03    1.4687166585e-03
  42.0700000   -6.7744023521e-03   -6.3519145856e-04    6.7883440272e-03   -4.5536912242e-03    2.4934672767e-03    1.6770256664e-03   -1.9940156003e-03    1.4720154944e-03
  42.0800000   -6.7839779003e-03   -6.2150230272e-04    6.7755016633e-03   -4.5583503468e-03    2.5093386628e-03    1.6671957284e-03   -1.9961234958e-03    1.4753252947e-03
  42.0900000   -6.7927353162e-03   -6.0828221356e-04    6.7626809720e-03   -4.5630580825e-03    2.5252074976e-03    1.6573196385e-03   -1.9982188871e-03    1.4786452895e-03
  42.1000000   -6.8007315125e-03   -5.9554613123e-04    6.7498863004e-03   -4.5678186424e-03    2.5410781744e-03    1.6473966773e-03   -2.0003026958e-03    1.4819746423e-03
  42.1100000   -6.8080342426e-03   -5.8330664163e-04    6.7371205684e-03   -4.5726363163e-03    2.5569550940e-03    1.6374261888e-03   -2.0023758817e-03    1.4853124504e-03
  42.1200000   -6.8147212606e-03   -5.7157357283e-04    6.7243852380e-03   -4.5775151701e-03    2.5728426389e-03    1.6274075917e-03   -2.0044394403e-03    1.4886577455e-03
  42.1300000   -6.8208793129e-03   -5.6035358589e-04    6.7116803046e-03   -4.5824587291e-03    2.5887451473e-03    1.6173403911e-03   -2.0064943998e-03    1.4920094942e-03
  42.1400000   -6.8266029781e-03   -5.4964976777e-04    6.6990043128e-03   -4.5874696547e-03    2.6046668868e-03    1.6072241897e-03   -2.0085418184e-03    1.4953665999e-03
  42.1500000   -6.8319933699e-03   -5.3946124106e-04    6.6863543941e-03   -4.5925494243e-03    2.6206120290e-03    1.5970586988e-03   -2.0105827808e-03    1.4987279039e-03
  42.1600000   -6.8371567239e-03   -5.2978279879e-04    6.6737263272e-03   -4.5976980239e-03    2.6365846232e-03    1.5868437482e-03   -2.0126183955e-03    1.5020921885e-03
  42.1700000   -6.8422028910e-03   -5.2060457434e-04    6.6611146198e-03   -4.6029136633e-03    2.6525885717e-03    1.5765792967e-03   -2.0146497909e-03    1.5054581789e-03
  42.1800000   -6.8472437601e-03   -5.1191175760e-04    6.6485126096e-03   -4.6081925232e-03    2.6686276050e-03    1.5662654409e-03   -2.0166781125e-03    1.5088245467e-03
  42.1900000   -6.8523916351e-03   -5.0368436736e-04    6.6359125836e-03   -4.6135285424e-03    2.6847052578e-03    1.5559024240e-03   -2.0187045185e-03    1.5121899134e-03
  42.2000000   -6.8577575944e-03   -4.9589708852e-04    6.6233059133e-03   -4.6189132532e-03    2.7008248466e-03    1.5454906431e-03   -2.0207301770e-03    1.5155528546e-03
  42.2100000   -6.8634498572e-03   -4.8851918168e-04    6.6106832029e-03   -4.6243356721e-03    2.7169894469e-03    1.5350306563e-03   -2.0227562612e-03    1.5189119038e-03
  42.2200000   -6.8695721849e-03   -4.8151447504e-04    6.5980344484e-03   -4.6297822515e-03    2.7332018734e-03    1.5245231885e-03   -2.0247839462e-03    1.5222655580e-03
  42.2300000   -6.8762223429e-03   -4.7484144280e-04    6.5853492051e-03   -4.6352368959e-03    2.7494646598e-03    1.5139691362e-03   -2.0268144047e-03    1.5256122823e-03
  42.2400000   -6.8834906485e-03   -4.6845337428e-04    6.5726167593e-03   -4.6406810465e-03    2.7657800413e-03    1.5033695714e-03   -2.0288488027e-03    1.5289505155e-03
  42.2500000   -6.8914586286e-03   -4.6229863655e-04    6.5598263027e-03   -4.6460938352e-03    2.7821499377e-03    1.4927257441e-03   -2.0308882953e-03    1.5322786764e-03
  42.2600000   -6.9001978110e-03   -4.5632103092e-04    6.5469671045e-03   -4.6514523067e-03    2.7985759392e-03    1.4820390839e-03   -2.0329340225e-03    1.5355951694e-03
  42.2700000   -6.9097686661e-03   -4.5046024579e-04    6.5340286805e-03   -4.6567317079e-03    2.8150592930e-03    1.4713112002e-03   -2.0349871048e-03    1.5388983915e-03
  42.2800000   -6.9202197199e-03   -4.4465239976e-04    6.5210009541e-03   -4.6619058394e-03    2.8316008922e-03    1.4605438813e-03   -2.0370486385e-03    1.5421867386e-03
  42.2900000   -6.9315868498e-03   -4.3883067111e-04    6.5078744073e-03   -4.6669474652e-03    2.8482012668e-03    1.4497390918e-03   -2.0391196915e-03    1.5454586127e-03
  42.3000000   -6.9438927762e-03   -4.3292600893e-04    6.4946402197e-03   -4.6718287720e-03    2.8648605761e-03    1.4388989697e-03   -2.0412012984e-03    1.5487124289e-03
  42.3100000   -6.9571467574e-03   -4.2686791713e-04    6.4812903915e-03   -4.6765218713e-03    2.8815786042e-03    1.4280258212e-03   -2.0432944563e-03    1.5519466228e-03
  42.3200000   -6.9713444923e-03   -4.2058530092e-04    6.4678178495e-03   -4.6809993332e-03    2.8983547567e-03    1.4171221146e-03   -2.0454001199e-03    1.5551596575e-03
  42.3300000   -6.9864682319e-03   -4.1400736667e-04    6.4542165351e-03   -4.6852347430e-03    2.9151880597e-03    1.4061904733e-03   -2.0475191972e-03    1.5583500315e-03
  42.3400000   -7.0024870971e-03   -4.0706456082e-04    6.4404814704e-03   -4.6892032669e-03    2.9320771617e-03    1.3952336671e-03   -2.0496525450e-03    1.5615162858e-03
  42.3500000   -7.0193575964e-03   -3.9968953488e-04    6.4266088039e-03   -4.6928822172e-03    2.9490203365e-03    1.3842546020e-03   -2.0518009641e-03    1.5646570113e-03
  42.3600000   -7.0370243342e-03   -3.9181812235e-04    6.4125958338e-03   -4.6962516020e-03    2.9660154898e-03    1.3732563101e-03   -2.0539651954e-03    1.5677708566e-03
  42.3700000   -7.0554208976e-03   -3.8339031075e-04    6.3984410094e-03   -4.6992946493e-03    2.9830601662e-03    1.3622419369e-03   -2.0561459151e-03    1.5708565346e-03
  42.3800000   -7.0744709046e-03   -3.7435119451e-04    6.3841439100e-03   -4.7019982921e-03    3.0001515601e-03    1.3512147285e-03   -2.0583437311e-03    1.5739128299e-03
  42.3900000   -7.0940891966e-03   -3.6465189305e-04    6.3697052024e-03   -4.7043536024e-03    3.0172865274e-03    1.3401780174e-03   -2.0605591785e-03    1.5769386059e-03
  42.4000000   -7.1141831542e-03   -3.5425041738e-04    6.3551265787e-03   -4.7063561641e-03    3.0344616000e-03    1.3291352075e-03   -2.0627927160e-03    1.5799328110e-03
  42.4100000   -7.1346541134e-03   -3.4311247004e-04    6.3404106745e-03   -4.7080063746e-03    3.0516730021e-03    1.3180897585e-03   -2.0650447221e-03    1.5828944852e-03
  42.4200000   -7.1553988584e-03   -3.3121216454e-04    6.3255609702e-03   -4.7093096658e-03    3.0689166680e-03    1.3070451690e-03   -2.0673154917e-03    1.5858227661e-03
  42.4300000   -7.1763111664e-03   -3.1853264946e-04    6.3105816770e-03   -4.7102766385e-03    3.0861882624e-03    1.2960049593e-03   -2.0696052330e-03    1.5887168948e-03
  42.4400000   -7.1972833787e-03   -3.0506662207e-04    6.2954776105e-03   -4.7109231035e-03    3.1034832021e-03    1.2849726540e-03   -2.0719140645e-03    1.5915762204e-03
  42.4500000   -7.2182079707e-03   -2.9081672659e-04    6.2802540542e-03   -4.7112700268e-03    3.1207966791e-03    1.2739517631e-03   -2.0742420122e-03    1.5944002057e-03
  42.4600000   -7.2389790964e-03   -2.7579582331e-04    6.2649166147e-03   -4.7113433758e-03    3.1381236853e-03    1.2629457641e-03   -2.0765890074e-03    1.5971884310e-03
  42.4700000   -7.2594940822e-03   -2.6002712074e-04    6.2494710742e-03   -4.7111738680e-03    3.1554590390e-03    1.2519580830e-03   -2.0789548846e-03    1.5999405981e-03
  42.4800000   -7.2796548480e-03   -2.4354416561e-04    6.2339232397e-03   -4.7107966243e-03    3.1727974118e-03    1.2409920751e-03   -2.0813393801e-03    1.6026565335e-03
  42.4900000   -7.2993692310e-03   -2.2639068802e-04    6.2182787948e-03   -4.7102507294e-03    3.1901333570e-03    1.2300510066e-03   -2.0837421303e-03    1.6053361909e-03
  42.5000000   -7.3185521940e-03   -2.0862029926e-04    6.2025431556e-03   -4.7095787087e-03    3.2074613392e-03    1.2191380355e-03   -2.0861626711e-03    1.6079796537e-03
  42.5100000   -7.3371269005e-03   -1.9029604316e-04    6.1867213341e-03   -4.7088259264e-03    3.2247757639e-03    1.2082561934e-03   -2.0886004375e-03    1.6105871362e-03
  42.5200000   -7.3550256415e-03   -1.7148980456e-04    6.1708178110e-03   -4.7080399169e-03    3.2420710082e-03    1.1974083672e-03   -2.0910547635e-03    1.6131589846e-03
  42.5300000   -7.3721906013e-03   -1.5228157954e-04    6.1548364215e-03   -4.7072696600e-03    3.2593414516e-03    1.1865972816e-03   -2.0935248822e-03    1.6156956769e-03
  42.5400000   -7.3885744542e-03   -1.3275861562e-04    6.1387802555e-03   -4.7065648122e-03    3.2765815073e-03    1.1758254823e-03   -2.0960099274e-03    1.6181978227e-03
  42.5500000   -7.4041407855e-03   -1.1301443197e-04    6.1226515743e-03   -4.7059749084e-03    3.2937856531e-03    1.1650953194e-03   -2.0985089343e-03    1.6206661621e-03
  42.5600000   -7.4188643339e-03   -9.3147730385e-05    6.1064517456e-03   -4.7055485484e-03    3.3109484627e-03    1.1544089323e-03   -2.1010208418e-03    1.6231015635e-03
  42.5700000   -7.4327310567e-03   -7.3261210896e-05    6.0901811977e-03   -4.7053325825e-03    3.3280646361e-03    1.1437682355e-03   -2.1035444945e-03    1.6255050215e-03
  42.5800000   -7.4457380201e-03   -5.3460307424e-05    6.0738393937e-03   -4.7053713126e-03    3.3451290295e-03    1.1331749047e-03   -2.1060786458e-03    1.6278776535e-03
  42.5900000   -7.4578931219e-03   -3.3851860192e-05    6.0574248271e-03   -4.7057057235e-03    3.3621366854e-03    1.1226303652e-03   -2.1086219613e-03    1.6302206959e-03
  42.6000000   -7.4692146562e-03   -1.4542742537e-05    6.0409350371e-03   -4.7063727580e-03    3.3790828606e-03    1.1121357806e-03   -2.1111730225e-03    1.6325354998e-03
  42.6100000   -7.4797307310e-03    4.3615393625e-06    6.0243666452e-03   -4.7074046526e-03    3.3959630536e-03    1.1016920435e-03   -2.1137303309e-03    1.6348235255e-03
  42.6200000   -7.4894785549e-03    2.2758254918e-05    6.0077154102e-03   -4.7088283440e-03    3.4127730314e-03    1.0912997675e-03   -2.1162923136e-03    1.6370863371e-03
  42.6300000   -7.4985036069e-03    4.0548845294e-05    5.9909763031e-03   -4.7106649598e-03    3.4295088539e-03    1.0809592802e-03   -2.1188573277e-03    1.6393255960e-03
  42.6400000   -7.5068587086e-03    5.7640286138e-05    5.9741435973e-03   -4.7129294033e-03    3.4461668974e-03    1.0706706184e-03   -2.1214236670e-03    1.6415430541e-03
  42.6500000   -7.5146030161e-03    7.3946398937e-05    5.9572109754e-03   -4.7156300418e-03    3.4627438763e-03    1.0604335249e-03   -2.1239895675e-03    1.6437405463e-03
  42.6600000   -7.5218009553e-03    8.9389092632e-05    5.9401716478e-03   -4.7187685033e-03    3.4792368631e-03    1.0502474463e-03   -2.1265532144e-03    1.6459199826e-03
  42.6700000   -7.5285211162e-03    1.0389951565e-04    5.9230184833e-03   -4.7223395886e-03    3.4956433059e-03    1.0401115333e-03   -2.1291127494e-03    1.6480833396e-03
  42.6800000   -7.5348351308e-03    1.1741910181e-04    5.9057441463e-03   -4.7263312987e-03    3.5119610448e-03    1.0300246421e-03   -2.1316662779e-03    1.6502326519e-03
  42.6900000   -7.5408165518e-03    1.2990049403e-04    5.8883412411e-03   -4.7307249805e-03    3.5281883249e-03    1.0199853381e-03   -2.1342118769e-03    1.6523700025e-03
  42.7000000   -7.5465397538e-03    1.4130833146e-04    5.8708024578e-03   -4.7354955864e-03    3.5443238084e-03    1.0099919007e-03   -2.1367476035e-03    1.6544975137e-03
  42.7100000   -7.5520788732e-03    1.5161988835e-04    5.8531207188e-03   -4.7406120458e-03    3.5603665831e-03    1.0000423304e-03   -2.1392715030e-03    1.6566173372e-03
  42.7200000   -7.5575068049e-03    1.6082555275e-04    5.8352893219e-03   -4.7460377400e-03    3.5763161697e-03    9.9013435724e-04   -2.1417816178e-03    1.6587316435e-03
  42.7300000   -7.5628942706e-03    1.6892913748e-04    5.8173020786e-03   -4.7517310746e-03    3.5921725251e-03    9.8026545130e-04   -2.1442759968e-03    1.6608426124e-03
  42.7400000   -7.5683089723e-03    1.7594801710e-04    5.7991534432e-03   -4.7576461375e-03    3.6079360452e-03    9.7043283427e-04   -2.1467527039e-03    1.6629524223e-03
  42.7500000   -7.5738148408e-03    1.8191308757e-04    5.7808386330e-03   -4.7637334313e-03    3.6236075631e-03    9.6063349311e-04   -2.1492098279e-03    1.6650632395e-03
  42.7600000   -7.5794713897e-03    1.8686854741e-04    5.7623537336e-03   -4.7699406676e-03    3.6391883464e-03    9.5086419502e-04   -2.1516454918e-03    1.6671772079e-03
  42.7700000   -7.5853331799e-03    1.9087150031e-04    5.7436957919e-03   -4.7762136078e-03    3.6546800910e-03    9.4112150390e-04   -2.1540578620e-03    1.6692964390e-03
  42.7800000   -7.5914493976e-03    1.9399138353e-04    5.7248628907e-03   -4.7824969356e-03    3.6700849130e-03    9.3140179822e-04   -2.1564451583e-03    1.6714230005e-03
  42.7900000   -7.5978635488e-03    1.9630922854e-04    5.7058542068e-03   -4.7887351457e-03    3.6854053375e-03    9.2170129005e-04   -2.1588056631e-03    1.6735589072e-03
  42.8000000   -7.6046132685e-03    1.9791676266e-04    5.6866700505e-03   -4.7948734327e-03    3.7006442855e-03    9.1201604542e-04   -2.1611377307e-03    1.6757061103e-03
  42.8100000   -7.6117302410e-03    1.9891536121e-04    5.6673118852e-03   -4.8008585630e-03    3.7158050586e-03    9.0234200566e-04   -2.1634397967e-03    1.6778664877e-03
  42.8200000   -7.6192402245e-03    1.9941486324e-04    5.6477823280e-03   -4.8066397155e-03    3.7308913205e-03    8.9267500974e-04   -2.1657103871e-03    1.6800418350e-03
  42.8300000   -7.6271631741e-03    1.9953226595e-04    5.6280851308e-03   -4.8121692755e-03    3.7459070772e-03    8.8301081737e-04   -2.1679481268e-03    1.6822338557e-03
  42.8400000   -7.6355134531e-03    1.9939031402e-04    5.6082251425e-03   -4.8174035675e-03    3.7608566551e-03    8.7334513292e-04   -2.1701517484e-03    1.6844441533e-03
  42.8500000   -7.6443001210e-03    1.9911600161e-04    5.5882082528e-03   -4.8223035144e-03    3.7757446764e-03    8.6367362985e-04   -2.1723201001e-03    1.6866742225e-03
  42.8600000   -7.6535272869e-03    1.9883900668e-04    5.5680413192e-03   -4.8268352118e-03    3.7905760338e-03    8.5399197550e-04   -2.1744521539e-03    1.6889254419e-03
  42.8700000   -7.6631945154e-03    1.9869007777e-04    5.5477320789e-03   -4.8309704071e-03    3.8053558620e-03    8.4429585631e-04   -2.1765470121e-03    1.6911990666e-03
  42.8800000   -7.6732972707e-03    1.9879939413e-04    5.5272890460e-03   -4.8346868761e-03    3.8200895095e-03    8.3458100306e-04   -2.1786039150e-03    1.6934962218e-03
  42.8900000   -7.6838273861e-03    1.9929492049e-04    5.5067213975e-03   -4.8379686908e-03    3.8347825074e-03    8.2484321617e-04   -2.1806222465e-03    1.6958178969e-03
  42.9000000   -7.6947735443e-03    2.0030077896e-04    5.4860388489e-03   -4.8408063755e-03    3.8494405382e-03    8.1507839080e-04   -2.1826015401e-03    1.6981649401e-03
  42.9100000   -7.7061217569e-03    2.0193565966e-04    5.4652515229e-03   -4.8431969480e-03    3.8640694025e-03    8.0528254168e-04   -2.1845414838e-03    1.7005380540e-03
  42.9200000   -7.7178558281e-03    2.0431128947e-04    5.4443698125e-03   -4.8451438489e-03    3.8786749863e-03    7.9545182743e-04   -2.1864419244e-03    1.7029377920e-03
  42.9300000   -7.7299577939e-03    2.0753098109e-04    5.4234042416e-03   -4.8466567586e-03    3.8932632260e-03    7.8558257432e-04   -2.1883028714e-03    1.7053645549e-03
  42.9400000   -7.7424083243e-03    2.1168828153e-04    5.4023653252e-03   -4.8477513096e-03    3.9078400744e-03    7.7567129925e-04   -2.1901244995e-03    1.7078185885e-03
  42.9500000   -7.7551870818e-03    2.1686573846e-04    5.3812634316e-03   -4.8484486987e-03    3.9224114656e-03    7.6571473184e-04   -2.1919071512e-03    1.7102999828e-03
  42.9600000   -7.7682730281e-03    2.2313380123e-04    5.3601086491e-03   -4.8487752090e-03    3.9369832801e-03    7.5570983548e-04   -2.1936513377e-03    1.7128086705e-03
  42.9700000   -7.7816446737e-03    2.3054987121e-04    5.3389106591e-03   -4.8487616513e-03    3.9515613103e-03    7.4565382722e-04   -2.1953577396e-03    1.7153444276e-03
  42.9800000   -7.7952802681e-03    2.3915751554e-04    5.3176786181e-03   -4.8484427358e-03    3.9661512264e-03    7.3554419633e-04   -2.1970272066e-03    1.7179068744e-03
  42.9900000   -7.8091579286e-03    2.4898585473e-04    5.2964210493e-03   -4.8478563882e-03    3.9807585421e-03    7.2537872152e-04   -2.1986607562e-03    1.7204954766e-03
  43.0000000   -7.8232557080e-03    2.6004913310e-04    5.2751457469e-03   -4.8470430223e-03    3.9953885821e-03    7.1515548652e-04   -2.2002595715e-03    1.7231095485e-03
  43.0100000   -7.8375516050e-03    2.7234647854e-04    5.2538596933e-03   -4.8460447847e-03    4.0100464501e-03    7.0487289413e-04   -2.2018249985e-03    1.7257482562e-03
  43.0200000   -7.8520235199e-03    2.8586185587e-04    5.2325689906e-03   -4.8449047845e-03    4.0247369981e-03    6.9452967845e-04   -2.2033585421e-03    1.7284106213e-03
  43.0300000   -7.8666491635e-03    3.0056421477e-04    5.2112788065e-03   -4.8436663241e-03    4.0394647967e-03    6.8412491537e-04   -2.2048618614e-03    1.7310955261e-03
  43.0400000   -7.8814059257e-03    3.1640783190e-04    5.1899933370e-03   -4.8423721443e-03    4.0542341075e-03    6.7365803109e-04   -2.2063367642e-03    1.7338017193e-03
  43.0500000   -7.8962707122e-03    3.3333284277e-04    5.1687157831e-03   -4.8410636991e-03    4.0690488570e-03    6.6312880874e-04   -2.2077852005e-03    1.7365278217e-03
  43.0600000   -7.9112197603e-03    3.5126595658e-04    5.1474483444e-03   -4.8397804702e-03    4.0839126118e-03    6.5253739295e-04   -2.2092092553e-03    1.7392723340e-03
  43.0700000   -7.9262284431e-03    3.7012134653e-04    5.1261922268e-03   -4.8385593372e-03    4.0988285569e-03    6.4188429240e-04   -2.2106111405e-03    1.7420336434e-03
  43.0800000   -7.9412710755e-03    3.8980170402e-04    5.1049476646e-03   -4.8374340114e-03    4.1137994751e-03    6.3117038024e-04   -2.2119931858e-03    1.7448100329e-03
  43.0900000   -7.9563207304e-03    4.1019944338e-04    5.0837139572e-03   -4.8364345433e-03    4.1288277297e-03    6.2039689242e-04   -2.2133578298e-03    1.7475996890e-03
  43.1000000   -7.9713490784e-03    4.3119804170e-04    5.0624895165e-03   -4.8355869119e-03    4.1439152482e-03    6.0956542397e-04   -2.2147076088e-03    1.7504007116e-03
  43.1100000   -7.9863262611e-03    4.5267349640e-04    5.0412719269e-03   -4.8349127012e-03    4.1590635101e-03    5.9867792305e-04   -2.2160451466e-03    1.7532111237e-03
  43.1200000   -8.0012208082e-03    4.7449588164e-04    5.0200580133e-03   -4.8344288682e-03    4.1742735363e-03    5.8773668304e-04   -2.2173731424e-03    1.7560288813e-03
  43.1300000   -8.0159996071e-03    4.9653098410e-04    4.9988439185e-03   -4.8341476061e-03    4.1895458811e-03    5.7674433253e-04   -2.2186943587e-03    1.7588518838e-03
  43.1400000   -8.0306279336e-03    5.1864199529e-04    4.9776251858e-03   -4.8340763003e-03    4.2048806272e-03    5.6570382327e-04   -2.2200116091e-03    1.7616779851e-03
  43.1500000   -8.0450695488e-03    5.4069123893e-04    4.9563968471e-03   -4.8342175794e-03    4.2202773837e-03    5.5461841624e-04   -2.2213277444e-03    1.7645050046e-03
  43.1600000   -8.0592868685e-03    5.6254191053e-04    4.9351535128e-03   -4.8345694548e-03    4.2357352862e-03    5.4349166577e-04   -2.2226456396e-03    1.7673307382e-03
  43.1700000   -8.0732412061e-03    5.8405980566e-04    4.9138894644e-03   -4.8351255451e-03    4.2512530003e-03    5.3232740193e-04   -2.2239681801e-03    1.7701529698e-03
  43.1800000   -8.0868930910e-03    6.0511501464e-04    4.8925987449e-03   -4.8358753803e-03    4.2668287272e-03    5.2112971112e-04   -2.2252982471e-03    1.7729694827e-03
  43.1900000   -8.1002026617e-03    6.2558356129e-04    4.8712752488e-03   -4.8368047767e-03    4.2824602128e-03    5.0990291517e-04   -2.2266387040e-03    1.7757780711e-03
  43.2000000   -8.1131301288e-03    6.4534896209e-04    4.8499128077e-03   -4.8378962729e-03    4.2981447586e-03    4.9865154882e-04   -2.2279923811e-03    1.7785765514e-03
  43.2100000   -8.1256363033e-03    6.6430368657e-04    4.8285052718e-03   -4.8391296179e-03    4.3138792364e-03    4.8738033592e-04   -2.2293620622e-03    1.7813627733e-03
  43.2200000   -8.1376831832e-03    6.8235049862e-04    4.8070465851e-03   -4.8404822995e-03    4.3296601039e-03    4.7609416436e-04   -2.2307504692e-03    1.7841346313e-03
  43.2300000   -8.1492345886e-03    6.9940366078e-04    4.7855308548e-03   -4.8419301024e-03    4.3454834245e-03    4.6479805988e-04   -2.2321602486e-03    1.7868900751e-03
  43.2400000   -8.1602568348e-03    7.1538998538e-04    4.7639524122e-03   -4.8434476848e-03    4.3613448884e-03    4.5349715897e-04   -2.2335939567e-03    1.7896271206e-03
  43.2500000   -8.1707194299e-03    7.3024971838e-04    4.7423058670e-03   -4.8450091595e-03    4.3772398360e-03    4.4219668088e-04   -2.2350540465e-03    1.7923438597e-03
  43.2600000   -8.1805957849e-03    7.4393724398e-04    4.7205861525e-03   -4.8465886707e-03    4.3931632837e-03    4.3090189912e-04   -2.2365428534e-03    1.7950384705e-03
  43.2700000   -8.1898639191e-03    7.5642160073e-04    4.6987885625e-03   -4.8481609526e-03    4.4091099516e-03    4.1961811235e-04   -2.2380625829e-03    1.7977092264e-03
  43.2800000   -8.1985071475e-03    7.6768680220e-04    4.6769087805e-03   -4.8497018602e-03    4.4250742929e-03    4.0835061502e-04   -2.2396152975e-03    1.8003545052e-03
  43.2900000   -8.2065147327e-03    7.7773195836e-04    4.6549429006e-03   -4.8511888636e-03    4.4410505246e-03    3.9710466785e-04   -2.2412029049e-03    1.8029727973e-03
  43.3000000   -8.2138824856e-03    7.8657119603e-04    4.6328874404e-03   -4.8526014961e-03    4.4570326606e-03    3.8588546837e-04   -2.2428271468e-03    1.8055627132e-03
  43.3100000   -8.2206132996e-03    7.9423337995e-04    4.6107393479e-03   -4.8539217472e-03    4.4730145447e-03    3.7469812156e-04   -2.2444895880e-03    1.8081229911e-03
  43.3200000   -8.2267176026e-03    8.0076163853e-04    4.5884960013e-03   -4.8551343949e-03    4.4889898858e-03    3.6354761101e-04   -2.2461916066e-03    1.8106525032e-03
  43.3300000   -8.2322137122e-03    8.0621270184e-04    4.5661552035e-03   -4.8562272724e-03    4.5049522937e-03    3.5243877050e-04   -2.2479343852e-03    1.8131502611e-03
  43.3400000   -8.2371280826e-03    8.1065606114e-04    4.5437151722e-03   -4.8571914663e-03    4.5208953146e-03    3.4137625631e-04   -2.2497189024e-03    1.8156154212e-03
  43.3500000   -8.2414954304e-03    8.1417296182e-04    4.5211745259e-03   -4.8580214420e-03    4.5368124687e-03    3.3036452045e-04   -2.2515459261e-03    1.8180472887e-03
  43.3600000   -8.2453587304e-03    8.1685524441e-04    4.4985322676e-03   -4.8587150962e-03    4.5526972862e-03    3.1940778489e-04   -2.2534160070e-03    1.8204453214e-03
  43.3700000   -8.2487690739e-03    8.1880405002e-04    4.4757877661e-03   -4.8592737385e-03    4.5685433450e-03    3.0851001695e-04   -2.2553294735e-03    1.8228091320e-03
  43.3800000   -8.2517853846e-03    8.2012840888e-04    4.4529407369e-03   -4.8597020036e-03    4.5843443066e-03    2.9767490612e-04   -2.2572864280e-03    1.8251384903e-03
  43.3900000   -8.2544739901e-03    8.2094373250e-04    4.4299912223e-03   -4.8600076964e-03    4.6000939528e-03    2.8690584220e-04   -2.2592867435e-03    1.8274333241e-03
  43.4000000   -8.2569080488e-03    8.2137023034e-04    4.4069395726e-03   -4.8602015765e-03    4.6157862209e-03    2.7620589525e-04   -2.2613300624e-03    1.8296937196e-03
  43.4100000   -8.2591668342e-03    8.2153127368e-04    4.3837864286e-03   -4.8602970851e-03    4.6314152385e-03    2.6557779708e-04   -2.2634157954e-03    1.8319199205e-03
  43.4200000   -8.2613348850e-03    8.2155172966e-04    4.3605327052e-03   -4.8603100233e-03    4.6469753570e-03    2.5502392471e-04   -2.2655431226e-03    1.8341123272e-03
  43.4300000   -8.2635010262e-03    8.2155628930e-04    4.3371795784e-03   -4.8602581882e-03    4.6624611840e-03    2.4454628576e-04   -2.2677109949e-03    1.8362714942e-03
  43.4400000   -8.2657572743e-03    8.2166781275e-04    4.3137284737e-03   -4.8601609756e-03    4.6778676138e-03    2.3414650582e-04   -2.2699181372e-03    1.8383981271e-03
  43.4500000   -8.2681976408e-03    8.2200571527e-04    4.2901810578e-03   -4.8600389563e-03    4.6931898568e-03    2.2382581805e-04   -2.2721630527e-03    1.8404930793e-03
  43.4600000   -8.2709168472e-03    8.2268441622e-04    4.2665392328e-03   -4.8599134357e-03    4.7084234665e-03    2.1358505488e-04   -2.2744440281e-03    1.8425573471e-03
  43.4700000   -8.2740089736e-03    8.2381187228e-04    4.2428051329e-03   -4.8598060061e-03    4.7235643651e-03    2.0342464201e-04   -2.2767591405e-03    1.8445920647e-03
  43.4800000   -8.2775660570e-03    8.2548821532e-04    4.2189811234e-03   -4.8597380978e-03    4.7386088662e-03    1.9334459467e-04   -2.2791062646e-03    1.8465984981e-03
  43.4900000   -8.2816766640e-03    8.2780451319e-04    4.1950698019e-03   -4.8597305408e-03    4.7535536961e-03    1.8334451625e-04   -2.2814830822e-03    1.8485780390e-03
  43.5000000   -8.2864244580e-03    8.3084166990e-04    4.1710740001e-03   -4.8598031421e-03    4.7683960117e-03    1.7342359919e-04   -2.2838870914e-03    1.8505321971e-03
  43.5100000   -8.2918867869e-03    8.3466947963e-04    4.1469967876e-03   -4.8599742882e-03    4.7831334165e-03    1.6358062826e-04   -2.2863156183e-03    1.8524625929e-03
  43.5200000   -8.2981333135e-03    8.3934584655e-04    4.1228414748e-03   -4.8602605769e-03    4.7977639740e-03    1.5381398621e-04   -2.2887658285e-03    1.8543709488e-03
  43.5300000   -8.3052247134e-03    8.4491617990e-04    4.0986116164e-03   -4.8606764874e-03    4.8122862178e-03    1.4412166156e-04   -2.2912347399e-03    1.8562590809e-03
  43.5400000   -8.3132114637e-03    8.5141297107e-04    4.0743110128e-03   -4.8612340906e-03    4.8266991597e-03    1.3450125886e-04   -2.2937192370e-03    1.8581288895e-03
  43.5500000   -8.3221327454e-03    8.5885555630e-04    4.0499437100e-03   -4.8619428060e-03    4.8410022943e-03    1.2495001099e-04   -2.2962160851e-03    1.8599823493e-03
  43.5600000   -8.3320154810e-03    8.6725006673e-04    4.0255139973e-03   -4.8628092072e-03    4.8551956009e-03    1.1546479368e-04   -2.2987219454e-03    1.8618215000e-03
  43.5700000   -8.3428735272e-03    8.7658956385e-04    4.0010264008e-03   -4.8638368779e-03    4.8692795431e-03    1.0604214206e-04   -2.3012333918e-03    1.8636484355e-03
  43.5800000   -8.3547070401e-03    8.8685435609e-04    3.9764856739e-03   -4.8650263198e-03    4.8832550646e-03    9.6678269227e-05   -2.3037469264e-03    1.8654652940e-03
  43.5900000   -8.3675020288e-03    8.9801248918e-04    3.9518967834e-03   -4.8663749131e-03    4.8971235826e-03    8.7369086589e-05   -2.3062589975e-03    1.8672742467e-03
  43.6000000   -8.3812301104e-03    9.1002040114e-04    3.9272648903e-03   -4.8678769268e-03    4.9108869787e-03    7.8110226056e-05   -2.3087660167e-03    1.8690774876e-03
  43.6100000   -8.3958484752e-03    9.2282372983e-04    3.9025953266e-03   -4.8695235783e-03    4.9245475865e-03    6.8897063795e-05   -2.3112643765e-03    1.8708772225e-03
  43.6200000   -8.4113000700e-03    9.3635825846e-04    3.8778935659e-03   -4.8713031420e-03    4.9381081768e-03    5.9724745492e-05   -2.3137504688e-03    1.8726756583e-03
  43.6300000   -8.4275140011e-03    9.5055098328e-04    3.8531651898e-03   -4.8732011002e-03    4.9515719403e-03    5.0588212958e-05   -2.3162207026e-03    1.8744749921e-03
  43.6400000   -8.4444061582e-03    9.6532128627e-04    3.8284158487e-03   -4.8752003336e-03    4.9649424671e-03    4.1482231919e-05   -2.3186715226e-03    1.8762774007e-03
  43.6500000   -8.4618800546e-03    9.8058219321e-04    3.8036512184e-03   -4.8772813476e-03    4.9782237251e-03    3.2401420848e-05   -2.3210994272e-03    1.8780850300e-03
  43.6600000   -8.4798278768e-03    9.9624169762e-04    3.7788769522e-03   -4.8794225289e-03    4.9914200349e-03    2.3340280654e-05   -2.3235009863e-03    1.8798999850e-03
  43.6700000   -8.4981317311e-03    1.0122041295e-03    3.7540986295e-03   -4.8816004289e-03    5.0045360435e-03    1.4293225053e-05   -2.3258728593e-03    1.8817243197e-03
  43.6800000   -8.5166650750e-03    1.0283715477e-03    3.7293217011e-03   -4.8837900672e-03    5.0175766954e-03    5.2546114664e-06   -2.3282118124e-03    1.8835600278e-03
  43.6900000   -8.5352943141e-03    1.0446451359e-03    3.7045514335e-03   -4.8859652510e-03    5.0305472024e-03   -3.7812277732e-06   -2.3305147355e-03    1.8854090328e-03
  43.7000000   -8.5538805446e-03    1.0609265801e-03    3.6797928506e-03   -4.8880989059e-03    5.0434530115e-03   -1.2819954041e-05   -2.3327786585e-03    1.8872731800e-03
  43.7100000   -8.5722814179e-03    1.0771194086e-03    3.6550506765e-03   -4.8901634106e-03    5.0562997720e-03   -2.1867191092e-05   -2.3350007670e-03    1.8891542278e-03
  43.7200000   -8.5903531011e-03    1.0931302751e-03    3.6303292787e-03   -4.8921309340e-03    5.0690933004e-03   -3.0928493944e-05   -2.3371784177e-03    1.8910538398e-03
  43.7300000   -8.6079523065e-03    1.1088701670e-03    3.6056326136e-03   -4.8939737685e-03    5.0818395455e-03   -4.0009318167e-05   -2.3393091520e-03    1.8929735779e-03
  43.7400000   -8.6249383600e-03    1.1242555233e-03    3.5809641750e-03   -4.8956646561e-03    5.0945445518e-03   -4.9114989764e-05   -2.3413907099e-03    1.8949148954e-03
  43.7500000   -8.6411752776e-03    1.1392092470e-03    3.5563269475e-03   -4.8971771035e-03    5.1072144225e-03   -5.8250675801e-05   -2.3434210417e-03    1.8968791310e-03
  43.7600000   -8.6565338194e-03    1.1536615998e-03    3.5317233647e-03   -4.8984856819e-03    5.1198552831e-03   -6.7421355997e-05   -2.3453983198e-03    1.8988675039e-03
  43.7700000   -8.6708934887e-03    1.1675509688e-03    3.5071552750e-03   -4.8995663104e-03    5.1324732435e-03   -7.6631795380e-05   -2.3473209487e-03    1.9008811083e-03
  43.7800000   -8.6841444451e-03    1.1808244977e-03    3.4826239129e-03   -4.9003965207e-03    5.1450743613e-03   -8.5886518258e-05   -2.3491875737e-03    1.9029209102e-03
  43.7900000   -8.6961893017e-03    1.1934385757e-03    3.4581298809e-03   -4.9009557011e-03    5.1576646049e-03   -9.5189783573e-05   -2.3509970890e-03    1.9049877437e-03
  43.8000000   -8.7069447755e-03    1.2053591810e-03    3.4336731383e-03   -4.9012253181e-03    5.1702498173e-03   -1.0454556184e-04   -2.3527486441e-03    1.9070823089e-03
  43.8100000   -8.7163431648e-03    1.2165620792e-03    3.4092530010e-03   -4.9011891143e-03    5.1828356811e-03   -1.1395751381e-04   -2.3544416486e-03    1.9092051696e-03
  43.8200000   -8.7243336280e-03    1.2270328766e-03    3.3848681501e-03   -4.9008332826e-03    5.1954276837e-03   -1.2342897091e-04   -2.3560757764e-03    1.9113567528e-03
  43.8300000   -8.7308832404e-03    1.2367669340e-03    3.3605166506e-03   -4.9001466169e-03    5.2080310843e-03   -1.3296291770e-04   -2.3576509678e-03    1.9135373481e-03
  43.8400000   -8.7359778092e-03    1.2457691437e-03    3.3361959812e-03   -4.8991206382e-03    5.2206508822e-03   -1.4256197636e-04   -2.3591674305e-03    1.9157471083e-03
  43.8500000   -8.7396224314e-03    1.2540535806e-03    3.3119030718e-03   -4.8977496971e-03    5.2332917867e-03   -1.5222839327e-04   -2.3606256393e-03    1.9179860506e-03
  43.8600000   -8.7418417793e-03    1.2616430357e-03    3.2876343529e-03   -4.8960310515e-03    5.2459581889e-03   -1.6196402790e-04   -2.3620263337e-03    1.9202540587e-03
  43.8700000   -8.7426801077e-03    1.2685684421e-03    3.2633858111e-03   -4.8939649214e-03    5.2586541347e-03   -1.7177034394e-04   -2.3633705152e-03    1.9225508853e-03
  43.8800000   -8.7422009754e-03    1.2748682079e-03    3.2391530553e-03   -4.8915545217e-03    5.2713833013e-03   -1.8164840275e-04   -2.3646594420e-03    1.9248761554e-03
  43.8900000   -8.7404866825e-03    1.2805874680e-03    3.2149313875e-03   -4.8888060747e-03    5.2841489746e-03   -1.9159885929e-04   -2.3658946233e-03    1.9272293707e-03
  43.9000000   -8.7376374253e-03    1.2857772704e-03    3.1907158810e-03   -4.8857287976e-03    5.2969540300e-03   -2.0162196030e-04   -2.3670778110e-03    1.9296099139e-03
  43.9100000   -8.7337701783e-03    1.2904937099e-03    3.1665014626e-03   -4.8823348689e-03    5.3098009149e-03   -2.1171754506e-04   -2.3682109919e-03    1.9320170542e-03
  43.9200000   -8.7290173145e-03    1.2947970260e-03    3.1422829985e-03   -4.8786393756e-03    5.3226916344e-03   -2.2188504841e-04   -2.3692963763e-03    1.9344499529e-03
  43.9300000   -8.7235249810e-03    1.2987506791e-03    3.1180553814e-03   -4.8746602376e-03    5.3356277393e-03   -2.3212350630e-04   -2.3703363876e-03    1.9369076706e-03
  43.9400000   -8.7174512501e-03    1.3024204200e-03    3.0938136182e-03   -4.8704181128e-03    5.3486103173e-03   -2.4243156353e-04   -2.3713336487e-03    1.9393891731e-03
  43.9500000   -8.7109640690e-03    1.3058733659e-03    3.0695529168e-03   -4.8659362804e-03    5.3616399864e-03   -2.5280748394e-04   -2.3722909690e-03    1.9418933396e-03
  43.9600000   -8.7042390362e-03    1.3091770979e-03    3.0452687690e-03   -4.8612405034e-03    5.3747168919e-03   -2.6324916277e-04   -2.3732113290e-03    1.9444189702e-03
  43.9700000   -8.6974570345e-03    1.3123987902e-03    3.0209570297e-03   -4.8563588700e-03    5.3878407055e-03   -2.7375414114e-04   -2.3740978646e-03    1.9469647942e-03
  43.9800000   -8.6908017525e-03    1.3156043836e-03    2.9966139904e-03   -4.8513216142e-03    5.4010106277e-03   -2.8431962273e-04   -2.3749538503e-03    1.9495294785e-03
  43.9900000   -8.6844571310e-03    1.3188578120e-03    2.9722364445e-03   -4.8461609146e-03    5.4142253930e-03   -2.9494249227e-04   -2.3757826817e-03    1.9521116368e-03
  44.0000000   -8.6786047688e-03    1.3222202911e-03    2.9478217445e-03   -4.8409106721e-03    5.4274832781e-03   -3.0561933602e-04   -2.3765878569e-03    1.9547098381e-03
  44.0100000   -8.6734213268e-03    1.3257496755e-03    2.9233678498e-03   -4.8356062650e-03    5.4407821121e-03   -3.1634646390e-04   -2.3773729578e-03    1.9573226162e-03
  44.0200000   -8.6690759672e-03    1.3294998896e-03    2.8988733629e-03   -4.8302842839e-03    5.4541192904e-03   -3.2711993319e-04   -2.3781416305e-03    1.9599484793e-03
  44.0300000   -8.6657278668e-03    1.3335204353e-03    2.8743375547e-03   -4.8249822453e-03    5.4674917906e-03   -3.3793557377e-04   -2.3788975652e-03    1.9625859187e-03
  44.0400000   -8.6635238401e-03    1.3378559800e-03    2.8497603775e-03   -4.8197382858e-03    5.4808961907e-03   -3.4878901451e-04   -2.3796444759e-03    1.9652334190e-03
  44.0500000   -8.6625961098e-03    1.3425460231e-03    2.8251424652e-03   -4.8145908370e-03    5.4943286905e-03   -3.5967571096e-04   -2.3803860803e-03    1.9678894670e-03
  44.0600000   -8.6630602571e-03    1.3476246430e-03    2.8004851214e-03   -4.8095782836e-03    5.5077851342e-03   -3.7059097380e-04   -2.3811260786e-03    1.9705525610e-03
  44.0700000   -8.6650133861e-03    1.3531203192e-03    2.7757902944e-03   -4.8047386047e-03    5.5212610363e-03   -3.8152999820e-04   -2.3818681333e-03    1.9732212202e-03
  44.0800000   -8.6685325291e-03    1.3590558290e-03    2.7510605402e-03   -4.8001090027e-03    5.5347516080e-03   -3.9248789374e-04   -2.3826158487e-03    1.9758939934e-03
  44.0900000   -8.6736733203e-03    1.3654482127e-03    2.7262989739e-03   -4.7957255214e-03    5.5482517870e-03   -4.0345971468e-04   -2.3833727504e-03    1.9785694678e-03
  44.1000000   -8.6804689599e-03    1.3723088022e-03    2.7015092099e-03   -4.7916226578e-03    5.5617562673e-03   -4.1444049056e-04   -2.3841422654e-03    1.9812462774e-03
  44.1100000   -8.6889294861e-03    1.3796433085e-03    2.6766952925e-03   -4.7878329683e-03    5.5752595320e-03   -4.2542525670e-04   -2.3849277028e-03    1.9839231109e-03
  44.1200000   -8.6990413698e-03    1.3874519596e-03    2.6518616175e-03   -4.7843866780e-03    5.5887558855e-03   -4.3640908468e-04   -2.3857322349e-03    1.9865987195e-03
  44.1300000   -8.7107674406e-03    1.3957296839e-03    2.6270128466e-03   -4.7813112931e-03    5.6022394888e-03   -4.4738711237e-04   -2.3865588786e-03    1.9892719242e-03
  44.1400000   -8.7240471490e-03    1.4044663321e-03    2.6021538159e-03   -4.7786312243e-03    5.6157043934e-03   -4.5835457347e-04   -2.3874104782e-03    1.9919416224e-03
  44.1500000   -8.7387971638e-03    1.4136469304e-03    2.5772894399e-03   -4.7763674247e-03    5.6291445780e-03   -4.6930682634e-04   -2.3882896887e-03    1.9946067941e-03
  44.1600000   -8.7549123008e-03    1.4232519592e-03    2.5524246134e-03   -4.7745370489e-03    5.6425539832e-03   -4.8023938196e-04   -2.3891989600e-03    1.9972665079e-03
  44.1700000   -8.7722667703e-03    1.4332576519e-03    2.5275641123e-03   -4.7731531375e-03    5.6559265488e-03   -4.9114793075e-04   -2.3901405225e-03    1.9999199259e-03
  44.1800000   -8.7907157303e-03    1.4436363071e-03    2.5027124958e-03   -4.7722243331e-03    5.6692562489e-03   -5.0202836821e-04   -2.3911163732e-03    2.0025663081e-03
  44.1900000   -8.8100971244e-03    1.4543566111e-03    2.4778740110e-03   -4.7717546337e-03    5.6825371281e-03   -5.1287681921e-04   -2.3921282638e-03    2.0052050166e-03
  44.2000000   -8.8302337821e-03    1.4653839653e-03    2.4530525030e-03   -4.7717431873e-03    5.6957633363e-03   -5.2368966065e-04   -2.3931776895e-03    2.0078355188e-03
  44.2100000   -8.8509357506e-03    1.4766808172e-03    2.4282513309e-03   -4.7721841362e-03    5.7089291636e-03   -5.3446354255e-04   -2.3942658794e-03    2.0104573898e-03
  44.2200000   -8.8720028297e-03    1.4882069907e-03    2.4034732914e-03   -4.7730665106e-03    5.7220290735e-03   -5.4519540726e-04   -2.3953937878e-03    2.0130703145e-03
  44.2300000   -8.8932272720e-03    1.4999200154e-03    2.3787205534e-03   -4.7743741792e-03    5.7350577354e-03   -5.5588250679e-04   -2.3965620881e-03    2.0156740886e-03
  44.2400000   -8.9143966125e-03    1.5117754544e-03    2.3539946018e-03   -4.7760858598e-03    5.7480100558e-03   -5.6652241807e-04   -2.3977711669e-03    2.0182686196e-03
  44.2500000   -8.9352965872e-03    1.5237272298e-03    2.3292961944e-03   -4.7781751907e-03    5.7608812075e-03   -5.7711305612e-04   -2.3990211203e-03    2.0208539261e-03
  44.2600000   -8.9557140993e-03    1.5357279473e-03    2.3046253316e-03   -4.7806108686e-03    5.7736666579e-03   -5.8765268505e-04   -2.4003117516e-03    2.0234301373e-03
  44.2700000   -8.9754401898e-03    1.5477292211e-03    2.2799812396e-03   -4.7833568500e-03    5.7863621944e-03   -5.9813992668e-04   -2.4016425710e-03    2.0259974913e-03
  44.2800000   -8.9942729713e-03    1.5596820003e-03    2.2553623684e-03   -4.7863726199e-03    5.7989639491e-03   -6.0857376701e-04   -2.4030127959e-03    2.0285563331e-03
  44.2900000   -9.0120204811e-03    1.5715368995e-03    2.2307664035e-03   -4.7896135240e-03    5.8114684202e-03   -6.1895356022e-04   -2.4044213537e-03    2.0311071116e-03
  44.3000000   -9.0285034116e-03    1.5832445349e-03    2.2061902930e-03   -4.7930311636e-03    5.8238724914e-03   -6.2927903033e-04   -2.4058668859e-03    2.0336503760e-03
  44.3100000   -9.0435576798e-03    1.5947558693e-03    2.1816302885e-03   -4.7965738514e-03    5.8361734496e-03   -6.3955027048e-04   -2.4073477534e-03    2.0361867719e-03
  44.3200000   -9.0570367952e-03    1.6060225665e-03    2.1570819999e-03   -4.8001871237e-03    5.8483689992e-03   -6.4976773987e-04   -2.4088620439e-03    2.0387170364e-03
  44.3300000   -9.0688139935e-03    1.6169973576e-03    2.1325404639e-03   -4.8038143027e-03    5.8604572743e-03   -6.5993225826e-04   -2.4104075805e-03    2.0412419931e-03
  44.3400000   -9.0787841014e-03    1.6276344205e-03    2.1080002236e-03   -4.8073971059e-03    5.8724368483e-03   -6.7004499831e-04   -2.4119819315e-03    2.0437625459e-03
  44.3500000   -9.0868651064e-03    1.6378897729e-03    2.0834554203e-03   -4.8108762920e-03    5.8843067406e-03   -6.8010747551e-04   -2.4135824222e-03    2.0462796731e-03
  44.3600000   -9.0929994062e-03    1.6477216780e-03    2.0588998940e-03   -4.8141923389e-03    5.8960664209e-03   -6.9012153602e-04   -2.4152061474e-03    2.0487944202e-03
  44.3700000   -9.0971547181e-03    1.6570910633e-03    2.0343272930e-03   -4.8172861445e-03    5.9077158104e-03   -7.0008934239e-04   -2.4168499859e-03    2.0513078932e-03
  44.3800000   -9.0993246348e-03    1.6659619496e-03    2.0097311887e-03   -4.8200997396e-03    5.9192552804e-03   -7.1001335723e-04   -2.4185106154e-03    2.0538212507e-03
  44.3900000   -9.0995288161e-03    1.6743018877e-03    1.9851051969e-03   -4.8225770070e-03    5.9306856487e-03   -7.1989632503e-04   -2.4201845292e-03    2.0563356960e-03
  44.4000000   -9.0978128122e-03    1.6820823990e-03    1.9604431002e-03   -4.8246643929e-03    5.9420081723e-03   -7.2974125213e-04   -2.4218680535e-03    2.0588524692e-03
  44.4100000   -9.0942475209e-03    1.6892794149e-03    1.9357389723e-03   -4.8263116044e-03    5.9532245386e-03   -7.3955138512e-04   -2.4235573660e-03    2.0613728384e-03
  44.4200000   -9.0889282839e-03    1.6958737099e-03    1.9109873013e-03   -4.8274722802e-03    5.9643368532e-03   -7.4933018762e-04   -2.4252485149e-03    2.0638980914e-03
  44.4300000   -9.0819736346e-03    1.7018513210e-03    1.8861831093e-03   -4.8281046261e-03    5.9753476259e-03   -7.5908131578e-04   -2.4269374395e-03    2.0664295270e-03
  44.4400000   -9.0735237156e-03    1.7072039464e-03    1.8613220676e-03   -4.8281720062e-03    5.9862597536e-03   -7.6880859250e-04   -2.4286199900e-03    2.0689684457e-03
  44.4500000   -9.0637383852e-03    1.7119293163e-03    1.8364006052e-03   -4.8276434786e-03    5.9970765018e-03   -7.7851598084e-04   -2.4302919494e-03    2.0715161413e-03
  44.4600000   -9.0527950430e-03    1.7160315250e-03    1.8114160085e-03   -4.8264942695e-03    6.0078014831e-03   -7.8820755626e-04   -2.4319490550e-03    2.0740738922e-03
  44.4700000   -9.0408862019e-03    1.7195213185e-03    1.7863665107e-03   -4.8247061767e-03    6.0184386345e-03   -7.9788747831e-04   -2.4335870201e-03    2.0766429519e-03
  44.4800000   -9.0282168441e-03    1.7224163260e-03    1.7612513699e-03   -4.8222678951e-03    6.0289921923e-03   -8.0755996188e-04   -2.4352015563e-03    2.0792245411e-03
  44.4900000   -9.0150015972e-03    1.7247412279e-03    1.7360709344e-03   -4.8191752599e-03    6.0394666656e-03   -8.1722924802e-04   -2.4367883958e-03    2.0818198389e-03
  44.5000000   -9.0014617713e-03    1.7265278510e-03    1.7108266925e-03   -4.8154314021e-03    6.0498668081e-03   -8.2689957466e-04   -2.4383433132e-03    2.0844299744e-03
  44.5100000   -8.9878223008e-03    1.7278151836e-03    1.6855213097e-03   -4.8110468117e-03    6.0601975892e-03   -8.3657514748e-04   -2.4398621479e-03    2.0870560190e-03
  44.5200000   -8.9743086337e-03    1.7286493020e-03    1.6601586474e-03   -4.8060393088e-03    6.0704641627e-03   -8.4626011091e-04   -2.4413408253e-03    2.0896989788e-03
  44.5300000   -8.9611436147e-03    1.7290832041e-03    1.6347437679e-03   -4.8004339196e-03    6.0806718360e-03   -8.5595851960e-04   -2.4427753785e-03    2.0923597869e-03
  44.5400000   -8.9485444064e-03    1.7291765426e-03    1.6092829210e-03   -4.7942626587e-03    6.0908260374e-03   -8.6567431055e-04   -2.4441619691e-03    2.0950392969e-03
  44.5500000   -8.9367194937e-03    1.7289952557e-03    1.5837835154e-03   -4.7875642197e-03    6.1009322837e-03   -8.7541127598e-04   -2.4454969068e-03    2.0977382761e-03
  44.5600000   -8.9258658144e-03    1.7286110929e-03    1.5582540733e-03   -4.7803835774e-03    6.1109961468e-03   -8.8517303721e-04   -2.4467766694e-03    2.1004574000e-03
  44.5700000   -8.9161660584e-03    1.7281010357e-03    1.5327041691e-03   -4.7727715056e-03    6.1210232205e-03   -8.9496301963e-04   -2.4479979210e-03    2.1031972463e-03
  44.5800000   -8.9077861726e-03    1.7275466136e-03    1.5071443539e-03   -4.7647840170e-03    6.1310190874e-03   -9.0478442900e-04   -2.4491575297e-03    2.1059582907e-03
  44.5900000   -8.9008731108e-03    1.7270331202e-03    1.4815860648e-03   -4.7564817319e-03    6.1409892861e-03   -9.1464022914e-04   -2.4502525839e-03    2.1087409019e-03
  44.6000000   -8.8955528568e-03    1.7266487342e-03    1.4560415217e-03   -4.7479291838e-03    6.1509392785e-03   -9.2453312133e-04   -2.4512804083e-03    2.1115453385e-03
  44.6100000   -8.8919287529e-03    1.7264835523e-03    1.4305236123e-03   -4.7391940707e-03    6.1608744179e-03   -9.3446552523e-04   -2.4522385776e-03    2.1143717453e-03
  44.6200000   -8.8900801545e-03    1.7266285445e-03    1.4050457666e-03   -4.7303464628e-03    6.1707999187e-03   -9.4443956184e-04   -2.4531249294e-03    2.1172201517e-03
  44.6300000   -8.8900614318e-03    1.7271744427e-03    1.3796218230e-03   -4.7214579762e-03    6.1807208259e-03   -9.5445703825e-04   -2.4539375760e-03    2.1200904691e-03
  44.6400000   -8.8919013303e-03    1.7282105748e-03    1.3542658864e-03   -4.7126009235e-03    6.1906419868e-03   -9.6451943453e-04   -2.4546749143e-03    2.1229824906e-03
  44.6500000   -8.8956026997e-03    1.7298236610e-03    1.3289921823e-03   -4.7038474537e-03    6.2005680235e-03   -9.7462789263e-04   -2.4553356346e-03    2.1258958900e-03
  44.6600000   -8.9011425935e-03    1.7320965869e-03    1.3038149068e-03   -4.6952686922e-03    6.2105033077e-03   -9.8478320757e-04   -2.4559187273e-03    2.1288302225e-03
  44.6700000   -8.9084727364e-03    1.7351071713e-03    1.2787480747e-03   -4.6869338922e-03    6.2204519358e-03   -9.9498582082e-04   -2.4564234890e-03    2.1317849253e-03
  44.6800000   -8.9175203510e-03    1.7389269479e-03    1.2538053687e-03   -4.6789096096e-03    6.2304177076e-03   -1.0052358159e-03   -2.4568495258e-03    2.1347593198e-03
  44.6900000   -8.9281893311e-03    1.7436199792e-03    1.2289999907e-03   -4.6712589115e-03    6.2404041058e-03   -1.0155329166e-03   -2.4571967558e-03    2.1377526134e-03
  44.7000000   -8.9403617419e-03    1.7492417221e-03    1.2043445169e-03   -4.6640406299e-03    6.2504142777e-03   -1.0258764866e-03   -2.4574654099e-03    2.1407639027e-03
  44.7100000   -8.9538996240e-03    1.7558379663e-03    1.1798507595e-03   -4.6573086694e-03    6.2604510193e-03   -1.0362655331e-03   -2.4576560303e-03    2.1437921773e-03
  44.7200000   -8.9686470735e-03    1.7634438618e-03    1.1555296352e-03   -4.6511113781e-03    6.2705167617e-03   -1.0466987105e-03   -2.4577694683e-03    2.1468363238e-03
  44.7300000   -8.9844325655e-03    1.7720830575e-03    1.1313910438e-03   -4.6454909905e-03    6.2806135598e-03   -1.0571743283e-03   -2.4578068799e-03    2.1498951308e-03
  44.7400000   -9.0010714858e-03    1.7817669650e-03    1.1074437574e-03   -4.6404831487e-03    6.2907430831e-03   -1.0676903601e-03   -2.4577697195e-03    2.1529672944e-03
  44.7500000   -9.0183688323e-03    1.7924941670e-03    1.0836953214e-03   -4.6361165077e-03    6.3009066093e-03   -1.0782444550e-03   -2.4576597328e-03    2.1560514237e-03
  44.7600000   -9.0361220456e-03    1.8042499819e-03    1.0601519692e-03   -4.6324124305e-03    6.3111050200e-03   -1.0888339510e-03   -2.4574789477e-03    2.1591460481e-03
  44.7700000   -9.0541239253e-03    1.8170061997e-03    1.0368185511e-03   -4.6293847748e-03    6.3213387991e-03   -1.0994558906e-03   -2.4572296636e-03    2.1622496236e-03
  44.7800000   -9.0721655901e-03    1.8307209977e-03    1.0136984785e-03   -4.6270397753e-03    6.3316080337e-03   -1.1101070380e-03   -2.4569144393e-03    2.1653605404e-03
  44.7900000   -9.0900394351e-03    1.8453390445e-03    9.9079368375e-04   -4.6253760207e-03    6.3419124172e-03   -1.1207838981e-03   -2.4565360802e-03    2.1684771307e-03
  44.8000000   -9.1075420457e-03    1.8607917964e-03    9.6810459635e-04   -4.6243845259e-03    6.3522512548e-03   -1.1314827369e-03   -2.4560976228e-03    2.1715976767e-03
  44.8100000   -9.1244770224e-03    1.8769979899e-03    9.4563013594e-04   -4.6240488969e-03    6.3626234715e-03   -1.1421996040e-03   -2.4556023197e-03    2.1747204192e-03
  44.8200000   -9.1406576771e-03    1.8938643275e-03    9.2336772148e-04   -4.6243455865e-03    6.3730276222e-03   -1.1529303558e-03   -2.4550536216e-03    2.1778435663e-03
  44.8300000   -9.1559095616e-03    1.9112863537e-03    9.0131329710e-04   -4.6252442342e-03    6.3834619046e-03   -1.1636706801e-03   -2.4544551601e-03    2.1809653021e-03
  44.8400000   -9.1700727914e-03    1.9291495140e-03    8.7946137391e-04   -4.6267080881e-03    6.3939241728e-03   -1.1744161217e-03   -2.4538107277e-03    2.1840837959e-03
  44.8500000   -9.1830041332e-03    1.9473303865e-03    8.5780508735e-04   -4.6286944998e-03    6.4044119544e-03   -1.1851621088e-03   -2.4531242588e-03    2.1871972113e-03
  44.8600000   -9.1945788262e-03    1.9656980724e-03    8.3633626924e-04   -4.6311554857e-03    6.4149224688e-03   -1.1959039801e-03   -2.4523998083e-03    2.1903037154e-03
  44.8700000   -9.2046921133e-03    1.9841157304e-03    8.1504553386e-04   -4.6340383478e-03    6.4254526471e-03   -1.2066370128e-03   -2.4516415305e-03    2.1934014879e-03
  44.8800000   -9.2132604607e-03    2.0024422350e-03    7.9392237664e-04   -4.6372863436e-03    6.4359991539e-03   -1.2173564498e-03   -2.4508536573e-03    2.1964887305e-03
  44.8900000   -9.2202224525e-03    2.0205339379e-03    7.7295528460e-04   -4.6408393969e-03    6.4465584104e-03   -1.2280575284e-03   -2.4500404756e-03    2.1995636759e-03
  44.9000000   -9.2255393495e-03    2.0382465103e-03    7.5213185694e-04   -4.6446348389e-03    6.4571266190e-03   -1.2387355079e-03   -2.4492063053e-03    2.2026245964e-03
  44.9100000   -9.2291953064e-03    2.0554368390e-03    7.3143893447e-04   -4.6486081714e-03    6.4676997890e-03   -1.2493856976e-03   -2.4483554757e-03    2.2056698130e-03
  44.9200000   -9.2311972488e-03    2.0719649517e-03    7.1086273630e-04   -4.6526938400e-03    6.4782737628e-03   -1.2600034841e-03   -2.4474923035e-03    2.2086977036e-03
  44.9300000   -9.2315744159e-03    2.0876959429e-03    6.9038900211e-04   -4.6568260085e-03    6.4888442437e-03   -1.2705843582e-03   -2.4466210692e-03    2.2117067113e-03
  44.9400000   -9.2303775781e-03    2.1025018724e-03    6.7000313838e-04   -4.6609393245e-03    6.4994068236e-03   -1.2811239407e-03   -2.4457459952e-03    2.2146953519e-03
  44.9500000   -9.2276779457e-03    2.1162636087e-03    6.4969036683e-04   -4.6649696671e-03    6.5099570117e-03   -1.2916180081e-03   -2.4448712231e-03    2.2176622219e-03
  44.9600000   -9.2235657900e-03    2.1288725886e-03    6.2943587342e-04   -4.6688548663e-03    6.5204902629e-03   -1.3020625160e-03   -2.4440007918e-03    2.2206060049e-03
  44.9700000   -9.2181487983e-03    2.1402324660e-03    6.0922495605e-04   -4.6725353869e-03    6.5310020071e-03   -1.3124536225e-03   -2.4431386165e-03    2.2235254784e-03
  44.9800000   -9.2115501943e-03    2.1502606240e-03    5.8904316939e-04   -4.6759549685e-03    6.5414876774e-03   -1.3227877096e-03   -2.4422884675e-03    2.2264195199e-03
  44.9900000   -9.2039066520e-03    2.1588895260e-03    5.6887646515e-04   -4.6790612140e-03    6.5519427386e-03   -1.3330614029e-03   -2.4414539508e-03    2.2292871121e-03
  45.0000000   -9.1953660403e-03    2.1660678826e-03    5.4871132633e-04   -4.6818061209e-03    6.5623627153e-03   -1.3432715907e-03   -2.4406384886e-03    2.2321273483e-03
  45.0100000   -9.1860850334e-03    2.1717616151e-03    5.2853489376e-04   -4.6841465492e-03    6.5727432192e-03   -1.3534154402e-03   -2.4398453011e-03    2.2349394363e-03
  45.0200000   -9.1762266243e-03    2.1759545977e-03    5.0833508377e-04   -4.6860446218e-03    6.5830799755e-03   -1.3634904126e-03   -2.4390773899e-03    2.2377227021e-03
  45.0300000   -9.1659575836e-03    2.1786491650e-03    4.8810069563e-04   -4.6874680536e-03    6.5933688484e-03   -1.3734942761e-03   -2.4383375219e-03    2.2404765934e-03
  45.0400000   -9.1554459001e-03    2.1798663728e-03    4.6782150769e-04   -4.6883904061e-03    6.6036058659e-03   -1.3834251171e-03   -2.4376282142e-03    2.2432006819e-03
  45.0500000   -9.1448582445e-03    2.1796460058e-03    4.4748836128e-04   -4.6887912675e-03    6.6137872424e-03   -1.3932813492e-03   -2.4369517215e-03    2.2458946646e-03
  45.0600000   -9.1343574946e-03    2.1780463282e-03    4.2709323157e-04   -4.6886563551e-03    6.6239094010e-03   -1.4030617201e-03   -2.4363100235e-03    2.2485583658e-03
  45.0700000   -9.1241003589e-03    2.1751435768e-03    4.0662928481e-04   -4.6879775427e-03    6.6339689938e-03   -1.4127653164e-03   -2.4357048144e-03    2.2511917367e-03
  45.0800000   -9.1142351341e-03    2.1710312013e-03    3.8609092137e-04   -4.6867528126e-03    6.6439629198e-03   -1.4223915670e-03   -2.4351374944e-03    2.2537948556e-03
  45.0900000   -9.1048996294e-03    2.1658188597e-03    3.6547380460e-04   -4.6849861361e-03    6.6538883429e-03   -1.4319402428e-03   -2.4346091615e-03    2.2563679269e-03
  45.1000000   -9.0962192869e-03    2.1596311789e-03    3.4477487526e-04   -4.6826872832e-03    6.6637427061e-03   -1.4414114563e-03   -2.4341206061e-03    2.2589112797e-03
  45.1100000   -9.0883055252e-03    2.1526062972e-03    3.2399235168e-04   -4.6798715674e-03    6.6735237448e-03   -1.4508056572e-03   -2.4336723064e-03    2.2614253653e-03
  45.1200000   -9.0812543270e-03    2.1448942060e-03    3.0312571595e-04   -4.6765595298e-03    6.6832294984e-03   -1.4601236278e-03   -2.4332644262e-03    2.2639107546e-03
  45.1300000   -9.0751450925e-03    2.1366549127e-03    2.8217568676e-04   -4.6727765667e-03    6.6928583188e-03   -1.4693664746e-03   -2.4328968133e-03    2.2663681343e-03
  45.1400000   -9.0700397675e-03    2.1280564488e-03    2.6114417942e-04   -4.6685525079e-03    6.7024088778e-03   -1.4785356195e-03   -2.4325690007e-03    2.2687983034e-03
  45.1500000   -9.0659822606e-03    2.1192727503e-03    2.4003425395e-04   -4.6639211513e-03    6.7118801722e-03   -1.4876327885e-03   -2.4322802087e-03    2.2712021680e-03
  45.1600000   -9.0629981503e-03    2.1104814395e-03    2.1885005217e-04   -4.6589197610e-03    6.7212715259e-03   -1.4966599983e-03   -2.4320293492e-03    2.2735807364e-03
  45.1700000   -9.0610946848e-03    2.1018615378e-03    1.9759672500e-04   -4.6535885351e-03    6.7305825913e-03   -1.5056195423e-03   -2.4318150306e-03    2.2759351135e-03
  45.1800000   -9.0602610683e-03    2.0935911421e-03    1.7628035114e-04   -4.6479700527e-03    6.7398133475e-03   -1.5145139739e-03   -2.4316355659e-03    2.2782664943e-03
  45.1900000   -9.0604690262e-03    2.0858450966e-03    1.5490784834e-04   -4.6421087043e-03    6.7489640968e-03   -1.5233460889e-03   -2.4314889809e-03    2.2805761575e-03
  45.2000000   -9.0616736347e-03    2.0787926936e-03    1.3348687894e-04   -4.6360501168e-03    6.7580354590e-03   -1.5321189071e-03   -2.4313730249e-03    2.2828654589e-03
  45.2100000   -9.0638143980e-03    2.0725954347e-03    1.1202575086e-04   -4.6298405770e-03    6.7670283641e-03   -1.5408356517e-03   -2.4312851819e-03    2.2851358230e-03
  45.2200000   -9.0668165519e-03    2.0674048839e-03    9.0533315689e-05   -4.6235264642e-03    6.7759440425e-03   -1.5494997289e-03   -2.4312226845e-03    2.2873887364e-03
  45.2300000   -9.0705925702e-03    2.0633606442e-03    6.9018865339e-05   -4.6171536970e-03    6.7847840136e-03   -1.5581147050e-03   -2.4311825276e-03    2.2896257393e-03
  45.2400000   -9.0750438453e-03    2.0605884854e-03    4.7492028751e-05   -4.6107672010e-03    6.7935500726e-03   -1.5666842849e-03   -2.4311614850e-03    2.2918484173e-03
  45.2500000   -9.0800625144e-03    2.0591986497e-03    2.5962670153e-05   -4.6044104055e-03    6.8022442759e-03   -1.5752122880e-03   -2.4311561257e-03    2.2940583931e-03
  45.2600000   -9.0855333997e-03    2.0592843609e-03    4.4407902028e-06   -4.5981247736e-03    6.8108689242e-03   -1.5837026250e-03   -2.4311628320e-03    2.2962573182e-03
  45.2700000   -9.0913360295e-03    2.0609205557e-03   -1.7063568607e-05   -4.5919493718e-03    6.8194265449e-03   -1.5921592739e-03   -2.4311778188e-03    2.2984468638e-03
