# thinned to dt=0.05 from the every-step stream; the last 1 time units are kept whole (the death window)
  22.0100000    6.5929829108e-03   -1.3217245899e-09   -6.5042570661e-03    4.5432283985e-09   -8.4527275815e-03    2.7616042364e-09
  22.0600000    6.8041509885e-03   -2.7986720942e-11   -6.3938525254e-03    1.1019756703e-09   -8.4726093794e-03    4.0205609866e-09
  22.1100000    7.0220692821e-03    1.2830841130e-10   -6.2752866079e-03    2.7891633032e-08   -8.4933028678e-03    3.5859799266e-09
  22.1600000    7.2367040507e-03    1.0120231270e-10   -6.1493944331e-03    2.7253657165e-08   -8.5143599567e-03    1.7108540835e-09
  22.2100000    7.4495021799e-03    2.6917287684e-11   -6.0199321094e-03    1.9497611567e-08   -8.5345485446e-03   -7.0377282395e-10
  22.2600000    7.6632033367e-03   -4.3764796130e-11   -5.8870948319e-03    6.2282887806e-09   -8.5526825034e-03   -2.7237503798e-09
  22.3100000    7.8795694398e-03   -6.0679801807e-11   -5.7518111990e-03   -8.6712768984e-09   -8.5680312097e-03   -3.6449798405e-09
  22.3600000    8.0979534968e-03   -3.0366001776e-11   -5.6160173540e-03   -2.0528515931e-08   -8.5805791154e-03   -3.2318864412e-09
  22.4100000    8.3158646517e-03   -9.6886285049e-12   -5.4817013030e-03   -2.5820617937e-08   -8.5909844381e-03   -1.7480273229e-09
  22.4600000    8.5307843854e-03   -3.5705960436e-11   -5.3494946992e-03   -2.3583323205e-08   -8.6002589266e-03    2.0344250832e-10
  22.5100000    8.7417792119e-03   -7.8131125605e-11   -5.2182241706e-03   -1.5510096865e-08   -8.6093065422e-03    1.9381726795e-09
  22.5600000    8.9499321405e-03   -7.5722686891e-11   -5.0858871324e-03   -4.7677658630e-09   -8.6185170294e-03    2.9334907009e-09
  22.6100000    9.1574954082e-03   -9.7340306127e-12   -4.9510648645e-03    5.6139624837e-09   -8.6275863946e-03    2.9701058868e-09
  22.6600000    9.3663794741e-03    7.5823638536e-11   -4.8135253388e-03    1.3749736590e-08   -8.6356402121e-03    2.1450537812e-09
  22.7100000    9.5769588892e-03    1.2071187680e-10   -4.6737574354e-03    1.8897275323e-08   -8.6416075932e-03    7.8395917355e-10
  22.7600000    9.7880054068e-03    9.8175888445e-11   -4.5321019978e-03    2.0887415199e-08   -8.6446872846e-03   -6.9043570183e-10
  22.8100000    9.9977637527e-03    2.4701631760e-11   -4.3882709596e-03    1.9743432466e-08   -8.6447075986e-03   -1.8804488551e-09
  22.8600000    1.0205264494e-02   -5.4545192461e-11   -4.2416718306e-03    1.5831716075e-08   -8.6422258547e-03   -2.4984033290e-09
  22.9100000    1.0410805094e-02   -8.6470684775e-11   -4.0923572604e-03    1.0219934742e-08   -8.6383225958e-03   -2.4124738782e-09
  22.9600000    1.0615385598e-02   -4.5829191924e-11   -3.9417232328e-03    4.6682483483e-09   -8.6341748591e-03   -1.6633921179e-09
  23.0100000    1.0819884964e-02    2.9820639637e-11   -3.7919731809e-03    1.0348580748e-09   -8.6305864515e-03   -4.5735831027e-10
  23.0600000    1.1024802936e-02    5.9188432170e-11   -3.6444742002e-03    4.3878408091e-10   -8.6276714991e-03    8.7047887421e-10
  23.1100000    1.1230493665e-02   -8.9948605232e-13   -3.4985383892e-03    2.7504117333e-09   -8.6248226102e-03    1.9305558603e-09
  23.1600000    1.1437165141e-02   -9.5412889410e-11   -3.3520091142e-03    6.7169168794e-09   -8.6209745878e-03    2.3872471648e-09
  23.2100000    1.1644372784e-02   -1.1804120734e-10   -3.2031298875e-03    1.0575701533e-08   -8.6150503255e-03    2.0740613257e-09
  23.2600000    1.1850683533e-02   -2.6322655347e-11   -3.0517274078e-03    1.2760056398e-08   -8.6064003227e-03    1.0707893906e-09
  23.3100000    1.2054292431e-02    1.0748781992e-10   -2.8985865004e-03    1.2380914763e-08   -8.5950526915e-03   -2.9934147526e-10
  23.3600000    1.2254341444e-02    1.6994782867e-10   -2.7439934818e-03    9.4009179284e-09   -8.5816731291e-03   -1.5671152026e-09
  23.4100000    1.2451737001e-02    1.1687822305e-10   -2.5872257528e-03    4.5703774416e-09   -8.5672576335e-03   -2.2817851138e-09
  23.4600000    1.2648606314e-02   -1.3293842729e-13   -2.4274883977e-03   -7.9795075064e-10   -8.5526916931e-03   -2.1805962909e-09
  23.5100000    1.2846829547e-02   -1.0112293712e-10   -2.2651457998e-03   -5.1810471371e-09   -8.5383618429e-03   -1.2931500998e-09
  23.5600000    1.3046863494e-02   -1.4604258801e-10   -2.1018752634e-03   -7.2793736391e-09   -8.5239788634e-03    6.4955159541e-11
  23.6100000    1.3247580519e-02   -1.3705357975e-10   -1.9395292660e-03   -6.4186719539e-09   -8.5086803994e-03    1.4081681858e-09
  23.6600000    1.3446880710e-02   -8.2333755033e-11   -1.7786982755e-03   -2.7617066378e-09   -8.4913649106e-03    2.2600309125e-09
  23.7100000    1.3642540188e-02    1.7272439798e-11   -1.6182039867e-03    2.7744532153e-09   -8.4711172535e-03    2.3241151930e-09
  23.7600000    1.3833125034e-02    1.4624163633e-10   -1.4559765036e-03    8.8615448622e-09   -8.4475548421e-03    1.5830142125e-09
  23.8100000    1.4018898756e-02    2.5342789230e-10   -1.2906228492e-03    1.4195792272e-08   -8.4209615351e-03    2.9371506727e-10
  23.8600000    1.4202162218e-02    2.6494807636e-10   -1.1223893983e-03    1.7825929632e-08   -8.3921648583e-03   -1.1113578509e-09
  23.9100000    1.4386264349e-02    1.2978040784e-10   -9.5274387432e-04    1.9269496049e-08   -8.3622130537e-03   -2.1757058545e-09
  23.9600000    1.4573424376e-02   -1.2878650997e-10   -7.8305516800e-04    1.8460244184e-08   -8.3319819445e-03   -2.5674487626e-09
  24.0100000    1.4762876302e-02   -3.9495534283e-10   -6.1362621466e-04    1.5652567321e-08   -8.3018616376e-03   -2.1770278044e-09
  24.0600000    1.4951081869e-02   -5.0704930689e-10   -4.4386462153e-04    1.1367644945e-08   -8.2716358988e-03   -1.1372420488e-09
  24.1100000    1.5134214227e-02   -3.5994692456e-10   -2.7321520722e-04    6.3563142000e-09   -8.2405903736e-03    2.3378944932e-10
  24.1600000    1.5311085893e-02    4.4677015867e-12   -1.0184806178e-04    1.4979185004e-09   -8.2078002710e-03    1.5411330719e-09
  24.2100000    1.5484158715e-02    3.9984178204e-10    6.9502227586e-05   -2.3854307775e-09   -8.1724849451e-03    2.4325950473e-09
  24.2600000    1.5657801105e-02    6.0633722028e-10    2.4029609764e-04   -4.7146077936e-09   -8.1342970827e-03    2.6892744684e-09
  24.3100000    1.5835152845e-02    5.1310584769e-10    4.1081181479e-04   -5.2336742627e-09   -8.0934425844e-03    2.2628672941e-09
  24.3600000    1.6015934860e-02    1.8614416872e-10    5.8207001610e-04   -3.9804207577e-09   -8.0505916411e-03    1.2607397175e-09
  24.4100000    1.6196684464e-02   -1.8429227090e-10    7.5509658341e-04   -1.2466556158e-09   -8.0066181404e-03   -9.8459318534e-11
  24.4600000    1.6373123840e-02   -4.1319120703e-10    9.3012990928e-04    2.4076303834e-09   -7.9622661619e-03   -1.5303901692e-09
  24.5100000    1.6543021334e-02   -4.3309732368e-10    1.1064585059e-03    6.1691122946e-09   -7.9178673921e-03   -2.7176605653e-09
  24.5600000    1.6707693487e-02   -3.1185601316e-10    1.2830155995e-03    9.1572243136e-09   -7.8732132097e-03   -3.3406902512e-09
  24.6100000    1.6871159851e-02   -1.6742015104e-10    1.4591347691e-03    1.0768487375e-08   -7.8276273659e-03   -3.1331085301e-09
  24.6600000    1.7037408967e-02   -5.3525541322e-11    1.6347585855e-03    1.0944369727e-08   -7.7802107332e-03   -1.9767420035e-09
  24.7100000    1.7207519726e-02    7.6280220280e-11    1.8100584223e-03    1.0123215786e-08   -7.7301660302e-03   -1.3574927976e-11
  24.7600000    1.7378664652e-02    2.8323595935e-10    1.9850984266e-03    8.9068893094e-09   -7.6770815875e-03    2.2898758998e-09
  24.8100000    1.7545874960e-02    5.1831026024e-10    2.1600357392e-03    7.7313123108e-09   -7.6210700771e-03    4.2019189534e-09
  24.8600000    1.7705463547e-02    6.0235962703e-10    2.3355681933e-03    6.7771354062e-09   -7.5627142135e-03    4.9435003371e-09
  24.9100000    1.7857640759e-02    3.6857399205e-10    2.5129029682e-03    6.0709253699e-09   -7.5028449699e-03    4.0137650749e-09
  24.9600000    1.8006322405e-02   -1.4827210205e-10    2.6929909540e-03    5.5689081818e-09   -7.4422401978e-03    1.4865753356e-09
  25.0100000    1.8156212779e-02   -6.6881276338e-10    2.8756218650e-03    5.1550290254e-09   -7.3813585540e-03   -1.8883165808e-09
  25.0600000    1.8309343140e-02   -8.4875370782e-10    3.0592459840e-03    4.6829569398e-09   -7.3202054888e-03   -4.8839746282e-09
  25.1100000    1.8463663686e-02   -5.4556391148e-10    3.2417878269e-03    4.1424004736e-09   -7.2583730570e-03   -6.2612389857e-09
  25.1600000    1.8614685863e-02    5.8550975369e-11    3.4218582700e-03    3.7997246623e-09   -7.1952264119e-03   -5.3173560178e-09
  25.2100000    1.8758849221e-02    5.8771385157e-10    3.5994576426e-03    4.0942437004e-09   -7.1301549111e-03   -2.2606326845e-09
  25.2600000    1.8896069698e-02    7.4312134693e-10    3.7757219513e-03    5.3005358318e-09   -7.0627861506e-03    1.7943601978e-09
  25.3100000    1.9029680308e-02    4.8638723194e-10    3.9520425748e-03    7.2337502008e-09   -6.9930831840e-03    5.2485963665e-09
  25.3600000    1.9163990517e-02    7.9652127161e-12    4.1293166498e-03    9.2583721419e-09   -6.9212978014e-03    6.6902295012e-09
  25.4100000    1.9301365745e-02   -4.4431953361e-10    4.3078414746e-03    1.0588956053e-08   -6.8478130849e-03    5.5140381677e-09
  25.4600000    1.9440879094e-02   -7.0059310792e-10    4.4877202666e-03    1.0644628636e-08   -6.7729514605e-03    2.1971278567e-09
  25.5100000    1.9579281189e-02   -6.8104346301e-10    4.6692033559e-03    9.2410006538e-09   -6.6968333277e-03   -1.9035501651e-09
  25.5600000    1.9713369735e-02   -3.5967882009e-10    4.8525403267e-03    6.5890773126e-09   -6.6193441166e-03   -5.1400024097e-09
  25.6100000    1.9842008153e-02    2.0746507706e-10    5.0374814499e-03    3.2062550854e-09   -6.5402174115e-03   -6.2750138313e-09
  25.6600000    1.9966487006e-02    8.0665898846e-10    5.2229718602e-03   -1.6965803113e-10   -6.4591906978e-03   -4.9779240860e-09
  25.7100000    2.0089179766e-02    1.0919730312e-09    5.4074398969e-03   -2.6712000893e-09   -6.3761599198e-03   -1.9045427843e-09
  25.7600000    2.0211601251e-02    7.9898122082e-10    5.5895489802e-03   -3.4647225362e-09   -6.2912614806e-03    1.6458815839e-09
  25.8100000    2.0333296611e-02    9.1375842416e-12    5.7688754007e-03   -2.0096388172e-09   -6.2048434726e-03    4.3114734426e-09
  25.8600000    2.0452321181e-02   -8.0926697382e-10    5.9460499653e-03    1.6712642129e-09   -6.1173368695e-03    5.2122538107e-09
  25.9100000    2.0566896349e-02   -1.1048338287e-09    6.1223450875e-03    6.8680966838e-09   -6.0290810090e-03    4.2312275768e-09
  25.9600000    2.0676955831e-02   -6.7938434168e-10    6.2990732990e-03    1.2323597734e-08   -5.9401776574e-03    1.9500720067e-09
  26.0100000    2.0784364930e-02    1.3038444470e-10    6.4771767774e-03    1.6618169841e-08   -5.8504363891e-03   -6.7961505522e-10
  26.0600000    2.0891595988e-02    7.1691322154e-10    6.6571034851e-03    1.8645542016e-08   -5.7594364159e-03   -2.7483472111e-09
  26.1100000    2.0999856520e-02    6.9641420126e-10    6.8388150642e-03    1.7974679690e-08   -5.6666825090e-03   -3.7011586953e-09
  26.1600000    2.1108140062e-02    1.9613707282e-10    7.0217826057e-03    1.4951008232e-08   -5.5717949579e-03   -3.4484174241e-09
  26.2100000    2.1213974313e-02   -3.1393447944e-10    7.2050107604e-03    1.0510432277e-08   -5.4746605236e-03   -2.2818758335e-09
  26.2600000    2.1315288289e-02   -4.6756432990e-10    7.3872273318e-03    5.8036585259e-09   -5.3754872895e-03   -6.8314243428e-10
  26.3100000    2.1411908792e-02   -2.9822192224e-10    7.5672623075e-03    1.8055781352e-09   -5.2747435955e-03    8.6840762997e-10
  26.3600000    2.1505504289e-02   -1.1990622286e-10    7.7444541032e-03   -9.1679564305e-10   -5.1730043074e-03    2.0165545965e-09
  26.4100000    2.1598080432e-02   -1.4432441068e-10    7.9188715489e-03   -2.1980008236e-09   -5.0707599035e-03    2.5644657594e-09
  26.4600000    2.1690310082e-02   -2.4180102804e-10    8.0912671000e-03   -2.0930713094e-09   -4.9682542054e-03    2.4581233327e-09
  26.5100000    2.1781057098e-02   -9.7768508912e-11    8.2628329519e-03   -6.9759726884e-10   -4.8654032538e-03    1.7602334008e-09
  26.5600000    2.1868396140e-02    3.9733966527e-10    8.4348787046e-03    1.8714560473e-09   -4.7618178591e-03    6.3773556055e-10
  26.6100000    2.1951181997e-02    9.4085074439e-10    8.6085026610e-03    5.3237973453e-09   -4.6569177485e-03   -6.4505639336e-10
  26.6600000    2.2029843455e-02    1.0382673798e-09    8.7842974701e-03    9.0378339027e-09   -4.5500979476e-03   -1.7549526780e-09
  26.7100000    2.2105829457e-02    4.6416969940e-10    8.9621599525e-03    1.2105808683e-08   -4.4408958253e-03   -2.3607687155e-09
  26.7600000    2.2180306435e-02   -4.8152330256e-10    9.1412976145e-03    1.3643868564e-08   -4.3291117661e-03   -2.2397820927e-09
  26.8100000    2.2253279696e-02   -1.1805546079e-09    9.3204633295e-03    1.3204532113e-08   -4.2148538942e-03   -1.3809847688e-09
  26.8600000    2.2323844104e-02   -1.1824912023e-09    9.4983293157e-03    1.1017542179e-08   -4.0985005696e-03   -3.1402584975e-11
  26.9100000    2.2391220401e-02   -5.3329433470e-10    9.6738406742e-03    7.8912128628e-09   -3.9805961266e-03    1.3546195131e-09
  26.9600000    2.2455539373e-02    3.1177967741e-10    9.8464352754e-03    4.8401335117e-09   -3.8617101530e-03    2.2632874771e-09
  27.0100000    2.2517607879e-02    8.5338600044e-10    1.0016124517e-02    2.6756627899e-09   -3.7422963980e-03    2.3187218287e-09
  27.0600000    2.2577890818e-02    8.5368176133e-10    1.0183480845e-02    1.7804937392e-09   -3.6225849191e-03    1.4499882364e-09
  27.1100000    2.2635762726e-02    3.9464780584e-10    1.0349533694e-02    2.1265870672e-09   -3.5025325527e-03   -4.9784681686e-11
  27.1600000    2.2689917096e-02   -2.3580740912e-10    1.0515522490e-02    3.4375045624e-09   -3.3818443267e-03   -1.6106932711e-09
  27.2100000    2.2739729503e-02   -6.8423503693e-10    1.0682498706e-02    5.3492322698e-09   -3.2600632835e-03   -2.5967989881e-09
  27.2600000    2.2786319536e-02   -6.7346866822e-10    1.0850898311e-02    7.4900117604e-09   -3.1367095054e-03   -2.5613540260e-09
  27.3100000    2.2832103857e-02   -1.7660187840e-10    1.1020298420e-02    9.4923530015e-09   -3.0114334657e-03   -1.4421247246e-09
  27.3600000    2.2878902551e-02    4.7581056123e-10    1.1189523599e-02    1.0996402868e-08   -2.8841389723e-03    3.8848534174e-10
  27.4100000    2.2926097154e-02    7.5384089191e-10    1.1357095099e-02    1.1689266917e-08   -2.7550329049e-03    2.2469990371e-09
  27.4600000    2.2970577929e-02    3.6058115357e-10    1.1521831283e-02    1.1380506843e-08   -2.6245765875e-03    3.3937724120e-09
  27.5100000    2.3008864349e-02   -4.1233178629e-10    1.1683319071e-02    1.0082002358e-08   -2.4933450599e-03    3.3217960769e-09
  27.5600000    2.3039887676e-02   -8.3768476554e-10    1.1842032074e-02    8.0537068953e-09   -2.3618362268e-03    1.9658867343e-09
  27.6100000    2.3066148634e-02   -4.0649534698e-10    1.1999047502e-02    5.7876196453e-09   -2.2302971709e-03   -2.5187527436e-10
  27.6600000    2.3092108344e-02    6.0195334354e-10    1.2155523958e-02    3.9168267374e-09   -2.0986361649e-03   -2.5617897358e-09
  27.7100000    2.3120895934e-02    1.2648565125e-09    1.2312224112e-02    3.0512649176e-09   -1.9664610454e-03   -4.1216704778e-09
  27.7600000    2.3151878621e-02    8.4632570887e-10    1.2469316708e-02    3.5676513108e-09   -1.8332356644e-03   -4.3262801836e-09
  27.8100000    2.3181053761e-02   -4.5441226800e-10    1.2626501093e-02    5.4190903460e-09   -1.6984957073e-03   -3.0365351271e-09
  27.8600000    2.3203996801e-02   -1.6059967141e-09    1.2783299942e-02    8.0603334578e-09   -1.5620362760e-03   -6.4323251766e-10
  27.9100000    2.3219047951e-02   -1.6502830112e-09    1.2939299743e-02    1.0568102709e-08   -1.4239917104e-03    2.0598334059e-09
  27.9600000    2.3228249856e-02   -5.4853854459e-10    1.3094214088e-02    1.1956076432e-08   -1.2847723384e-03    4.1494634827e-09
  28.0100000    2.3235402686e-02    8.3724060955e-10    1.3247808834e-02    1.1573180293e-08   -1.1448850407e-03    4.8967610134e-09
  28.0600000    2.3242929848e-02    1.5583080212e-09    1.3399829782e-02    9.4036124047e-09   -1.0047166740e-03    4.0261672786e-09
  28.1100000    2.3250117686e-02    1.3482674961e-09    1.3550045639e-02    6.1170039591e-09   -8.6437679385e-04    1.8174000828e-09
  28.1600000    2.3254035628e-02    6.4075442074e-10    1.3698398438e-02    2.8362147095e-09   -7.2366954103e-04   -9.8655696986e-10
  28.2100000    2.3252185089e-02   -3.3325488394e-11    1.3845139938e-02    7.2563140117e-10   -5.8220540742e-04   -3.4346687371e-09
  28.2600000    2.3244580221e-02   -5.3246181346e-10    1.3990812598e-02    5.7596104569e-10   -4.3959906213e-04   -4.6978469309e-09
  28.3100000    2.3233591604e-02   -9.8902673168e-10    1.4136026631e-02    2.5450501402e-09   -2.9565966369e-04   -4.3588551397e-09
  28.3600000    2.3221844445e-02   -1.3582695491e-09    1.4281133198e-02    6.1361159196e-09   -1.5048393026e-04   -2.5601223223e-09
  28.4100000    2.3210048659e-02   -1.2709698490e-09    1.4425998049e-02    1.0399560979e-08   -4.4080722672e-06    4.4349335867e-11
  28.4600000    2.3196566714e-02   -4.2650592982e-10    1.4570052505e-02    1.4262535139e-08    1.4215881076e-04    2.5195947436e-09
  28.5100000    2.3178972354e-02    9.1527730411e-10    1.4712627481e-02    1.6847728631e-08    2.8894110141e-04    3.9848879331e-09
  28.5600000    2.3156197255e-02    1.9503003577e-09    1.4853359431e-02    1.7658472867e-08    4.3594436729e-04    3.9358968244e-09
  28.6100000    2.3129460030e-02    1.9303778184e-09    1.4992365351e-02    1.6591109774e-08    5.8347202337e-04    2.4355464676e-09
  28.6600000    2.3101260917e-02    7.9613306052e-10    1.5130031824e-02    1.3842382064e-08    7.3199854736e-04    9.6951375172e-11
  28.7100000    2.3073332404e-02   -7.5403423379e-10    1.5266576133e-02    9.8303857890e-09    8.8195335476e-04   -2.1452841118e-09
  28.7600000    2.3045248872e-02   -1.7984983672e-09    1.5401760175e-02    5.1946110705e-09    1.0335121245e-03   -3.3978534624e-09
  28.8100000    2.3014815886e-02   -1.8249181541e-09    1.5535039477e-02    8.2094866586e-10    1.1864915418e-03   -3.1690613550e-09
  28.8600000    2.2979899553e-02   -9.5756683077e-10    1.5666049248e-02   -2.2388875334e-09    1.3403989070e-03   -1.5798951501e-09
  28.9100000    2.2940190988e-02    2.6805192734e-10    1.5794996504e-02   -3.0335644468e-09    1.4946192748e-03    6.7154293477e-10
  28.9600000    2.2897444145e-02    1.2612885250e-09    1.5922573711e-02   -1.0914969884e-09    1.6486602339e-03    2.5927250562e-09
  29.0100000    2.2853949007e-02    1.5982724676e-09    1.6049425754e-02    3.2899300834e-09    1.8023462932e-03    3.3194831994e-09
  29.0600000    2.2810455691e-02    1.1268219686e-09    1.6175610693e-02    9.0397790751e-09    1.9558744711e-03    2.5011024893e-09
  29.1100000    2.2765282812e-02    6.2696519591e-11    1.6300508265e-02    1.4632029810e-08    2.1097025020e-03    4.7342275222e-10
  29.1600000    2.2715453060e-02   -9.9927706637e-10    1.6423241084e-02    1.8577415952e-08    2.2643154120e-03   -1.8700805029e-09
  29.2100000    2.2659049205e-02   -1.3582339791e-09    1.6543255339e-02    1.9857702152e-08    2.4199722565e-03   -3.4655455303e-09
  29.2600000    2.2596901849e-02   -7.3084939672e-10    1.6660627922e-02    1.8147061170e-08    2.5765469875e-03   -3.5576684831e-09
  29.3100000    2.2532155705e-02    3.9747051818e-10    1.6775938554e-02    1.3816579062e-08    2.7335390284e-03   -2.0523894338e-09
  29.3600000    2.2467945669e-02    1.0487415624e-09    1.6889877363e-02    7.8179791743e-09    2.8902559467e-03    4.2487550368e-10
  29.4100000    2.2404993214e-02    5.7976475046e-10    1.7002886075e-02    1.5244353040e-09    3.0460944218e-03    2.8002565069e-09
  29.4600000    2.2341064108e-02   -6.4399677457e-10    1.7115033547e-02   -3.4803420863e-09    3.2008004045e-03    4.0319001260e-09
  29.5100000    2.2272745131e-02   -1.4494040757e-09    1.7226142318e-02   -5.7186939837e-09    3.3545956544e-03    3.5786732310e-09
  29.5600000    2.2198111990e-02   -8.9183262836e-10    1.7336029474e-02   -4.2352371301e-09    3.5081136222e-03    1.6396064389e-09
  29.6100000    2.2118151428e-02    7.7384917737e-10    1.7444656080e-02    1.0129185064e-09    3.6621686375e-03   -9.4530052308e-10
  29.6600000    2.2035852955e-02    2.1568726708e-09    1.7552040510e-02    8.9861330920e-09    3.8174529705e-03   -3.0815412932e-09
  29.7100000    2.1953791262e-02    1.8989015636e-09    1.7657990798e-02    1.7746222557e-08    3.9742857097e-03   -3.9088742737e-09
  29.7600000    2.1872181329e-02   -4.7450831659e-11    1.7761922674e-02    2.4969671126e-08    4.1325133047e-03   -3.1649613815e-09
  29.8100000    2.1788894200e-02   -2.2180519439e-09    1.7863033118e-02    2.8613303746e-08    4.2915957072e-03   -1.2635736485e-09
  29.8600000    2.1701274891e-02   -2.7840424404e-09    1.7960814000e-02    2.7506361051e-08    4.4508340787e-03    9.3220972529e-10
  29.9100000    2.1608209727e-02   -1.1039272222e-09    1.8055537632e-02    2.1699215663e-08    4.6096401558e-03    2.5191599212e-09
  29.9600000    2.1510835051e-02    1.6553561404e-09    1.8148278484e-02    1.2494557491e-08    4.7677366237e-03    2.9465698795e-09
  30.0100000    2.1411484479e-02    3.3815439937e-09    1.8240368012e-02    2.1575805658e-09    4.9252144402e-03    2.2161995174e-09
  30.0600000    2.1311872553e-02    2.6658257017e-09    1.8332634877e-02   -6.6527499146e-09    5.0824383152e-03    8.1654394878e-10
  30.1100000    2.1211996497e-02   -9.3690918295e-11    1.8424952104e-02   -1.1624984112e-08    5.2398553729e-03   -5.5305853141e-10
  30.1600000    2.1110516153e-02   -2.9822931053e-09    1.8516359373e-02   -1.1505472372e-08    5.3977969364e-03   -1.3216558413e-09
  30.2100000    2.1006121691e-02   -3.9784771836e-09    1.8605601982e-02   -6.5056453611e-09    5.5563565806e-03   -1.2879055929e-09
  30.2600000    2.0898650572e-02   -2.3870920540e-09    1.8691691339e-02    1.8022230356e-09    5.7153856531e-03   -6.6294471475e-10
  30.3100000    2.0789028720e-02    7.2716057684e-10    1.8774183692e-02    1.1091561030e-08    5.8745919225e-03    8.4470666915e-11
  30.3600000    2.0678167671e-02    3.3299386407e-09    1.8853140811e-02    1.9115331277e-08    6.0336836248e-03    4.8917709261e-10
  30.4100000    2.0565850303e-02    3.7986460554e-09    1.8928936701e-02    2.4365488079e-08    6.1924880071e-03    3.2540863762e-10
  30.4600000    2.0450641306e-02    1.9405732213e-09    1.9002093671e-02    2.6281875111e-08    6.3509933928e-03   -2.9196908766e-10
  30.5100000    2.0330974277e-02   -9.7082308997e-10    1.9073218829e-02    2.5035929528e-08    6.5093045240e-03   -9.8011856646e-10
  30.5600000    2.0206536652e-02   -3.0809229135e-09    1.9142984598e-02    2.1167907380e-08    6.6675419472e-03   -1.2921052580e-09
  30.6100000    2.0078759572e-02   -3.1392926700e-09    1.9212043436e-02    1.5375150103e-08    6.8257388853e-03   -9.5106366098e-10
  30.6600000    1.9949902411e-02   -1.2359310325e-09    1.9280818763e-02    8.5348039183e-09    6.9837850703e-03   -2.6485185103e-12
  30.7100000    1.9821365262e-02    1.3313194136e-09    1.9349239979e-02    1.8004597856e-09    7.1414411897e-03    1.1868373088e-09
  30.7600000    1.9692542597e-02    2.9232430565e-09    1.9416601358e-02   -3.4568404578e-09    7.2984141954e-03    2.0886345657e-09
  30.8100000    1.9561176266e-02    2.5870501867e-09    1.9481718228e-02   -5.9457640074e-09    7.4544587394e-03    2.2555489348e-09
  30.8600000    1.9425024077e-02    6.0790846997e-10    1.9543392296e-02   -4.8654205501e-09    7.6094633586e-03    1.5392654032e-09
  30.9100000    1.9283615138e-02   -1.7259453132e-09    1.9600971452e-02   -2.1794868081e-10    7.7634916875e-03    1.7661392516e-10
  30.9600000    1.9138744093e-02   -2.9582546288e-09    1.9654673360e-02    7.1089699967e-09    7.9167703218e-03   -1.3025058676e-09
  31.0100000    1.8993281404e-02   -2.3625750980e-09    1.9705457979e-02    1.5490588901e-08    8.0696343740e-03   -2.3095918258e-09
  31.0600000    1.8849149539e-02   -3.5711001084e-10    1.9754526613e-02    2.2883644939e-08    8.2224510768e-03   -2.4670938033e-09
  31.1100000    1.8705959182e-02    1.7938476486e-09    1.9802778468e-02    2.7274192168e-08    8.3755400163e-03   -1.7822430466e-09
  31.1600000    1.8561316235e-02    2.7879642769e-09    1.9850562683e-02    2.7220183584e-08    8.5291013143e-03   -6.3450472911e-10
  31.2100000    1.8412564400e-02    2.0945343458e-09    1.9897809755e-02    2.2377488871e-08    8.6831580801e-03    4.2417439226e-10
  31.2600000    1.8258666312e-02    2.5766468063e-10    1.9944320051e-02    1.3795332379e-08    8.8375210715e-03    9.5984301898e-10
  31.3100000    1.8100849380e-02   -1.5012386390e-09    1.9989892945e-02    3.7653040865e-09    8.9917895388e-03    8.8663462120e-10
  31.3600000    1.7941596820e-02   -2.1177229178e-09    2.0034183832e-02   -4.8252251384e-09    9.1454049666e-03    5.0716259167e-10
  31.4100000    1.7782811247e-02   -1.3803152737e-09    2.0076495583e-02   -9.4308822201e-09    9.2977658402e-03    3.2766128505e-10
  31.4600000    1.7624562249e-02    4.7752622339e-12    2.0115841063e-02   -8.7010396414e-09    9.4483894864e-03    7.3487204396e-10
  31.5100000    1.7465312899e-02    1.0117911501e-09    2.0151399823e-02   -2.9006897390e-09    9.5970786768e-03    1.7082165856e-09
  31.5600000    1.7303326082e-02    1.0735418114e-09    2.0183094507e-02    6.2393177288e-09    9.7440306927e-03    2.7407630254e-09
  31.6100000    1.7138037351e-02    4.1926004104e-10    2.0211795001e-02    1.6128184799e-08    9.8898298789e-03    3.0459162031e-09
  31.6600000    1.6970278187e-02   -2.6282968871e-10    2.0238869545e-02    2.4108102765e-08    1.0035297683e-02    1.9762487018e-09
  31.7100000    1.6801247794e-02   -4.8169662584e-10    2.0265318287e-02    2.8163817876e-08    1.0181228683e-02   -5.4731308451e-10
  31.7600000    1.6631207518e-02   -3.0124772973e-10    2.0291112746e-02    2.7384843034e-08    1.0328095790e-02   -3.8323316472e-09
  31.8100000    1.6459098358e-02   -1.0650355258e-10    2.0315254185e-02    2.2136271284e-08    1.0475836594e-02   -6.5858825790e-09
  31.8600000    1.6283463940e-02   -8.4725367202e-11    2.0336506898e-02    1.3954422256e-08    1.0623817428e-02   -7.4314490070e-09
  31.9100000    1.6103897522e-02   -8.5649147129e-12    2.0354222934e-02    5.1854043928e-09    1.0771011900e-02   -5.5611951544e-09
  31.9600000    1.5921725267e-02    4.2690661024e-10    2.0368624100e-02   -1.6178083448e-09    1.0916346808e-02   -1.2189961708e-09
  32.0100000    1.5739238008e-02    1.0818697943e-09    2.0380389488e-02   -4.4613304225e-09    1.1059094675e-02    4.2419004209e-09
  32.0600000    1.5557997155e-02    1.2932171136e-09    2.0389982787e-02   -2.6327582630e-09    1.1199161707e-02    8.8035886073e-09
  32.1100000    1.5377552071e-02    4.5678778821e-10    2.0397330605e-02    2.9365484025e-09    1.1337150087e-02    1.0576770465e-08
  32.1600000    1.5195634945e-02   -1.2250538206e-09    2.0402095142e-02    9.9442137984e-09    1.1474155961e-02    8.6142313670e-09
  32.2100000    1.5009758107e-02   -2.6190351524e-09    2.0404221037e-02    1.5647209880e-08    1.1611368119e-02    3.3838380595e-09
  32.2600000    1.4819042426e-02   -2.4593769737e-09    2.0404186654e-02    1.8098627264e-08    1.1749614891e-02   -3.3278630059e-09
  32.3100000    1.4624915657e-02   -4.9118995961e-10    2.0402673739e-02    1.7073159269e-08    1.1889033248e-02   -9.0693570134e-09
  32.3600000    1.4430167455e-02    2.0673382614e-09    2.0399929779e-02    1.4125180534e-08    1.2028991609e-02   -1.1679484564e-08
  32.4100000    1.4237062796e-02    3.3008836688e-09    2.0395427089e-02    1.1655080369e-08    1.2168301974e-02   -1.0151496294e-08
  32.4600000    1.4045876368e-02    2.1132617591e-09    2.0388204117e-02    1.1445590199e-08    1.2305645459e-02   -5.0450407805e-09
  32.5100000    1.3854853096e-02   -7.4680502815e-10    2.0377670577e-02    1.3511918423e-08    1.2440052374e-02    1.7281293741e-09
  32.5600000    1.3661537965e-02   -3.0989301626e-09    2.0364196909e-02    1.6004531938e-08    1.2571256590e-02    7.6573782127e-09
  32.6100000    1.3464465063e-02   -2.9877079742e-09    2.0348931926e-02    1.6318464203e-08    1.2699792071e-02    1.0615718766e-08
  32.6600000    1.3264031279e-02   -3.0782652738e-10    2.0332938759e-02    1.2818633210e-08    1.2826797622e-02    9.6717482140e-09
  32.7100000    1.3062057087e-02    2.9605766189e-09    2.0316352565e-02    6.1428059724e-09    1.2953605347e-02    5.4080531801e-09
  32.7600000    1.2860486076e-02    4.2072655986e-09    2.0298272993e-02   -7.8850754112e-10    1.3081266770e-02   -3.6833794594e-10
  32.8100000    1.2660183647e-02    2.2598398489e-09    2.0277467464e-02   -4.1979990938e-09    1.3210188984e-02   -5.3886621065e-09
  32.8600000    1.2460562683e-02   -1.5838380362e-09    2.0253245631e-02   -1.5762214113e-09    1.3340006551e-02   -7.8360825501e-09
  32.9100000    1.2260087005e-02   -4.4519207814e-09    2.0225741145e-02    6.7183608274e-09    1.3469723450e-02   -7.0374590317e-09
  32.9600000    1.2057161969e-02   -4.0972813029e-09    2.0195430247e-02    1.7370602883e-08    1.3598059636e-02   -3.6626446114e-09
  33.0100000    1.1850866058e-02   -6.9571344464e-10    2.0162460339e-02    2.5665795938e-08    1.3723867221e-02    6.3057640350e-10
  33.0600000    1.1641280977e-02    3.2023427613e-09    2.0126527975e-02    2.7864700843e-08    1.3846466592e-02    3.9399627934e-09
  33.1100000    1.1429454892e-02    4.5919195993e-09    2.0087463678e-02    2.3084236442e-08    1.3965795381e-02    4.9308339367e-09
  33.1600000    1.1217067983e-02    2.3483134871e-09    2.0045922442e-02    1.3664372244e-08    1.4082342572e-02    3.3766452941e-09
  33.2100000    1.1005802882e-02   -1.8464118555e-09    2.0003403425e-02    3.8818541600e-09    1.4196922217e-02    2.0877906119e-10
  33.2600000    1.0796521182e-02   -4.7483109241e-09    1.9961422669e-02   -2.2089868333e-09    1.4310392950e-02   -2.9348382950e-09
  33.3100000    1.0588625610e-02   -4.0476830540e-09    1.9920465842e-02   -2.6159103649e-09    1.4423432243e-02   -4.4612093270e-09
  33.3600000    1.0380128508e-02   -1.9485083793e-10    1.9879580740e-02    1.9685385154e-09    1.4536431452e-02   -3.5465946549e-09
  33.4100000    1.0168638315e-02    3.8920474481e-09    1.9836918459e-02    8.9044065289e-09    1.4649512521e-02   -5.1869954449e-10
  33.4600000    9.9528132876e-03    5.0656367490e-09    1.9790738732e-02    1.5120806391e-08    1.4762611566e-02    3.2721627189e-09
  33.5100000    9.7333389200e-03    2.4258811634e-09    1.9740101048e-02    1.8536074456e-08    1.4875554478e-02    6.0418599827e-09
  33.5600000    9.5126641078e-03   -1.9230498005e-09    1.9684883434e-02    1.8721711384e-08    1.4988072600e-02    6.3693076921e-09
  33.6100000    9.2935585200e-03   -4.5003719333e-09    1.9625420269e-02    1.6653475482e-08    1.5099758493e-02    3.8547235078e-09
  33.6600000    9.0774269549e-03   -3.2377720606e-09    1.9562274771e-02    1.3862519876e-08    1.5210013559e-02   -6.5358391345e-10
  33.7100000    8.8635333220e-03    7.9469905984e-10    1.9496304442e-02    1.1523867590e-08    1.5318061501e-02   -5.3742374046e-09
  33.7600000    8.6496447855e-03    4.1919768059e-09    1.9428702604e-02    9.9592696308e-09    1.5423079131e-02   -8.3257663667e-09
  33.8100000    8.4335870187e-03    3.9945127190e-09    1.9360663852e-02    8.7644491077e-09    1.5524436827e-02   -8.1692068051e-09
  33.8600000    8.2145814875e-03    2.0553120053e-10    1.9292771098e-02    7.4214982345e-09    1.5621972854e-02   -4.7991143874e-09
  33.9100000    7.9934669543e-03   -4.0995201987e-09    1.9224624407e-02    5.9684926710e-09    1.5716183946e-02    5.7514110247e-10
  33.9600000    7.7717775684e-03   -5.2807924680e-09    1.9155118057e-02    5.2314767546e-09    1.5808223924e-02    5.8992519683e-09
  34.0100000    7.5504775053e-03   -2.2266055261e-09    1.9083186495e-02    6.3680324360e-09    1.5899664821e-02    9.1010949193e-09
  34.0600000    7.3293284668e-03    2.6172607879e-09    1.9008378954e-02    9.9423823528e-09    1.5992067571e-02    8.9288338311e-09
  34.1100000    7.1073071170e-03    5.2589390628e-09    1.8930790318e-02    1.5156506549e-08    1.6086492930e-02    5.4510810409e-09
  34.1600000    6.8836632613e-03    3.5638337738e-09    1.8850528223e-02    1.9873623567e-08    1.6183120760e-02    1.6361727632e-11
  34.2100000    6.6587517830e-03   -8.9420479712e-10    1.8767363635e-02    2.1600128593e-08    1.6281118807e-02   -5.3010803883e-09
  34.2600000    6.4339985108e-03   -4.2041047915e-09    1.8680994577e-02    1.8920536232e-08    1.6378819417e-02   -8.5296503976e-09
  34.3100000    6.2110520581e-03   -3.5543326435e-09    1.8591663466e-02    1.2491788817e-08    1.6474156311e-02   -8.5586093524e-09
  34.3600000    5.9907736453e-03    3.0215499805e-10    1.8500430745e-02    4.9163319170e-09    1.6565224888e-02   -5.5253626197e-09
  34.4100000    5.7727782392e-03    3.7722305386e-09    1.8408698482e-02   -4.9466149242e-10    1.6650791213e-02   -6.9707895510e-10
  34.4600000    5.5557640664e-03    3.6920358610e-09    1.8317315444e-02   -1.3622196875e-09    1.6730598417e-02    4.0758659765e-09
  34.5100000    5.3382725747e-03    1.7454033101e-10    1.8226024932e-02    2.6422340961e-09    1.6805391584e-02    7.0908929038e-09
  34.5600000    5.1192839050e-03   -3.5559941781e-09    1.8133702127e-02    9.7633515423e-09    1.6876673740e-02    7.4108566432e-09
  34.6100000    4.8983200828e-03   -4.1595786035e-09    1.8039104538e-02    1.7115249737e-08    1.6946283065e-02    5.1411666828e-09
  34.6600000    4.6752162592e-03   -1.2142171066e-09    1.7941464922e-02    2.2016749975e-08    1.7015921670e-02    1.2942716258e-09
  34.7100000    4.4499801431e-03    2.5052909577e-09    1.7840545542e-02    2.3016934027e-08    1.7086762484e-02   -2.6635736288e-09
  34.7600000    4.2229713244e-03    3.6870413273e-09    1.7736369500e-02    2.0214020774e-08    1.7159222243e-02   -5.3782960980e-09
  34.8100000    3.9951945078e-03    1.5216470080e-09    1.7629092082e-02    1.4898038507e-08    1.7232933588e-02   -6.0656346144e-09
  34.8600000    3.7682519778e-03   -1.7151272009e-09    1.7519159256e-02    8.8517612012e-09    1.7306896662e-02   -4.7103584094e-09
  34.9100000    3.5437195419e-03   -2.9656259344e-09    1.7407448605e-02    3.7075961118e-09    1.7379753411e-02   -1.9735946349e-09
  34.9600000    3.3222438674e-03   -1.2708068022e-09    1.7295045128e-02    6.0816935470e-10    1.7450110883e-02    1.1154065317e-09
  35.0100000    3.1030302430e-03    1.5166764344e-09    1.7182711858e-02    1.7200129783e-10    1.7516841456e-02    3.5444277337e-09
  35.0600000    2.8842131404e-03    2.7205399608e-09    1.7070488555e-02    2.5745602707e-09    1.7579302854e-02    4.6402960870e-09
  35.1100000    2.6639545452e-03    1.4452273783e-09    1.6957755377e-02    7.5315768665e-09    1.7637443003e-02    4.2340324905e-09
  35.1600000    2.4415154621e-03   -7.5524862030e-10    1.6843642608e-02    1.4137089009e-08    1.7691779167e-02    2.6427759571e-09
  35.2100000    2.2175256457e-03   -1.6472204776e-09    1.6727366680e-02    2.0743638204e-08    1.7743263675e-02    5.0308365973e-10
  35.2600000    1.9932990869e-03   -6.0146911203e-10    1.6608250678e-02    2.5182181126e-08    1.7793067131e-02   -1.4716336417e-09
  35.3100000    1.7698078304e-03    9.1960053742e-10    1.6485615877e-02    2.5464956328e-08    1.7842322909e-02   -2.7258998441e-09
  35.3600000    1.5471787374e-03    1.0419473666e-09    1.6358902539e-02    2.0758990251e-08    1.7891882779e-02   -3.0179182870e-09
  35.4100000    1.3250841393e-03   -5.1257078924e-10    1.6228088045e-02    1.2107265138e-08    1.7942132514e-02   -2.4542355505e-09
  35.4600000    1.1035786871e-03   -2.1682269240e-09    1.6094043881e-02    2.3728357869e-09    1.7992907487e-02   -1.4006338383e-09
  35.5100000    8.8351599676e-04   -2.1789171639e-09    1.5958397782e-02   -4.7502204794e-09    1.8043531293e-02   -3.0769600133e-10
  35.5600000    6.6604832883e-04   -4.4543942960e-10    1.5822855324e-02   -6.2840006960e-09    1.8092975716e-02    4.7951738291e-10
  35.6100000    4.5156134766e-04    1.4124671877e-09    1.5688406881e-02   -1.3417351358e-09    1.8140110908e-02    8.4923245409e-10
  35.6600000    2.3897388577e-04    1.7539338183e-09    1.5554943074e-02    8.3552702495e-09    1.8183987070e-02    9.3262303052e-10
  35.7100000    2.6108579937e-05    5.8963325092e-10    1.5421457358e-02    1.9095871273e-08    1.8224072700e-02    9.8987725222e-10
  35.7600000   -1.8902145579e-04   -4.9503784159e-10    1.5286582484e-02    2.6676790238e-08    1.8260378785e-02    1.2262900414e-09
  35.8100000   -4.0693572898e-04   -6.3718360156e-11    1.5149070197e-02    2.8135154758e-08    1.8293427032e-02    1.6331511554e-09
  35.8600000   -6.2636937242e-04    1.5854732701e-09    1.5008023561e-02    2.2980224692e-08    1.8324067871e-02    1.9456364968e-09
  35.9100000   -8.4512351235e-04    2.6082117455e-09    1.4862960568e-02    1.3400272468e-08    1.8353205543e-02    1.7586148058e-09
  35.9600000   -1.0614052376e-03    1.4272735450e-09    1.4713868801e-02    3.3427514875e-09    1.8381522761e-02    7.6048585748e-10
  36.0100000   -1.2746756789e-03   -1.5916223857e-09    1.4561294628e-02   -3.1562268853e-09    1.8409299774e-02   -1.0268670086e-09
  36.0600000   -1.4855133983e-03   -4.2430840875e-09    1.4406370532e-02   -3.6708834270e-09    1.8436387726e-02   -3.1363276406e-09
  36.1100000   -1.6948249339e-03   -4.3208155847e-09    1.4250658986e-02    1.6492819045e-09    1.8462335828e-02   -4.7604194603e-09
  36.1600000   -1.9031874732e-03   -1.5403306921e-09    1.4095774954e-02    1.0283315230e-08    1.8486610608e-02   -5.0615167223e-09
  36.2100000   -2.1108417610e-03    2.1612308929e-09    1.3942864315e-02    1.8582231557e-08    1.8508810225e-02   -3.5674759880e-09
  36.2600000   -2.3181559570e-03    4.1880735350e-09    1.3792112841e-02    2.3411936903e-08    1.8528784143e-02   -4.7093190879e-10
  36.3100000   -2.5259047533e-03    3.3428307501e-09    1.3642514648e-02    2.3391293246e-08    1.8546615844e-02    3.3280595177e-09
  36.3600000   -2.7348880616e-03    6.5586437439e-10    1.3492089800e-02    1.9193386348e-08    1.8562492211e-02    6.4931297997e-09
  36.4100000   -2.9450896728e-03   -1.6254260425e-09    1.3338561063e-02    1.2914802107e-08    1.8576536673e-02    7.7521437875e-09
  36.4600000   -3.1551329539e-03   -1.9507865672e-09    1.3180235972e-02    6.9829030149e-09    1.8588698273e-02    6.4282960217e-09
  36.5100000   -3.3626942136e-03   -6.5720086017e-10    1.3016672379e-02    3.2033242143e-09    1.8598757757e-02    2.7720990331e-09
  36.5600000   -3.5658067185e-03    5.2059414160e-10    1.2848794707e-02    2.3218427363e-09    1.8606449334e-02   -2.0632122609e-09
  36.6100000   -3.7642102816e-03    1.4390426708e-10    1.2678441927e-02    4.0983165832e-09    1.8611633774e-02   -6.4141244701e-09
  36.6600000   -3.9597354120e-03   -1.5231147137e-09    1.2507637012e-02    7.6372122740e-09    1.8614426996e-02   -8.7212711272e-09
  36.7100000   -4.1553418923e-03   -2.6561620630e-09    1.2337946484e-02    1.1726166282e-08    1.8615205589e-02   -8.1230803423e-09
  36.7600000   -4.3533966574e-03   -1.5154961508e-09    1.2170133105e-02    1.5111077482e-08    1.8614470220e-02   -4.7907793207e-09
  36.8100000   -4.5543322040e-03    1.7927356021e-09    1.2004083025e-02    1.6779022283e-08    1.8612621471e-02    1.2778399289e-10
  36.8600000   -4.7565498044e-03    5.0392365627e-09    1.1838898492e-02    1.6283450619e-08    1.8609753641e-02    4.9305464226e-09
  36.9100000   -4.9575475771e-03    5.4937584587e-09    1.1673102240e-02    1.3984707651e-08    1.8605573139e-02    7.9814657185e-09
  36.9600000   -5.1554394503e-03    2.2041499301e-09    1.1504969461e-02    1.0986493374e-08    1.8599495332e-02    8.2901326879e-09
  37.0100000   -5.3498672397e-03   -2.9983807957e-09    1.1332981875e-02    8.6696677838e-09    1.8590889607e-02    5.8387387725e-09
  37.0600000   -5.5418410557e-03   -6.7203107323e-09    1.1156308741e-02    8.0090995442e-09    1.8579366513e-02    1.5504795180e-09
  37.1100000   -5.7328056738e-03   -6.5275152095e-09    1.0975156224e-02    9.0747640017e-09    1.8564971180e-02   -3.0690544718e-09
  37.1600000   -5.9236585548e-03   -2.7080050756e-09    1.0790840899e-02    1.1054225136e-08    1.8548181831e-02   -6.4714284752e-09
  37.2100000   -6.1143144741e-03    2.1303845205e-09    1.0605514202e-02    1.2793511014e-08    1.8529699039e-02   -7.5883850240e-09
  37.2600000   -6.3039393228e-03    5.1604007245e-09    1.0421561164e-02    1.3486786966e-08    1.8510112083e-02   -6.1627872766e-09
  37.3100000   -6.4915612414e-03    5.2762697529e-09    1.0240815569e-02    1.3046457526e-08    1.8489595608e-02   -2.7909121538e-09
  37.3600000   -6.6766513777e-03    3.3482842220e-09    1.0063855727e-02    1.1946415660e-08    1.8467787800e-02    1.3186164380e-09
  37.4100000   -6.8594042627e-03    9.2130365684e-10    9.8896903504e-03    1.0743142447e-08    1.8443926018e-02    4.7734673347e-09
  37.4600000   -7.0406491252e-03   -1.1577913701e-09    9.7160254638e-03    9.7044419419e-09    1.8417197720e-02    6.4655627085e-09
  37.5100000   -7.2214636260e-03   -2.9028059133e-09    9.5400413652e-03    8.8291631288e-09    1.8387156748e-02    5.9258906944e-09
  37.5600000   -7.4026459087e-03   -4.2915159303e-09    9.3593598405e-03    8.1612354050e-09    1.8354009758e-02    3.4555751508e-09
  37.6100000   -7.5842662295e-03   -4.5879349172e-09    9.1728157129e-03    8.0238100385e-09    1.8318621305e-02   -3.9459045826e-12
  37.6600000   -7.7655312727e-03   -2.8387254217e-09    8.9807881835e-03    8.8762912883e-09    1.8282204889e-02   -3.2139738802e-09
  37.7100000   -7.9450789693e-03    8.8181373065e-10    8.7850606394e-03    1.0864262889e-08    1.8245811181e-02   -5.0765237979e-09
  37.7600000   -8.1215905997e-03    4.8599575037e-09    8.5883124552e-03    1.3459341193e-08    1.8209828265e-02   -5.0152340665e-09
  37.8100000   -8.2944060423e-03    6.6423428816e-09    8.3933808319e-03    1.5569355051e-08    1.8173721322e-02   -3.1641843118e-09
  37.8600000   -8.4638232407e-03    4.8526742433e-09    8.2024523250e-03    1.6127498330e-08    1.8136149092e-02   -2.9670679450e-10
  37.9100000   -8.6309686299e-03    3.6621157406e-10    8.0164040380e-03    1.4755827581e-08    1.8095436373e-02    2.4789970418e-09
  37.9600000   -8.7973696536e-03   -4.2111670612e-09    7.8345425945e-03    1.2004248534e-08    1.8050223727e-02    4.1417420283e-09
  38.0100000   -8.9644488319e-03   -6.3359227560e-09    7.6548750200e-03    8.9904558074e-09    1.8000028213e-02    4.1347742287e-09
  38.0600000   -9.1330715310e-03   -5.1305404081e-09    7.4747984664e-03    6.7367290187e-09    1.7945474359e-02    2.5544349002e-09
  38.1100000   -9.3031842735e-03   -1.6426383306e-09    7.2918821645e-03    5.7146445811e-09    1.7888085625e-02    8.2111817694e-11
  38.1600000   -9.4736280048e-03    2.1648565374e-09    7.1044148405e-03    5.8838306379e-09    1.7829708942e-02   -2.3047242645e-09
  38.2100000   -9.6423338563e-03    4.6655678788e-09    6.9116107146e-03    7.0556857088e-09    1.7771800645e-02   -3.7189100768e-09
  38.2600000   -9.8070670132e-03    5.1491610448e-09    6.7136134998e-03    9.1427003730e-09    1.7714863529e-02   -3.6911155136e-09
  38.3100000   -9.9665445890e-03    3.6660172644e-09    6.5114903459e-03    1.2016431853e-08    1.7658264759e-02   -2.3152716795e-09
  38.3600000   -1.0121318850e-02    7.1408474992e-10    6.3072306689e-03    1.5140989871e-08    1.7600508240e-02   -1.7083860902e-10
  38.4100000   -1.0273718315e-02   -2.8012901093e-09    6.1035493764e-03    1.7448498135e-08    1.7539848767e-02    1.9271832735e-09
  38.4600000   -1.0426631491e-02   -5.5208445597e-09    5.9032849583e-03    1.7771993602e-08    1.7474997411e-02    3.2384979089e-09
  38.5100000   -1.0581754395e-02   -5.9876170590e-09    5.7084461160e-03    1.5642014015e-08    1.7405634278e-02    3.3476348988e-09
  38.5600000   -1.0738461898e-02   -3.5022991580e-09    5.5193037804e-03    1.1833304273e-08    1.7332527666e-02    2.2745110802e-09
  38.6100000   -1.0894183649e-02    1.1074463023e-09    5.3340506329e-03    8.1200026411e-09    1.7257220487e-02    4.2968200252e-10
  38.6600000   -1.1046159254e-02    5.5898740787e-09    5.1493107793e-03    6.2645511672e-09    1.7181417458e-02   -1.5457983089e-09
  38.7100000   -1.1193422260e-02    7.4425316855e-09    4.9613204467e-03    6.8956962365e-09    1.7106320158e-02   -2.9893806204e-09
  38.7600000   -1.1337610499e-02    5.4567532340e-09    4.7672416486e-03    9.0978480814e-09    1.7032169046e-02   -3.4119838391e-09
  38.8100000   -1.1481959718e-02    5.4811011508e-10    4.5660568498e-03    1.1063641844e-08    1.6958161924e-02   -2.6359126998e-09
  38.8600000   -1.1629086143e-02   -4.7280102009e-09    4.3587878830e-03    1.1383067019e-08    1.6882767749e-02   -8.5285922108e-10
  38.9100000   -1.1779016140e-02   -7.6375595260e-09    4.1481228775e-03    1.0050816026e-08    1.6804304715e-02    1.4094596842e-09
  38.9600000   -1.1928790758e-02   -6.7458848039e-09    3.9376785023e-03    8.4579484228e-09    1.6721559704e-02    3.4148149366e-09
  39.0100000   -1.2073973383e-02   -2.5699210806e-09    3.7310648455e-03    8.3667139332e-09    1.6634223011e-02    4.4270545473e-09
  39.0600000   -1.2211199083e-02    2.8109353452e-09    3.5308571963e-03    1.0601716670e-08    1.6542992299e-02    3.9581753690e-09
  39.1100000   -1.2340267724e-02    6.8200009057e-09    3.3376770349e-03    1.4382142712e-08    1.6449326405e-02    1.9814703745e-09
  39.1600000   -1.2464540886e-02    7.5633590686e-09    3.1497641354e-03    1.7742045611e-08    1.6354952458e-02   -9.8012696027e-10
  39.2100000   -1.2589355017e-02    4.6726317028e-09    2.9634171604e-03    1.8717262989e-08    1.6261305008e-02   -3.9589428913e-09
  39.2600000   -1.2719258019e-02   -4.8011108428e-10    2.7743262759e-03    1.6488651320e-08    1.6169082282e-02   -5.8445391920e-09
  39.3100000   -1.2855534966e-02   -5.3447062079e-09    2.5792825961e-03    1.1784506129e-08    1.6078048921e-02   -5.7990408299e-09
  39.3600000   -1.2995377460e-02   -7.4202106708e-09    2.3774339238e-03    6.4091047512e-09    1.5987124621e-02   -3.6309392806e-09
  39.4100000   -1.3133215943e-02   -5.6225403461e-09    2.1704621774e-03    2.3186767462e-09    1.5894709472e-02    4.1457735925e-11
  39.4600000   -1.3263582743e-02   -9.8596167849e-10    1.9616789669e-03    8.2642158591e-10    1.5799137457e-02    3.9423604287e-09
  39.5100000   -1.3384006677e-02    3.8669638713e-09    1.7546239115e-03    2.2618891771e-09    1.5699130840e-02    6.5870083282e-09
  39.5600000   -1.3496358528e-02    6.2733747334e-09    1.5518936454e-03    6.0364621659e-09    1.5594144465e-02    6.8708008074e-09
  39.6100000   -1.3605871375e-02    5.1124201759e-09    1.3545978738e-03    1.0892684587e-08    1.5484524962e-02    4.5596300621e-09
  39.6600000   -1.3718338086e-02    1.3561869633e-09    1.1623760499e-03    1.5210474162e-08    1.5371451337e-02    4.5702226056e-10
  39.7100000   -1.3837013696e-02   -2.7224070498e-09    9.7369207778e-04    1.7408620849e-08    1.5256663326e-02   -3.8566254049e-09
  39.7600000   -1.3960916994e-02   -5.0147691168e-09    7.8623201976e-04    1.6484757284e-08    1.5142023308e-02   -6.6376146031e-09
  39.8100000   -1.4085434119e-02   -4.6553576880e-09    5.9742209763e-04    1.2550118834e-08    1.5028998532e-02   -6.7068791535e-09
  39.8600000   -1.4204848994e-02   -2.1394369024e-09    4.0509514496e-04    7.0331699135e-09    1.4918188212e-02   -3.9829940455e-09
  39.9100000   -1.4315398049e-02    1.2646182576e-09    2.0815081187e-04    2.2804521362e-09    1.4809039613e-02    4.2680975521e-10
  39.9600000   -1.4417220892e-02    4.1574420349e-09    6.9100448522e-06    6.0150812314e-10    1.4699878195e-02    4.6471936195e-09
  40.0100000   -1.4514223738e-02    5.3592718970e-09   -1.9703665808e-04    3.1793796672e-09    1.4588306052e-02    6.8143792369e-09
  40.0600000   -1.4611992522e-02    4.1485629190e-09   -4.0139844274e-04    9.4187027540e-09    1.4471907420e-02    5.8937279990e-09
  40.1100000   -1.4714886634e-02    6.5377613488e-10   -6.0386333550e-04    1.7104038245e-08    1.4349073569e-02    2.1767027406e-09
  40.1600000   -1.4823823202e-02   -3.7843192384e-09   -8.0262337570e-04    2.3316445289e-08    1.4219673322e-02   -2.7806895990e-09
  40.2100000   -1.4935865521e-02   -6.8567457248e-09   -9.9670435810e-04    2.5670385732e-08    1.4085298534e-02   -6.7820256152e-09
  40.2600000   -1.5045777964e-02   -6.4427177307e-09   -1.1861965895e-03    2.3299644106e-08    1.3948926624e-02   -7.9317185317e-09
  40.3100000   -1.5148695014e-02   -2.1377806694e-09   -1.3723824244e-03    1.7177532127e-08    1.3814040090e-02   -5.4933900888e-09
  40.3600000   -1.5242501708e-02    4.0106542466e-09   -1.5575583924e-03    9.6813111517e-09    1.3683458007e-02   -2.8097312008e-10
  40.4100000   -1.5328726146e-02    8.4001195448e-09   -1.7443518693e-03    3.6297169222e-09    1.3558279459e-02    5.6139023651e-09
  40.4600000   -1.5411578646e-02    8.0704847185e-09   -1.9346556639e-03    1.2094764800e-09    1.3437343233e-02    9.6694701617e-09
  40.5100000   -1.5495756698e-02    2.7753453681e-09   -2.1287124117e-03    3.2114112572e-09    1.3317452751e-02    1.0008579745e-08
  40.5600000   -1.5584217910e-02   -4.5800613101e-09   -2.3249658370e-03    8.8407220027e-09    1.3194346771e-02    6.2377590132e-09
  40.6100000   -1.5677017727e-02   -9.5769717615e-09   -2.5208762204e-03    1.6118150859e-08    1.3064113359e-02   -3.2482874921e-10
  40.6600000   -1.5771649036e-02   -9.0126947772e-09   -2.7142419189e-03    2.2657333250e-08    1.2924559660e-02   -7.1497739913e-09
  40.7100000   -1.5864532620e-02   -2.9811063382e-09   -2.9042013903e-03    2.6486755770e-08    1.2776042173e-02   -1.1524107672e-08
  40.7600000   -1.5952810514e-02    5.0384367113e-09   -3.0913301761e-03    2.6628530874e-08    1.2621442346e-02   -1.1669814817e-08
  40.8100000   -1.6035570423e-02    1.0193843862e-08   -3.2769113450e-03    2.3296469848e-08    1.2465275861e-02   -7.4727618274e-09
  40.8600000   -1.6113994938e-02    9.2112980344e-09   -3.4620098147e-03    1.7728411833e-08    1.2312235917e-02   -5.1265532473e-10
  40.9100000   -1.6190464439e-02    2.5208273840e-09   -3.6469984921e-03    1.1745858188e-08    1.2165672373e-02    6.6060286937e-09
  40.9600000   -1.6267123625e-02   -5.8098958902e-09   -3.8317142218e-03    7.1501651025e-09    1.2026525228e-02    1.1316655748e-08
  41.0100000   -1.6344671588e-02   -1.0470902347e-08   -4.0159064818e-03    5.0903417904e-09    1.1893060965e-02    1.2079436864e-08
  41.0600000   -1.6422036412e-02   -8.3104198256e-09   -4.1995052542e-03    5.6054691480e-09    1.1761473331e-02    8.8854046679e-09
  41.1100000   -1.6497140090e-02   -5.8629853164e-10   -4.3825217836e-03    7.5879775218e-09    1.1627116071e-02    3.1035180787e-09
  41.1600000   -1.6568327525e-02    7.5975869231e-09   -4.5647851370e-03    9.3110410482e-09    1.1485939404e-02   -3.1964909295e-09
  41.2100000   -1.6635576373e-02    1.0584463119e-08   -4.7458518721e-03    9.3791432999e-09    1.1335665659e-02   -8.0928350504e-09
  41.2600000   -1.6700661422e-02    6.1190935415e-09   -4.9252304365e-03    7.6309935399e-09    1.1176360403e-02   -1.0444471848e-08
  41.3100000   -1.6766075149e-02   -2.8468190282e-09   -5.1027609459e-03    5.4070993660e-09    1.1010276103e-02   -1.0076019167e-08
  41.3600000   -1.6833353162e-02   -1.0013186911e-08   -5.2788592794e-03    4.8676559544e-09    1.0841080403e-02   -7.5351034029e-09
  41.4100000   -1.6901937188e-02   -1.0152717686e-08   -5.4544482779e-03    7.6237454599e-09    1.0672752387e-02   -3.6527041834e-09
  41.4600000   -1.6969425609e-02   -2.9630909927e-09   -5.6306151500e-03    1.3474676222e-08    1.0508492513e-02    8.0442176448e-10
  41.5100000   -1.7033130209e-02    6.5570494831e-09   -5.8081692190e-03    2.0122200152e-08    1.0349943695e-02    5.2152557526e-09
  41.5600000   -1.7091900267e-02    1.1626765952e-08   -5.9872724798e-03    2.4214616293e-08    1.0196895774e-02    8.9562014072e-09
  41.6100000   -1.7146904588e-02    8.5852037969e-09   -6.1672520637e-03    2.3228036174e-08    1.0047493860e-02    1.1232984025e-08
  41.6600000   -1.7200745054e-02   -4.3883053783e-10   -6.3466592753e-03    1.7070418819e-08    9.8988398453e-03    1.1129977278e-08
  41.7100000   -1.7255480062e-02   -9.0748132771e-09   -6.5236091645e-03    8.3607196124e-09    9.7477958145e-03    7.9710745585e-09
  41.7600000   -1.7310992707e-02   -1.1322385004e-08   -6.6963609741e-03    1.1110956715e-09    9.5917770107e-03    1.8532373065e-09
  41.8100000   -1.7364966302e-02   -5.8176454610e-09   -6.8639744277e-03   -1.4504035633e-09    9.4293519358e-03   -5.9667903712e-09
  41.8600000   -1.7414583330e-02    3.3325686719e-09   -7.0267771154e-03    1.3887843983e-09    9.2605305685e-03   -1.3158060697e-08
  41.9100000   -1.7458756720e-02    9.6466928697e-09   -7.1864011632e-03    7.5726964238e-09    9.0866993852e-03   -1.6998660624e-08
  41.9600000   -1.7499233815e-02    8.9336708195e-09   -7.3453131301e-03    1.3595632285e-08    8.9102379778e-03   -1.5464800621e-08
  42.0100000   -1.7539693243e-02    2.1384961794e-09   -7.5059877044e-03    1.6516170963e-08    8.7339151585e-03   -8.2646897009e-09
  42.0600000   -1.7583434484e-02   -5.5700898428e-09   -7.6700418768e-03    1.5433006483e-08    8.5602047592e-03    2.7072859351e-09
  42.1100000   -1.7631309978e-02   -8.6538184406e-09   -7.8376724086e-03    1.1642656870e-08    8.3906775021e-03    1.3816718553e-08
  42.1600000   -1.7681342240e-02   -5.1513592817e-09   -8.0076198710e-03    7.5906382818e-09    8.2256119109e-03    2.0961622819e-08
  42.2100000   -1.7730164434e-02    2.0658926013e-09   -8.1776674129e-03    5.4211351392e-09    8.0639237745e-03    2.1194272712e-08
  42.2600000   -1.7775072126e-02    7.5088961480e-09   -8.3454536799e-03    6.0016998804e-09    7.9034445052e-03    1.4005380059e-08
  42.3100000   -1.7815160613e-02    7.0864214525e-09   -8.5092372935e-03    8.8145518978e-09    7.7414947713e-03    1.6829720655e-09
  42.3600000   -1.7850951814e-02    1.0480799096e-09   -8.6682832210e-03    1.2505590908e-08    7.5756187930e-03   -1.1462554141e-08
  42.4100000   -1.7883234825e-02   -6.2027395927e-09   -8.8227616566e-03    1.5595875228e-08    7.4042886566e-03   -2.0724745911e-08
  42.4600000   -1.7912387841e-02   -9.2672820901e-09   -8.9733450349e-03    1.6990008749e-08    7.2273775947e-03   -2.2818150356e-08
  42.5100000   -1.7938772047e-02   -5.6453156627e-09   -9.1208610193e-03    1.6219813858e-08    7.0462480315e-03   -1.7135276948e-08
  42.5600000   -1.7963573008e-02    2.3899933968e-09   -9.2662651013e-03    1.3529690251e-08    6.8634000174e-03   -5.9318676025e-09
  42.6100000   -1.7988901603e-02    9.2931940112e-09   -9.4108819562e-03    9.8444027491e-09    6.6817553127e-03    6.6136696408e-09
  42.6600000   -1.8016643382e-02    1.0118228543e-08   -9.5565651797e-03    6.5271290175e-09    6.5037736721e-03    1.6051891034e-08
  42.7100000   -1.8046865759e-02    4.0586789800e-09   -9.7053966117e-03    4.8619810767e-09    6.3306687023e-03    1.9335261495e-08
  42.7600000   -1.8077285100e-02   -4.8732446306e-09   -9.8588542006e-03    5.4210256868e-09    6.1619800545e-03    1.5850634759e-08
  42.8100000   -1.8104590284e-02   -1.0582304452e-08   -1.0016820991e-02    7.6932766111e-09    5.9956606888e-03    7.4502160887e-09
  42.8600000   -1.8126820042e-02   -9.1637327130e-09   -1.0177059696e-02    1.0308345889e-08    5.8286775665e-03   -2.4523197768e-09
  42.9100000   -1.8144901768e-02   -1.6812602071e-09   -1.0335627541e-02    1.1829165817e-08    5.6579521760e-03   -1.0288932600e-08
  42.9600000   -1.8161944797e-02    6.5785054696e-09   -1.0488219754e-02    1.1656731462e-08    5.4813438417e-03   -1.3657523663e-08
  43.0100000   -1.8180665848e-02    9.8891509760e-09   -1.0631899327e-02    1.0436664665e-08    5.2983512970e-03   -1.2058231178e-08
  43.0600000   -1.8200948707e-02    6.1862241190e-09   -1.0766411996e-02    9.6472069469e-09    5.1102922083e-03   -6.8280022952e-09
  43.1100000   -1.8219585829e-02   -1.5130782164e-09   -1.0894442140e-02    1.0603466849e-08    4.9198918079e-03   -3.9006014254e-10
  43.1600000   -1.8232579901e-02   -7.4288710476e-09   -1.1020644278e-02    1.3531609085e-08    4.7304126567e-03    4.8131468833e-09
  43.2100000   -1.8238312947e-02   -7.3530396695e-09   -1.1149838951e-02    1.7332679762e-08    4.5446165466e-03    7.2526937005e-09
  43.2600000   -1.8239113185e-02   -1.7447401218e-09   -1.1285132790e-02    2.0187741081e-08    4.3639082675e-03    6.7608852824e-09
  43.3100000   -1.8239931338e-02    4.7489330139e-09   -1.1426755300e-02    2.0592660412e-08    4.1879463374e-03    4.3680108285e-09
  43.3600000   -1.8245057789e-02    6.9645721527e-09   -1.1572093575e-02    1.8158331582e-08    4.0148399351e-03    1.6566363586e-09
  43.4100000   -1.8255313181e-02    3.2493672216e-09   -1.1716884975e-02    1.3724742471e-08    3.8418442269e-03   -5.1087207999e-11
  43.4600000   -1.8267756342e-02   -3.2779983537e-09   -1.1857020130e-02    8.8307704065e-09    3.6662941830e-03   -3.0474735249e-10
  43.5100000   -1.8278010679e-02   -7.2147503454e-09   -1.1990144470e-02    4.9750958758e-09    3.4864432709e-03    3.3450272128e-10
  43.5600000   -1.8283354069e-02   -5.1738523906e-09   -1.2116360813e-02    3.1324680680e-09    3.3019243419e-03    6.8453183904e-10
  43.6100000   -1.8284249856e-02    1.4683826891e-09   -1.2237788380e-02    3.6878160257e-09    3.1137039135e-03   -3.2133695833e-10
  43.6600000   -1.8283315405e-02    7.5526105561e-09   -1.2357305531e-02    6.6000400799e-09    2.9235963188e-03   -2.9110254872e-09
  43.7100000   -1.8282740898e-02    8.1271236458e-09   -1.2477191469e-02    1.1493036464e-08    2.7335634209e-03   -6.1458953808e-09
  43.7600000   -1.8282307175e-02    2.3739619123e-09   -1.2598365528e-02    1.7551203788e-08    2.5450866387e-03   -8.2143658798e-09
  43.8100000   -1.8279572816e-02   -5.5971552196e-09   -1.2720506459e-02    2.3382369612e-08    2.3588396798e-03   -7.2865704157e-09
  43.8600000   -1.8272023862e-02   -9.7752946156e-09   -1.2842772122e-02    2.7140073852e-08    2.1747414984e-03   -2.5713571781e-09
  43.9100000   -1.8259421254e-02   -6.8404057166e-09   -1.2964495664e-02    2.7053114074e-08    1.9922967334e-03    4.9473690989e-09
  43.9600000   -1.8244440104e-02    1.1902703666e-09   -1.3085343715e-02    2.2210075771e-08    1.8110118506e-03    1.2545884867e-08
  44.0100000   -1.8231043199e-02    8.3603630361e-09   -1.3204912520e-02    1.3216788952e-08    1.6306617241e-03    1.6705003920e-08
  44.0600000   -1.8221794667e-02    9.2559775695e-09   -1.3322247486e-02    2.3434219265e-09    1.4512773677e-03    1.4664123788e-08
  44.1100000   -1.8216131828e-02    3.1968460850e-09   -1.3435893883e-02   -7.0118855208e-09    1.2728837817e-03    5.9250265210e-09
  44.1600000   -1.8210866693e-02   -5.1316860426e-09   -1.3544684112e-02   -1.1426491941e-08    1.0951598519e-03   -7.0453706147e-09
  44.2100000   -1.8202484546e-02   -9.2278119499e-09   -1.3648813584e-02   -8.7703108821e-09    9.1724785339e-04   -1.9396337917e-08
  44.2600000   -1.8189471303e-02   -5.8682204457e-09   -1.3750364520e-02    7.4527009577e-10    7.3787659081e-04   -2.5695063831e-08
  44.3100000   -1.8172951988e-02    2.2383013018e-09   -1.3852667628e-02    1.4264597470e-08    5.5580516912e-04   -2.2288101120e-08
  44.3600000   -1.8155289347e-02    8.4773498072e-09   -1.3958650453e-02    2.7030697891e-08    3.7041727035e-04   -9.2016477673e-09
  44.4100000   -1.8137884322e-02    7.6124239989e-09   -1.4069086216e-02    3.4091549704e-08    1.8218670050e-04    9.3596155923e-09
  44.4600000   -1.8119990724e-02    1.5948123561e-10   -1.4181854934e-02    3.2386581654e-08   -7.2454465311e-06    2.6319254074e-08
  44.5100000   -1.8099477397e-02   -7.8149453986e-09   -1.4292773167e-02    2.2267525303e-08   -1.9549120397e-04    3.4459304251e-08
  44.5600000   -1.8074864560e-02   -9.5509816253e-09   -1.4397595540e-02    7.5876120622e-09   -3.8022261266e-04    2.9502758449e-08
  44.6100000   -1.8046917624e-02   -3.2778285519e-09   -1.4494082301e-02   -5.8802044310e-09   -5.6006264989e-04    1.2216110395e-08
  44.6600000   -1.8018432140e-02    6.0481368729e-09   -1.4583023198e-02   -1.3032906046e-08   -7.3518748607e-04   -1.1475332525e-08
  44.7100000   -1.7992299434e-02    1.0651230395e-08   -1.4667769556e-02   -1.1734778824e-08   -9.0735955153e-04   -3.2561547952e-08
  44.7600000   -1.7969335517e-02    6.4507177543e-09   -1.4752676496e-02   -3.6086622533e-09   -1.0793347231e-03   -4.2465058166e-08
  44.8100000   -1.7947577055e-02   -3.2822837801e-09   -1.4841349760e-02    7.0681976218e-09   -1.2538499711e-03   -3.6583442569e-08
  44.8600000   -1.7923628632e-02   -1.0420383462e-08   -1.4935491017e-02    1.5681889093e-08   -1.4325856529e-03   -1.6360373120e-08
  44.9100000   -1.7895072838e-02   -8.7614690838e-09   -1.5034630161e-02    1.9490329585e-08   -1.6155237537e-03    1.1040817112e-08
  44.9600000   -1.7862150938e-02    5.7862093022e-10   -1.5136535697e-02    1.8575499183e-08   -1.8009721464e-03    3.5398643837e-08
  45.0100000   -1.7827482644e-02    9.8709133188e-09   -1.5237915057e-02    1.5223400943e-08   -1.9862552059e-03    4.7386601822e-08
  45.0600000   -1.7794056514e-02    1.1168550322e-08   -1.5335161609e-02    1.2322220378e-08   -2.1687953663e-03    4.2226302447e-08
  45.1100000   -1.7762972161e-02    3.0480870604e-09   -1.5425130932e-02    1.1791120595e-08   -2.3471454014e-03    2.1570085553e-08
  45.1600000   -1.7732555375e-02   -8.0642338013e-09   -1.5505978863e-02    1.3818787850e-08   -2.5215482313e-03   -7.1248937138e-09
  45.2100000   -1.7699458479e-02   -1.3167224107e-08   -1.5577917549e-02    1.7079273193e-08   -2.6937941999e-03   -3.3447025686e-08
  45.2600000   -1.7660971119e-02   -8.1036827544e-09   -1.5643530672e-02    1.9556243827e-08   -2.8664350526e-03   -4.7945026707e-08
  45.3100000   -1.7616965798e-02    3.1265771078e-09   -1.5707290483e-02    1.9441362375e-08   -3.0416791489e-03   -4.5574027198e-08
  45.3600000   -1.7570178516e-02    1.1820066870e-08   -1.5774231591e-02    1.5748741027e-08   -3.2204240350e-03   -2.7395064267e-08
  45.4100000   -1.7524632262e-02    1.1674988974e-08   -1.5848195241e-02    8.5709665183e-09   -3.4018266880e-03    1.1730723970e-11
  45.4600000   -1.7483206565e-02    3.5274380062e-09   -1.5930357339e-02   -9.3073151669e-10   -3.5835924255e-03    2.7070394575e-08
  45.5100000   -1.7445895831e-02   -5.9634963835e-09   -1.6018681852e-02   -1.0714243905e-08   -3.7628712167e-03    4.4639604027e-08
  45.5600000   -1.7409865761e-02   -1.0070620415e-08   -1.6108539769e-02   -1.8218250079e-08   -3.9374041179e-03    4.7089742756e-08
  45.6100000   -1.7371277922e-02   -7.0744104746e-09   -1.6194247905e-02   -2.0928281573e-08   -4.1064615427e-03    3.4010832534e-08
  45.6600000   -1.7327706314e-02   -6.6920859733e-10   -1.6270961036e-02   -1.7114332305e-08   -4.2711978500e-03    1.0101013690e-08
  45.7100000   -1.7279556309e-02    3.9311646789e-09   -1.6336282155e-02   -6.5721324143e-09   -4.4342777358e-03   -1.6578158486e-08
  45.7600000   -1.7229536988e-02    4.3187273489e-09   -1.6391072418e-02    8.9189318314e-09   -4.5989152105e-03   -3.7308068762e-08
  45.8100000   -1.7180567088e-02    2.0353504462e-09   -1.6439162814e-02    2.5728936064e-08   -4.7676921854e-03   -4.5494954725e-08
  45.8600000   -1.7133618484e-02    2.1309862141e-10   -1.6485987885e-02    3.9264820951e-08   -4.9416036658e-03   -3.8701156083e-08
  45.9100000   -1.7087080060e-02    4.1736726554e-10   -1.6536577023e-02    4.5466628112e-08   -5.1196829926e-03   -1.9361540783e-08
  45.9600000   -1.7038122873e-02    1.5787617831e-09   -1.6593712203e-02    4.2396129443e-08   -5.2993349482e-03    6.0052992496e-09
  46.0100000   -1.6985028894e-02    1.5448184424e-09   -1.6657113382e-02    3.1180664965e-08   -5.4772382417e-03    2.8875453928e-08
  46.0600000   -1.6928668061e-02   -5.9964246990e-10   -1.6724050793e-02    1.5717830293e-08   -5.6504752590e-03    4.1501274156e-08
  46.1100000   -1.6871927027e-02   -3.6181943027e-09   -1.6790973255e-02    1.0969551743e-09   -5.8174801614e-03    3.9554891799e-08
  46.1600000   -1.6817484103e-02   -5.1855439707e-09   -1.6855115405e-02   -8.5875571339e-09   -5.9784838850e-03    2.3745130118e-08
  46.2100000   -1.6765655714e-02   -3.7636857901e-09   -1.6915126777e-02   -1.1910893976e-08   -6.1353335404e-03   -2.4441497218e-10
  46.2600000   -1.6714032027e-02    2.4961404093e-10   -1.6970574711e-02   -1.0349079638e-08   -6.2907919188e-03   -2.3633112411e-08
  46.3100000   -1.6659239692e-02    4.7456870126e-09   -1.7021101488e-02   -6.9406189627e-09   -6.4475937029e-03   -3.7707232274e-08
  46.3600000   -1.6599492139e-02    7.1138984383e-09   -1.7066263223e-02   -4.2122952328e-09   -6.6075917483e-03   -3.7165441998e-08
  46.4100000   -1.6535946366e-02    5.6800454404e-09   -1.7106360047e-02   -2.6809166992e-09   -6.7712615616e-03   -2.2328891875e-08
  46.4600000   -1.6471799889e-02    7.5881955690e-10   -1.7143458732e-02   -8.7368917362e-10   -6.9376833682e-03    7.8461826774e-10
  46.5100000   -1.6409818675e-02   -5.1675183248e-09   -1.7181330094e-02    3.2014133571e-09   -7.1049529182e-03    2.2725808373e-08
  46.5600000   -1.6350209551e-02   -8.5192816307e-09   -1.7223745847e-02    1.0187324462e-08   -7.2708452168e-03    3.4434281226e-08
  46.6100000   -1.6290487795e-02   -6.7673663637e-09   -1.7272026901e-02    1.8441356848e-08   -7.4335044058e-03    3.1079741633e-08
  46.6600000   -1.6227450905e-02   -4.9418962036e-10   -1.7323679355e-02    2.4727992784e-08   -7.5919586240e-03    1.4253577659e-08
  46.7100000   -1.6159742149e-02    6.3545745395e-09   -1.7373445747e-02    2.6123134319e-08   -7.7463352270e-03   -8.5499673341e-09
  46.7600000   -1.6089018985e-02    8.8601780224e-09   -1.7416365006e-02    2.1877197043e-08   -7.8977448818e-03   -2.7079307700e-08
  46.8100000   -1.6018793043e-02    4.8717155189e-09   -1.7450811721e-02    1.3992289764e-08   -8.0478860212e-03   -3.2821914390e-08
  46.8600000   -1.5951790505e-02   -2.8252847374e-09   -1.7479349692e-02    6.1084600237e-09   -8.1984819024e-03   -2.2889065569e-08
  46.9100000   -1.5887844323e-02   -8.1521060558e-09   -1.7506804207e-02    1.3941660036e-09   -8.3506997224e-03   -1.5019765823e-09
  46.9600000   -1.5823967391e-02   -6.4664216114e-09   -1.7537026504e-02    7.7347133479e-10   -8.5047143868e-03    2.1697354552e-08
  47.0100000   -1.5756602233e-02    1.2707518050e-09   -1.7570726380e-02    2.5939335645e-09   -8.6595618902e-03    3.5867531296e-08
  47.0600000   -1.5684335954e-02    8.6565099069e-09   -1.7605764008e-02    3.9144299930e-09   -8.8133683336e-03    3.3890682427e-08
  47.0700000   -1.5669404168e-02    9.4189132027e-09   -1.7612665681e-02    3.8929400810e-09   -8.8438083448e-03    3.1417625233e-08
  47.0800000   -1.5654369120e-02    9.8350461919e-09   -1.7619482222e-02    3.7490971337e-09   -8.8741004258e-03    2.8312764288e-08
  47.0900000   -1.5639260714e-02    9.8792935281e-09   -1.7626197404e-02    3.4795385227e-09   -8.9042287336e-03    2.4627236406e-08
  47.1000000   -1.5624109959e-02    9.5390055936e-09   -1.7632798162e-02    3.0854088170e-09   -8.9341787501e-03    2.0423461941e-08
  47.1100000   -1.5608947876e-02    8.8152948629e-09   -1.7639274679e-02    2.5723790923e-09   -8.9639375443e-03    1.5774077286e-08
  47.1200000   -1.5593804398e-02    7.7234250142e-09   -1.7645620315e-02    1.9505426259e-09   -8.9934940186e-03    1.0760642959e-08
  47.1300000   -1.5578707305e-02    6.2925750594e-09   -1.7651831403e-02    1.2341712057e-09   -9.0228391371e-03    5.4722145291e-09
  47.1400000   -1.5563681228e-02    4.5651740325e-09   -1.7657906916e-02    4.4137862785e-10   -9.0519661296e-03    3.7450270456e-12
  47.1500000   -1.5548746766e-02    2.5957539250e-09   -1.7663848030e-02   -4.0633115211e-10   -9.0808706685e-03   -5.5456446049e-09
  47.1600000   -1.5533919740e-02    4.4932725287e-10   -1.7669657610e-02   -1.2845987022e-09   -9.1095510157e-03   -1.1074447293e-08
  47.1700000   -1.5519210615e-02   -1.8007136765e-09   -1.7675339638e-02   -2.1668858418e-09   -9.1380081340e-03   -1.6480641592e-08
  47.1800000   -1.5504624108e-02   -4.0749580476e-09   -1.7680898623e-02   -3.0250577537e-09   -9.1662457617e-03   -2.1663572873e-08
  47.1900000   -1.5490159002e-02   -6.2906913401e-09   -1.7686339013e-02   -3.8302002631e-09   -9.1942704480e-03   -2.6525809882e-08
  47.2000000   -1.5475808175e-02   -8.3647093819e-09   -1.7691664647e-02   -4.5533386680e-09   -9.2220915453e-03   -3.0974963068e-08
  47.2100000   -1.5461558834e-02   -1.0216352875e-08   -1.7696878261e-02   -5.1662157932e-09   -9.2497211600e-03   -3.4925428512e-08
  47.2200000   -1.5447392963e-02   -1.1770391739e-08   -1.7701981094e-02   -5.6420198139e-09   -9.2771740579e-03   -3.8299992483e-08
  47.2300000   -1.5433287959e-02   -1.2959931678e-08   -1.7706972594e-02   -5.9561401196e-09   -9.3044675264e-03   -4.1031323233e-08
  47.2400000   -1.5419217440e-02   -1.3728953123e-08   -1.7711850246e-02   -6.0867884337e-09   -9.3316211934e-03   -4.3063259127e-08
  47.2500000   -1.5405152199e-02   -1.4034694758e-08   -1.7716609542e-02   -6.0156576585e-09   -9.3586568029e-03   -4.4351916010e-08
  47.2600000   -1.5391061264e-02   -1.3849510447e-08   -1.7721244081e-02   -5.7283638163e-09   -9.3855979525e-03   -4.4866559522e-08
  47.2700000   -1.5376913038e-02   -1.3162268517e-08   -1.7725745808e-02   -5.2149303763e-09   -9.4124697916e-03   -4.4590272209e-08
  47.2800000   -1.5362676471e-02   -1.1979287580e-08   -1.7730105382e-02   -4.4700908172e-09   -9.4392986870e-03   -4.3520333527e-08
  47.2900000   -1.5348322223e-02   -1.0324604658e-08   -1.7734312656e-02   -3.4934760881e-09   -9.4661118585e-03   -4.1668361305e-08
  47.3000000   -1.5333823778e-02   -8.2396446414e-09   -1.7738357254e-02   -2.2897323892e-09   -9.4929369896e-03   -3.9060181669e-08
  47.3100000   -1.5319158475e-02   -5.7822683063e-09   -1.7742229216e-02   -8.6843818884e-10   -9.5198018181e-03   -3.5735459829e-08
  47.3200000   -1.5304308401e-02   -3.0252974502e-09   -1.7745919685e-02    7.5599519856e-10   -9.5467337138e-03   -3.1747052379e-08
  47.3300000   -1.5289261133e-02   -5.4382807062e-11   -1.7749421615e-02    2.5645870992e-09   -9.5737592482e-03   -2.7160121728e-08
  47.3400000   -1.5274010286e-02    3.0345901097e-09   -1.7752730453e-02    4.5342120551e-09   -9.6009037631e-03   -2.2051025985e-08
  47.3500000   -1.5258555850e-02    6.1385447111e-09   -1.7755844777e-02    6.6380100537e-09   -9.6281909458e-03   -1.6506008608e-08
  47.3600000   -1.5242904308e-02    9.1504839079e-09   -1.7758766850e-02    8.8459656140e-09   -9.6556424163e-03   -1.0619681143e-08
  47.3700000   -1.5227068513e-02    1.1963201605e-08   -1.7761503074e-02    1.1125512709e-08   -9.6832773350e-03   -4.4933671969e-09
  47.3800000   -1.5211067345e-02    1.4472854958e-08   -1.7764064302e-02    1.3442213737e-08   -9.7111120368e-03    1.7666818529e-09
  47.3900000   -1.5194925141e-02    1.6582696489e-08   -1.7766466014e-02    1.5760462646e-08   -9.7391596986e-03    8.0511917958e-09
  47.4000000   -1.5178670925e-02    1.8206586775e-08   -1.7768728314e-02    1.8044221935e-08   -9.7674300459e-03    1.4249792186e-08
  47.4100000   -1.5162337462e-02    1.9272250692e-08   -1.7770875763e-02    2.0257737553e-08   -9.7959291056e-03    2.0253019270e-08
  47.4200000   -1.5145960164e-02    1.9724213387e-08   -1.7772937033e-02    2.2366278671e-08   -9.8246590088e-03    2.5954252486e-08
  47.4300000   -1.5129575887e-02    1.9526132477e-08   -1.7774944394e-02    2.4336776455e-08   -9.8536178489e-03    3.1251651338e-08
  47.4400000   -1.5113221663e-02    1.8662633846e-08   -1.7776933045e-02    2.6138507171e-08   -9.8827995989e-03    3.6049995545e-08
  47.4500000   -1.5096933402e-02    1.7140431573e-08   -1.7778940299e-02    2.7743595549e-08   -9.9121940904e-03    4.0262408638e-08
  47.4600000   -1.5080744627e-02    1.4988788843e-08   -1.7781004656e-02    2.9127563447e-08   -9.9417870564e-03    4.3811936219e-08
  47.4700000   -1.5064685260e-02    1.2259133918e-08   -1.7783164789e-02    3.0269730769e-08   -9.9715602394e-03    4.6632949086e-08
  47.4800000   -1.5048780529e-02    9.0240266552e-09   -1.7785458468e-02    3.1153498362e-08   -1.0001491564e-02    4.8672366805e-08
  47.4900000   -1.5033050012e-02    5.3752928122e-09   -1.7787921468e-02    3.1766599741e-08   -1.0031555372e-02    4.9890617362e-08
  47.5000000   -1.5017506875e-02    1.4214891646e-09   -1.7790586491e-02    3.2101225791e-08   -1.0061722722e-02    5.0262394628e-08
  47.5100000   -1.5002157308e-02   -2.7152501653e-09   -1.7793482130e-02    3.2154047687e-08   -1.0091961746e-02    4.9777150223e-08
  47.5200000   -1.4987000199e-02   -6.9029469775e-09   -1.7796631934e-02    3.1926123496e-08   -1.0122238055e-02    4.8439312962e-08
  47.5300000   -1.4972027047e-02   -1.1003932816e-08   -1.7800053574e-02    3.1422784988e-08   -1.0152515202e-02    4.6268245892e-08
  47.5400000   -1.4957222131e-02   -1.4879287893e-08   -1.7803758172e-02    3.0653351064e-08   -1.0182755184e-02    4.3297950948e-08
  47.5500000   -1.4942562912e-02   -1.8393489001e-08   -1.7807749788e-02    2.9630829535e-08   -1.0212918973e-02    3.9576479898e-08
  47.5600000   -1.4928020675e-02   -2.1419028544e-08   -1.7812025107e-02    2.8371572952e-08   -1.0242967085e-02    3.5165142787e-08
  47.5700000   -1.4913561379e-02   -2.3840921167e-08   -1.7816573320e-02    2.6894834612e-08   -1.0272860162e-02    3.0137426491e-08
  47.5800000   -1.4899146688e-02   -2.5560881886e-08   -1.7821376218e-02    2.5222276681e-08   -1.0302559563e-02    2.4577738881e-08
  47.5900000   -1.4884735154e-02   -2.6501111313e-08   -1.7826408489e-02    2.3377549784e-08   -1.0332027964e-02    1.8579911706e-08
  47.6000000   -1.4870283506e-02   -2.6607483654e-08   -1.7831638221e-02    2.1385766939e-08   -1.0361229940e-02    1.2245606673e-08
  47.6100000   -1.4855748008e-02   -2.5851994122e-08   -1.7837027574e-02    1.9272993110e-08   -1.0390132535e-02    5.6825077093e-09
  47.6200000   -1.4841085834e-02   -2.4234380873e-08   -1.7842533636e-02    1.7065847721e-08   -1.0418705803e-02   -9.9754177326e-10
  47.6300000   -1.4826256419e-02   -2.1782999394e-08   -1.7848109397e-02    1.4790960311e-08   -1.0446923313e-02   -7.6805185365e-09
  47.6400000   -1.4811222741e-02   -1.8554597503e-08   -1.7853704844e-02    1.2474603272e-08   -1.0474762607e-02   -1.4252179969e-08
  47.6500000   -1.4795952487e-02   -1.4633235880e-08   -1.7859268127e-02    1.0142328360e-08   -1.0502205610e-02   -2.0600085480e-08
  47.6600000   -1.4780419071e-02   -1.0128236518e-08   -1.7864746763e-02    7.8186436547e-09   -1.0529238972e-02   -2.6615543578e-08
  47.6700000   -1.4764602463e-02   -5.1712224821e-09   -1.7870088846e-02    5.5266900780e-09   -1.0555854348e-02   -3.2195523980e-08
  47.6800000   -1.4748489814e-02    8.7641116696e-11   -1.7875244227e-02    3.2880561913e-09   -1.0582048604e-02   -3.7244419254e-08
  47.6900000   -1.4732075839e-02    5.4841938213e-09   -1.7880165626e-02    1.1226258596e-09   -1.0607823949e-02   -4.1675744246e-08
  47.7000000   -1.4715362975e-02    1.0845302293e-08   -1.7884809654e-02   -9.5157736050e-10   -1.0633187977e-02   -4.5413602850e-08
  47.7100000   -1.4698361277e-02    1.5994441351e-08   -1.7889137703e-02   -2.9183977346e-09   -1.0658153640e-02   -4.8394012701e-08
  47.7200000   -1.4681088093e-02    2.0757446196e-08   -1.7893116705e-02   -4.7636642974e-09   -1.0682739129e-02   -5.0565999508e-08
  47.7300000   -1.4663567494e-02    2.4968414273e-08   -1.7896719721e-02   -6.4750651021e-09   -1.0706967675e-02   -5.1892450180e-08
  47.7400000   -1.4645829520e-02    2.8475433575e-08   -1.7899926359e-02   -8.0421836464e-09   -1.0730867272e-02   -5.2350765845e-08
  47.7500000   -1.4627909233e-02    3.1146011618e-08   -1.7902723021e-02   -9.4563783243e-09   -1.0754470320e-02   -5.1933205254e-08
  47.7600000   -1.4609845636e-02    3.2872011941e-08   -1.7905102968e-02   -1.0710715444e-08   -1.0777813198e-02   -5.0647001137e-08
  47.7700000   -1.4591680481e-02    3.3573924694e-08   -1.7907066216e-02   -1.1799866460e-08   -1.0800935772e-02   -4.8514204160e-08
  47.7800000   -1.4573457016e-02    3.3204202232e-08   -1.7908619284e-02   -1.2719998619e-08   -1.0823880841e-02   -4.5571262544e-08
  47.7900000   -1.4555218706e-02    3.1749713214e-08   -1.7909774790e-02   -1.3468678891e-08   -1.0846693530e-02   -4.1868390564e-08
  47.8000000   -1.4537007975e-02    2.9233056134e-08   -1.7910550935e-02   -1.4044763589e-08   -1.0869420653e-02   -3.7468623431e-08
  47.8100000   -1.4518865002e-02    2.5712681882e-08   -1.7910970884e-02   -1.4448320391e-08   -1.0892110025e-02   -3.2446737877e-08
  47.8200000   -1.4500826626e-02    2.1281894557e-08   -1.7911062084e-02   -1.4680580118e-08   -1.0914809772e-02   -2.6887909942e-08
  47.8300000   -1.4482925373e-02    1.6066522520e-08   -1.7910855522e-02   -1.4743848826e-08   -1.0937567611e-02   -2.0886242968e-08
  47.8400000   -1.4465188643e-02    1.0221575699e-08   -1.7910384978e-02   -1.4641481394e-08   -1.0960430146e-02   -1.4543095746e-08
  47.8500000   -1.4447638086e-02    3.9267168847e-09   -1.7909686269e-02   -1.4377847175e-08   -1.0983442169e-02   -7.9653487062e-09
  47.8600000   -1.4430289169e-02   -2.6191610264e-09   -1.7908796524e-02   -1.3958364702e-08   -1.1006645980e-02   -1.2635440429e-09
  47.8700000   -1.4413150955e-02   -9.2041634395e-09   -1.7907753506e-02   -1.3389429201e-08   -1.1030080745e-02    5.4500229243e-09
  47.8800000   -1.4396226083e-02   -1.5610234028e-08   -1.7906594984e-02   -1.2678460487e-08   -1.1053781897e-02    1.2063206278e-08
  47.8900000   -1.4379510953e-02   -2.1620344478e-08   -1.7905358192e-02   -1.1833885298e-08   -1.1077780591e-02    1.8465948722e-08
  47.9000000   -1.4362996104e-02   -2.7025859266e-08   -1.7904079348e-02   -1.0865160712e-08   -1.1102103220e-02    2.4552127369e-08
  47.9100000   -1.4346666755e-02   -3.1633853580e-08   -1.7902793273e-02   -9.7827203592e-09   -1.1126770997e-02    3.0221350099e-08
  47.9200000   -1.4330503492e-02   -3.5273937056e-08   -1.7901533076e-02   -8.5979868070e-09   -1.1151799627e-02    3.5380633125e-08
  47.9300000   -1.4314483080e-02   -3.7804654840e-08   -1.7900329921e-02   -7.3233154298e-09   -1.1177199046e-02    3.9945944470e-08
  47.9400000   -1.4298579350e-02   -3.9118944429e-08   -1.7899212861e-02   -5.9718948231e-09   -1.1202973257e-02    4.3843567020e-08
  47.9500000   -1.4282764148e-02   -3.9148571365e-08   -1.7898208723e-02   -4.5577175984e-09   -1.1229120255e-02    4.7011315350e-08
  47.9600000   -1.4267008298e-02   -3.7867400384e-08   -1.7897342039e-02   -3.0953993470e-09   -1.1255632041e-02    4.9399517366e-08
  47.9700000   -1.4251282548e-02   -3.5293261400e-08   -1.7896635008e-02   -1.6000491272e-09   -1.1282494724e-02    5.0971766305e-08
  47.9800000   -1.4235558472e-02   -3.1488353654e-08   -1.7896107464e-02   -8.7133074748e-11   -1.1309688727e-02    5.1705478705e-08
  47.9900000   -1.4219809298e-02   -2.6558112248e-08   -1.7895776853e-02    1.4277907897e-09   -1.1337189058e-02    5.1592176429e-08
  48.0000000   -1.4204010632e-02   -2.0648627832e-08   -1.7895658196e-02    2.9292422555e-09   -1.1364965686e-02    5.0637544285e-08
  48.0100000   -1.4188141060e-02   -1.3942546277e-08   -1.7895764030e-02    4.4021080089e-09   -1.1392983979e-02    4.8861247213e-08
  48.0200000   -1.4172182620e-02   -6.6536256665e-09   -1.7896104321e-02    5.8318017567e-09   -1.1421205217e-02    4.6296497261e-08
  48.0300000   -1.4156121124e-02    9.7997665426e-10   -1.7896686348e-02    7.2046288980e-09   -1.1449587167e-02    4.2989419035e-08
  48.0400000   -1.4139946326e-02    8.7032859832e-09   -1.7897514553e-02    8.5079333410e-09   -1.1478084711e-02    3.8998167547e-08
  48.0500000   -1.4123651952e-02    1.6253029551e-08   -1.7898590362e-02    9.7303882550e-09   -1.1506650517e-02    3.4391873953e-08
  48.0600000   -1.4107235578e-02    2.3366472608e-08   -1.7899911989e-02    1.0862206380e-08   -1.1535235742e-02    2.9249429584e-08
  48.0700000   -1.4090698386e-02    2.9790615042e-08   -1.7901474227e-02    1.1895332883e-08   -1.1563790752e-02    2.3658057576e-08
