# thinned to dt=0.05 from the every-step stream; the last 1 time units are kept whole (the death window)
  22.0100000   -8.8810223034e-03    9.4848440784e-08    7.9081286418e-03   -1.9839273218e-08    1.0361362743e-02    2.4810074667e-08
  22.0600000   -9.1529547716e-03    5.0939864610e-08    7.7580588086e-03   -3.1440627099e-08    1.0384705167e-02   -8.2288033973e-09
  22.1100000   -9.4240836100e-03    5.4120840278e-08    7.6082461414e-03   -1.7450321784e-08    1.0406989343e-02   -4.5536845043e-08
  22.1600000   -9.6960965479e-03   -3.5112142127e-09    7.4539518290e-03   -8.5418704311e-09    1.0428277389e-02   -6.8402407948e-08
  22.2100000   -9.9675156881e-03   -6.9341904128e-08    7.2948360477e-03    5.9534952989e-09    1.0448701127e-02   -6.7964171045e-08
  22.2600000   -1.0237292547e-02   -8.9600029070e-08    7.1332790051e-03    2.1178380155e-08    1.0468190368e-02   -4.1302643549e-08
  22.3100000   -1.0505318422e-02   -5.1093970641e-08    6.9715079036e-03    3.1807145265e-08    1.0486539077e-02    5.3054658021e-09
  22.3600000   -1.0772193089e-02    1.6943174559e-08    6.8103843713e-03    3.3098085811e-08    1.0503463947e-02    5.7445633975e-08
  22.4100000   -1.1038536123e-02    7.0373495197e-08    6.6491817814e-03    2.2712566811e-08    1.0518695760e-02    9.6919091191e-08
  22.4600000   -1.1304520766e-02    7.9189700695e-08    6.4862565933e-03    2.5729063308e-09    1.0532069941e-02    1.0816814328e-07
  22.5100000   -1.1569987555e-02    4.2169626646e-08    6.3200998411e-03   -2.1110264802e-08    1.0543580992e-02    8.4492347371e-08
  22.5600000   -1.1834890707e-02   -1.5289981096e-08    6.1501848988e-03   -4.0321727998e-08    1.0553378410e-02    3.1524984162e-08
  22.6100000   -1.2099558399e-02   -5.8174426735e-08    5.9771970383e-03   -4.8565884296e-08    1.0561704506e-02   -3.3764171919e-08
  22.6600000   -1.2364500916e-02   -6.5400512152e-08    5.8025298677e-03   -4.2783484786e-08    1.0568797987e-02   -8.8630780296e-08
  22.7100000   -1.2629930633e-02   -4.2947453903e-08    5.6273360288e-03   -2.3532040942e-08    1.0574801147e-02   -1.1289050918e-07
  22.7600000   -1.2895364447e-02   -1.4450474013e-08    5.4517765032e-03    5.1177944634e-09    1.0579706887e-02   -9.6900979745e-08
  22.8100000   -1.3159612671e-02    1.7426801143e-09    5.2750713487e-03    3.5358568581e-08    1.0583365142e-02   -4.5920867213e-08
  22.8600000   -1.3421274107e-02    5.7522941418e-09    5.0963430707e-03    5.6692976903e-08    1.0585543777e-02    2.1198825894e-08
  22.9100000   -1.3679596232e-02    8.0849723200e-09    4.9155000859e-03    5.9867294739e-08    1.0586017300e-02    7.8841556689e-08
  22.9600000   -1.3935220899e-02    1.3256086586e-08    4.7333031177e-03    4.2201138067e-08    1.0584646958e-02    1.0451835955e-07
  23.0100000   -1.4190163885e-02    1.5232733793e-08    4.5505278219e-03    1.0118104918e-08    1.0581421613e-02    8.7945355673e-08
  23.0600000   -1.4446735001e-02    7.5962385838e-09    4.3670665866e-03   -2.3820436140e-08    1.0576446999e-02    3.5540667300e-08
  23.1100000   -1.4705929495e-02   -6.6306039905e-09    4.1819173994e-03   -4.7380002995e-08    1.0569892747e-02   -3.1711256208e-08
  23.1600000   -1.4966431658e-02   -1.7606783646e-08    3.9941234538e-03   -5.3761894272e-08    1.0561922325e-02   -8.6409901367e-08
  23.2100000   -1.5225097139e-02   -1.9024775619e-08    3.8037420642e-03   -4.2534136128e-08    1.0552634312e-02   -1.0575021509e-07
  23.2600000   -1.5478735367e-02   -1.3303839021e-08    3.6118561276e-03   -1.7828825435e-08    1.0542034143e-02   -8.0930866115e-08
  23.3100000   -1.5726056133e-02   -7.0810910228e-09    3.4195786506e-03    1.3228271242e-08    1.0530039415e-02   -2.1020581243e-08
  23.3600000   -1.5968534780e-02   -3.9668778814e-09    3.2270043701e-03    4.1261684522e-08    1.0516507556e-02    5.0448699496e-08
  23.4100000   -1.6209677592e-02   -2.4790078294e-09    3.0331344052e-03    5.6456862732e-08    1.0501268950e-02    1.0489088675e-07
  23.4600000   -1.6453121768e-02    4.5857161268e-10    2.8368712345e-03    5.2393701230e-08    1.0484153030e-02    1.2026841025e-07
  23.5100000   -1.6700609452e-02    5.3356866534e-09    2.6381570706e-03    2.9754854103e-08    1.0465005319e-02    9.0101021713e-08
  23.5600000   -1.6950932405e-02    8.9014899999e-09    2.4381863960e-03   -3.3085525483e-09    1.0443702431e-02    2.6122977036e-08
  23.6100000   -1.7200493828e-02    6.4095405715e-09    2.2384772159e-03   -3.4803663566e-08    1.0420173463e-02   -4.6538276324e-08
  23.6600000   -1.7445307640e-02   -4.1772785252e-09    2.0396153951e-03   -5.3910580201e-08    1.0394428616e-02   -9.9660708241e-08
  23.7100000   -1.7683368069e-02   -1.8639040775e-08    1.8407522519e-03   -5.4400802065e-08    1.0366583997e-02   -1.1340714812e-07
  23.7600000   -1.7915920148e-02   -2.7200472299e-08    1.6402472041e-03   -3.5768380444e-08    1.0336863645e-02   -8.4210362204e-08
  23.8100000   -1.8146691096e-02   -2.1119151855e-08    1.4368731768e-03   -3.1350514262e-09    1.0305562838e-02   -2.5830114671e-08
  23.8600000   -1.8379445628e-02   -1.1493718359e-09    1.2305969223e-03    3.3598113847e-08    1.0272971996e-02    3.6753262458e-08
  23.9100000   -1.8615450966e-02    2.0155411595e-08    1.0223925697e-03    6.2130489592e-08    1.0239281770e-02    7.7935240780e-08
  23.9600000   -1.8852613462e-02    2.6630538559e-08    8.1338343049e-04    7.1945423769e-08    1.0204506052e-02    8.2062378094e-08
  24.0100000   -1.9086925326e-02    1.1824120280e-08    6.0409873474e-04    5.8623432779e-08    1.0168460389e-02    4.9575766650e-08
  24.0600000   -1.9315209741e-02   -1.4117850098e-08    3.9440771361e-04    2.5774965786e-08    1.0130814881e-02   -3.7282607392e-09
  24.1100000   -1.9537221258e-02   -3.1198425792e-08    1.8402330537e-04   -1.6392812414e-08    1.0091209356e-02   -5.3822266238e-08
  24.1600000   -1.9755664191e-02   -2.5417970943e-08   -2.7016242974e-05   -5.4665740937e-08    1.0049388127e-02   -7.8795953811e-08
  24.2100000   -1.9974228953e-02   -7.5718327321e-10   -2.3836186664e-04   -7.6781320662e-08    1.0005297490e-02   -6.8009226478e-08
  24.2600000   -2.0195120257e-02    2.3116279390e-08   -4.4978799030e-04   -7.4932844324e-08    9.9591000402e-03   -2.6265057498e-08
  24.3100000   -2.0417762176e-02    2.6285447473e-08   -6.6155391402e-04   -4.8548190605e-08    9.9110934929e-03    2.8585039126e-08
  24.3600000   -2.0639381657e-02    5.0114319164e-09   -8.7430908842e-04   -5.3899007679e-09    9.8615639982e-03    7.3405470858e-08
  24.4100000   -2.0856853773e-02   -2.4423304354e-08   -1.0886350504e-03    4.0392858325e-08    9.8106357916e-03    8.9526775869e-08
  24.4600000   -2.1068508327e-02   -3.8269775428e-08   -1.3046534847e-03    7.3266599719e-08    9.7581847596e-03    7.0393725174e-08
  24.5100000   -2.1274879040e-02   -2.4561818782e-08   -1.5220206906e-03    8.2162157484e-08    9.7038589057e-03    2.4031409277e-08
  24.5600000   -2.1478201421e-02    6.7736364093e-09   -1.7402451961e-03    6.4292013502e-08    9.6472034141e-03   -3.0518561033e-08
  24.6100000   -2.1681155203e-02    3.1704559238e-08   -1.9590073355e-03    2.5635959728e-08    9.5878416550e-03   -7.1152273046e-08
  24.6600000   -2.1885545216e-02    3.1562788793e-08   -2.1782263051e-03   -2.1248922883e-08    9.5256368320e-03   -8.1688032449e-08
  24.7100000   -2.2091447741e-02    7.9161235579e-09   -2.3978801398e-03   -6.0987860856e-08    9.4607644505e-03   -5.8229968203e-08
  24.7600000   -2.2297120668e-02   -1.9482989818e-08   -2.6177897712e-03   -8.0134120731e-08    9.3936616885e-03   -1.0448493748e-08
  24.8100000   -2.2499779538e-02   -2.9393065071e-08   -2.8375953620e-03   -7.2024401912e-08    9.3248708826e-03    4.2559301153e-08
  24.8600000   -2.2697033711e-02   -1.5922481526e-08   -3.0569950795e-03   -3.9685162588e-08    9.2548387878e-03    7.9995528855e-08
  24.9100000   -2.2888319191e-02    8.2137979458e-09   -3.2760863495e-03    5.2926915589e-09    9.1837520625e-03    8.7490490381e-08
  24.9600000   -2.3075388893e-02    2.3427339229e-08   -3.4955086432e-03    4.7675537472e-08    9.1114747576e-03    6.2423514706e-08
  25.0100000   -2.3261289392e-02    1.9017504547e-08   -3.7161845231e-03    7.4328005649e-08    9.0376119843e-03    1.4471835744e-08
  25.0600000   -2.3448271470e-02    3.2654981624e-11   -3.9387718825e-03    7.7680335079e-08    8.9616730851e-03   -3.8604578772e-08
  25.1100000   -2.3636042351e-02   -1.8860393662e-08   -4.1632187953e-03    5.6539946668e-08    8.8832686351e-03   -7.8055048144e-08
  25.1600000   -2.3821759360e-02   -2.5690680720e-08   -4.3887696760e-03    1.6094992946e-08    8.8022639558e-03   -9.1181871348e-08
  25.2100000   -2.4001967714e-02   -1.9125441621e-08   -4.6144139192e-03   -3.2052417307e-08    8.7188312706e-03   -7.5594098277e-08
  25.2600000   -2.4175142135e-02   -6.8189911048e-09   -4.8394251005e-03   -7.1645707973e-08    8.6333841025e-03   -3.9205531416e-08
  25.3100000   -2.4342886670e-02    2.4559328494e-09   -5.0636215324e-03   -8.7252659623e-08    8.5464234756e-03    3.6929139848e-09
  25.3600000   -2.4508785857e-02    5.2569460871e-09   -5.2872558283e-03   -7.1728555246e-08    8.4583575372e-03    3.8405174481e-08
  25.4100000   -2.4675717574e-02    3.7575853344e-09   -5.5107124999e-03   -3.0528832828e-08    8.3693625617e-03    5.5289409483e-08
  25.4600000   -2.4843689448e-02    1.5001398343e-09   -5.7342444280e-03    2.0808054179e-08    8.2793331599e-03    5.2580830587e-08
  25.5100000   -2.5009902062e-02   -1.1499694068e-10   -5.9578665995e-03    6.4255551755e-08    8.1879326683e-03    3.5743625797e-08
  25.5600000   -2.5171007005e-02   -1.3822929949e-09   -6.1814134664e-03    8.6527931811e-08    8.0947168497e-03    1.4053410460e-08
  25.6100000   -2.5325778172e-02   -1.6382774483e-09   -6.4047077675e-03    8.2209904921e-08    7.9992799988e-03   -3.7910173827e-09
  25.6600000   -2.5476069073e-02    1.3961927303e-09   -6.6277378029e-03    5.3439520935e-08    7.9013703029e-03   -1.3020177845e-08
  25.7100000   -2.5625303638e-02    8.7071864100e-09   -6.8507072609e-03    8.6116920251e-09    7.8009393445e-03   -1.3808299878e-08
  25.7600000   -2.5775749849e-02    1.6684154733e-08   -7.0738889694e-03   -3.9277709305e-08    7.6981194167e-03   -9.8688328560e-09
  25.8100000   -2.5926804200e-02    1.8042976608e-08   -7.2973821361e-03   -7.5809485439e-08    7.5931490728e-03   -5.6822523135e-09
  25.8600000   -2.6075638500e-02    7.6857434676e-09   -7.5209905017e-03   -8.9854550833e-08    7.4862817264e-03   -3.9252798207e-09
  25.9100000   -2.6219562080e-02   -1.1347429139e-08   -7.7443575130e-03   -7.7536935695e-08    7.3777104349e-03   -4.3780284431e-09
  25.9600000   -2.6358041529e-02   -2.7997357951e-08   -7.9672619173e-03   -4.3129720591e-08    7.2675279598e-03   -4.6899591931e-09
  26.0100000   -2.6492703599e-02   -3.0665405810e-08   -8.1898140724e-03    3.0430217646e-09    7.1557233566e-03   -2.3739937709e-09
  26.0600000   -2.6625460060e-02   -1.6511282673e-08   -8.4123666671e-03    4.7854578714e-08    7.0422034886e-03    3.2138836251e-09
  26.1100000   -2.6756524024e-02    5.3292660700e-09   -8.6352027627e-03    7.8565775715e-08    6.9268247517e-03    1.0077271620e-08
  26.1600000   -2.6884116787e-02    1.9908785878e-08   -8.8582619029e-03    8.6112198951e-08    6.8094257845e-03    1.4442748030e-08
  26.2100000   -2.7006112507e-02    1.7588906192e-08   -9.0811342797e-03    6.8370681464e-08    6.6898602246e-03    1.2837439705e-08
  26.2600000   -2.7122131821e-02    1.4201945943e-09   -9.3033234547e-03    3.1773351271e-08    6.5680329452e-03    4.2578170568e-09
  26.3100000   -2.7234186162e-02   -1.5151588276e-08   -9.5245541180e-03   -1.0639858648e-08    6.4439400402e-03   -8.7770493478e-09
  26.3600000   -2.7345217942e-02   -1.8638195094e-08   -9.7448799403e-03   -4.4583048452e-08    6.3177038517e-03   -2.0949401210e-08
  26.4100000   -2.7456695093e-02   -5.9775084738e-09   -9.9645414040e-03   -6.0552377969e-08    6.1895857893e-03   -2.6411027500e-08
  26.4600000   -2.7567270814e-02    1.3013926025e-08   -1.0183747221e-02   -5.7122541903e-08    6.0599587891e-03   -2.1567220233e-08
  26.5100000   -2.7673702553e-02    2.3214467123e-08   -1.0402590070e-02   -3.9935374478e-08    5.9292318471e-03   -7.0446024826e-09
  26.5600000   -2.7773398506e-02    1.6022093447e-08   -1.0621129975e-02   -1.7514852760e-08    5.7977387562e-03    1.2152176175e-08
  26.6100000   -2.7866597034e-02   -3.7799270401e-09   -1.0839483226e-02    3.2242164741e-09    5.6656237308e-03    2.8473010064e-08
  26.6600000   -2.7956396314e-02   -2.1586958455e-08   -1.1057757760e-02    1.9034369414e-08    5.5327675064e-03    3.4911982857e-08
  26.7100000   -2.8046511696e-02   -2.4261845548e-08   -1.1275872430e-02    2.9103347224e-08    5.3987911297e-03    2.8037570456e-08
  26.7600000   -2.8138458895e-02   -1.0272913380e-08   -1.1493460021e-02    3.2302996624e-08    5.2631505480e-03    9.6491714458e-09
  26.8100000   -2.8230379041e-02    9.3125417269e-09   -1.1709990249e-02    2.6140490750e-08    5.1253010631e-03   -1.3678192980e-08
  26.8600000   -2.8318464484e-02    1.9655290112e-08   -1.1925028423e-02    9.1856744145e-09    4.9848801236e-03   -3.3015413548e-08
  26.9100000   -2.8399867434e-02    1.3661536069e-08   -1.2138417263e-02   -1.4968044837e-08    4.8418432465e-03   -4.0516410669e-08
  26.9600000   -2.8474756144e-02   -2.8922852999e-09   -1.2350267626e-02   -3.6681396409e-08    4.6964987158e-03   -3.2524158415e-08
  27.0100000   -2.8545868573e-02   -1.6392188000e-08   -1.2560835589e-02   -4.4783144014e-08    4.5494201139e-03   -1.1148891405e-08
  27.0600000   -2.8615986308e-02   -1.6259988112e-08   -1.2770425499e-02   -3.3958535291e-08    4.4012602321e-03    1.6276720931e-08
  27.1100000   -2.8685492291e-02   -3.0011588619e-09   -1.2979352477e-02   -8.8505084067e-09    4.2525285810e-03    3.9670097488e-08
  27.1600000   -2.8752088683e-02    1.2672100801e-08   -1.3187893381e-02    1.8939843555e-08    4.1034118878e-03    4.9727875539e-08
  27.2100000   -2.8812880352e-02    1.8580472085e-08   -1.3396190889e-02    3.8431164747e-08    3.9537045914e-03    4.1302815031e-08
  27.2600000   -2.8866976087e-02    1.0550685845e-08   -1.3604180999e-02    4.4930833653e-08    3.8028777952e-03    1.5494274604e-08
  27.3100000   -2.8916312936e-02   -4.8505972305e-09   -1.3811624584e-02    3.9777069421e-08    3.6502644583e-03   -2.0261952323e-08
  27.3600000   -2.8963969253e-02   -1.6209813624e-08   -1.4018213358e-02    2.6227811788e-08    3.4952952499e-03   -5.4209125939e-08
  27.4100000   -2.9011440490e-02   -1.6583847266e-08   -1.4223639691e-02    6.7090779399e-09    3.3377005958e-03   -7.3869019857e-08
  27.4600000   -2.9057276858e-02   -8.2865451613e-09   -1.4427587493e-02   -1.6152203483e-08    3.1776076061e-03   -7.0211626735e-08
  27.5100000   -2.9098314382e-02    6.6918192928e-10   -1.4629737802e-02   -3.7272796180e-08    3.0155004856e-03   -4.1133903170e-08
  27.5600000   -2.9132484905e-02    4.6470298362e-09   -1.4829900485e-02   -4.9582083218e-08    2.8520635696e-03    6.9417959724e-09
  27.6100000   -2.9160808313e-02    4.9955600976e-09   -1.5028226173e-02   -4.7762906762e-08    2.6879671869e-03    6.0117715630e-08
  27.6600000   -2.9186834141e-02    6.7810094130e-09   -1.5225284928e-02   -3.1925111803e-08    2.5236726362e-03    1.0075923614e-07
  27.7100000   -2.9213932034e-02    1.1405051162e-08   -1.5421834643e-02   -7.8403731825e-09    2.3593191958e-03    1.1307560904e-07
  27.7600000   -2.9242621268e-02    1.3455808729e-08   -1.5618359970e-02    1.6258953530e-08    2.1947211321e-03    8.8908445547e-08
  27.8100000   -2.9270094865e-02    6.0101918000e-09   -1.5814712524e-02    3.3519588792e-08    2.0294619799e-03    3.1713708047e-08
  27.8600000   -2.9292304723e-02   -1.0515865372e-08   -1.6010162595e-02    4.0477361989e-08    1.8630432189e-03   -4.2998367307e-08
  27.9100000   -2.9306935892e-02   -2.5572399832e-08   -1.6203857264e-02    3.6959625010e-08    1.6950344574e-03   -1.1151003049e-07
  27.9600000   -2.9314952725e-02   -2.6138234788e-08   -1.6395336099e-02    2.5007653565e-08    1.5251821233e-03   -1.4929745628e-07
  28.0100000   -2.9319594968e-02   -8.7556464148e-09   -1.6584702924e-02    7.7824476042e-09    1.3534551771e-03   -1.3978087138e-07
  28.0600000   -2.9323710896e-02    1.5451281737e-08   -1.6772352576e-02   -1.1183906922e-08    1.1800285952e-03   -8.1341708319e-08
  28.1100000   -2.9327541482e-02    2.8511743378e-08   -1.6958536219e-02   -2.8266104409e-08    1.0052203497e-03    1.0285127418e-08
  28.1600000   -2.9328621255e-02    2.0192477105e-08   -1.7143166858e-02   -3.9708585486e-08    8.2940328484e-04    1.0577281834e-07
  28.2100000   -2.9323772995e-02   -3.1470557345e-09   -1.7326017858e-02   -4.2009024910e-08    6.5291260785e-04    1.7147724886e-07
  28.2600000   -2.9311583720e-02   -2.3349188501e-08   -1.7507092338e-02   -3.3445791460e-08    4.7596711041e-04    1.8136566556e-07
  28.3100000   -2.9293448368e-02   -2.5024982132e-08   -1.7686787174e-02   -1.6144574492e-08    2.9862000541e-04    1.2736454472e-07
  28.3600000   -2.9272429325e-02   -7.6644586826e-09   -1.7865672396e-02    3.4262730258e-09    1.2075226224e-04    2.4019209403e-08
  28.4100000   -2.9250881320e-02    1.4620641193e-08   -1.8044061249e-02    1.7158632858e-08   -5.7885461505e-05   -9.4884060596e-08
  28.4600000   -2.9228725254e-02    2.4997429494e-08   -1.8221733039e-02    2.0040838735e-08   -2.3758837041e-04   -1.8721712305e-07
  28.5100000   -2.9203709368e-02    1.7158514523e-08   -1.8398030252e-02    1.3308241400e-08   -4.1859188206e-04   -2.1746814861e-07
  28.5600000   -2.9173399313e-02   -8.8322016018e-10   -1.8572223709e-02    3.2366771063e-09   -6.0097817963e-04   -1.7042874000e-07
  28.6100000   -2.9137250896e-02   -1.4742514122e-08   -1.8743828611e-02   -3.4290442029e-09   -7.8463008356e-04   -5.8322056209e-08
  28.6600000   -2.9097064505e-02   -1.5785849576e-08   -1.8912648896e-02   -3.4996339303e-09   -9.6925474672e-04    8.1823856201e-08
  28.7100000   -2.9055466343e-02   -7.0431398586e-09   -1.9078625063e-02    2.0976278652e-09   -1.1544751512e-03    2.0026870957e-07
  28.7600000   -2.9013712413e-02    1.3278905996e-09   -1.9241758344e-02    1.0425135642e-08   -1.3399598109e-03    2.5220728850e-07
  28.8100000   -2.8970675726e-02    2.0000011526e-09   -1.9402268334e-02    1.8262578064e-08   -1.5255423969e-03    2.1468994736e-07
  28.8600000   -2.8923854380e-02   -3.3352080958e-09   -1.9560816973e-02    2.1970774696e-08   -1.7112827649e-03    9.6411525309e-08
  28.9100000   -2.8871493173e-02   -6.5950293049e-09   -1.9718448123e-02    1.7184756518e-08   -1.8974413858e-03   -6.3728998502e-08
  28.9600000   -2.8813961170e-02   -1.6321121074e-09   -1.9876093711e-02    7.4220222345e-10   -2.0843735289e-03   -2.0939667324e-07
  29.0100000   -2.8753209380e-02    9.5713328551e-09   -2.0033936389e-02   -2.5588450422e-08   -2.2723838177e-03   -2.8675269274e-07
  29.0600000   -2.8690840714e-02    1.8189776363e-08   -2.0191156676e-02   -5.3134358823e-08   -2.4616007571e-03   -2.6446629582e-07
  29.1100000   -2.8626539104e-02    1.5883537504e-08   -2.0346343647e-02   -6.9182608223e-08   -2.6519248584e-03   -1.4632352238e-07
  29.1600000   -2.8558256332e-02    1.8572329848e-09   -2.0498306504e-02   -6.3726282970e-08   -2.8430738973e-03    2.8642650862e-08
  29.2100000   -2.8483979868e-02   -1.5914560843e-08   -2.0646693773e-02   -3.5500511725e-08   -3.0347065438e-03    1.9912883554e-07
  29.2600000   -2.8403520052e-02   -2.5938704963e-08   -2.0792009768e-02    6.9010469054e-09   -3.2265695820e-03    3.0336498323e-07
  29.3100000   -2.8318767919e-02   -2.0914085558e-08   -2.0935116050e-02    4.9152475233e-08   -3.4186012340e-03    3.0193827316e-07
  29.3600000   -2.8232224039e-02   -2.6986491224e-09   -2.1076655700e-02    7.7316046078e-08   -3.6109411705e-03    1.9309529521e-07
  29.4100000   -2.8145064895e-02    1.8415289260e-08   -2.1216787397e-02    8.2433603754e-08   -3.8038400896e-03    1.4463230721e-08
  29.4600000   -2.8056343793e-02    2.9546731975e-08   -2.1355307772e-02    6.2437244933e-08   -3.9975096736e-03   -1.6995710852e-07
  29.5100000   -2.7963910152e-02    2.2917877951e-08   -2.1491973492e-02    2.2267612586e-08   -4.1919846050e-03   -2.9309738605e-07
  29.5600000   -2.7866208701e-02    1.1463794971e-09   -2.1626759814e-02   -2.7009144379e-08   -4.3870660983e-03   -3.0988117976e-07
  29.6100000   -2.7763483320e-02   -2.3186786321e-08   -2.1759874604e-02   -7.0503433430e-08   -4.5823801419e-03   -2.1450400653e-07
  29.6600000   -2.7657500691e-02   -3.4314815278e-08   -2.1891512127e-02   -9.3788804574e-08   -4.7775290496e-03   -4.3080741431e-08
  29.7100000   -2.7550135077e-02   -2.3277288766e-08   -2.2021523810e-02   -8.8233329468e-08   -4.9722677408e-03    1.3972789723e-07
  29.7600000   -2.7441988846e-02    4.9072520959e-09   -2.2149297552e-02   -5.4869611058e-08   -5.1666200100e-03    2.6528073563e-07
  29.8100000   -2.7332068333e-02    3.2528338044e-08   -2.2274033673e-02   -4.5049440503e-09   -5.3608744929e-03    2.8735137478e-07
  29.8600000   -2.7218634973e-02    3.9844003827e-08   -2.2395286908e-02    4.6201277269e-08   -5.5554551159e-03    2.0002397282e-07
  29.9100000   -2.7100482193e-02    1.9174103108e-08   -2.2513356240e-02    8.0794650273e-08   -5.7507210346e-03    3.9887894159e-08
  29.9600000   -2.6977686442e-02   -1.7582534075e-08   -2.2629150642e-02    8.8560899925e-08   -5.9467873577e-03   -1.2855746559e-07
  30.0100000   -2.6851390880e-02   -4.5080781405e-08   -2.2743566726e-02    6.7625694015e-08   -6.1434518817e-03   -2.3865485769e-07
  30.0600000   -2.6722921277e-02   -4.1984625273e-08   -2.2856845015e-02    2.4965726090e-08   -6.3402661732e-03   -2.4825708093e-07
  30.1100000   -2.6592940327e-02   -7.8615122173e-09   -2.2968419958e-02   -2.6322650351e-08   -6.5367228692e-03   -1.5652811832e-07
  30.1600000   -2.6461191370e-02    3.4024185863e-08   -2.3077377622e-02   -7.1446656280e-08   -6.7324760462e-03   -3.9601190952e-09
  30.2100000   -2.6326874827e-02    5.2271543878e-08   -2.3183136410e-02   -9.8451144405e-08   -6.9274940157e-03    1.4452100347e-07
  30.2600000   -2.6189258639e-02    3.1125559513e-08   -2.3285809833e-02   -1.0121824450e-07   -7.1220726569e-03    2.2652002821e-07
  30.3100000   -2.6048046939e-02   -1.5741289078e-08   -2.3386012781e-02   -8.0068094655e-08   -7.3166996381e-03    2.0811728724e-07
  30.3600000   -2.5903313809e-02   -5.3624844169e-08   -2.3484339961e-02   -4.0427724649e-08   -7.5118273883e-03    9.8008004286e-08
  30.4100000   -2.5755191110e-02   -5.2606255151e-08   -2.3580969039e-02    9.0767590036e-09   -7.7076548564e-03   -5.6136085984e-08
  30.4600000   -2.5603676146e-02   -1.1325784312e-08   -2.3675669079e-02    5.8049897195e-08   -7.9040159076e-03   -1.8767606735e-07
  30.5100000   -2.5448767355e-02    4.0551324206e-08   -2.3768126454e-02    9.5378440213e-08   -8.1004265372e-03   -2.3910315891e-07
  30.5600000   -2.5290783882e-02    6.4259699753e-08   -2.3858262223e-02    1.1085656158e-07   -8.2962740128e-03   -1.8647474747e-07
  30.6100000   -2.5130486636e-02    4.1693833886e-08   -2.3946268693e-02    9.8007648783e-08   -8.4910686917e-03   -4.9888512307e-08
  30.6600000   -2.4968731577e-02   -1.0422864590e-08   -2.4032343863e-02    5.7411527057e-08   -8.6846505256e-03    1.1450336171e-07
  30.7100000   -2.4805800571e-02   -5.3345636326e-08   -2.4116338304e-02   -1.3971186446e-09   -8.8772594977e-03    2.3769968171e-07
  30.7600000   -2.4640933808e-02   -5.6060100540e-08   -2.4197601467e-02   -6.1457363776e-08   -9.0694352786e-03    2.6662244704e-07
  30.8100000   -2.4472564951e-02   -1.8579634129e-08   -2.4275201322e-02   -1.0384318624e-07   -9.2617829497e-03    1.8643456188e-07
  30.8600000   -2.4299272131e-02    2.9161202194e-08   -2.4348455910e-02   -1.1516079409e-07   -9.4546991207e-03    2.7070653241e-08
  30.9100000   -2.4120850125e-02    5.1221425600e-08   -2.4417473104e-02   -9.3377533920e-08   -9.6481723750e-03   -1.4874197510e-07
  30.9600000   -2.3938688807e-02    3.3088059087e-08   -2.4483302852e-02   -4.8577446161e-08   -9.8417452298e-03   -2.7096449194e-07
  31.0100000   -2.3755055718e-02   -8.5899804311e-09   -2.4547490109e-02    2.0401813623e-09   -1.0034661758e-02   -2.9063682268e-07
  31.0600000   -2.3571669709e-02   -4.0524620673e-08   -2.4611225634e-02    4.2048916131e-08   -1.0226150317e-02   -1.9947935059e-07
  31.1100000   -2.3388526777e-02   -3.9105804244e-08   -2.4674641871e-02    6.1941783765e-08   -1.0415733931e-02   -3.2798730087e-08
  31.1600000   -2.3203831035e-02   -7.6854088000e-09   -2.4736765390e-02    6.0472344641e-08   -1.0603444792e-02    1.4518873326e-07
  31.2100000   -2.3015131696e-02    2.7816826956e-08   -2.4796168761e-02    4.1848077931e-08   -1.0789851446e-02    2.6725661006e-07
  31.2600000   -2.2820908983e-02    4.0189086441e-08   -2.4851818191e-02    1.2213212795e-08   -1.0975876529e-02    2.8950234465e-07
  31.3100000   -2.2621526093e-02    2.1659044616e-08   -2.4903470963e-02   -2.1632949609e-08   -1.1162463573e-02    2.0749542798e-07
  31.3600000   -2.2418921645e-02   -1.1685699387e-08   -2.4951392546e-02   -5.1446332232e-08   -1.1350212694e-02    5.6173568949e-08
  31.4100000   -2.2215319348e-02   -3.3877241577e-08   -2.4995779657e-02   -6.7487811678e-08   -1.1539122650e-02   -1.0569846713e-07
  31.4600000   -2.2011901527e-02   -2.9341385236e-08   -2.5036526722e-02   -6.1563401092e-08   -1.1728542491e-02   -2.1945688869e-07
  31.5100000   -2.1808335947e-02   -3.6540315266e-09   -2.5073611520e-02   -3.2257629249e-08   -1.1917361106e-02   -2.4879264511e-07
  31.5600000   -2.1603338999e-02    2.2385987894e-08   -2.5107721027e-02    1.1558786191e-08   -1.2104374443e-02   -1.9158608259e-07
  31.6100000   -2.1395687872e-02    2.9396330977e-08   -2.5140404290e-02    5.2694956461e-08   -1.2288701273e-02   -7.7428999719e-08
  31.6600000   -2.1184868769e-02    1.3535194992e-08   -2.5173374648e-02    7.3231739528e-08   -1.2470095769e-02    4.6926642374e-08
  31.7100000   -2.0970995820e-02   -1.1887982543e-08   -2.5207336103e-02    6.3625443575e-08   -1.2649039048e-02    1.3721371115e-07
  31.7600000   -2.0754313649e-02   -2.7327588046e-08   -2.5241222197e-02    2.7700856328e-08   -1.2826570878e-02    1.6797116778e-07
  31.8100000   -2.0534897157e-02   -2.1641099144e-08   -2.5272526223e-02   -1.9553323412e-08   -1.3003918481e-02    1.3934924243e-07
  31.8600000   -2.0312851596e-02    1.6814166097e-10   -2.5298599926e-02   -5.9765338196e-08   -1.3182055705e-02    7.2839146436e-08
  31.9100000   -2.0088727972e-02    2.1217552047e-08   -2.5318056929e-02   -7.9547122107e-08   -1.3361353546e-02   -8.0330513223e-10
  31.9600000   -1.9863581303e-02    2.5565251796e-08   -2.5331349163e-02   -7.4787811068e-08   -1.3541450471e-02   -5.5271275853e-08
  32.0100000   -1.9638399538e-02    1.0182505731e-08   -2.5340231574e-02   -4.9662079766e-08   -1.3721389639e-02   -7.8011121061e-08
  32.0600000   -1.9413256119e-02   -1.2764198665e-08   -2.5346640708e-02   -1.2765915552e-08   -1.3899970370e-02   -7.1857082433e-08
  32.1100000   -1.9186915709e-02   -2.5235201035e-08   -2.5351833369e-02    2.6190615969e-08   -1.4076180955e-02   -4.9649841645e-08
  32.1600000   -1.8957378037e-02   -1.7393519054e-08   -2.5356259831e-02    5.7655274197e-08   -1.4249550090e-02   -2.5612978696e-08
  32.2100000   -1.8723135611e-02    4.4942725960e-09   -2.5359964160e-02    7.2717339397e-08   -1.4420286507e-02   -8.2122878536e-09
  32.2600000   -1.8484306962e-02    2.2891890420e-08   -2.5362914450e-02    6.4888138194e-08   -1.4589158335e-02    2.2230909796e-09
  32.3100000   -1.8242793933e-02    2.3046798030e-08   -2.5364873983e-02    3.3482491326e-08   -1.4757163761e-02    1.0733780782e-08
  32.3600000   -1.8001247294e-02    4.9633756110e-09   -2.5365000901e-02   -1.3698798790e-08   -1.4925123911e-02    2.2199385975e-08
  32.4100000   -1.7761461522e-02   -1.6633965474e-08   -2.5361754831e-02   -6.1449371852e-08   -1.5093357051e-02    3.6669773015e-08
  32.4600000   -1.7523251032e-02   -2.4407805049e-08   -2.5353495588e-02   -9.2884337667e-08   -1.5261559630e-02    4.8380989235e-08
  32.5100000   -1.7284567951e-02   -1.2514379559e-08   -2.5339504424e-02   -9.7108885965e-08   -1.5428937930e-02    4.8984066679e-08
  32.5600000   -1.7042800049e-02    8.9696938937e-09   -2.5320624555e-02   -7.4125950551e-08   -1.5594536059e-02    3.3028776697e-08
  32.6100000   -1.6796401224e-02    2.2672307794e-08   -2.5298858936e-02   -3.3808832807e-08   -1.5757629808e-02    2.4121854188e-09
  32.6600000   -1.6545794546e-02    1.8064970287e-08   -2.5276068641e-02    1.0106882291e-08   -1.5918030600e-02   -3.2981662344e-08
  32.7100000   -1.6292989705e-02   -5.7509654793e-10   -2.5252727326e-02    4.6568752239e-08   -1.6076178699e-02   -5.9159180973e-08
  32.7600000   -1.6040221412e-02   -1.8356704371e-08   -2.5227739719e-02    6.9915284253e-08   -1.6232986124e-02   -6.4621541034e-08
  32.8100000   -1.5788546791e-02   -2.1958393547e-08   -2.5199483046e-02    7.7986906204e-08   -1.6389486069e-02   -4.6313725003e-08
  32.8600000   -1.5537314799e-02   -9.7034206866e-09   -2.5167183981e-02    6.8917624510e-08   -1.6546420242e-02   -1.1714535087e-08
  32.9100000   -1.5284783374e-02    8.0296799730e-09   -2.5131455492e-02    4.0749651698e-08   -1.6703920440e-02    2.4247961860e-08
  32.9600000   -1.5029378762e-02    1.7557044128e-08   -2.5093585277e-02   -5.0952292992e-09   -1.6861406831e-02    4.6127843466e-08
  33.0100000   -1.4770710832e-02    1.2500921614e-08   -2.5054294719e-02   -5.9702323348e-08   -1.7017745730e-02    4.5372583456e-08
  33.0600000   -1.4509706397e-02   -1.7667472631e-09   -2.5013120449e-02   -1.0656824950e-07   -1.7171614197e-02    2.4481164029e-08
  33.1100000   -1.4247871572e-02   -1.2791034203e-08   -2.4968918101e-02   -1.2737483858e-07   -1.7321942738e-02   -4.2882198316e-09
  33.1600000   -1.3986262793e-02   -1.0991387786e-08   -2.4920910312e-02   -1.1079941686e-07   -1.7468278611e-02   -2.5157042945e-08
  33.2100000   -1.3724866196e-02    2.6532882708e-09   -2.4869250901e-02   -5.8936624676e-08   -1.7610940620e-02   -2.6983011864e-08
  33.2600000   -1.3462740306e-02    1.7084356789e-08   -2.4814649127e-02    1.2581470747e-08   -1.7750910907e-02   -9.2352791074e-09
  33.3100000   -1.3198756323e-02    1.9714349812e-08   -2.4757559222e-02    8.0586876967e-08   -1.7889502590e-02    1.7349948380e-08
  33.3600000   -1.2932421686e-02    6.6972468090e-09   -2.4697809991e-02    1.2299528206e-07   -1.8027920379e-02    3.6003411859e-08
  33.4100000   -1.2664273188e-02   -1.3261910315e-08   -2.4635003289e-02    1.2609389770e-07   -1.8166866929e-02    3.2669789895e-08
  33.4600000   -1.2395619289e-02   -2.5153005134e-08   -2.4569172169e-02    8.8369800875e-08   -1.8306328809e-02    4.0095028722e-09
  33.5100000   -1.2127798540e-02   -1.9523726587e-08   -2.4500939972e-02    2.0701084087e-08   -1.8445610437e-02   -3.9460797696e-08
  33.5600000   -1.1861392559e-02   -4.3899084359e-10   -2.4430983262e-02   -5.6563630856e-08   -1.8583596257e-02   -7.7039218531e-08
  33.6100000   -1.1595856758e-02    1.7358767726e-08   -2.4359350232e-02   -1.1921512669e-07   -1.8719142434e-02   -8.7054646014e-08
  33.6600000   -1.1329797168e-02    2.0200001536e-08   -2.4285338997e-02   -1.4668992757e-07   -1.8851457019e-02   -5.7594026662e-08
  33.7100000   -1.1061744515e-02    6.5760378321e-09   -2.4208064998e-02   -1.2942962894e-07   -1.8980336150e-02    6.2836996613e-09
  33.7600000   -1.0790968677e-02   -1.1734165288e-08   -2.4127161624e-02   -7.3005317015e-08   -1.9106179307e-02    8.2555722493e-08
  33.8100000   -1.0517838788e-02   -1.9475692318e-08   -2.4042962005e-02    3.4341497528e-09   -1.9229788378e-02    1.4007581311e-07
  33.8600000   -1.0243516576e-02   -1.0400446833e-08   -2.3956066698e-02    7.4254306481e-08   -1.9352033586e-02    1.5132964116e-07
  33.9100000   -9.9692046158e-03    7.9671253941e-09   -2.3866808743e-02    1.1687201512e-07   -1.9473515775e-02    1.0480781353e-07
  33.9600000   -9.6954602633e-03    2.0930914602e-08   -2.3775162836e-02    1.1942640518e-07   -1.9594352345e-02    1.1564439528e-08
  34.0100000   -9.4220172242e-03    1.8675713491e-08   -2.3681109632e-02    8.3646747871e-08   -1.9714164209e-02   -9.7238903500e-08
  34.0600000   -9.1481763267e-03    3.6919023765e-09   -2.3584956901e-02    2.2749714180e-08   -1.9832262204e-02   -1.8131347050e-07
  34.1100000   -8.8734209098e-03   -1.2091841826e-08   -2.3487185789e-02   -4.3738280495e-08   -1.9947953253e-02   -2.0665845737e-07
  34.1600000   -8.5977868278e-03   -1.7388487174e-08   -2.3387949999e-02   -9.6061817413e-08   -2.0060839559e-02   -1.5933536517e-07
  34.2100000   -8.3217535226e-03   -1.0211468765e-08   -2.3286786238e-02   -1.1983038031e-07   -2.0170986989e-02   -5.2003608455e-08
  34.2600000   -8.0458142183e-03    1.6400579197e-09   -2.3182908412e-02   -1.1015211261e-07   -2.0278891451e-02    7.9617043706e-08
  34.3100000   -7.7701122614e-03    7.8860193697e-09   -2.3075839967e-02   -7.3046147534e-08   -2.0385254522e-02    1.8925647854e-07
  34.3600000   -7.4944310782e-03    4.2914155238e-09   -2.2965758996e-02   -2.2977381219e-08   -2.0490659364e-02    2.3695164546e-07
  34.4100000   -7.2185065448e-03   -4.5337505698e-09   -2.2853217636e-02    2.3109029642e-08   -2.0595282475e-02    2.0390814722e-07
  34.4600000   -6.9423659660e-03   -9.7912322059e-09   -2.2738554181e-02    5.2602646230e-08   -2.0698766879e-02    9.9763733171e-08
  34.5100000   -6.6663911374e-03   -6.1791186643e-09   -2.2621628728e-02    6.1300062939e-08   -2.0800320144e-02   -4.0475424282e-08
  34.5600000   -6.3910377170e-03    3.9049721872e-09   -2.2502133123e-02    5.2816910414e-08   -2.0899009908e-02   -1.6869247096e-07
  34.6100000   -6.1164227328e-03    1.2785953203e-08   -2.2380071177e-02    3.4567607025e-08   -2.0994146437e-02   -2.4061326868e-07
  34.6600000   -5.8421068714e-03    1.4037614964e-08   -2.2255809272e-02    1.3491639456e-08   -2.1085600190e-02   -2.3132668524e-07
  34.7100000   -5.5672720757e-03    7.4459085211e-09   -2.2129592677e-02   -6.0575053052e-09   -2.1173920548e-02   -1.4388684627e-07
  34.7600000   -5.2912173730e-03   -1.4744434586e-09   -2.2001065772e-02   -2.2196884236e-08   -2.1260194264e-02   -8.1014113871e-09
  34.8100000   -5.0138519973e-03   -6.4521229317e-09   -2.1869399060e-02   -3.4606284850e-08   -2.1345681637e-02    1.2987172970e-07
  34.8600000   -4.7358258013e-03   -5.3795236348e-09   -2.1734011957e-02   -4.3805170429e-08   -2.1431356523e-02    2.2334104914e-07
  34.9100000   -4.4581572907e-03   -1.2131461001e-09   -2.1595234146e-02   -5.0393498457e-08   -2.1517518823e-02    2.4081686371e-07
  34.9600000   -4.1815805681e-03    1.3001844499e-09   -2.1454258860e-02   -5.3907863634e-08   -2.1603627795e-02    1.7639854524e-07
  35.0100000   -3.9060818734e-03   -2.2296033990e-10   -2.1312397346e-02   -5.2008338376e-08   -2.1688428220e-02    5.1518101514e-08
  35.0600000   -3.6310098436e-03   -4.2713233007e-09   -2.1170265770e-02   -4.1317005483e-08   -2.1770336670e-02   -9.2306050392e-08
  35.1100000   -3.3557242993e-03   -7.2915334717e-09   -2.1027522931e-02   -2.0100757478e-08   -2.1847960180e-02   -2.0714476611e-07
  35.1600000   -3.0802892610e-03   -6.7892976432e-09   -2.0883221362e-02    8.9917204308e-09   -2.1920568931e-02   -2.5425705283e-07
  35.2100000   -2.8056091878e-03   -2.9720183198e-09   -2.0736350290e-02    3.8575606530e-08   -2.1988356690e-02   -2.1665299235e-07
  35.2600000   -2.5328075594e-03    1.9867425084e-09   -2.0586170613e-02    5.9315184110e-08   -2.2052393670e-02   -1.0473590071e-07
  35.3100000   -2.2622795152e-03    5.8504787854e-09   -2.0432302308e-02    6.4081164293e-08   -2.2114281654e-02    4.6672791213e-08
  35.3600000   -1.9931884601e-03    7.6010406141e-09   -2.0274745662e-02    5.0760891301e-08   -2.2175624014e-02    1.8900914732e-07
  35.4100000   -1.7238861473e-03    7.3902450048e-09   -2.0113901885e-02    2.2409474378e-08   -2.2237487973e-02    2.7513430852e-07
  35.4600000   -1.4530058407e-03    5.7968807420e-09   -1.9950468733e-02   -1.4400591567e-08   -2.2300040700e-02    2.7443151929e-07
  35.5100000   -1.1804064036e-03    3.3439446269e-09   -1.9785147425e-02   -5.1373620663e-08   -2.2362482853e-02    1.8320567281e-07
  35.5600000   -9.0723550626e-04    5.3733662301e-10   -1.9618353084e-02   -7.9756851903e-08   -2.2423302872e-02    2.7014139758e-08
  35.6100000   -6.3508490224e-04   -2.0117614067e-09   -1.9450207719e-02   -9.1684372365e-08   -2.2480767256e-02   -1.4616472876e-07
  35.6600000   -3.6494281913e-04   -3.7694279117e-09   -1.9280823829e-02   -8.2245193500e-08   -2.2533483122e-02   -2.8028978286e-07
  35.7100000   -9.6780021332e-05   -4.6042255023e-09   -1.9110529451e-02   -5.1797989895e-08   -2.2580846614e-02   -3.2906858935e-07
  35.7600000    1.6997697732e-04   -4.8176416915e-09   -1.8939682588e-02   -7.1244507150e-09   -2.2623231114e-02   -2.7174960045e-07
  35.8100000    4.3561740047e-04   -4.7739146308e-09   -1.8768149738e-02    3.9713819770e-08   -2.2661857861e-02   -1.2160765358e-07
  35.8600000    6.9978670936e-04   -4.5055276652e-09   -1.8594953208e-02    7.4765631092e-08   -2.2698397222e-02    7.6257473523e-08
  35.9100000    9.6195755612e-04   -3.7001407569e-09   -1.8418544455e-02    8.6675641530e-08   -2.2734435186e-02    2.5795993821e-07
  35.9600000    1.2222856244e-03   -2.0427720879e-09   -1.8237634981e-02    7.0664765951e-08   -2.2770978568e-02    3.6121246438e-07
  36.0100000    1.4819835303e-03    4.5856798581e-10   -1.8052008379e-02    3.0524218161e-08   -2.2808153348e-02    3.4670880188e-07
  36.0600000    1.7427130447e-03    3.4190260908e-09   -1.7862724281e-02   -2.2323790659e-08   -2.2845183109e-02    2.1319328392e-07
  36.1100000    2.0053581837e-03    6.2011415531e-09   -1.7671592446e-02   -7.2609884197e-08   -2.2880643635e-02    4.2190618261e-10
  36.1600000    2.2691515854e-03    8.0276690584e-09   -1.7480298607e-02   -1.0638561513e-07   -2.2912905671e-02   -2.2202914775e-07
  36.2100000    2.5319310744e-03    8.1294515169e-09   -1.7289706647e-02   -1.1525231627e-07   -2.2940625942e-02   -3.7727360698e-07
  36.2600000    2.7914345890e-03    6.1054399583e-09   -1.7099640590e-02   -9.7898695184e-08   -2.2963139297e-02   -4.0777989164e-07
  36.3100000    3.0467140664e-03    2.3786646065e-09   -1.6909141729e-02   -5.9026209500e-08   -2.2980640474e-02   -2.9691446153e-07
  36.3600000    3.2986485002e-03   -1.7589071577e-09   -1.6717011555e-02   -7.3271618842e-09   -2.2994108796e-02   -7.7209880667e-08
  36.4100000    3.5492370319e-03   -4.8500940850e-09   -1.6522384964e-02    4.5959539375e-08   -2.3005003581e-02    1.7855356749e-07
  36.4600000    3.8002666727e-03   -6.2748135971e-09   -1.6325065099e-02    8.8067372147e-08   -2.3014822156e-02    3.8132068426e-07
  36.5100000    4.0523413347e-03   -6.5486025382e-09   -1.6125433405e-02    1.0678518445e-07   -2.3024650357e-02    4.5695043708e-07
  36.5600000    4.3048641477e-03   -6.4615425225e-09   -1.5923993490e-02    9.4422738098e-08   -2.3034837744e-02    3.7360696451e-07
  36.6100000    4.5567741839e-03   -5.8970627783e-09   -1.5720902178e-02    5.2189090150e-08   -2.3044895324e-02    1.5508716742e-07
  36.6600000    4.8073224825e-03   -3.7634775597e-09   -1.5515901880e-02   -8.1339630470e-09   -2.3053649760e-02   -1.2552203283e-07
  36.7100000    5.0563033787e-03    5.7973483913e-10   -1.5308743391e-02   -6.7436341645e-08   -2.3059611098e-02   -3.7042587258e-07
  36.7600000    5.3037345002e-03    5.8048640183e-09   -1.5099711088e-02   -1.0657995025e-07   -2.3061442869e-02   -4.9164349504e-07
  36.8100000    5.5494581723e-03    8.9167561018e-09   -1.4889697689e-02   -1.1405810455e-07   -2.3058386478e-02   -4.4310403421e-07
  36.8600000    5.7931237068e-03    7.6174490314e-09   -1.4679646023e-02   -8.9987369985e-08   -2.3050501132e-02   -2.3838292144e-07
  36.9100000    6.0345736865e-03    2.6666960791e-09   -1.4469777532e-02   -4.4749649842e-08   -2.3038637083e-02    5.2896167656e-08
  36.9600000    6.2742251810e-03   -2.2656417394e-09   -1.4259286336e-02    6.2478768426e-09   -2.3024147536e-02    3.2919983472e-07
  37.0100000    6.5129995804e-03   -3.5330774131e-09   -1.4046816265e-02    4.8465231593e-08   -2.3008434141e-02    4.9327172896e-07
  37.0600000    6.7517390006e-03   -6.8411685617e-10   -1.3831371553e-02    7.2028691616e-08   -2.2992480164e-02    4.8719814618e-07
  37.1100000    6.9905158615e-03    3.1511457383e-09   -1.3612949404e-02    7.2642368923e-08   -2.2976531559e-02    3.1339522321e-07
  37.1600000    7.2283930562e-03    4.1205590094e-09   -1.3392440195e-02    5.0714054551e-08   -2.2960035408e-02    3.3681428769e-08
  37.2100000    7.4638904445e-03    1.0955142670e-09   -1.3170955993e-02    1.0456332171e-08   -2.2941855231e-02   -2.5325928434e-07
  37.2600000    7.6958913491e-03   -3.4886623117e-09   -1.2949162898e-02   -4.0099935596e-08   -2.2920685804e-02   -4.4764453186e-07
  37.3100000    7.9243829615e-03   -6.0012398357e-09   -1.2727086526e-02   -8.8841284829e-08   -2.2895521176e-02   -4.8430384397e-07
  37.3600000    8.1505214602e-03   -4.7592033949e-09   -1.2504402149e-02   -1.2081212313e-07   -2.2866012332e-02   -3.5518919805e-07
  37.4100000    8.3759667663e-03   -1.0475146422e-09   -1.2280847829e-02   -1.2223924632e-07   -2.2832590183e-02   -1.1066081070e-07
  37.4600000    8.6019103017e-03    2.5177187109e-09   -1.2056394556e-02   -8.6584374703e-08   -2.2796310274e-02    1.6039652217e-07
  37.5100000    8.8283972852e-03    4.2538461907e-09   -1.1831096520e-02   -1.9640001743e-08   -2.2758469921e-02    3.6367662437e-07
  37.5600000    9.0543333655e-03    4.1121548707e-09   -1.1604833723e-02    5.9865798565e-08   -2.2720125449e-02    4.3314661953e-07
  37.6100000    9.2781377171e-03    2.7100380979e-09   -1.1377220952e-02    1.2572935985e-07   -2.2681673113e-02    3.5295818116e-07
  37.6600000    9.4986411289e-03    4.0246764336e-10   -1.1147789096e-02    1.5397137220e-07   -2.2642641300e-02    1.6013160674e-07
  37.7100000    9.7157209516e-03   -2.3720843126e-09   -1.0916313388e-02    1.3240042657e-07   -2.2601777967e-02   -7.1898838238e-08
  37.7600000    9.9303338301e-03   -4.2489960349e-09   -1.0683045574e-02    6.5651430519e-08   -2.2557423652e-02   -2.6167347839e-07
  37.8100000    1.0143936550e-02   -3.3595781328e-09   -1.0448673298e-02   -2.6318914890e-08   -2.2508063606e-02   -3.4884906363e-07
  37.8600000    1.0357611837e-02    6.5888654502e-10   -1.0214020369e-02   -1.1523184385e-07   -2.2452882824e-02   -3.1343207918e-07
  37.9100000    1.0571389343e-02    5.0827964339e-09   -9.9796794303e-03   -1.7391407505e-07   -2.2392130361e-02   -1.7896424652e-07
  37.9600000    1.0784173770e-02    5.3553430962e-09   -9.7458087264e-03   -1.8475740777e-07   -2.2327146655e-02   -6.6549294298e-12
  38.0100000    1.0994365580e-02   -9.5601758260e-10   -9.5121974353e-03   -1.4472103952e-07   -2.2260011575e-02    1.5995176323e-07
  38.0600000    1.1200834781e-02   -1.0791780715e-08   -9.2785033537e-03   -6.5764558532e-08   -2.2192901900e-02    2.5114495940e-07
  38.1100000    1.1403644438e-02   -1.6505929923e-08   -9.0444484763e-03    2.9044758366e-08   -2.2127360286e-02    2.5256195337e-07
  38.1600000    1.1604031380e-02   -1.1363147561e-08   -8.8098187664e-03    1.1239846127e-07   -2.2063728567e-02    1.7502544841e-07
  38.2100000    1.1803618981e-02    4.4034197166e-09   -8.5743059869e-03    1.6056465569e-07   -2.2000959839e-02    5.2972748721e-08
  38.2600000    1.2003365514e-02    2.2233223403e-08   -8.3373906789e-03    1.6004675440e-07   -2.1936901524e-02   -7.0371674419e-08
  38.3100000    1.2202955179e-02    3.0428946253e-08   -8.0984543348e-03    1.1139844447e-07   -2.1868975186e-02   -1.5812190869e-07
  38.3600000    1.2401042105e-02    2.2398514603e-08   -7.8571247840e-03    2.9196861715e-08   -2.1795029636e-02   -1.8990831867e-07
  38.4100000    1.2596161542e-02    1.7224179758e-09   -7.6136469645e-03   -6.2023197229e-08   -2.1714071069e-02   -1.6473085953e-07
  38.4600000    1.2787667072e-02   -1.9905932228e-08   -7.3690045661e-03   -1.3508463934e-07   -2.1626609753e-02   -9.7292842078e-08
  38.5100000    1.2976071374e-02   -3.0398906530e-08   -7.1246561323e-03   -1.6875559597e-07   -2.1534497132e-02   -1.0742031995e-08
  38.5600000    1.3162622928e-02   -2.5008006415e-08   -6.8819916754e-03   -1.5468511403e-07   -2.1440310232e-02    7.0848729638e-08
  38.6100000    1.3348477166e-02   -8.6838814780e-09   -6.6417852480e-03   -9.9861452189e-08   -2.1346502155e-02    1.2799598604e-07
  38.6600000    1.3534034396e-02    8.1126662418e-09   -6.4039023947e-03   -2.3390352128e-08   -2.1254616717e-02    1.4871077607e-07
  38.7100000    1.3718814429e-02    1.6615958980e-08   -6.1673538324e-03    5.1006094787e-08   -2.1164833898e-02    1.2946082020e-07
  38.7600000    1.3901836861e-02    1.4746804901e-08   -5.9306093125e-03    1.0326766938e-07   -2.1075986279e-02    7.5167663695e-08
  38.8100000    1.4082192827e-02    6.8838850595e-09   -5.6920194374e-03    1.2238579699e-07   -2.0986016255e-02   -1.3489568637e-09
  38.8600000    1.4259481772e-02   -5.0972505231e-10   -5.4502400461e-03    1.0723148275e-07   -2.0892694250e-02   -8.0901018041e-08
  38.9100000    1.4433957864e-02   -3.5922088344e-09   -5.2046135946e-03    6.3969518822e-08   -2.0794341564e-02   -1.4122977039e-07
  38.9600000    1.4606397511e-02   -2.8127816050e-09   -4.9554480834e-03    2.8633175914e-09   -2.0690319184e-02   -1.6236599099e-07
  39.0100000    1.4777764540e-02   -1.0589607731e-09   -4.7040713639e-03   -6.3391979070e-08   -2.0581141281e-02   -1.3314324772e-07
  39.0600000    1.4948761066e-02   -5.6649704911e-10   -4.4525401090e-03   -1.2001098161e-07   -2.0468208399e-02   -5.6704243760e-08
  39.1100000    1.5119398646e-02   -1.3495725518e-09   -4.2030212156e-03   -1.5130771794e-07   -2.0353280851e-02    4.7649235470e-08
  39.1600000    1.5288800920e-02   -2.0131321930e-09   -3.9570694851e-03   -1.4464483660e-07   -2.0237887239e-02    1.4813435032e-07
  39.2100000    1.5455443540e-02   -1.5294308951e-09   -3.7151291217e-03   -9.6491358961e-08   -2.0122867054e-02    2.0962171345e-07
  39.2600000    1.5617853355e-02   -2.9541644780e-11   -3.4764768757e-03   -1.7066590657e-08   -2.0008185171e-02    2.0577137610e-07
  39.3100000    1.5775480820e-02    1.8581683917e-09   -3.2395702818e-03    7.0520528509e-08   -1.9893054774e-02    1.2994125662e-07
  39.3600000    1.5929236696e-02    3.8748747172e-09   -3.0025644151e-03    1.3795083878e-07   -1.9776299077e-02    3.8285991769e-10
  39.4100000    1.6081260580e-02    5.9190284207e-09   -2.7637620790e-03    1.6303575812e-07   -1.9656806055e-02   -1.4316748347e-07
  39.4600000    1.6233895825e-02    7.0869392892e-09   -2.5219237853e-03    1.3869860309e-07   -1.9533908121e-02   -2.5138696644e-07
  39.5100000    1.6388364053e-02    5.5830198824e-09   -2.2765027531e-03    7.4706979449e-08   -1.9407556471e-02   -2.8229804467e-07
  39.5600000    1.6543917060e-02    3.4297296729e-10   -2.0278487815e-03   -8.1979671893e-09   -1.9278243288e-02   -2.1741596154e-07
  39.6100000    1.6698058847e-02   -6.9853668615e-09   -1.7772868807e-03   -8.7482634984e-08   -1.9146723419e-02   -7.0945382825e-08
  39.6600000    1.6847832137e-02   -1.2148435570e-08   -1.5268974487e-03   -1.4571135095e-07   -1.9013662916e-02    1.1215118138e-07
  39.7100000    1.6991495148e-02   -1.1262304378e-08   -1.2789301510e-03   -1.7237767339e-07   -1.8879365076e-02    2.6961551454e-07
  39.7600000    1.7129602332e-02   -4.3723301829e-09   -1.0350194645e-03   -1.6236705988e-07   -1.8743685134e-02    3.4300466648e-07
  39.8100000    1.7264783803e-02    3.9121869932e-09   -7.9554937121e-04   -1.1506041323e-07   -1.8606158612e-02    2.9934479955e-07
  39.8600000    1.7400267692e-02    7.8783020323e-09   -5.5948756689e-04   -3.6399727605e-08   -1.8466272221e-02    1.4536075225e-07
  39.9100000    1.7537972114e-02    5.4813822087e-09   -3.2478668593e-04    5.7855848436e-08   -1.8323742974e-02   -7.1651274412e-08
  39.9600000    1.7677316206e-02    3.0848605188e-11   -8.9178598979e-05    1.4221221431e-07   -1.8178670134e-02   -2.7780596312e-07
  40.0100000    1.7815523158e-02   -2.9605754427e-09    1.4897714806e-04    1.8808498575e-07   -1.8031487331e-02   -3.9756611172e-07
  40.0600000    1.7949300015e-02   -9.3815463660e-10    3.9012737780e-04    1.7549906903e-07   -1.7882740179e-02   -3.8130660654e-07
  40.1100000    1.8076907765e-02    3.3870782211e-09    6.3344421758e-04    1.0377523179e-07   -1.7732801528e-02   -2.2547668951e-07
  40.1600000    1.8199336765e-02    4.8044012701e-09    8.7723644393e-04   -5.5358260787e-09   -1.7581669710e-02    2.2741402052e-08
  40.2100000    1.8319802827e-02    8.0769198534e-10    1.1196700968e-03   -1.1613022555e-07   -1.7428956974e-02    2.7922028919e-07
  40.2600000    1.8441805089e-02   -5.7559420033e-09    1.3594893083e-03   -1.9138823096e-07   -1.7274082539e-02    4.5134969860e-07
  40.3100000    1.8566910608e-02   -9.1417609183e-09    1.5964265200e-03   -2.0841091516e-07   -1.7116581528e-02    4.7157076363e-07
  40.3600000    1.8693655475e-02   -5.9480294103e-09    1.8311379264e-03   -1.6510518772e-07   -1.6956378277e-02    3.2375975303e-07
  40.4100000    1.8818300349e-02    1.7658325066e-09    2.0647385048e-03   -7.8330809981e-08   -1.6793882676e-02    5.2105243333e-08
  40.4600000    1.8937028477e-02    8.2931983313e-09    2.2982108025e-03    2.4050763498e-08   -1.6629848947e-02   -2.5190404827e-07
  40.5100000    1.9048245527e-02    9.1994110392e-09    2.5319992424e-03    1.1246547718e-07   -1.6465050544e-02   -4.8071532852e-07
  40.5600000    1.9153541036e-02    4.8059593725e-09    2.7659565074e-03    1.6298480755e-07   -1.6299918111e-02   -5.4938459715e-07
  40.6100000    1.9256695304e-02   -6.7637466984e-10    2.9995854052e-03    1.6220946554e-07   -1.6134313611e-02   -4.2753972930e-07
  40.6600000    1.9361356927e-02   -3.1292933522e-09    3.2323701603e-03    1.1042307485e-07   -1.5967557999e-02   -1.5240189762e-07
  40.7100000    1.9468873862e-02   -1.7503376793e-09    3.4639989897e-03    2.2823108442e-08   -1.5798715788e-02    1.8267294182e-07
  40.7600000    1.9577658133e-02    1.1757765114e-09    3.6944063946e-03   -7.2888603182e-08   -1.5627019426e-02    4.6060990179e-07
  40.8100000    1.9684447219e-02    3.1220849969e-09    3.9236944526e-03   -1.4404761948e-07   -1.5452245567e-02    5.8247365471e-07
  40.8600000    1.9786561964e-02    3.6171402906e-09    4.1520362072e-03   -1.6451519482e-07   -1.5274867964e-02    5.0345446388e-07
  40.9100000    1.9883610235e-02    3.8054164969e-09    4.3796171397e-03   -1.2560194400e-07   -1.5095904444e-02    2.4961147556e-07
  40.9600000    1.9977504868e-02    4.1278411004e-09    4.6066001206e-03   -4.0790515266e-08   -1.4916508468e-02   -9.0971045882e-08
  41.0100000    2.0070867603e-02    2.9588755864e-09    4.8330745454e-03    5.8871239452e-08   -1.4737471064e-02   -3.9949486824e-07
  41.0600000    2.0165025617e-02   -1.9839659110e-09    5.0589857181e-03    1.3702518609e-07   -1.4558845708e-02   -5.6879794333e-07
  41.1100000    2.0259057893e-02   -1.0597783010e-08    5.2840930920e-03    1.6623519853e-07   -1.4379865415e-02   -5.4129949259e-07
  41.1600000    2.0350538708e-02   -1.8818261889e-08    5.5080199991e-03    1.3785966842e-07   -1.4199204595e-02   -3.2884592835e-07
  41.2100000    2.0437363593e-02   -2.0604038625e-08    5.7304117481e-03    6.3958302358e-08   -1.4015495748e-02   -7.5444562012e-09
  41.2600000    2.0519273510e-02   -1.2420348097e-08    5.9511412220e-03   -2.8375613956e-08   -1.3827901149e-02    3.1012778720e-07
  41.3100000    2.0597978523e-02    3.3153740085e-09    6.1704456836e-03   -1.0705875926e-07   -1.3636507964e-02    5.1548500190e-07
  41.3600000    2.0675874210e-02    1.8893167332e-08    6.3888886095e-03   -1.4562091962e-07   -1.3442376044e-02    5.4145077413e-07
  41.4100000    2.0754384605e-02    2.6002154423e-08    6.6071207965e-03   -1.3140456992e-07   -1.3247198972e-02    3.8466851612e-07
  41.4600000    2.0833166488e-02    2.1145804260e-08    6.8255284850e-03   -6.9477442788e-08   -1.3052690694e-02    1.0456906168e-07
  41.5100000    2.0910665303e-02    7.8121807715e-09    7.0439419637e-03    1.8794226761e-08   -1.2859923538e-02   -1.9947933213e-07
  41.5600000    2.0985454374e-02   -6.1130571286e-09    7.2615818889e-03    1.0252387497e-07   -1.2668873274e-02   -4.2406219871e-07
  41.6100000    2.1057253980e-02   -1.3627193715e-08    7.4773244061e-03    1.5176246975e-07   -1.2478358958e-02   -4.9749668274e-07
  41.6600000    2.1126888105e-02   -1.2676189548e-08    7.6902043718e-03    1.4813840826e-07   -1.2286422084e-02   -4.0293478367e-07
  41.7100000    2.1195339295e-02   -6.3426999672e-09    7.8999270501e-03    9.1492163560e-08   -1.2091023343e-02   -1.8128521157e-07
  41.7600000    2.1262756414e-02    3.4960070409e-10    8.1071109393e-03   -3.1226247660e-10   -1.1890808700e-02    8.6043075748e-08
  41.8100000    2.1328233311e-02    4.0947298994e-09    8.3130864540e-03   -9.8232779628e-08   -1.1685659530e-02    3.0741770266e-07
  41.8600000    2.1390503272e-02    4.6671970252e-09    8.5192966860e-03   -1.7245414352e-07   -1.1476811674e-02    4.1289065894e-07
  41.9100000    2.1448964089e-02    3.5668578145e-09    8.7265777148e-03   -2.0205067217e-07   -1.1266482438e-02    3.7643497314e-07
  41.9600000    2.1504227665e-02    1.8469924381e-09    8.9346990235e-03   -1.8059376911e-07   -1.1057126608e-02    2.2136855296e-07
  42.0100000    2.1557795450e-02   -6.4366533079e-10    9.1424362192e-03   -1.1661660609e-07   -1.0850583770e-02    8.3174709449e-09
  42.0600000    2.1611129395e-02   -4.1082483915e-09    9.3481656506e-03   -2.9847264198e-08   -1.0647424912e-02   -1.8862552896e-07
  42.1100000    2.1664798582e-02   -7.2732311062e-09    9.5506687134e-03    5.4965180974e-08   -1.0446737510e-02   -3.0810464711e-07
  42.1600000    2.1718265303e-02   -7.4383177134e-09    9.7497004132e-03    1.1483596509e-07   -1.0246430135e-02   -3.2060258351e-07
  42.2100000    2.1770374689e-02   -2.5330652606e-09    9.9460095155e-03    1.3447097625e-07   -1.0043949480e-02   -2.3445666984e-07
  42.2600000    2.1820126776e-02    6.4310139918e-09    1.0140825801e-02    1.1009723790e-07   -9.8371554878e-03   -8.8192681969e-08
  42.3100000    2.1867177158e-02    1.4821733426e-08    1.0335147954e-02    5.0240397762e-08   -9.6250479602e-03    6.6354764242e-08
  42.3600000    2.1911782834e-02    1.6757011862e-08    1.0529266273e-02   -2.6871242981e-08   -9.4080975332e-03    1.8285108127e-07
  42.4100000    2.1954345661e-02    9.0856722083e-09    1.0722774251e-02   -9.8614108553e-08   -9.1880793304e-03    2.3422257485e-07
  42.4600000    2.1994977143e-02   -5.7878532239e-09    1.0914991066e-02   -1.4442530642e-07   -8.9674823339e-03    2.1735200561e-07
  42.5100000    2.2033433523e-02   -2.0475461037e-08    1.1105464155e-02   -1.5150026744e-07   -8.7487073508e-03    1.4879710473e-07
  42.5600000    2.2069435726e-02   -2.6600093932e-08    1.1294213808e-02   -1.1816331118e-07   -8.5333245291e-03    5.5044385525e-08
  42.6100000    2.2103069575e-02   -1.9845985080e-08    1.1481604045e-02   -5.4103642781e-08   -8.3216240647e-03   -3.7780694864e-08
  42.6600000    2.2134905995e-02   -2.8064927481e-09    1.1667997713e-02    2.2503052918e-08   -8.1125824981e-03   -1.1074002821e-07
  42.7100000    2.2165719328e-02    1.6306665433e-08    1.1853478234e-02    9.0243705103e-08   -7.9042266187e-03   -1.5391917583e-07
  42.7600000    2.2196009784e-02    2.8314350978e-08    1.2037822960e-02    1.3073711238e-07   -7.6942566862e-03   -1.6442076903e-07
  42.8100000    2.2225686271e-02    2.8075998595e-08    1.2220692565e-02    1.3415031336e-07   -7.4807262392e-03   -1.4322983624e-07
  42.8600000    2.2254129604e-02    1.6738378898e-08    1.2401839389e-02    1.0218003451e-07   -7.2625794827e-03   -9.3508982544e-08
  42.9100000    2.2280563978e-02    1.9975812033e-10    1.2581154657e-02    4.7337247295e-08   -7.0399079785e-03   -2.1297686227e-08
  42.9600000    2.2304460458e-02   -1.4600242574e-08    1.2758539709e-02   -1.1432100693e-08   -6.8138796949e-03    6.2422113412e-08
  43.0100000    2.2325724347e-02   -2.2846287585e-08    1.2933754205e-02   -5.5398961440e-08   -6.5863852092e-03    1.4061514287e-07
  43.0600000    2.2344615405e-02   -2.2874403546e-08    1.3106424637e-02   -7.2622402394e-08   -6.3595139169e-03    1.9218452421e-07
  43.1100000    2.2361530457e-02   -1.5543415048e-08    1.3276265619e-02   -6.1949854860e-08   -6.1350047243e-03    1.9764034811e-07
  43.1600000    2.2376812469e-02   -3.4418835412e-09    1.3443381182e-02   -3.2770282056e-08   -5.9138096234e-03    1.4683886635e-07
  43.2100000    2.2390662767e-02    9.4064877710e-09    1.3608423128e-02   -4.2879590083e-10   -5.6958719173e-03    4.5533464099e-08
  43.2600000    2.2403139536e-02    1.8117859287e-08    1.3772461887e-02    2.0918422087e-08   -5.4801651153e-03   -8.2731433623e-08
  43.3100000    2.2414200867e-02    1.8776614352e-08    1.3936612366e-02    2.4839732369e-08   -5.2649762666e-03   -2.0136682998e-07
  43.3600000    2.2423770259e-02    1.0991785309e-08    1.4101610425e-02    1.5309606857e-08   -5.0483607761e-03   -2.7147176365e-07
  43.4100000    2.2431804701e-02   -9.3037400289e-10    1.4267544668e-02    3.9447444118e-09   -4.8286553080e-03   -2.6521490849e-07
  43.4600000    2.2438322411e-02   -9.9712343431e-09    1.4433823174e-02    3.0369156174e-09   -4.6049198525e-03   -1.7698466776e-07
  43.5100000    2.2443351941e-02   -1.0859608429e-08    1.4599311871e-02    1.8126135884e-08   -4.3771944208e-03   -2.7769848941e-08
  43.5600000    2.2446829926e-02   -3.8591117093e-09    1.4762538816e-02    4.4361223241e-08   -4.1464994706e-03    1.3955757805e-07
  43.6100000    2.2448550139e-02    5.2586631256e-09    1.4921931702e-02    6.8808785341e-08   -3.9145740519e-03    2.7309954023e-07
  43.6600000    2.2448257883e-02    9.3654937567e-09    1.5076143132e-02    7.7341506583e-08   -3.6834167033e-03    3.2885524084e-07
  43.7100000    2.2445863929e-02    5.2003180902e-09    1.5224498346e-02    6.2039148665e-08   -3.4547518784e-03    2.8590659897e-07
  43.7600000    2.2441615728e-02   -4.3458011895e-09    1.5367453886e-02    2.4973934212e-08   -3.2295707448e-03    1.5442060677e-07
  43.8100000    2.2436049714e-02   -1.2563650517e-08    1.5506801990e-02   -2.3213439471e-08   -3.0078786088e-03   -2.6606876350e-08
  43.8600000    2.2429701065e-02   -1.3901335623e-08    1.5645358805e-02   -6.8299761236e-08   -2.7887235239e-03   -2.0139419192e-07
  43.9100000    2.2422753014e-02   -7.6747231584e-09    1.5786097952e-02   -9.7719905934e-08   -2.5704973053e-03   -3.1528530395e-07
  43.9600000    2.2414886270e-02    2.1077269595e-09    1.5931020922e-02   -1.0360326385e-07   -2.3514168452e-03   -3.3251387464e-07
  44.0100000    2.2405456648e-02    1.0180945706e-08    1.6080271744e-02   -8.3448537831e-08   -2.1300379677e-03   -2.4781587641e-07
  44.0600000    2.2393882857e-02    1.3651650475e-08    1.6231941383e-02   -3.9970525532e-08   -1.9056458033e-03   -8.8002291791e-08
  44.1100000    2.2379966364e-02    1.3003092124e-08    1.6382686776e-02    1.8593547560e-08   -1.6784086394e-03    9.6939613019e-08
  44.1600000    2.2363922889e-02    1.0170443868e-08    1.6528900373e-02    7.8160249247e-08   -1.4492620143e-03    2.5008930117e-07
  44.2100000    2.2346133001e-02    5.9208956445e-09    1.6667932167e-02    1.2034574951e-07   -1.2195783816e-03    3.2564935257e-07
  44.2600000    2.2326833192e-02   -7.7347243992e-10    1.6798894451e-02    1.2737466522e-07   -9.9074349212e-04    3.0285242273e-07
  44.3100000    2.2306001563e-02   -1.0646507763e-08    1.6922810394e-02    8.9578993420e-08   -7.6378084884e-04    1.9138359643e-07
  44.3600000    2.2283523945e-02   -2.1318072441e-08    1.7042146771e-02    1.2137160018e-08   -5.3913493010e-04    2.7012099645e-08
  44.4100000    2.2259492923e-02   -2.6831831993e-08    1.7159967476e-02   -8.3188268723e-08   -3.1665675949e-04   -1.4057554840e-07
  44.4600000    2.2234373824e-02   -2.0986535958e-08    1.7279014716e-02   -1.6378045357e-07   -9.5759947026e-05   -2.6335286548e-07
  44.5100000    2.2208857325e-02   -2.5931961890e-09    1.7400994648e-02   -1.9814087574e-07    1.2433839762e-04   -3.0882705929e-07
  44.5600000    2.2183446053e-02    2.1495537202e-08    1.7526250225e-02   -1.6929329724e-07    3.4439005223e-04   -2.6814312460e-07
  44.6100000    2.2158029793e-02    3.8824552832e-08    1.7653867261e-02   -8.3398817918e-08    5.6497025618e-04   -1.5662500180e-07
  44.6600000    2.2131744079e-02    3.8614493337e-08    1.7782107216e-02    3.0933610952e-08    7.8643002822e-04   -7.5197497540e-09
  44.7100000    2.2103248890e-02    1.9214400364e-08    1.7908951207e-02    1.3305143023e-07    1.0089122131e-03    1.3836787150e-07
  44.7600000    2.2071310596e-02   -9.8007326292e-09    1.8032541591e-02    1.8625257766e-07    1.2323759530e-03    2.4373309609e-07
  44.8100000    2.2035384634e-02   -3.2986320072e-08    1.8151431372e-02    1.7251633107e-07    1.4565905110e-03    2.8358079305e-07
  44.8600000    2.1995892693e-02   -3.8530040199e-08    1.8264712745e-02    9.9570792222e-08    1.6811021643e-03    2.5008325059e-07
  44.9100000    2.1954059297e-02   -2.5368005638e-08    1.8372161242e-02   -2.6625680260e-09    1.9052210113e-03    1.5314418442e-07
  44.9600000    2.1911405395e-02   -3.0175302334e-09    1.8474433124e-02   -9.4460621526e-08    2.1280897137e-03    1.7302469522e-08
  45.0100000    2.1869155113e-02    1.5428635033e-08    1.8573168367e-02   -1.4200061777e-07    2.3488683646e-03   -1.2397381737e-07
  45.0600000    2.1827824073e-02    2.1803859868e-08    1.8670759728e-02   -1.2983199289e-07    2.5670069734e-03   -2.3552855192e-07
  45.1100000    2.1787143239e-02    1.6856660852e-08    1.8769680369e-02   -6.5524271430e-08    2.7825094490e-03   -2.8825775456e-07
  45.1600000    2.1746305661e-02    7.6006527317e-09    1.8871565336e-02    2.4471050999e-08    2.9960590828e-03   -2.6617635285e-07
  45.2100000    2.1704381125e-02    1.0090705822e-09    1.8976492435e-02    1.0530275079e-07    3.2089030103e-03   -1.7135836995e-07
  45.2600000    2.1660678116e-02   -7.1732082525e-10    1.9082884523e-02    1.4632652483e-07    3.4224818158e-03   -2.5169691559e-08
  45.3100000    2.1614872899e-02   -1.5332594198e-10    1.9188131674e-02    1.3167477086e-07    3.6379077539e-03    1.3538417951e-07
  45.3600000    2.1566869852e-02   -9.8128965648e-10    1.9289620229e-02    6.5790015478e-08    3.8554874384e-03    2.6624994901e-07
  45.4100000    2.1516544889e-02   -4.3841357193e-09    1.9385647108e-02   -2.7636744683e-08    4.0745018304e-03    3.2826818298e-07
  45.4600000    2.1463633373e-02   -8.4230283481e-09    1.9475828913e-02   -1.1339334820e-07    4.2933765518e-03    2.9929531234e-07
  45.5100000    2.1407939811e-02   -1.0246557526e-08    1.9560960958e-02   -1.5740642489e-07    4.5102216651e-03    1.8256953933e-07
  45.5600000    2.1349775556e-02   -8.5998121521e-09    1.9642568049e-02   -1.4047476174e-07    4.7235539162e-03    7.9809258135e-09
  45.6100000    2.1290254963e-02   -4.3730146588e-09    1.9722428221e-02   -6.7635611109e-08    4.9329120251e-03   -1.7509393762e-07
  45.6600000    2.1231056633e-02    7.9921098433e-10    1.9802187333e-02    3.1835242475e-08    5.1390921440e-03   -3.1190858954e-07
  45.7100000    2.1173593834e-02    6.0003101937e-09    1.9883025730e-02    1.1545019075e-07    5.3438716958e-03   -3.5930101945e-07
  45.7600000    2.1118043475e-02    1.0942828904e-08    1.9965350035e-02    1.4591251418e-07    5.5493034720e-03   -2.9999213157e-07
  45.8100000    2.1062949411e-02    1.4668544076e-08    2.0048622480e-02    1.0870973463e-07    5.7568573338e-03   -1.4924909716e-07
  45.8600000    2.1005843697e-02    1.4905541545e-08    2.0131512325e-02    1.9998761172e-08    5.9667735490e-03    4.8721546412e-08
  45.9100000    2.0944627276e-02    9.4263035374e-09    2.0212416510e-02   -7.9867935910e-08    6.1779217162e-03    2.3388974518e-07
  45.9600000    2.0878827387e-02   -1.4003623192e-09    2.0290122541e-02   -1.4455985061e-07    6.3882527117e-03    3.4901569558e-07
  46.0100000    2.0809834007e-02   -1.3339785802e-08    2.0364219693e-02   -1.4293187424e-07    6.5956724725e-03    3.5780849651e-07
  46.0600000    2.0739905734e-02   -2.0149973829e-08    2.0434996076e-02   -7.2900409012e-08    6.7989695477e-03    2.5672639169e-07
  46.1100000    2.0670642694e-02   -1.7757812730e-08    2.0502929590e-02    3.8128080005e-08    6.9983859246e-03    7.6529566890e-08
  46.1600000    2.0602038130e-02   -7.5670235557e-09    2.0568200234e-02    1.4547396812e-07    7.1955603713e-03   -1.2702373866e-07
  46.2100000    2.0532783303e-02    4.0741102943e-09    2.0630638325e-02    2.0554079555e-07    7.3928417154e-03   -2.9049099892e-07
  46.2600000    2.0461532452e-02    1.0280331221e-08    2.0690160437e-02    1.9222087032e-07    7.5922512772e-03   -3.6268730525e-07
  46.3100000    2.0388098499e-02    8.6420713806e-09    2.0747317018e-02    1.0570509864e-07    7.7945426840e-03   -3.2101872124e-07
  46.3600000    2.0313632512e-02    2.8012309540e-09    2.0803441734e-02   -2.7901957087e-08    7.9987826376e-03   -1.7902308573e-07
  46.4100000    2.0239666311e-02   -8.1238707176e-10    2.0860180128e-02   -1.6470708597e-07    8.2026612671e-03    1.7432507387e-08
  46.4600000    2.0166797518e-02    1.5005547318e-09    2.0918660294e-02   -2.5625436114e-07    8.4034248238e-03    2.0439278086e-07
  46.5100000    2.0094058842e-02    7.4885835451e-09    2.0978856496e-02   -2.6494205996e-07    8.5990444777e-03    3.2029729743e-07
  46.5600000    2.0019460442e-02    1.0773126457e-08    2.1039554783e-02   -1.7806686960e-07    8.7891183388e-03    3.2635168162e-07
  46.6100000    1.9941295107e-02    6.3040564810e-09    2.1098884261e-02   -1.5890486039e-08    8.9751057639e-03    2.2012910277e-07
  46.6600000    1.9859255395e-02   -5.0139118817e-09    2.1155004906e-02    1.7082577570e-07    9.1597735213e-03    3.7539230577e-08
  46.7100000    1.9774602968e-02   -1.6366669939e-08    2.1206540840e-02    3.1566301279e-07    9.3460722373e-03   -1.5816586759e-07
  46.7600000    1.9689342796e-02   -1.9822738517e-08    2.1252678253e-02    3.6039234493e-07    9.5359108362e-03   -2.9737843252e-07
  46.8100000    1.9605021963e-02   -1.2167598824e-08    2.1293175116e-02    2.7915798205e-07    9.7293463638e-03   -3.2844695807e-07
  46.8600000    1.9521937965e-02    2.6558902661e-09    2.1328534495e-02    9.2295685825e-08    9.9245337372e-03   -2.3692554878e-07
  46.9100000    1.9439170665e-02    1.6184253731e-08    2.1360270479e-02   -1.3768783824e-07    1.0118459089e-02   -5.2496122350e-08
  46.9600000    1.9355282733e-02    2.0982372390e-08    2.1390876533e-02   -3.2795611961e-07    1.0308150353e-02    1.5980037965e-07
  47.0100000    1.9269168089e-02    1.5061587736e-08    2.1423157536e-02   -4.0682220627e-07    1.0491861250e-02    3.2184949677e-07
  47.0600000    1.9180550020e-02    2.4200373277e-09    2.1459054273e-02   -3.4200943869e-07    1.0669742448e-02    3.7085206624e-07
  47.0700000    1.9162561166e-02   -3.0652118340e-10    2.1466710414e-02   -3.1268851519e-07    1.0704765824e-02    3.6416320834e-07
  47.0800000    1.9144498201e-02   -2.9621260455e-09    2.1474509493e-02   -2.7870371475e-07    1.0739652744e-02    3.5190610278e-07
  47.0900000    1.9126368323e-02   -5.4929205794e-09    2.1482437594e-02   -2.4054544432e-07    1.0774426826e-02    3.3421937176e-07
  47.1000000    1.9108178924e-02   -7.8494589436e-09    2.1490477660e-02   -1.9876811982e-07    1.0809112549e-02    3.1132549080e-07
  47.1100000    1.9089937413e-02   -9.9876615651e-09    2.1498609841e-02   -1.5398168331e-07    1.0843734842e-02    2.8352812119e-07
  47.1200000    1.9071651036e-02   -1.1869487967e-08    2.1506811912e-02   -1.0684222552e-07    1.0878318663e-02    2.5120819789e-07
  47.1300000    1.9053326721e-02   -1.3463411371e-08    2.1515059743e-02   -5.8041961991e-08    1.0912888583e-02    2.1481879344e-07
  47.1400000    1.9034970928e-02   -1.4744849820e-08    2.1523327822e-02   -8.2985569285e-09    1.0947468379e-02    1.7487877576e-07
  47.1500000    1.9016589525e-02   -1.5696232575e-08    2.1531589805e-02    4.1655757216e-08    1.0982080645e-02    1.3196545671e-07
  47.1600000    1.8998187681e-02   -1.6307064732e-08    2.1539819083e-02    9.1085464586e-08    1.1016746420e-02    8.6706226963e-08
  47.1700000    1.8979769777e-02   -1.6573814577e-08    2.1547989347e-02    1.3926286495e-07    1.1051484852e-02    3.9769324398e-08
  47.1800000    1.8961339344e-02   -1.6499630415e-08    2.1556075147e-02    1.8547920234e-07    1.1086312888e-02   -8.1460462122e-09
  47.1900000    1.8942899018e-02   -1.6093998101e-08    2.1564052409e-02    2.2905534631e-07    1.1121245013e-02   -5.6320240697e-08
  47.2000000    1.8924450521e-02   -1.5372293775e-08    2.1571898920e-02    2.6935204875e-07    1.1156293021e-02   -1.0402404679e-07
  47.2100000    1.8905994658e-02   -1.4355224063e-08    2.1579594743e-02    3.0577957027e-07    1.1191465841e-02   -1.5052983843e-07
  47.2200000    1.8887531336e-02   -1.3068324997e-08    2.1587122577e-02    3.3780650861e-07    1.1226769410e-02   -1.9512276711e-07
  47.2300000    1.8869059599e-02   -1.1541359574e-08    2.1594468025e-02    3.6496773358e-07    1.1262206592e-02   -2.3711188381e-07
  47.2400000    1.8850577685e-02   -9.8076173244e-09    2.1601619791e-02    3.8687126963e-07    1.1297777157e-02   -2.7584093908e-07
  47.2500000    1.8832083087e-02   -7.9034068731e-09    2.1608569779e-02    4.0320408572e-07    1.1333477806e-02   -3.1069876443e-07
  47.2600000    1.8813572636e-02   -5.8673043520e-09    2.1615313108e-02    4.1373665824e-07    1.1369302248e-02   -3.4112901125e-07
  47.2700000    1.8795042592e-02   -3.7395870969e-09    2.1621848036e-02    4.1832628854e-07    1.1405241326e-02   -3.6663910719e-07
  47.2800000    1.8776488740e-02   -1.5615738717e-09    2.1628175804e-02    4.1691907896e-07    1.1441283191e-02   -3.8680832538e-07
  47.2900000    1.8757906495e-02    6.2496266553e-10    2.1634300397e-02    4.0955060777e-07    1.1477413514e-02   -4.0129472620e-07
  47.3000000    1.8739291016e-02    2.7784368238e-09    2.1640228250e-02    3.9634521013e-07    1.1513615748e-02   -4.0984099133e-07
  47.3100000    1.8720637315e-02    4.8580657485e-09    2.1645967885e-02    3.7751397840e-07    1.1549871409e-02   -4.1227891845e-07
  47.3200000    1.8701940374e-02    6.8244561934e-09    2.1651529512e-02    3.5335144995e-07    1.1586160401e-02   -4.0853260421e-07
  47.3300000    1.8683195260e-02    8.6402273518e-09    2.1656924600e-02    3.2423101901e-07    1.1622461357e-02   -3.9862018563e-07
  47.3400000    1.8664397237e-02    1.0270568171e-08    2.1662165439e-02    2.9059924844e-07    1.1658751997e-02   -3.8265411447e-07
  47.3500000    1.8645541874e-02    1.1683858328e-08    2.1667264691e-02    2.5296902329e-07    1.1695009501e-02   -3.6083999353e-07
  47.3600000    1.8626625158e-02    1.2852230811e-08    2.1672234971e-02    2.1191175742e-07    1.1731210889e-02   -3.3347392249e-07
  47.3700000    1.8607643588e-02    1.3752080521e-08    2.1677088448e-02    1.6804872777e-07    1.1767333391e-02   -3.0093843830e-07
  47.3800000    1.8588594273e-02    1.4364632842e-08    2.1681836488e-02    1.2204168552e-07    1.1803354824e-02   -2.6369705843e-07
  47.3900000    1.8569475017e-02    1.4676385899e-08    2.1686489360e-02    7.4582804805e-08    1.1839253942e-02   -2.2228757458e-07
  47.4000000    1.8550284392e-02    1.4679487781e-08    2.1691055984e-02    2.6384288404e-08    1.1875010774e-02   -1.7731409398e-07
  47.4100000    1.8531021811e-02    1.4372115443e-08    2.1695543769e-02   -2.1832385466e-08    1.1910606941e-02   -1.2943805265e-07
  47.4200000    1.8511687575e-02    1.3758690520e-08    2.1699958504e-02   -6.9347380244e-08    1.1946025933e-02   -7.9368278162e-08
  47.4300000    1.8492282912e-02    1.2849961109e-08    2.1704304329e-02   -1.1545327717e-07    1.1981253364e-02   -2.7850262131e-08
  47.4400000    1.8472810006e-02    1.1663119527e-08    2.1708583776e-02   -1.5946580094e-07    1.2016277183e-02    2.4345174230e-08
  47.4500000    1.8453271999e-02    1.0221514511e-08    2.1712797876e-02   -2.0073406925e-07    1.2051087849e-02    7.6433682305e-08
  47.4600000    1.8433672983e-02    8.5544741486e-09    2.1716946327e-02   -2.3865039534e-07    1.2085678456e-02    1.2762939729e-07
  47.4700000    1.8414017963e-02    6.6968092322e-09    2.1721027708e-02   -2.7265942668e-07    1.2120044824e-02    1.7715704686e-07
  47.4800000    1.8394312811e-02    4.6882061831e-09    2.1725039739e-02   -3.0226650873e-07    1.2154185537e-02    2.2426394392e-07
  47.4900000    1.8374564187e-02    2.5724788684e-09    2.1728979570e-02   -3.2704507307e-07    1.2188101939e-02    2.6823163523e-07
  47.5000000    1.8354779446e-02    3.9668268254e-10    2.1732844087e-02   -3.4664299257e-07    1.2221798084e-02    3.0838705435e-07
  47.5100000    1.8334966514e-02   -1.7899926005e-09    2.1736630212e-02   -3.6078788161e-07    1.2255280644e-02    3.4411302724e-07
  47.5200000    1.8315133755e-02   -3.9373287590e-09    2.1740335211e-02   -3.6929112534e-07    1.2288558777e-02    3.7485787077e-07
  47.5300000    1.8295289802e-02   -5.9953263165e-09    2.1743956964e-02   -3.7205055192e-07    1.2321643948e-02    4.0014405318e-07
  47.5400000    1.8275443382e-02   -7.9154897036e-09    2.1747494211e-02   -3.6905192713e-07    1.2354549729e-02    4.1957566398e-07
  47.5500000    1.8255603120e-02   -9.6521507039e-09    2.1750946753e-02   -3.6036897562e-07    1.2387291554e-02    4.3284464530e-07
  47.5600000    1.8235777325e-02   -1.1163746547e-08    2.1754315602e-02   -3.4616210189e-07    1.2419886455e-02    4.3973567346e-07
  47.5700000    1.8215973778e-02   -1.2414032201e-08    2.1757603071e-02   -3.2667578580e-07    1.2452352770e-02    4.4012955033e-07
  47.5800000    1.8196199505e-02   -1.3373230601e-08    2.1760812809e-02   -3.0223462930e-07    1.2484709840e-02    4.3400517616e-07
  47.5900000    1.8176460555e-02   -1.4018957389e-08    2.1763949769e-02   -2.7323821863e-07    1.2516977683e-02    4.2143992022e-07
  47.6000000    1.8156761788e-02   -1.4337001006e-08    2.1767020116e-02   -2.4015479173e-07    1.2549176674e-02    4.0260850779e-07
  47.6100000    1.8137106671e-02   -1.4321927057e-08    2.1770031083e-02   -2.0351382500e-07    1.2581327212e-02    3.7778035764e-07
  47.6200000    1.8117497092e-02   -1.3977329312e-08    2.1772990763e-02   -1.6389776492e-07    1.2613449393e-02    3.4731547472e-07
  47.6300000    1.8097933209e-02   -1.3315923173e-08    2.1775907872e-02   -1.2193280462e-07    1.2645562697e-02    3.1165891769e-07
  47.6400000    1.8078413316e-02   -1.2359261635e-08    2.1778791468e-02   -7.8279098789e-08    1.2677685683e-02    2.7133395110e-07
  47.6500000    1.8058933764e-02   -1.1137218630e-08    2.1781650645e-02   -3.3620354029e-08    1.2709835701e-02    2.2693398987e-07
  47.6600000    1.8039488911e-02   -9.6872297168e-09    2.1784494224e-02    1.1346830250e-08    1.2742028633e-02    1.7911346230e-07
  47.6700000    1.8020071125e-02   -8.0531223842e-09    2.1787330437e-02    5.5923906488e-08    1.2774278652e-02    1.2857773937e-07
  47.6800000    1.8000670843e-02   -6.2839003141e-09    2.1790166622e-02    9.9421256829e-08    1.2806598019e-02    7.6072303152e-08
  47.6900000    1.7981276673e-02   -4.4322091081e-09    2.1793008950e-02    1.4116900987e-07    1.2838996906e-02    2.2371306344e-08
  47.7000000    1.7961875561e-02   -2.5526782240e-09    2.1795862176e-02    1.8052744321e-07    1.2871483254e-02   -3.1734303495e-08
  47.7100000    1.7942453004e-02   -7.0015583889e-10    2.1798729447e-02    2.1689692757e-07    1.2904062678e-02   -8.5448833042e-08
  47.7200000    1.7922993316e-02    1.0720520983e-09    2.1801612148e-02    2.4972722362e-07    1.2936738391e-02   -1.3798400063e-07
  47.7300000    1.7903479945e-02    2.7140287830e-09    2.1804509820e-02    2.7852597639e-07    1.2969511187e-02   -1.8857087016e-07
  47.7400000    1.7883895825e-02    4.1808671032e-09    2.1807420127e-02    3.0286625534e-07    1.3002379444e-02   -2.3647148399e-07
  47.7500000    1.7864223768e-02    5.4342535119e-09    2.1810338902e-02    3.2239301474e-07    1.3035339180e-02   -2.8098996828e-07
  47.7600000    1.7844446879e-02    6.4438304150e-09    2.1813260237e-02    3.3682850011e-07    1.3068384132e-02   -3.2148291632e-07
  47.7700000    1.7824548988e-02    7.1882626380e-09    2.1816176653e-02    3.4597626017e-07    1.3101505878e-02   -3.5736893128e-07
  47.7800000    1.7804515084e-02    7.6560326901e-09    2.1819079306e-02    3.4972392321e-07    1.3134693990e-02   -3.8813717255e-07
  47.7900000    1.7784331744e-02    7.8458750998e-09    2.1821958256e-02    3.4804464593e-07    1.3167936214e-02   -4.1335472995e-07
  47.8000000    1.7763987542e-02    7.7668602300e-09    2.1824802764e-02    3.4099710337e-07    1.3201218673e-02   -4.3267280171e-07
  47.8100000    1.7743473429e-02    7.4380845272e-09    2.1827601621e-02    3.2872418526e-07    1.3234526105e-02   -4.4583151207e-07
  47.8200000    1.7722783063e-02    6.8879953875e-09    2.1830343497e-02    3.1145028003e-07    1.3267842105e-02   -4.5266334076e-07
  47.8300000    1.7701913091e-02    6.1533828413e-09    2.1833017292e-02    2.8947728919e-07    1.3301149390e-02   -4.5309509005e-07
  47.8400000    1.7680863359e-02    5.2779719863e-09    2.1835612480e-02    2.6317937175e-07    1.3334430074e-02   -4.4714839979e-07
  47.8500000    1.7659637057e-02    4.3107689067e-09    2.1838119437e-02    2.3299658048e-07    1.3367665948e-02   -4.3493881579e-07
  47.8600000    1.7638240774e-02    3.3041915688e-09    2.1840529738e-02    1.9942741443e-07    1.3400838760e-02   -4.1667336766e-07
  47.8700000    1.7616684472e-02    2.3120113932e-09    2.1842836415e-02    1.6302047617e-07    1.3433930498e-02   -3.9264684176e-07
  47.8800000    1.7594981371e-02    1.3871883238e-09    2.1845034169e-02    1.2436536776e-07    1.3466923660e-02   -3.6323665762e-07
  47.8900000    1.7573147746e-02    5.7967190112e-10    2.1847119523e-02    8.4082878876e-08    1.3499801515e-02   -3.2889656289e-07
  47.9000000    1.7551202634e-02   -6.5655083684e-11    2.1849090916e-02    4.2814839533e-08    1.3532548355e-02   -2.9014920143e-07
  47.9100000    1.7529167467e-02   -5.1094817082e-10    2.1850948740e-02    1.2135645041e-09    1.3565149723e-02   -2.4757770577e-07
  47.9200000    1.7507065625e-02   -7.2719914190e-10    2.1852695305e-02   -4.0068750550e-08    1.3597592617e-02   -2.0181642181e-07
  47.9300000    1.7484921928e-02   -6.9553572065e-10    2.1854334744e-02   -8.0390563172e-08    1.3629865682e-02   -1.5354095691e-07
  47.9400000    1.7462762077e-02   -4.0843491309e-10    2.1855872863e-02   -1.1913133736e-07    1.3661959362e-02   -1.0345770207e-07
  47.9500000    1.7440612057e-02    1.2972696637e-10    2.1857316929e-02   -1.5570143254e-07    1.3693866031e-02   -5.2292968590e-08
  47.9600000    1.7418497514e-02    9.0240207261e-10    2.1858675421e-02   -1.8955145357e-07    1.3725580094e-02   -7.8196124927e-10
  47.9700000    1.7396443134e-02    1.8811994386e-09    2.1859957731e-02   -2.2018085497e-07    1.3757098051e-02    5.0342257781e-08
  47.9800000    1.7374472023e-02    3.0266049510e-09    2.1861173848e-02   -2.4714556927e-07    1.3788418539e-02    1.0035966443e-07
  47.9900000    1.7352605124e-02    4.2891750904e-09    2.1862334009e-02   -2.7006488298e-07    1.3819542330e-02    1.4857382890e-07
  48.0000000    1.7330860671e-02    5.6112580759e-09    2.1863448358e-02   -2.8862690091e-07    1.3850472308e-02    1.9432198083e-07
  48.0100000    1.7309253707e-02    6.9289303822e-09    2.1864526591e-02   -3.0259303909e-07    1.3881213410e-02    2.3698444312e-07
  48.0200000    1.7287795675e-02    8.1744338623e-09    2.1865577629e-02   -3.1180112989e-07    1.3911772539e-02    2.7599328095e-07
  48.0300000    1.7266494092e-02    9.2787536321e-09    2.1866609307e-02   -3.1616722576e-07    1.3942158446e-02    3.1084006053e-07
  48.0400000    1.7245352324e-02    1.0174339928e-08    2.1867628093e-02   -3.1568611806e-07    1.3972381589e-02    3.4108260121e-07
  48.0500000    1.7224369458e-02    1.0797927347e-08    2.1868638855e-02   -3.1043044426e-07    1.4002453971e-02    3.6635060256e-07
  48.0600000    1.7203540287e-02    1.1093291037e-08    2.1869644667e-02   -3.0054852861e-07    1.4032388950e-02    3.8635014568e-07
  48.0700000    1.7182855400e-02    1.1013816628e-08    2.1870646676e-02   -2.8626090667e-07    1.4062201037e-02    4.0086693468e-07
