# thinned to dt=0.05 from the every-step stream; the last 1 time units are kept whole (the death window)
  35.0100000   -7.6375291145e-06    8.9690934236e-08   -1.3935066724e-05    3.5152944709e-08   -1.0673113105e-05    5.2500557034e-08
  35.0600000   -1.2267290682e-05    5.7930439752e-08   -1.3091263811e-05    3.2019552814e-08   -9.9016638444e-06   -2.3636884752e-07
  35.1100000   -1.4049789300e-05    7.1685560859e-08   -1.1084775892e-05    2.0673783036e-08   -9.4321784457e-06   -4.4911776878e-07
  35.1600000   -1.3408252446e-05   -3.4470784258e-08   -8.3094231801e-06    1.0865176325e-08   -9.1905885299e-06   -5.1285990059e-07
  35.2100000   -1.0942184548e-05   -1.4467577962e-07   -5.4879036325e-06    8.5252009009e-09   -9.2049494341e-06   -4.0346806069e-07
  35.2600000   -7.9934105923e-06   -1.5399464481e-07   -3.4082294287e-06    1.3218406167e-08   -9.5849482570e-06   -1.5339289679e-07
  35.3100000   -5.6332356438e-06   -5.2829978220e-08   -2.6304788418e-06    1.8631301031e-08   -1.0427797245e-05    1.5843465482e-07
  35.3600000   -4.2410694035e-06    8.3043324180e-08   -3.2707456187e-06    1.5890853064e-08   -1.1705982811e-05    4.3127500473e-07
  35.4100000   -3.7633622796e-06    1.5816189065e-07   -4.9383082748e-06   -1.7750853956e-09   -1.3201674058e-05    5.7424085012e-07
  35.4600000   -4.1373352035e-06    1.2210259201e-07   -6.8484580464e-06   -3.5130289755e-08   -1.4530346655e-05    5.3539220447e-07
  35.5100000   -5.4611243862e-06    2.0616778294e-09   -8.0765926691e-06   -7.7436350616e-08   -1.5253837286e-05    3.1943499977e-07
  35.5600000   -7.8667418436e-06   -1.1409338081e-07   -7.8745826195e-06   -1.1592054367e-07   -1.5040464552e-05   -1.1626385989e-08
  35.6100000   -1.1227196910e-05   -1.4342180631e-07   -5.9479926002e-06   -1.3569257013e-07   -1.3806073768e-05   -3.5570591168e-07
  35.6600000   -1.4857373668e-05   -7.7384218388e-08   -2.5986913428e-06   -1.2498318408e-07   -1.1774919319e-05   -6.0128420655e-07
  35.7100000   -1.7461271677e-05    1.1574245268e-08    1.3261449833e-06   -8.0242873031e-08   -9.4304198210e-06   -6.6275200086e-07
  35.7600000   -1.7589829401e-05    4.0879773231e-08    4.6766144346e-06   -9.3413188645e-09   -7.3693420845e-06   -5.0966262814e-07
  35.8100000   -1.4524722160e-05   -2.8263205588e-09    6.3642298969e-06    6.8891718947e-08   -6.1106960249e-06   -1.8014525206e-07
  35.8600000   -8.9816626198e-06   -5.8288127407e-08    5.7283113403e-06    1.2965185722e-07   -5.9276441077e-06    2.2708745568e-07
  35.9100000   -2.9522567649e-06   -6.0108930810e-08    2.7772857445e-06    1.5061810698e-07   -6.7612808697e-06    5.8128669182e-07
  35.9600000    1.3486293027e-06   -5.6547669233e-09   -1.7826489530e-06    1.2076139844e-07   -8.2442464419e-06    7.6105802981e-07
  36.0100000    2.6598079424e-06    4.9751158175e-08   -6.7457260435e-06    4.5598862487e-08   -9.8227488800e-06    6.9581716726e-07
  36.0600000    1.1000403366e-06    5.4318948526e-08   -1.0767741941e-05   -5.3708262674e-08   -1.0932770324e-05    3.9324396163e-07
  36.1100000   -2.3030790720e-06    8.0289194174e-09   -1.2772431276e-05   -1.4723470606e-07   -1.1171222889e-05   -5.7893666301e-08
  36.1600000   -6.3486969914e-06   -4.5657073008e-08   -1.2273517404e-05   -2.0633488391e-07   -1.0409103950e-05   -5.1262492035e-07
  36.2100000   -9.9998178570e-06   -6.4492661404e-08   -9.5133606281e-06   -2.1294873995e-07   -8.8167200822e-06   -8.1599873528e-07
  36.2600000   -1.2294923960e-05   -4.0763892602e-08   -5.3783238559e-06   -1.6500699978e-07   -6.8009806974e-06   -8.5613084322e-07
  36.3100000   -1.2312722207e-05    6.8940774535e-10   -1.1185583712e-06   -7.6564776767e-08   -4.8808708391e-06   -6.0585689693e-07
  36.3600000   -9.5107518018e-06    2.7759738061e-08    2.0431622045e-06    2.6875858402e-08   -3.5418340534e-06   -1.3733710370e-07
  36.4100000   -4.2218557143e-06    2.4965348113e-08    3.2957067026e-06    1.1610896820e-07   -3.1104464588e-06    3.9753438834e-07
  36.4600000    2.1765538072e-06    7.6614250954e-10    2.4964699893e-06    1.6666275850e-07   -3.6799149485e-06    8.1621664874e-07
  36.5100000    7.6723224058e-06   -2.2701372248e-08    2.1128441011e-07    1.6554893749e-07   -5.1000146659e-06    9.6834910740e-07
  36.5600000    1.0439619253e-05   -2.8319431673e-08   -2.4892977768e-06    1.1451723665e-07   -7.0278943697e-06    7.9049345896e-07
  36.6100000    9.6672933910e-06   -1.6961956936e-08   -4.4202793284e-06    2.9068464533e-08   -9.0228824920e-06    3.3254729448e-07
  36.6600000    5.9959933921e-06   -4.3087329267e-09   -4.7239496417e-06   -6.6290560470e-08   -1.0660791409e-05   -2.5522386748e-07
  36.7100000    1.3060687737e-06   -4.5398110406e-09   -3.1928723393e-06   -1.4506820635e-07   -1.1641093666e-05   -7.7173746893e-07
  36.7600000   -2.1421505888e-06   -1.6581334679e-08   -3.4036893811e-07   -1.8610261438e-07   -1.1862777292e-05   -1.0348448300e-06
  36.8100000   -2.8437819814e-06   -2.6308011568e-08    2.8116950044e-06   -1.7921371994e-07   -1.1450882683e-05   -9.4671914651e-07
  36.8600000   -8.2240917265e-07   -2.1716465157e-08    5.1333663986e-06   -1.2771278444e-07   -1.0725298960e-05   -5.3091602835e-07
  36.9100000    2.4569179602e-06   -4.9504342486e-09    5.8012535007e-06   -4.7133346733e-08   -1.0115848146e-05    7.3288971207e-08
  36.9600000    4.9855896622e-06    1.0655100970e-08    4.5626549284e-06    3.9377898334e-08   -1.0041484701e-05    6.5837386065e-07
  37.0100000    5.3360926686e-06    1.4192818696e-08    1.7721509144e-06    1.0757473385e-07   -1.0783486072e-05    1.0214737590e-06
  37.0600000    3.3454741651e-06    7.0108272973e-09   -1.7690891209e-06    1.3858576731e-07   -1.2388555933e-05    1.0365604145e-06
  37.1100000    6.6691953436e-08   -2.9765137968e-10   -5.0776140014e-06    1.2362111553e-07   -1.4633921292e-05    6.9954018167e-07
  37.1600000   -2.8484613510e-06    5.7434815690e-10   -7.2638478325e-06    6.5951380320e-08   -1.7071384764e-05    1.2958813815e-07
  37.2100000   -3.9685718053e-06    7.2883220886e-09   -7.7649215184e-06   -1.9947750416e-08   -1.9143667348e-05   -4.7389912767e-07
  37.2600000   -2.7725591620e-06    9.1769564745e-09   -6.5027984105e-06   -1.1165479218e-07   -2.0341316976e-05   -9.0291582221e-07
  37.3100000    4.2509574694e-08   -2.2900387129e-09   -3.9308880929e-06   -1.8385016188e-07   -2.0351353857e-05   -1.0146632070e-06
  37.3600000    2.8200946741e-06   -2.4188434901e-08   -9.2698067444e-07   -2.1443240781e-07   -1.9147711670e-05   -7.8059636720e-07
  37.4100000    3.7728807378e-06   -4.2164409582e-08    1.4740173475e-06   -1.9069722900e-07   -1.6991169420e-05   -2.9326754145e-07
  37.4600000    2.0493762799e-06   -4.0626360207e-08    2.4351097764e-06   -1.1413621548e-07   -1.4338068218e-05    2.7049163734e-07
  37.5100000   -1.5762010622e-06   -1.5749156645e-08    1.6168440764e-06   -2.1416289789e-09   -1.1691207537e-05    7.1528483497e-07
  37.5600000   -4.9336034625e-06    1.9107722607e-08   -7.1886609017e-07    1.1480098340e-07   -9.4489516883e-06    8.9674697011e-07
  37.6100000   -5.6449808594e-06    4.1053721334e-08   -3.8476569827e-06    2.0076124552e-07   -7.8092724995e-06    7.6950673017e-07
  37.6600000   -2.6561484069e-06    3.3919724512e-08   -6.8823718943e-06    2.2541890757e-07   -6.7624104690e-06    3.9714539545e-07
  37.7100000    2.8528817960e-06    1.1431729970e-09   -9.0755341266e-06    1.7521631620e-07   -6.1676955346e-06   -7.7302305585e-08
  37.7600000    7.8794847195e-06   -3.5210404870e-08   -9.9937395269e-06    6.0259349332e-08   -5.8729514938e-06   -4.8706251101e-07
  37.8100000    9.2517258363e-06   -4.9656054890e-08   -9.5340672721e-06   -8.6647575650e-08   -5.8156488199e-06   -7.0147594839e-07
  37.8600000    5.6063469167e-06   -3.1902915701e-08   -7.8461788925e-06   -2.1968941169e-07   -6.0533675707e-06   -6.6800652216e-07
  37.9100000   -1.5510742118e-06    5.2198280883e-09   -5.2452608296e-06   -2.9549976564e-07   -6.7048686337e-06   -4.2280794049e-07
  37.9600000   -8.4745304439e-06    3.4940939373e-08   -2.1526839164e-06   -2.8851498661e-07   -7.8279108448e-06   -6.9077853046e-08
  38.0100000   -1.1233030350e-05    3.6251930198e-08    9.5801138240e-07   -2.0005318106e-07   -9.2955338116e-06    2.6563283102e-07
  38.0600000   -7.9950810433e-06    9.3074519302e-09    3.6445524042e-06   -5.7610213091e-08   -1.0741386299e-05    4.7547773971e-07
  38.1100000   -1.4759991694e-07   -2.5170454216e-08    5.6026332233e-06    9.4945136895e-08   -1.1620468764e-05    5.0894964587e-07
  38.1600000    8.4395649636e-06   -4.1839328906e-08    6.7414110785e-06    2.1208447220e-07   -1.1382716360e-05    3.7841118054e-07
  38.2100000    1.3544611433e-05   -2.9524099590e-08    7.1703726825e-06    2.6076615985e-07   -9.7032769524e-06    1.4663662374e-07
  38.2600000    1.2835526550e-05    1.5310843755e-09    7.0936165779e-06    2.2957172629e-07   -6.6786661895e-06   -1.0122411420e-07
  38.3100000    6.9536551943e-06    2.8763538039e-08    6.6770148248e-06    1.3069745509e-07   -2.8989834479e-06   -2.8807437494e-07
  38.3600000   -1.0499115757e-06    3.4607670948e-08    5.9813062295e-06   -4.9630477778e-09    6.5448699291e-07   -3.6699486829e-07
  38.4100000   -7.4408759325e-06    1.8206397889e-08    5.0126658183e-06   -1.3766585298e-07    2.8731474925e-06   -3.2957063600e-07
  38.4600000   -9.6551755219e-06   -6.5704787755e-09    3.8573805469e-06   -2.3060687631e-07    2.8690880558e-06   -2.0102908987e-07
  38.5100000   -7.3532532596e-06   -2.3367589411e-08    2.7987425354e-06   -2.6031954952e-07    2.9076267604e-07   -2.7130033740e-08
  38.5600000   -2.3081911380e-06   -2.5029862121e-08    2.3122640599e-06   -2.2270823308e-07   -4.5076953848e-06    1.4103065504e-07
  38.6100000    2.6409343356e-06   -1.6113711851e-08    2.9046214256e-06   -1.3296542050e-07   -1.0512819503e-05    2.5967951264e-07
  38.6600000    4.9916855917e-06   -6.2401128686e-09    4.8592793312e-06   -1.9596562244e-08   -1.6311364582e-05    3.0060260696e-07
  38.7100000    3.7115893546e-06   -1.4246367897e-09    8.0167994460e-06    8.5118755077e-08   -2.0487462096e-05    2.5527243412e-07
  38.7600000   -3.5790896713e-07   -6.6257796501e-10    1.1712020935e-05    1.5464893291e-07   -2.2033491827e-05    1.3583679218e-07
  38.8100000   -4.9938410547e-06    6.7454262943e-10    1.4919542073e-05    1.7448238352e-07   -2.0644617706e-05   -2.6739697581e-08
  38.8600000   -7.7781478857e-06    4.9951846325e-09    1.6564717699e-05    1.4374047345e-07   -1.6804834545e-05   -1.8803978113e-07
  38.9100000   -7.4263351858e-06    9.8212590700e-09    1.5887443189e-05    7.2949101580e-08   -1.1640590566e-05   -2.9975105453e-07
  38.9600000   -4.5547290481e-06    1.0263561904e-08    1.2727307281e-05   -1.9933043307e-08   -6.5924352724e-06   -3.2271009819e-07
  39.0100000   -1.3911920328e-06    3.8416687588e-09    7.6297363308e-06   -1.1344134321e-07   -3.0101236962e-06   -2.4045288984e-07
  39.0600000   -4.8302730867e-07   -6.8504873583e-09    1.7340169689e-06   -1.8603768234e-07   -1.7944611268e-06   -6.8467352714e-08
  39.1100000   -3.0732102816e-06   -1.5761901419e-08   -3.5270836199e-06   -2.1965689338e-07   -3.1861213270e-06    1.4565613874e-07
  39.1600000   -8.1114384898e-06   -1.7565945220e-08   -6.8286279248e-06   -2.0378769932e-07   -6.7485958268e-06    3.3355375231e-07
  39.2100000   -1.2594902136e-05   -1.0890945783e-08   -7.3364206662e-06   -1.3927283619e-07   -1.1530014097e-05    4.2703598022e-07
  39.2600000   -1.3193209750e-05    1.4424977204e-09   -4.9564665187e-06   -3.9923054702e-08   -1.6338898130e-05    3.8241277937e-07
  39.3100000   -8.3145944884e-06    1.4411218578e-08   -3.7644973523e-07    6.9745415861e-08   -2.0046950903e-05    1.9943342826e-07
  39.3600000    6.0024821765e-07    2.2943178434e-08    5.1125701814e-06    1.6070310681e-07   -2.1840473046e-05   -7.3173811128e-08
  39.4100000    9.4514630781e-06    2.3214908818e-08    9.9640954678e-06    2.0758552059e-07   -2.1371802233e-05   -3.4944803307e-07
  39.4600000    1.3525031477e-05    1.3676088510e-08    1.2801112449e-05    1.9592878303e-07   -1.8797646285e-05   -5.3292910715e-07
  39.5100000    1.0207025131e-05   -3.6120832664e-09    1.2807698049e-05    1.2614562640e-07   -1.4718050071e-05   -5.5012804673e-07
  39.5600000    8.1583967785e-07   -2.2308532684e-08    9.9803573061e-06    1.3519082183e-08   -1.0041479725e-05   -3.7911897224e-07
  39.6100000   -9.6910441918e-06   -3.3676152003e-08    5.1554788300e-06   -1.1513800253e-07   -5.8012690601e-06   -6.2346610019e-08
  39.6600000   -1.5253823589e-05   -3.1294416606e-08   -2.2093423352e-07   -2.2710971997e-07   -2.9457957715e-06    3.0245282705e-07
  39.7100000   -1.2221654550e-05   -1.5793264043e-08   -4.5364272675e-06   -2.9093578455e-07   -2.1279419924e-06    5.9191085804e-07
  39.7600000   -1.7672704677e-06    4.5091723469e-09   -6.5347734983e-06   -2.8442848038e-07   -3.5303457709e-06    6.9845457591e-07
  39.8100000    1.0445721084e-05    1.8597767389e-08   -5.7294457419e-06   -2.0216206904e-07   -6.7742446313e-06    5.6975559705e-07
  39.8600000    1.7420906071e-05    2.0133067260e-08   -2.5407291306e-06   -5.9966602656e-08   -1.0958548048e-05    2.3200526117e-07
  39.9100000    1.5054174608e-05    1.1402014330e-08    1.9037437750e-06    1.0633545784e-07   -1.4851925193e-05   -2.1265060899e-07
  39.9600000    4.7923468902e-06    5.7991090224e-10    6.2179994184e-06    2.4930800500e-07   -1.7214470401e-05   -6.1586413095e-07
  40.0100000   -7.0972026145e-06   -5.2412831263e-09    9.2596640710e-06    3.2388642964e-07   -1.7170985922e-05   -8.3184211922e-07
  40.0600000   -1.3352738509e-05   -5.1612664847e-09    1.0477659319e-05    3.0254844909e-07   -1.4518787017e-05   -7.6941482721e-07
  40.1100000   -1.0277705215e-05   -3.5778706225e-09    9.9891503063e-06    1.8599369481e-07   -9.8520325077e-06   -4.2908612345e-07
  40.1600000   -8.6622856837e-08   -4.8379292048e-09    8.4033260090e-06    4.9114736993e-09   -4.4318424400e-06    8.9591087004e-08
  40.2100000    1.0522484144e-05   -8.8647005768e-09    6.5109447338e-06   -1.8834494707e-07    1.8370724267e-07    6.1563431951e-07
  40.2600000    1.4652081772e-05   -1.1662675956e-08    4.9836790291e-06   -3.3564992895e-07    2.6428983709e-06    9.6234742696e-07
  40.3100000    9.5442941782e-06   -9.5254634876e-09    4.1856332354e-06   -3.9139578889e-07    2.2674100878e-06    9.9331429689e-07
  40.3600000   -1.8190439844e-06   -2.4171469609e-09    4.1326770393e-06   -3.3727400681e-07   -6.8944132054e-07    6.7542796627e-07
  40.4100000   -1.2773692713e-05    6.5086360099e-09    4.5800969916e-06   -1.8877726249e-07   -5.1012632227e-06    9.8413968021e-08
  40.4600000   -1.7186635332e-05    1.3976694555e-08    5.1870158507e-06    8.8505876051e-09   -9.3400394688e-06   -5.4903869739e-07
  40.5100000   -1.3027107561e-05    1.8575482022e-08    5.6913576705e-06    1.9431368853e-07   -1.1838674765e-05   -1.0410681271e-06
  40.5600000   -3.1331982488e-06    1.9839735798e-08    6.0279824145e-06    3.0961309508e-07   -1.1645522672e-05   -1.1942497750e-06
  40.6100000    6.9855406243e-06    1.6359282413e-08    6.3404118933e-06    3.1893513493e-07   -8.7675743883e-06   -9.3671432360e-07
  40.6600000    1.2567748907e-05    6.1801735064e-09    6.8781472519e-06    2.2071115889e-07   -4.1722789567e-06   -3.4039732081e-07
  40.7100000    1.1967909966e-05   -9.9258305477e-09    7.8269538608e-06    4.8476907198e-08    5.5755516620e-07    3.9780648915e-07
  40.7600000    6.7337626934e-06   -2.5679882391e-08    9.1615892254e-06   -1.4008589675e-07    3.7927009578e-06    1.0218022087e-06
  40.8100000   -1.4548992915e-07   -3.1160615152e-08    1.0609683447e-05   -2.8237777613e-07    4.4436061674e-06    1.3068399522e-06
  40.8600000   -6.2561280035e-06   -1.9676925840e-08    1.1762045016e-05   -3.3187537999e-07    2.3502211718e-06    1.1422410858e-06
  40.9100000   -1.0653213796e-05    5.2300543365e-09    1.2281916018e-05   -2.7375594095e-07   -1.6654190334e-06    5.7518161302e-07
  40.9600000   -1.3373559775e-05    2.9177439618e-08    1.2101454084e-05   -1.2986295713e-07   -6.1009617108e-06   -2.0212993244e-07
  41.0100000   -1.4421408765e-05    3.5073733107e-08    1.1490785512e-05    4.8702131587e-08   -9.3181436710e-06   -9.1880352995e-07
  41.0600000   -1.3328104871e-05    1.5280468866e-08    1.0950158828e-05    1.9899314714e-07   -1.0131667069e-05   -1.3218202315e-06
  41.1100000   -9.6929631151e-06   -2.1067367776e-08    1.0972080807e-05    2.6792458796e-07   -8.2307712944e-06   -1.2675546068e-06
  41.1600000   -4.1386074000e-06   -5.1913104814e-08    1.1791088571e-05    2.3096256840e-07   -4.2842291477e-06   -7.7429612509e-07
  41.2100000    1.3179689414e-06   -5.5875987284e-08    1.3245222842e-05    1.0123726686e-07    3.0597995914e-07   -1.6004828614e-08
  41.2600000    4.0394689276e-06   -2.6846336737e-08    1.4816903951e-05   -7.4445928750e-08    3.9121796198e-06    7.4059698780e-07
  41.3100000    2.3187273238e-06    2.0571548513e-08    1.5836755561e-05   -2.3171389335e-07    5.2682059645e-06    1.2323102579e-06
  41.3600000   -3.3461304495e-06    5.9156079289e-08    1.5764810863e-05   -3.1143311253e-07    3.9279939339e-06    1.2934654101e-06
  41.4100000   -1.0220956301e-05    6.5983027718e-08    1.4437024831e-05   -2.8114933909e-07    4.3294940714e-07    9.1316398253e-07
  41.4600000   -1.4728903271e-05    3.7178289933e-08    1.2184420383e-05   -1.4737977738e-07   -3.8728123801e-06    2.3543368262e-07
  41.5100000   -1.4498336127e-05   -9.4561484299e-09    9.7810050302e-06    4.5810628915e-08   -7.3177219971e-06   -4.9643866898e-07
  41.5600000   -9.8198463679e-06   -4.5977701538e-08    8.2309364630e-06    2.3159309476e-07   -8.5049792008e-06   -1.0294836867e-06
  41.6100000   -3.5735955947e-06   -5.2355618011e-08    8.4484556906e-06    3.4339576628e-07   -6.8314960130e-06   -1.1907504587e-06
  41.6600000    4.0406882991e-07   -2.8740542139e-08    1.0913361014e-05    3.3815397120e-07   -2.7380534669e-06   -9.4451495500e-07
  41.7100000   -4.1649041163e-07    6.3440503137e-09    1.5404834578e-05    2.1172460178e-07    2.4058519242e-06   -3.9770848413e-07
  41.7600000   -5.7234977942e-06    3.0077408659e-08    2.0922545066e-05    1.0962481811e-09    6.7544993756e-06    2.4575535597e-07
  41.8100000   -1.2516689604e-05    3.1032737693e-08    2.5876074325e-05   -2.2746586319e-07    8.6291088825e-06    7.6233397742e-07
  41.8600000   -1.6889630567e-05    1.5046378981e-08    2.8544049308e-05   -4.0037267467e-07    7.1328032244e-06    9.8798578660e-07
  41.9100000   -1.6360116605e-05   -2.2048521798e-09    2.7686236853e-05   -4.6126269432e-07    2.5192109804e-06    8.7046710449e-07
  41.9600000   -1.1302908444e-05   -8.9566418168e-09    2.3089169239e-05   -3.8968602387e-07   -3.8270644213e-06    4.7805300152e-07
  42.0100000   -4.6057191336e-06   -5.9450471404e-09    1.5805518636e-05   -2.0751153329e-07   -9.8108789586e-06   -3.4816894125e-08
  42.0600000    1.7724321571e-07   -3.2649575856e-09    7.9418466935e-06    2.8939744275e-08   -1.3321207382e-05   -4.8876893507e-07
  42.1100000    9.2952210414e-07   -9.0673881493e-09    2.0269786146e-06    2.4791471690e-07   -1.2971245852e-05   -7.4308609449e-07
  42.1600000   -2.0254940520e-06   -2.0495677262e-08    1.7177537831e-07    3.8546450655e-07   -8.6275929749e-06   -7.3874141713e-07
  42.2100000   -6.5651005654e-06   -2.5160694523e-08    3.3244259336e-06    4.0489523759e-07   -1.5322745502e-06   -5.0795674384e-07
  42.2600000   -1.0432196009e-05   -1.2281828506e-08    1.0891922288e-05    3.0635181612e-07    6.0473066447e-06   -1.5112359635e-07
  42.3100000   -1.2653263236e-05    1.5919814054e-08    2.0860068347e-05    1.2432397859e-07    1.1544873638e-05    2.0624083071e-07
  42.3600000   -1.3750191131e-05    4.2759978612e-08    3.0368180699e-05   -8.5001397141e-08    1.2966943017e-05    4.5826144818e-07
  42.4100000   -1.4785161613e-05    4.7985690282e-08    3.6552044999e-05   -2.6171114710e-07    9.6157427446e-06    5.4906222234e-07
  42.4600000   -1.6165486859e-05    2.3324110132e-08    3.7400821206e-05   -3.5965328524e-07    2.4052295209e-06    4.8054990461e-07
  42.5100000   -1.7229647872e-05   -1.9381466175e-08    3.2382576370e-05   -3.5846463901e-07   -6.3610503731e-06    2.9934217958e-07
  42.5600000   -1.6908090665e-05   -5.4456946149e-08    2.2658874334e-05   -2.6719649305e-07   -1.3702499861e-05    7.2105556420e-08
  42.6100000   -1.4831710103e-05   -5.9323125616e-08    1.0811269977e-05   -1.1915276716e-07   -1.6944557353e-05   -1.3894663460e-07
  42.6600000   -1.1903151284e-05   -3.0034902759e-08    1.2841249892e-07    3.9966829969e-08   -1.4647203751e-05   -2.9145451971e-07
  42.7100000   -9.8148332448e-06    1.5846826262e-08   -6.3657220852e-06    1.6667179268e-07   -7.1555336188e-06   -3.6629861403e-07
  42.7600000   -9.8734184799e-06    5.1062928662e-08   -6.8583936604e-06    2.3236275770e-07    3.4366943677e-06   -3.6210061975e-07
  42.8100000   -1.2047761003e-05    5.6468863138e-08   -1.3562767063e-06    2.3014689182e-07    1.3926259641e-05   -2.8722730380e-07
  42.8600000   -1.4969029149e-05    3.2238252127e-08    8.2786809126e-06    1.7391490540e-07    2.1048921085e-05   -1.5503363002e-07
  42.9100000   -1.6869322958e-05   -4.5867382913e-09    1.8918119714e-05    9.0570560024e-08    2.2591165511e-05    1.5606168614e-08
  42.9600000   -1.6756746684e-05   -3.2909741609e-08    2.7205753888e-05    8.7339095158e-09    1.8180832940e-05    1.9684850406e-07
  43.0100000   -1.5002272379e-05   -4.0609176163e-08    3.0686531270e-05   -5.1622168480e-08    9.4675899208e-06    3.5052001121e-07
  43.0600000   -1.2991108463e-05   -2.9128582357e-08    2.8611911789e-05   -8.4751222262e-08   -3.9331490408e-07    4.3325219657e-07
  43.1100000   -1.2158591507e-05   -8.6241270973e-09    2.2116930473e-05   -9.8162148308e-08   -7.7980550884e-06    4.0894242422e-07
  43.1600000   -1.3097121920e-05    1.0403913208e-08    1.3706570734e-05   -1.0603258858e-07   -9.9386836975e-06    2.6467293661e-07
  43.2100000   -1.5281502543e-05    2.2188124947e-08    6.2644731352e-06   -1.2017967701e-07   -5.8028152350e-06    2.2896769528e-08
  43.2600000   -1.7491708802e-05    2.5357756723e-08    1.9860112504e-06   -1.4267794373e-07    3.4306404589e-06   -2.5731868996e-07
  43.3100000   -1.8578025683e-05    2.0227325805e-08    1.6554232690e-06   -1.6347894487e-07    1.4754487828e-05   -4.9351344593e-07
  43.3600000   -1.8079255115e-05    7.7634722254e-09    4.5263557911e-06   -1.6428648946e-07    2.4343815420e-05   -6.0504075747e-07
  43.4100000   -1.6384822229e-05   -8.9508051187e-09    8.8025254683e-06   -1.2727644204e-07    2.8870208444e-05   -5.4204155980e-07
  43.4600000   -1.4442455528e-05   -2.3530516227e-08    1.2470698521e-05   -4.5059235233e-08    2.6661673243e-05   -3.0715726667e-07
  43.5100000   -1.3242822456e-05   -2.8336628760e-08    1.4118332985e-05    7.2513024295e-08    1.8298952760e-05    3.9434066757e-08
  43.5600000   -1.3361066703e-05   -1.9362367995e-08    1.3415564048e-05    1.9807152639e-07    6.4350385115e-06    3.9537436738e-07
  43.6100000   -1.4739514939e-05   -1.0762422475e-10    1.1117120685e-05    2.9384555443e-07   -5.1012925803e-06    6.4792907354e-07
  43.6600000   -1.6757176738e-05    1.9407496873e-08    8.6486635966e-06    3.2400897736e-07   -1.2604107591e-05    7.1170165124e-07
  43.7100000   -1.8525573567e-05    2.8579518797e-08    7.4857368592e-06    2.6788007918e-07   -1.3737039730e-05    5.5890367944e-07
  43.7600000   -1.9290076421e-05    2.2946092471e-08    8.5652920684e-06    1.2911744365e-07   -8.2967829587e-06    2.3101196484e-07
  43.8100000   -1.8782800687e-05    6.6595849771e-09    1.1912165988e-05   -6.2539933294e-08    1.7618632894e-06   -1.7290417795e-07
  43.8600000   -1.7369110046e-05   -1.0934474135e-08    1.6575618407e-05   -2.5786072160e-07    1.3030853099e-05   -5.2760031881e-07
  43.9100000   -1.5888657329e-05   -2.1557716558e-08    2.0895381587e-05   -4.0126080945e-07    2.1820403213e-05   -7.2220092663e-07
  43.9600000   -1.5231391961e-05   -2.2188837777e-08    2.3047980023e-05   -4.4686914129e-07    2.5379769732e-05   -6.9607799429e-07
  44.0100000   -1.5854070877e-05   -1.4744796975e-08    2.1738482187e-05   -3.7314295397e-07    2.2748911619e-05   -4.5803883214e-07
  44.0600000   -1.7515377261e-05   -3.0190630515e-09    1.6809645956e-05   -1.9185136955e-07    1.4969875162e-05   -8.2726611700e-08
  44.1100000   -1.9400233490e-05    9.5111637077e-09    9.5005767136e-06    5.1779475251e-08    4.6232073980e-06    3.1402823578e-07
  44.1600000   -2.0559683449e-05    1.9446557141e-08    2.1691163067e-06    2.8914858034e-07   -5.1089518240e-06    6.1224678645e-07
  44.2100000   -2.0383825357e-05    2.2661173621e-08   -2.4983948212e-06    4.4722354532e-07   -1.1500730575e-05    7.2488968876e-07
  44.2600000   -1.8821311234e-05    1.5690948949e-08   -2.5174822903e-06    4.7167777259e-07   -1.3093706847e-05    6.2325247214e-07
  44.3100000   -1.6271864360e-05   -6.9495384366e-10    2.5480524595e-06    3.4686914605e-07   -1.0011000117e-05    3.4330952856e-07
  44.3600000   -1.3332159858e-05   -1.9226204667e-08    1.1304354613e-05    1.0482605754e-07   -3.7213929077e-06   -2.7903936304e-08
  44.4100000   -1.0648653888e-05   -2.8785147965e-08    2.0959519720e-05   -1.8180802374e-07    3.6005877808e-06   -3.8051520234e-07
  44.4600000   -8.9560861444e-06   -2.1565193100e-08    2.8309287952e-05   -4.2226320260e-07    9.8467488491e-06   -6.1517237511e-07
  44.5100000   -9.1192367714e-06    3.4552449661e-10    3.0880835219e-05   -5.3851299773e-07    1.3595330068e-05   -6.7120635297e-07
  44.5600000   -1.1908507828e-05    2.4699573267e-08    2.7787127164e-05   -4.9319517002e-07    1.4390070199e-05   -5.4162948081e-07
  44.6100000   -1.7452124036e-05    3.6381025810e-08    1.9988332810e-05   -3.0348386173e-07    1.2643745882e-05   -2.7157992282e-07
  44.6600000   -2.4675520068e-05    2.7400414877e-08    9.9118116871e-06   -3.4921878790e-08    9.2784436137e-06    5.7983635508e-08
  44.7100000   -3.1243362104e-05    2.3038097798e-09    6.2001251533e-07    2.2276366065e-07    5.2958777559e-06    3.5534663506e-07
  44.7600000   -3.4326052169e-05   -2.4905965332e-08   -5.1604022555e-06    3.8842085032e-07    1.4611063228e-06    5.4387636061e-07
  44.8100000   -3.1982073313e-05   -3.9811288903e-08   -5.8435256328e-06    4.1788798469e-07   -1.8025838378e-06    5.8124410733e-07
  44.8600000   -2.4429893946e-05   -3.5894209813e-08   -1.4123418365e-06    3.1717579341e-07   -4.3246841148e-06    4.6739955675e-07
  44.9100000   -1.4376303440e-05   -1.6743113086e-08    6.6224187672e-06    1.3609632061e-07   -6.0107168595e-06    2.4049197113e-07
  44.9600000   -6.0198295656e-06    7.9806472750e-09    1.5710645949e-05   -5.3893713170e-08   -6.7095401517e-06   -3.6506444153e-08
  45.0100000   -3.1217414765e-06    2.8500682891e-08    2.3064843572e-05   -1.8783139418e-07   -6.2124357383e-06   -2.9354333329e-07
  45.0600000   -7.1484620270e-06    3.8426003891e-08    2.6540073156e-05   -2.3002359738e-07   -4.3855109386e-06   -4.7038368950e-07
  45.1100000   -1.6524337418e-05    3.5021932064e-08    2.5302298566e-05   -1.8333040047e-07   -1.3543889979e-06   -5.2882831739e-07
  45.1600000   -2.7433594101e-05    1.8710437105e-08    2.0040781013e-05   -8.2954067121e-08    2.3771185964e-06   -4.5861882902e-07
  45.2100000   -3.5724989501e-05   -6.1608917209e-09    1.2638280122e-05    2.1103580683e-08    5.9667628158e-06   -2.7738834890e-07
  45.2600000   -3.8846409755e-05   -3.0488117701e-08    5.4301537426e-06    8.5019483174e-08    8.4488000067e-06   -2.6063279072e-08
  45.3100000   -3.6760425957e-05   -4.2721955977e-08    3.5831466014e-07    8.7425236294e-08    9.0529106123e-06    2.3889976874e-07
  45.3600000   -3.1447104594e-05   -3.5272511114e-08   -1.6336691864e-06    3.5555356789e-08    7.4983953238e-06    4.5563757185e-07
  45.4100000   -2.5464483505e-05   -1.1083731582e-08   -7.3898525653e-07   -4.0000563386e-08    4.1358327029e-06    5.6888841378e-07
  45.4600000   -2.0554325056e-05    1.5915626033e-08    2.0410411464e-06   -9.9228871906e-08   -1.3227883213e-07    5.4289121798e-07
  45.5100000   -1.7129181795e-05    2.9095096354e-08    5.4781934760e-06   -1.0989264523e-07   -4.1296150040e-06    3.7286678625e-07
  45.5600000   -1.4787374732e-05    2.1216950130e-08    8.6420443599e-06   -6.1666864496e-08   -6.7792805229e-06    9.1424791249e-08
  45.6100000   -1.3271562079e-05    7.3478480603e-10    1.1129557042e-05    2.8171595359e-08   -7.4323037704e-06   -2.3400544491e-07
  45.6600000   -1.3029149173e-05   -1.3975994036e-08    1.2949618797e-05    1.2018986796e-07   -6.0341959354e-06   -5.1491476897e-07
  45.7100000   -1.4914480551e-05   -9.1091322005e-09    1.4205463286e-05    1.6814641270e-07   -3.0816621317e-06   -6.6519850693e-07
  45.7600000   -1.9289782937e-05    1.2677822846e-08    1.4806599001e-05    1.3893290148e-07    5.9482732626e-07   -6.2858409425e-07
  45.8100000   -2.5286062343e-05    3.3222349077e-08    1.4389799958e-05    2.9185056397e-08    4.1250254255e-06   -4.0099707886e-07
  45.8600000   -3.0893882600e-05    3.2879639577e-08    1.2487425185e-05   -1.2900984777e-07    6.8554709891e-06   -3.8682586690e-08
  45.9100000   -3.3937359111e-05    6.8454411890e-09    8.8442220098e-06   -2.7708652064e-07    8.4855623648e-06    3.5343128513e-07
  45.9600000   -3.3310533962e-05   -2.9516451684e-08    3.7186800326e-06   -3.5139716416e-07    9.0595929237e-06    6.5194020998e-07
  46.0100000   -2.9632112993e-05   -5.1211292325e-08   -1.9798333553e-06   -3.0908883594e-07    8.8504598691e-06    7.5517153750e-07
  46.0600000   -2.4868162295e-05   -4.2216627852e-08   -6.8039124293e-06   -1.4794388085e-07    8.2048425196e-06    6.1979745470e-07
  46.1100000   -2.1187664783e-05   -7.8030581911e-09   -9.1368608397e-06    8.8417153583e-08    7.4182412639e-06    2.8001083322e-07
  46.1600000   -1.9826664035e-05    2.8921441144e-08   -7.7369822913e-06    3.2292313302e-07    6.6783628437e-06   -1.5937133876e-07
  46.2100000   -2.0680769718e-05    4.3545801258e-08   -2.2914070059e-06    4.7110839452e-07    6.0755533914e-06   -5.5541034992e-07
  46.2600000   -2.2785544995e-05    2.7518906376e-08    6.2419014625e-06    4.7167958757e-07    5.6492121191e-06   -7.7500522445e-07
  46.3100000   -2.5207312590e-05   -6.4635502467e-09    1.5702195302e-05    3.1069876890e-07    5.4310421952e-06   -7.4170240084e-07
  46.3600000   -2.7622191063e-05   -3.4088852117e-08    2.3273127527e-05    3.0522808417e-08    5.4588921502e-06   -4.6425357206e-07
  46.4100000   -3.0175074692e-05   -3.6504835535e-08    2.6376100830e-05   -2.8052860206e-07    5.7581673531e-06   -3.5789618309e-08
  46.4600000   -3.2829322711e-05   -1.2717331142e-08    2.3595382542e-05   -5.1566453074e-07    6.3077091577e-06    3.9711199918e-07
  46.5100000   -3.4858318402e-05    2.0645263009e-08    1.5263642800e-05   -5.8626883203e-07    7.0143251669e-06    6.8515604473e-07
  46.5600000   -3.5038151404e-05    4.1128481602e-08    3.4509716564e-06   -4.5564209609e-07    7.7136699581e-06    7.2903631486e-07
  46.6100000   -3.2526468435e-05    3.5375451010e-08   -8.6597695247e-06   -1.5716948699e-07    8.2009572835e-06    5.1519151363e-07
  46.6600000   -2.7790773759e-05    7.4593440516e-09   -1.7779117668e-05    2.1181675835e-07    8.2816148217e-06    1.2147375883e-07
  46.7100000   -2.2784800212e-05   -2.4296428980e-08   -2.1526426732e-05    5.2106516841e-07    7.8254821284e-06   -3.0976194960e-07
  46.7600000   -2.0046000083e-05   -3.9537464056e-08   -1.9106116104e-05    6.5399581922e-07    6.8092611185e-06   -6.2196935860e-07
  46.8100000   -2.1188577884e-05   -2.9147811217e-08   -1.1452308060e-05    5.5293209548e-07    5.3371184440e-06   -7.0044494982e-07
  46.8600000   -2.5793973910e-05   -1.0330169851e-09   -8.5031894474e-07    2.4471076783e-07    3.6342276962e-06   -5.1412779998e-07
  46.9100000   -3.1517747912e-05    2.5382922619e-08    9.7958112647e-06   -1.6511917594e-07    2.0108287264e-06   -1.2800344303e-07
  46.9600000   -3.5423789957e-05    3.2422804670e-08    1.7802198212e-05   -5.2910226842e-07    7.9693427649e-07    3.1881472775e-07
  47.0100000   -3.5697498263e-05    1.6288787540e-08    2.1404615069e-05   -7.1244995861e-07    2.5369134129e-07    6.6211353875e-07
  47.0600000   -3.2617225766e-05   -1.0421851206e-08    2.0133727234e-05   -6.4438154818e-07    4.7819130003e-07    7.7169403525e-07
  47.1100000   -2.8186760863e-05   -2.7843065419e-08    1.4782878027e-05   -3.4604060913e-07    1.3310165531e-06    5.9955910647e-07
  47.1600000   -2.4761631448e-05   -2.3279115677e-08    7.0108787320e-06    7.6155157539e-08    2.4223032957e-06    1.9954201060e-07
  47.2100000   -2.3651063153e-05   -4.6714163830e-10   -1.2579823092e-06    4.6943469598e-07    3.1842225692e-06   -2.8948716814e-07
  47.2600000   -2.4591731523e-05    2.3311073246e-08   -8.4061691263e-06    6.9120269218e-07    3.0321337445e-06   -6.9180060895e-07
  47.3100000   -2.6287283827e-05    3.0260604466e-08   -1.3460064210e-05    6.6192697152e-07    1.5790006052e-06   -8.5781325583e-07
  47.3600000   -2.7458474004e-05    1.5460778001e-08   -1.6102253029e-05    3.9457995526e-07   -1.1673075777e-06   -7.1940388751e-07
  47.4100000   -2.7605194378e-05   -9.6350229415e-09   -1.6430810352e-05   -1.0413804940e-08   -4.7082439484e-06   -3.1711004570e-07
  47.4600000   -2.7053273182e-05   -2.6340839867e-08   -1.4659927717e-05   -4.0293403674e-07   -8.1248496997e-06    2.1160774560e-07
  47.5100000   -2.6468813171e-05   -2.3445218683e-08   -1.0968800592e-05   -6.3953130503e-07   -1.0324923862e-05    6.7984469488e-07
  47.5600000   -2.6357943282e-05   -5.8754573795e-09   -5.5956214742e-06   -6.3709371971e-07   -1.0406934859e-05    9.1797666119e-07
  47.6100000   -2.6911100269e-05    9.7670225872e-09    9.0015216376e-07   -4.0329011590e-07   -8.0201021512e-06    8.3553597087e-07
  47.6600000   -2.8123905017e-05    9.5108157617e-09    7.4195923579e-06   -3.2081847766e-08   -3.5790045596e-06    4.5534160945e-07
  47.7100000   -2.9865097405e-05   -5.3941991485e-09    1.2373209810e-05    3.3376855046e-07    1.7743680678e-06   -9.3173686789e-08
  47.7600000   -3.1706667600e-05   -1.8507620458e-08    1.4087980418e-05    5.5822869172e-07    6.4835829528e-06   -6.1951572126e-07
  47.8100000   -3.2717438121e-05   -1.2017165912e-08    1.1455165992e-05    5.6357823057e-07    9.0818049396e-06   -9.4011957309e-07
  47.8600000   -3.1635520049e-05    1.6212535784e-08    4.5334229599e-06    3.5799055428e-07    8.7164418684e-06   -9.4386045460e-07
  47.9100000   -2.7600792571e-05    4.7074849334e-08   -5.2067373501e-06    2.9076061041e-08    5.4959383221e-06   -6.3105960952e-07
  47.9600000   -2.1082598830e-05    5.2937945777e-08   -1.5175807250e-05   -2.9290066437e-07    5.0933561050e-07   -1.1193767679e-07
  48.0100000   -1.4250208459e-05    2.0486680457e-08   -2.2440763112e-05   -4.8666672558e-07   -4.5164501584e-06    4.3431291975e-07
  48.0600000   -1.0220485216e-05   -3.4627120160e-08   -2.4712586598e-05   -4.8586015292e-07   -7.8174229845e-06    8.2409144665e-07
  48.1100000   -1.1359965021e-05   -7.5414321760e-08   -2.1176503198e-05   -3.0178055413e-07   -8.2376305836e-06    9.3350034855e-07
  48.1600000   -1.7614537582e-05   -7.0373653409e-08   -1.2848804700e-05   -1.5254613743e-08   -5.6723333407e-06    7.3886012518e-07
  48.2100000   -2.6053683311e-05   -1.9393682101e-08   -2.3147041354e-06    2.5788860850e-07   -1.1268054508e-06    3.2006884841e-07
  48.2600000   -3.2177057434e-05    4.3246539213e-08    7.0818893400e-06    4.1329494510e-07    3.6502393005e-06   -1.7251458312e-07
  48.3100000   -3.2391815209e-05    7.3682804052e-08    1.2335042724e-05    3.9805300778e-07    6.8329070603e-06   -5.7372998337e-07
  48.3600000   -2.6201490164e-05    5.2624857758e-08    1.1788247010e-05    2.2889243747e-07    7.2326567412e-06   -7.6059105703e-07
  48.4100000   -1.6698055243e-05    7.4775287923e-10    5.6979747674e-06   -1.7661753576e-08    4.7786398052e-06   -6.9039541285e-07
  48.4600000   -8.9503659477e-06   -3.8704848135e-08   -3.8701646608e-06   -2.3829576444e-07    5.6301436038e-07   -4.0817871958e-07
  48.5100000   -7.1958229616e-06   -3.6487845350e-08   -1.3785356184e-05   -3.4525825740e-07   -3.5825565282e-06   -2.3707410524e-08
  48.5600000   -1.2493006474e-05   -1.8770331273e-09   -2.0949041867e-05   -3.0098134428e-07   -5.8244383054e-06    3.3102211840e-07
  48.6100000   -2.2186984619e-05    2.6894906465e-08   -2.3313013909e-05   -1.3144667905e-07   -5.0897356144e-06    5.4713515176e-07
  48.6600000   -3.1406982553e-05    1.8619722404e-08   -2.0438908453e-05    8.6452964581e-08   -1.5431459767e-06    5.7139403703e-07
  48.7100000   -3.5630441249e-05   -2.0724286500e-08   -1.3452252866e-05    2.5788967657e-07    3.4292454769e-06    4.1661316179e-07
  48.7600000   -3.2854904225e-05   -5.2189672296e-08   -4.5219968223e-06    3.0977967999e-07    7.7435727711e-06    1.4951387160e-07
  48.8100000   -2.4330310176e-05   -4.0379643182e-08    3.8422558712e-06    2.2103363394e-07    9.4567404539e-06   -1.3679819612e-07
  48.8600000   -1.3718291900e-05    1.0714010410e-08    9.4133825416e-06    3.1111345859e-08    7.5905948247e-06   -3.5463081954e-07
  48.9100000   -5.3238081005e-06    5.7472992281e-08    1.0684250430e-05   -1.7665756989e-07    2.6039951234e-06   -4.4720635136e-07
  48.9600000   -2.2956525133e-06    5.5562709077e-08    7.1463465433e-06   -3.1027076649e-07   -3.6965755396e-06   -4.0121581798e-07
  49.0100000   -5.4715294261e-06    3.8710948238e-09   -5.5848119668e-07   -3.0830950688e-07   -8.7991942180e-06   -2.4499759669e-07
  49.0600000   -1.3164961927e-05   -4.9064351491e-08   -1.0673759096e-05   -1.6680900300e-07   -1.0450142836e-05   -3.5362951832e-08
  49.1100000   -2.1889347752e-05   -4.6892029264e-08   -2.0668448360e-05    5.7837652248e-08   -7.5698617449e-06    1.6146540157e-07
  49.1600000   -2.7787969537e-05    1.9268661728e-08   -2.7907600405e-05    2.7156984392e-07   -7.5690112290e-07    2.8903235804e-07
  49.2100000   -2.8292906312e-05    9.4021962354e-08   -3.0471175503e-05    3.8165704028e-07    7.8349444642e-06    3.1533754350e-07
  49.2600000   -2.3317993095e-05    1.0068219266e-07   -2.7774471937e-05    3.3564416898e-07    1.5222794343e-05    2.4015127558e-07
  49.3100000   -1.5329155588e-05    1.1152433660e-08   -2.0687293873e-05    1.4389177741e-07    1.8665733001e-05    9.3791981183e-08
  49.3600000   -8.1045954531e-06   -1.1929169592e-07   -1.1111864875e-05   -1.2354726728e-07    1.6683393272e-05   -7.2219875283e-08
  49.4100000   -4.7462577054e-06   -1.8864190887e-07   -1.2870948183e-06   -3.6407544344e-07    9.6374007923e-06   -2.0061064227e-07
  49.4600000   -6.0536731948e-06   -1.3097720817e-07    6.7929217634e-06   -4.8232860456e-07   -3.4813791554e-07   -2.4623470693e-07
  49.5100000   -1.0255995774e-05    2.3692093647e-08    1.1621535167e-05   -4.2670276654e-07   -1.0103589988e-05   -1.9141849850e-07
  49.5600000   -1.4283839380e-05    1.6667751301e-07    1.2171757626e-05   -2.0891881959e-07   -1.6506455344e-05   -5.3590014819e-08
  49.6100000   -1.5759150002e-05    1.9483141164e-07    7.9238138409e-06    9.9890848107e-08   -1.7550529897e-05    1.1842921891e-07
  49.6600000   -1.4401060312e-05    9.2916093827e-08   -8.8151919560e-07    3.9428501592e-07   -1.3007251969e-05    2.5971716207e-07
  49.7100000   -1.1956539185e-05   -5.5402059019e-08   -1.2887784783e-05    5.7142293836e-07   -4.4537332158e-06    3.1205697662e-07
  49.7600000   -1.0786235742e-05   -1.3758113227e-07   -2.5544537068e-05    5.6697651648e-07    5.3194169050e-06    2.4657530337e-07
  49.8100000   -1.2137824417e-05   -1.0370108325e-07   -3.5623334072e-05    3.7792575967e-07    1.3282481266e-05    7.7413535444e-08
  49.8600000   -1.5290252059e-05   -1.9768658841e-09   -4.0264809658e-05    6.4369061991e-08    1.7159318900e-05   -1.3998683477e-07
  49.9100000   -1.8085115877e-05    6.9814831799e-08   -3.8071034872e-05   -2.7076185095e-07    1.6090910007e-05   -3.2694922671e-07
  49.9600000   -1.8394198248e-05    5.1975782945e-08   -2.9640119744e-05   -5.1755487913e-07    1.0767153932e-05   -4.1034104839e-07
  50.0100000   -1.5493468745e-05   -2.7856265236e-08   -1.7254562603e-05   -5.9787542394e-07    3.0338121293e-06   -3.5143289767e-07
  50.0600000   -1.0474994007e-05   -8.5086116260e-08   -3.9629434905e-06   -4.9243019146e-07   -4.8296966778e-06   -1.6319483862e-07
  50.1100000   -5.5325768241e-06   -5.7939716049e-08    7.3663304550e-06   -2.4546628958e-07   -1.0869221438e-05    9.1771214728e-08
  50.1600000   -2.6689375926e-06    3.6173876212e-08    1.4550035044e-05    5.4619110437e-08   -1.3983686001e-05    3.2300292348e-07
  50.2100000   -2.6374733587e-06    1.1712332039e-07    1.6135760489e-05    3.1024153259e-07   -1.4077672280e-05    4.4587171865e-07
  50.2600000   -4.6705597568e-06    1.1417444289e-07    1.1366966203e-05    4.5010506170e-07   -1.1857001153e-05    4.1411744344e-07
  50.3100000   -7.0285485016e-06    2.7761390269e-08    4.3566469095e-07    4.5072178786e-07   -8.4160911624e-06    2.3811182308e-07
  50.3600000   -7.9830457740e-06   -7.3139040266e-08   -1.5026591304e-05    3.3686521869e-07   -4.8153463704e-06   -1.8763705509e-08
  50.4100000   -6.7107866922e-06   -1.1247605538e-07   -3.1718698271e-05    1.6386975209e-07   -1.8063528222e-06   -2.6439183054e-07
  50.4600000   -3.6877387319e-06   -7.0258913063e-08   -4.5242018370e-05   -7.9530795270e-09    2.3624717364e-07   -4.1313090282e-07
  50.5100000   -4.1308388320e-07    7.4811401152e-09   -5.1530262455e-05   -1.3511212551e-07    1.2212051682e-06   -4.1779007016e-07
  50.5600000    1.4254820679e-06    5.5611565817e-08   -4.8518753734e-05   -2.0136436971e-07    1.1908390063e-06   -2.8569128001e-07
  50.6100000    9.5744561373e-07    4.6784832388e-08   -3.7113606510e-05   -2.1546942071e-07    2.1615961058e-07   -7.2934169133e-08
  50.6600000   -1.2527328356e-06    7.1756838383e-09   -2.0855442886e-05   -1.9994963178e-07   -1.6170987163e-06    1.3991156364e-07
  50.7100000   -3.4353072053e-06   -1.7479721071e-08   -4.4549991340e-06   -1.7669866379e-07   -4.1545125580e-06    2.7999648257e-07
  50.7600000   -3.7005785967e-06   -7.7727227828e-09    7.9589260279e-06   -1.5520478463e-07   -7.1168096004e-06    3.0890333792e-07
  50.8100000   -1.3746061451e-06    1.5932555089e-08    1.3974529858e-05   -1.2795261149e-07   -1.0103001648e-05    2.3359594128e-07
  50.8600000    2.3523177394e-06    2.0931934487e-08    1.3051940093e-05   -7.5469362814e-08   -1.2670674538e-05    9.8534693823e-08
  50.9100000    5.0761204677e-06   -1.5808661628e-09    6.0223092524e-06    2.0013091880e-08   -1.4458083287e-05   -3.6109584788e-08
  50.9600000    4.8396424471e-06   -2.8966359064e-08   -5.4481228496e-06    1.5788898883e-07   -1.5283498194e-05   -1.1992932455e-07
  51.0100000    1.6620159370e-06   -3.3462196371e-08   -1.9074527899e-05    3.0859397224e-07   -1.5169749538e-05   -1.3073257247e-07
  51.0600000   -2.2742636709e-06   -1.2380030831e-08   -3.2012841165e-05    4.1747976508e-07   -1.4287797758e-05   -7.9349196710e-08
  51.1100000   -4.0718431199e-06    1.0094817839e-08   -4.1190676871e-05    4.2521937152e-07   -1.2863208190e-05   -6.0068779580e-10
  51.1600000   -2.2146020678e-06    1.0440238960e-08   -4.4110952064e-05    2.9733126023e-07   -1.1111092258e-05    6.4032092213e-08
  51.2100000    2.2840312753e-06   -7.6497526502e-09   -3.9825864065e-05    4.8284015558e-08   -9.2424880699e-06    8.3904993337e-08
  51.2600000    6.6219060758e-06   -1.6673284977e-08   -2.9471363513e-05   -2.5397937648e-07   -7.5298540000e-06    4.9959116383e-08
  51.3100000    8.3049666621e-06    4.3111974604e-09   -1.5940226598e-05   -5.0848326725e-07   -6.3652415150e-06   -2.4261128086e-08
  51.3600000    6.9601383000e-06    4.4242779744e-08   -2.8189039095e-06   -6.1935787275e-07   -6.2290659321e-06   -1.0987974849e-07
  51.4100000    4.4397096467e-06    6.7052844579e-08    6.8253178526e-06   -5.3507454454e-07   -7.5281495514e-06   -1.7396404733e-07
  51.4600000    3.1947095030e-06    4.5489216178e-08    1.1204384870e-05   -2.7136638884e-07   -1.0344027658e-05   -1.9018621323e-07
  51.5100000    4.3165662538e-06   -1.1512494914e-08    9.9151458800e-06    9.1879554809e-08   -1.4213082659e-05   -1.4594413774e-07
  51.5600000    6.8736120240e-06   -6.5069547135e-08    3.6397241032e-06    4.3797218697e-07   -1.8088500253e-05   -4.5286167398e-08
  51.6100000    9.0097384745e-06   -7.9973817963e-08   -6.1732685622e-06    6.5383203499e-07   -2.0580880718e-05    9.1581891814e-08
  51.6200000    9.2691400229e-06   -7.7384218075e-08   -8.3898456208e-06    6.7405669990e-07   -2.0794987046e-05    1.2054896188e-07
  51.6300000    9.4668105983e-06   -7.3172150809e-08   -1.0648972803e-05    6.8574100831e-07   -2.0894338090e-05    1.4934332298e-07
  51.6400000    9.6067738162e-06   -6.7541674995e-08   -1.2931196242e-05    6.8872611221e-07   -2.0872858633e-05    1.7763931409e-07
  51.6500000    9.6961296775e-06   -6.0732574866e-08   -1.5216525999e-05    6.8297034561e-07   -2.0726027913e-05    2.0510374213e-07
  51.6600000    9.7447443604e-06   -5.3009069866e-08   -1.7484565193e-05    6.6854970670e-07   -2.0451026388e-05    2.3139867986e-07
  51.6700000    9.7648291258e-06   -4.4647931716e-08   -1.9714662201e-05    6.4565675649e-07   -2.0046860378e-05    2.5618457177e-07
  51.6800000    9.7704253647e-06   -3.5926548307e-08   -2.1886085339e-05    6.1459785974e-07   -1.9514461427e-05    2.7912350378e-07
  51.6900000    9.7768164530e-06   -2.7111459274e-08   -2.3978218161e-05    5.7578889567e-07   -1.8856757516e-05    2.9988273926e-07
  51.7000000    9.7998897098e-06   -1.8447897833e-08   -2.5970772833e-05    5.2974951409e-07   -1.8078713639e-05    3.1813846095e-07
  51.7100000    9.8554733782e-06   -1.0150739134e-08   -2.7844017816e-05    4.7709583215e-07   -1.7187339756e-05    3.3357962780e-07
  51.7200000    9.9586746744e-06   -2.3974387723e-09   -2.9579015385e-05    4.1853194931e-07   -1.6191664714e-05    3.4591208531e-07
  51.7300000    1.0123244287e-05    4.6771418796e-09   -3.1157864027e-05    3.5484007679e-07   -1.5102675050e-05    3.5486269079e-07
  51.7400000    1.0360991698e-05    1.0983446952e-08   -3.2563940158e-05    2.8686971756e-07   -1.3933218567e-05    3.6018358932e-07
  51.7500000    1.0681273503e-05    1.6477654160e-08   -3.3782133364e-05    2.1552577547e-07   -1.2697872824e-05    3.6165645467e-07
  51.7600000    1.1090573825e-05    2.1159708895e-08   -3.4799069484e-05    1.4175596462e-07   -1.1412779518e-05    3.5909671121e-07
  51.7700000    1.1592192290e-05    2.5069305687e-08   -3.5603315979e-05    6.6537514255e-08   -1.0095446390e-05    3.5235764509e-07
  51.7800000    1.2186050502e-05    2.8279869191e-08   -3.6185564351e-05   -9.1365044171e-09   -8.7645187537e-06    3.4133433235e-07
  51.7900000    1.2868623682e-05    3.0891105705e-08   -3.6538785035e-05   -8.4271021291e-08   -7.4395235933e-06    3.2596730481e-07
  51.8000000    1.3632998806e-05    3.3020316299e-08   -3.6658350990e-05   -1.5788300784e-07   -6.1405895073e-06    3.0624590338e-07
  51.8100000    1.4469056195e-05    3.4793046183e-08   -3.6542126860e-05   -2.2901512995e-07   -4.8881465272e-06    2.8221121449e-07
  51.8200000    1.5363766228e-05    3.6333761314e-08   -3.6190521782e-05   -2.9674915320e-07   -3.7026101660e-06    2.5395849934e-07
  51.8300000    1.6301589404e-05    3.7756651354e-08   -3.5606504666e-05   -3.6021870150e-07   -2.6040545298e-06    2.2163902848e-07
  51.8400000    1.7264963093e-05    3.9157341758e-08   -3.4795581961e-05   -4.1862120254e-07   -1.6118797223e-06    1.8546135583e-07
  51.8500000    1.8234856593e-05    4.0605893698e-08   -3.3765738787e-05   -4.7122888786e-07   -7.4447888908e-07    1.4569178855e-07
  51.8600000    1.9191372636e-05    4.2141399679e-08   -3.2527345247e-05   -5.1739856059e-07   -1.8910551063e-08    1.0265413211e-07
  51.8700000    2.0114372796e-05    4.3768541533e-08   -3.1093030440e-05   -5.5658010714e-07    5.4941807884e-07    5.6728568956e-08
  51.8800000    2.0984103752e-05    4.5456194180e-08   -2.9477527527e-05   -5.8832352163e-07    9.4705117212e-07    8.3497074816e-09
  51.8900000    2.1781801504e-05    4.7138245850e-08   -2.7697493476e-05   -6.1228433529e-07    1.1627622145e-06   -4.1996294901e-08
  51.9000000    2.2490252425e-05    4.8716607395e-08   -2.5771307707e-05   -6.2822740867e-07    1.1878044172e-06   -9.3775507520e-08
  51.9100000    2.3094291779e-05    5.0066206841e-08   -2.3718853724e-05   -6.3602896615e-07    1.0161286561e-06   -1.4641095555e-07
  51.9200000    2.3581223765e-05    5.1041848132e-08   -2.1561288125e-05   -6.3567699554e-07    6.4456436331e-07   -1.9928816563e-07
  51.9300000    2.3941150167e-05    5.1486388505e-08   -1.9320800948e-05   -6.2726975461e-07    7.2959228473e-08   -2.5176167399e-07
  51.9400000    2.4167198920e-05    5.1240101156e-08   -1.7020371249e-05   -6.1101269076e-07   -6.9572574216e-07   -3.0316226855e-07
  51.9500000    2.4255647962e-05    5.0150575709e-08   -1.4683521168e-05   -5.8721372278e-07   -1.6553686758e-06   -3.5280501856e-07
  51.9600000    2.4205944296e-05    4.8082669768e-08   -1.2334071474e-05   -5.5627696771e-07   -2.7966888831e-06   -3.9999797383e-07
  51.9700000    2.4020621632e-05    4.4928066151e-08   -9.9959008041e-06   -5.1869508014e-07   -4.1072998910e-06   -4.4405138555e-07
  51.9800000    2.3705125092e-05    4.0613876537e-08   -7.6927104086e-06   -4.7504037924e-07   -5.5718139225e-06   -4.8428739827e-07
  51.9900000    2.3267553590e-05    3.5109891846e-08   -5.4477956925e-06   -4.2595490863e-07   -7.1719975320e-06   -5.2005004534e-07
  52.0000000    2.2718334545e-05    2.8434008455e-08   -3.2838251303e-06   -3.7213968159e-07   -8.8869772102e-06   -5.5071542551e-07
  52.0100000    2.2069846897e-05    2.0655609795e-08   -1.2226269879e-06   -3.1434319110e-07   -1.0693492885e-05   -5.7570187963e-07
  52.0200000    2.1336010353e-05    1.1896467190e-08    7.1501612596e-07   -2.5334963707e-07   -1.2566196422e-05   -5.9448002459e-07
  52.0300000    2.0531859248e-05    2.3293368103e-09    2.5095651024e-06   -1.8996682333e-07   -1.4477991528e-05   -6.0658249500e-07
  52.0400000    1.9673119138e-05   -7.8260407167e-09    4.1429146609e-06   -1.2501418755e-07   -1.6400410385e-05   -6.1161317005e-07
  52.0500000    1.8775803100e-05   -1.8309180332e-08    5.5985763607e-06   -5.9311054080e-08   -1.8304022080e-05   -6.0925577022e-07
  52.0600000    1.7855843064e-05   -2.8827414675e-08    6.8618539856e-06    6.3346827614e-09   -2.0158866770e-05   -5.9928162281e-07
  52.0700000    1.6928769119e-05   -3.9066105563e-08    7.9200109530e-06    7.1137182049e-08   -2.1934909371e-05   -5.8155646237e-07
  52.0800000    1.6009446313e-05   -4.8700396262e-08    8.7624286580e-06    1.3434252020e-07   -2.3602505938e-05   -5.5604608834e-07
  52.0900000    1.5111875680e-05   -5.7407793591e-08    9.3807542823e-06    1.9523756753e-07   -2.5132875410e-05   -5.2282075524e-07
  52.1000000    1.4249062088e-05   -6.4881264845e-08    9.7690360282e-06    2.5315778326e-07   -2.6498569487e-05   -4.8205818344e-07
  52.1100000    1.3432948022e-05   -7.0842089916e-08    9.9238430735e-06    3.0749383790e-07   -2.7673932893e-05   -4.3404505574e-07
  52.1200000    1.2674409093e-05   -7.5052031468e-08    9.8443671270e-06    3.5769713960e-07   -2.8635546665e-05   -3.7917694976e-07
  52.1300000    1.1983303175e-05   -7.7324231654e-08    9.5325019132e-06    4.0328395301e-07   -2.9362646807e-05   -3.1795661231e-07
  52.1400000    1.1368563015e-05   -7.7532295290e-08    8.9928967147e-06    4.4383837846e-07   -2.9837511331e-05   -2.5099059749e-07
  52.1500000    1.0838319139e-05   -7.5617332095e-08    8.2329797103e-06    4.7901415976e-07   -3.0045808745e-05   -1.7898414708e-07
  52.1600000    1.0400039011e-05   -7.1592302539e-08    7.2629471543e-06    5.0853528634e-07   -2.9976901611e-05   -1.0273449181e-07
  52.1700000    1.0060666888e-05   -6.5543714156e-08    6.0957142913e-06    5.3219563850e-07   -2.9624099550e-05   -2.3122448495e-08
  52.1800000    9.8267495837e-06   -5.7630407583e-08    4.7468246432e-06    5.4985761980e-07   -2.8984856536e-05    5.8897475457e-08
  52.1900000    9.7045333678e-06   -4.8079451584e-08    3.2343148509e-06    5.6144999932e-07   -2.8060908248e-05    1.4230843434e-07
  52.2000000    9.7000197133e-06   -3.7179283426e-08    1.5785329362e-06    5.6696503963e-07   -2.6858346183e-05    2.2604392882e-07
  52.2100000    9.8189689481e-06   -2.5270338506e-08   -1.9809074417e-07    5.6645516171e-07   -2.5387625910e-05    3.0900161614e-07
  52.2200000    1.0066844995e-05   -1.2733451034e-08   -2.0713196265e-06    5.6002909543e-07   -2.3663508231e-05    3.9005812900e-07
  52.2300000    1.0448696689e-05    2.3416692219e-11   -4.0154324171e-06    5.4784782944e-07   -2.1704932675e-05    4.6808464884e-07
  52.2400000    1.0968975846e-05    1.2579715782e-08   -6.0035867436e-06    5.3012041156e-07   -1.9534824077e-05    5.4196305057e-07
  52.2500000    1.1631295633e-05    2.4517552583e-08   -8.0082202790e-06    5.0709966120e-07   -1.7179833890e-05    6.1060236386e-07
  52.2600000    1.2438137148e-05    3.5436935288e-08   -1.0001483278e-05    4.7907801020e-07   -1.4670019088e-05    6.7295529083e-07
  52.2700000    1.3390515561e-05    4.4970514397e-08   -1.1955694767e-05    4.4638353051e-07   -1.2038462358e-05    7.2803455986e-07
  52.2800000    1.4487620580e-05    5.2797241893e-08   -1.3843813817e-05    4.0937607658e-07   -9.3208384408e-06    7.7492882645e-07
  52.2900000    1.5726448900e-05    5.8654294627e-08   -1.5639915596e-05    3.6844378774e-07   -6.5549322405e-06    8.1281785904e-07
  52.3000000    1.7101448276e-05    6.2346964776e-08   -1.7319661788e-05    3.2399981946e-07   -3.7801153287e-06    8.4098680021e-07
  52.3100000    1.8604193941e-05    6.3756011355e-08   -1.8860753898e-05    2.7647932243e-07   -1.0367880998e-06    8.5883913028e-07
  52.3200000    2.0223118875e-05    6.2842165484e-08   -2.0243357895e-05    2.2633674721e-07    1.6342045387e-06    8.6590829582e-07
  52.3300000    2.1943318150e-05    5.9647716718e-08   -2.1450488953e-05    1.7404331435e-07    4.1921753353e-06    8.6186760509e-07
  52.3400000    2.3746446395e-05    5.4295081950e-08   -2.2468345284e-05    1.2008463515e-07    6.5972059585e-06    8.4653827689e-07
  52.3500000    2.5610724764e-05    4.6982281617e-08   -2.3286581247e-05    6.4958442549e-08    8.8107581036e-06    8.1989547320e-07
  52.3600000    2.7511070166e-05    3.7975833253e-08   -2.3898510866e-05    9.1723740379e-09    1.0796275228e-05    7.8207215469e-07
  52.3700000    2.9419355319e-05    2.7600982639e-08   -2.4301234770e-05   -4.6758344690e-08    1.2519765519e-05    7.3336067216e-07
  52.3800000    3.1304803662e-05    1.6229853817e-08   -2.4495685060e-05   -1.0231339750e-07    1.3950357033e-05    6.7421197553e-07
  52.3900000    3.3134517120e-05    4.2680261072e-09   -2.4486585232e-05   -1.5696994781e-07    1.5060816136e-05    6.0523243028e-07
  52.4000000    3.4874130189e-05   -7.8601268071e-09   -2.4282324017e-05   -2.1020558188e-07    1.5828020749e-05    5.2717825420e-07
  52.4100000    3.6488577480e-05   -1.9726575799e-08   -2.3894744808e-05   -2.6150161156e-07    1.6233380646e-05    4.4094756907e-07
  52.4200000    3.7942956607e-05   -3.0914945841e-08   -2.3338854527e-05   -3.1034659845e-07    1.6263197555e-05    3.4757018279e-07
  52.4300000    3.9203464036e-05   -4.1034908757e-08   -2.2632458303e-05   -3.5624034224e-07    1.5908958786e-05    2.4819515439e-07
  52.4400000    4.0238376198e-05   -4.9735891705e-08   -2.1795728509e-05   -3.9869829943e-07    1.5167558865e-05    1.4407637856e-07
  52.4500000    4.1019045819e-05   -5.6718893230e-08   -2.0850718642e-05   -4.3725626509e-07    1.4041444845e-05    3.6556273989e-08
  52.4600000    4.1520880079e-05   -6.1746376528e-08   -1.9820834492e-05   -4.7147536419e-07    1.2538681878e-05   -7.2952094991e-08
  52.4700000    4.1724266574e-05   -6.4649891648e-08   -1.8730276294e-05   -5.0094738836e-07    1.0672936939e-05   -1.8298435282e-07
  52.4800000    4.1615412665e-05   -6.5335038166e-08   -1.7603466532e-05   -5.2530021825e-07    8.4633796631e-06   -2.9204520930e-07
  52.4900000    4.1187064895e-05   -6.3783708069e-08   -1.6464478777e-05   -5.4420338943e-07    5.9345006118e-06   -3.9862966175e-07
  52.5000000    4.0439078281e-05   -6.0053686372e-08   -1.5336482828e-05   -5.5737350015e-07    3.1158484022e-06   -5.0124473247e-07
  52.5100000    3.9378807979e-05   -5.4275489278e-08   -1.4241221389e-05   -5.6457956705e-07    4.1688470788e-08   -5.9843136914e-07
  52.5200000    3.8021301748e-05   -4.6646768073e-08   -1.3198532105e-05   -5.6564808132e-07   -3.2494126988e-06   -6.8878618321e-07
  52.5300000    3.6389276513e-05   -3.7424490150e-08   -1.2225928106e-05   -5.6046754895e-07   -6.7150726330e-06   -7.7098267312e-07
  52.5400000    3.4512869687e-05   -2.6915183588e-08   -1.1338248047e-05   -5.4899251117e-07   -1.0309641264e-05   -8.4379165732e-07
  52.5500000    3.2429162477e-05   -1.5463761350e-08   -1.0547384769e-05   -5.3124692766e-07   -1.3984805281e-05   -9.0610051532e-07
  52.5600000    3.0181480619e-05   -3.4412227606e-09   -9.8620993101e-06   -5.0732658833e-07   -1.7690240455e-05   -9.5693096924e-07
  52.5700000    2.7818484770e-05    8.7681146004e-09   -9.2879243495e-06   -4.7740084601e-07   -2.1374302964e-05   -9.9545512197e-07
  52.5800000    2.5393070987e-05    2.0779654590e-08   -8.8271586442e-06   -4.4171305027e-07   -2.4984750168e-05   -1.0210094189e-06
  52.5900000    2.2961108174e-05    3.2221065883e-08   -8.4789510605e-06   -4.0058019128e-07   -2.8469480702e-05   -1.0331063804e-06
  52.6000000    2.0580045646e-05    4.2744104195e-08   -8.2394701729e-06   -3.5439114450e-07   -3.1777283279e-05   -1.0314438274e-06
  52.6100000    1.8307429487e-05    5.2035287453e-08   -8.1021530115e-06   -3.0360398997e-07   -3.4858583499e-05   -1.0159114411e-06
  52.6200000    1.6199370065e-05    5.9825038518e-08   -8.0580238769e-06   -2.4874202390e-07   -3.7666177716e-05   -9.8659454231e-07
