# time  Re(R=14)  Im(R=14)  Re(R=30)  Im(R=30)
0.0000000000000000e+00  4.0527448057873236e-03  2.0577695997865315e-15  1.9165014616813784e-04  1.4647788629946567e-14
5.0000000000000000e-01  4.1136664943439002e-03  1.4813829571204640e-14  1.9341372283431522e-04  9.4444857242271732e-15
1.0000000000000000e+00  4.1808413550043569e-03  -1.8480511281595301e-14  1.9479966476963312e-04  -2.4838132053108016e-15
1.5000000000000000e+00  4.2554906156875502e-03  -6.5585882602188847e-15  1.9647830309100982e-04  3.6084825712388242e-15
2.0000000000000000e+00  4.3382349972080547e-03  -3.0090993404042103e-14  1.9821139703680600e-04  5.7375429802724221e-16
2.4999999999999898e+00  4.4301234914181035e-03  -1.3499637095353267e-15  2.0002946266202702e-04  -1.6625684987360973e-15
2.9999999999999800e+00  4.5323153896328098e-03  -9.1562660970617352e-15  2.0202388747560975e-04  -1.1002631910235893e-15
3.4999999999999698e+00  4.6452167317105669e-03  -2.3960573138584885e-15  2.0416718288955875e-04  3.3016287188508815e-15
3.9999999999999600e+00  4.7712958717995822e-03  3.6019031981532733e-15  2.0653066365085995e-04  5.6760778317956637e-15
4.4999999999999503e+00  4.9109575027779561e-03  -4.4703311216586765e-14  2.0911768795972484e-04  -2.7718722072361716e-15
4.9999999999999396e+00  5.0655580908067037e-03  -1.4908875323504502e-15  2.1189525343791326e-04  4.3565574781742110e-15
5.4999999999999298e+00  5.2371769101941584e-03  4.5564662686714137e-14  2.1491913233879410e-04  -3.0048764291906609e-16
5.9999999999999201e+00  5.4276544341578595e-03  -1.2496096930757614e-14  2.1822577815455558e-04  -2.9732559034480760e-15
6.4999999999999103e+00  5.6371081960958636e-03  -4.4365293097220051e-15  2.2182939669739780e-04  -2.8485714169772272e-15
6.9999999999998996e+00  5.8687488334136437e-03  4.4674880648356403e-14  2.2572908020362782e-04  1.1089613425804417e-17
7.4999999999998801e+00  6.1236819372028168e-03  -3.4914081869353132e-15  2.2998453064647067e-04  8.8372403638509554e-16
7.9999999999998703e+00  6.4033337253223870e-03  -4.4527829058328596e-15  2.3464434997038256e-04  3.6454779056707225e-15
8.4999999999998597e+00  6.7093003199573710e-03  6.8858529045674670e-14  2.3968457886012486e-04  -3.0469532788820797e-15
8.9999999999998508e+00  7.0415646947737725e-03  3.2755363875529569e-14  2.4514951486030744e-04  1.1262040134389769e-15
9.4999999999998401e+00  7.4032201989356599e-03  -1.7062723195518709e-14  2.5113191742444732e-04  5.0108568546670945e-15
9.9999999999998295e+00  7.7933452887003164e-03  4.1490172291951794e-14  2.5766532828302562e-04  3.8038174595905978e-15
1.0499999999999799e+01  8.2121818026893202e-03  5.7771874253015454e-14  2.6482003650727358e-04  -8.5609332120138967e-16
1.0999999999999799e+01  8.6586707583589453e-03  2.0306533937562477e-14  2.7266307698379225e-04  3.5260437661583193e-15
1.1499999999999799e+01  9.1328513131877943e-03  2.5370188058169632e-14  2.8129838722140411e-04  2.4072573790571259e-16
1.1999999999999799e+01  9.6306842007693860e-03  -1.4328823323106715e-14  2.9077379126467778e-04  1.0577775569452529e-15
1.2499999999999799e+01  1.0151781178122231e-02  9.7573648280257624e-15  3.0115277424681641e-04  1.7352692497449696e-16
1.2999999999999799e+01  1.0688565833175160e-02  -3.7969196328879981e-14  3.1248696634882084e-04  6.6297101773828413e-15
1.3499999999999799e+01  1.1239474130770947e-02  -1.5934493441575008e-14  3.2497728485133539e-04  4.9465543732917027e-16
1.3999999999999700e+01  1.1798176841908621e-02  6.2202913743682957e-15  3.3884782467305535e-04  -5.1224956399508949e-15
1.4499999999999700e+01  1.2358060400879662e-02  6.2437995509155212e-14  3.5415166601516487e-04  8.3727183883181529e-15
1.4999999999999700e+01  1.2913565136758410e-02  -2.3048034157200845e-14  3.7100606449339853e-04  5.4283720254166928e-16
1.5009999999999700e+01  1.2924568382774044e-02  -4.7603610036507486e-15  3.7135936121759656e-04  1.2303273996365900e-15
