#       time         integral Re         integral Im         integral Re         integral Im         integral Re         integral Im         integral Re         integral Im
#       r =            20.000000           20.000000           28.000000           28.000000           36.000000           36.000000           44.000000           44.000000
   0.0100000    1.2093150127e-04   -3.0152296108e-09    3.1763591798e-04    3.2733888218e-10    2.6492892396e-04   -5.1725608750e-08    1.9461362335e-04    9.0951491622e-09
   0.0200000    1.2217329783e-04   -3.2506772110e-09    3.1806375313e-04    2.8861211495e-10    2.6505987615e-04   -5.1349382224e-08    1.9469348776e-04    9.0227965993e-09
   0.0300000    1.2342691009e-04   -3.4538509414e-09    3.1842620833e-04    2.4676760131e-10    2.6517908600e-04   -5.0811103605e-08    1.9477904130e-04    8.9103130561e-09
   0.0400000    1.2469151302e-04   -3.6204697738e-09    3.1876813948e-04    2.0203386539e-10    2.6528717123e-04   -5.0119817581e-08    1.9487020958e-04    8.7596176054e-09
   0.0500000    1.2596618274e-04   -3.7471362906e-09    3.1908965007e-04    1.5479069133e-10    2.6538476709e-04   -4.9284599775e-08    1.9496690328e-04    8.5727320578e-09
   0.0600000    1.2724990501e-04   -3.8312309406e-09    3.1939165692e-04    1.0539998740e-10    2.6547252507e-04   -4.8314573937e-08    1.9506901737e-04    8.3518191060e-09
   0.0700000    1.2854158549e-04   -3.8710463189e-09    3.1967530203e-04    5.4302656826e-11    2.6555111186e-04   -4.7218870277e-08    1.9517643037e-04    8.0991449659e-09
   0.0800000    1.2984006045e-04   -3.8656745848e-09    3.1994195245e-04    1.9786740605e-12    2.6562120800e-04   -4.6006620894e-08    1.9528900426e-04    7.8170947030e-09
   0.0900000    1.3114410922e-04   -3.8150264527e-09    3.2019319085e-04   -5.1105594637e-11    2.6568350633e-04   -4.4686971029e-08    1.9540658375e-04    7.5081306282e-09
   0.1000000    1.3245246727e-04   -3.7197908296e-09    3.2043080455e-04   -1.0439415532e-10    2.6573871059e-04   -4.3269035104e-08    1.9552899630e-04    7.1748064290e-09
   0.1100000    1.3376384008e-04   -3.5814002856e-09    3.2065677168e-04   -1.5730255434e-10    2.6578753340e-04   -4.1761900515e-08    1.9565605179e-04    6.8197619687e-09
   0.1200000    1.3507691818e-04   -3.4019755624e-09    3.2087324591e-04   -2.0928981454e-10    2.6583069457e-04   -4.0174623982e-08    1.9578754255e-04    6.4456829745e-09
   0.1300000    1.3639039242e-04   -3.1842297330e-09    3.2108253874e-04   -2.5965340121e-10    2.6586891918e-04   -3.8516180085e-08    1.9592324362e-04    6.0553264941e-09
   0.1400000    1.3770296992e-04   -2.9314373306e-09    3.2128709938e-04   -3.0784292867e-10    2.6590293532e-04   -3.6795506520e-08    1.9606291268e-04    5.6514731694e-09
   0.1500000    1.3901338986e-04   -2.6473419794e-09    3.2148949257e-04   -3.5323043481e-10    2.6593347214e-04   -3.5021440374e-08    1.9620629072e-04    5.2369335922e-09
   0.1600000    1.4032044007e-04   -2.3360572317e-09    3.2169237442e-04   -3.9508572103e-10    2.6596125744e-04   -3.3202716163e-08    1.9635310238e-04    4.8145214149e-09
   0.1700000    1.4162297272e-04   -2.0019936440e-09    3.2189846555e-04   -4.3282452400e-10    2.6598701547e-04   -3.1347973989e-08    1.9650305664e-04    4.3870582356e-09
   0.1800000    1.4291992007e-04   -1.6497623923e-09    3.2211052246e-04   -4.6584825358e-10    2.6601146448e-04   -2.9465704819e-08    1.9665584759e-04    3.9573351040e-09
   0.1900000    1.4421030936e-04   -1.2841333491e-09    3.2233130725e-04   -4.9344429985e-10    2.6603531433e-04   -2.7564261365e-08    1.9681115529e-04    3.5281082245e-09
   0.2000000    1.4549327697e-04   -9.0986771665e-10    3.2256355499e-04   -5.1507778197e-10    2.6605926408e-04   -2.5651839505e-08    1.9696864687e-04    3.1020808740e-09
   0.2100000    1.4676808112e-04   -5.3163619991e-10    3.2280994121e-04   -5.3015927531e-10    2.6608399950e-04   -2.3736439171e-08    1.9712797762e-04    2.6818937541e-09
   0.2200000    1.4803411386e-04   -1.5402343290e-10    3.2307304661e-04   -5.3814908763e-10    2.6611019064e-04   -2.1825863293e-08    1.9728879233e-04    2.2700870281e-09
   0.2300000    1.4929091052e-04    2.1861578834e-10    3.2335532237e-04   -5.3854413165e-10    2.6613848935e-04   -1.9927697647e-08    1.9745072661e-04    1.8691156498e-09
   0.2400000    1.5053815844e-04    5.8221334763e-10    3.2365905457e-04   -5.3089074695e-10    2.6616952701e-04   -1.8049291385e-08    1.9761340840e-04    1.4813172436e-09
   0.2500000    1.5177570276e-04    9.3302697513e-10    3.2398632983e-04   -5.1476790929e-10    2.6620391202e-04   -1.6197730780e-08    1.9777645962e-04    1.1088933608e-09
   0.2600000    1.5300355049e-04    1.2677049801e-09    3.2433900053e-04   -4.8986399794e-10    2.6624222751e-04   -1.4379821420e-08    1.9793949786e-04    7.5390095302e-10
   0.2700000    1.5422187215e-04    1.5833189751e-09    3.2471865314e-04   -4.5582908113e-10    2.6628502929e-04   -1.2602069163e-08    1.9810213798e-04    4.1822737831e-10
   0.2800000    1.5543100069e-04    1.8773939799e-09    3.2512657694e-04   -4.1247480412e-10    2.6633284353e-04   -1.0870660972e-08    1.9826399417e-04    1.0360771559e-10
   0.2900000    1.5663142830e-04    2.1479290202e-09    3.2556373652e-04   -3.5964471668e-10    2.6638616480e-04   -9.1914591399e-09    1.9842468174e-04   -1.8841957103e-10
   0.3000000    1.5782380066e-04    2.3933864666e-09    3.2603074730e-04   -2.9723597458e-10    2.6644545429e-04   -7.5699551148e-09    1.9858381896e-04   -4.5650333145e-10
   0.3100000    1.5900890803e-04    2.6126884686e-09    3.2652785484e-04   -2.2526529123e-10    2.6651113785e-04   -6.0112746253e-09    1.9874102929e-04   -6.9950727753e-10
   0.3200000    1.6018767419e-04    2.8051981980e-09    3.2705491859e-04   -1.4374578613e-10    2.6658360443e-04   -4.5201497610e-09    1.9889594313e-04   -9.1648829740e-10
   0.3300000    1.6136114353e-04    2.9707585730e-09    3.2761140045e-04   -5.2924718373e-11    2.6666320472e-04   -3.1009028936e-09    1.9904819987e-04   -1.1067307544e-09
   0.3400000    1.6253046495e-04    3.1095256039e-09    3.2819635933e-04    4.7020768464e-11    2.6675024960e-04   -1.7574380979e-09    1.9919744998e-04   -1.2697294941e-09
   0.3500000    1.6369687413e-04    3.2220250141e-09    3.2880845068e-04    1.5581943369e-10    2.6684500923e-04   -4.9322523450e-10    1.9934335696e-04   -1.4052204105e-09
   0.3600000    1.6486167413e-04    3.3090778105e-09    3.2944593282e-04    2.7301532145e-10    2.6694771199e-04    6.8872292082e-10    1.9948559919e-04   -1.5131423909e-09
   0.3700000    1.6602621438e-04    3.3717852877e-09    3.3010667936e-04    3.9811616457e-10    2.6705854374e-04    1.7858327227e-09    1.9962387195e-04   -1.5936757526e-09
   0.3800000    1.6719186831e-04    3.4113635980e-09    3.3078819727e-04    5.3058650729e-10    2.6717764728e-04    2.7960172593e-09    1.9975788923e-04   -1.6472070795e-09
   0.3900000    1.6836001020e-04    3.4292203235e-09    3.3148765240e-04    6.6982450215e-10    2.6730512185e-04    3.7176435379e-09    1.9988738545e-04   -1.6743526846e-09
   0.4000000    1.6953199193e-04    3.4268266776e-09    3.3220190066e-04    8.1510183997e-10    2.6744102319e-04    4.5495608150e-09    2.0001211709e-04   -1.6759183933e-09
   0.4100000    1.7070911925e-04    3.4056430573e-09    3.3292752442e-04    9.6561406269e-10    2.6758536347e-04    5.2911057874e-09    2.0013186450e-04   -1.6529377852e-09
   0.4200000    1.7189262903e-04    3.3671655294e-09    3.3366087554e-04    1.1205501750e-09    2.6773811141e-04    5.9420743672e-09    2.0024643315e-04   -1.6066161830e-09
   0.4300000    1.7308366653e-04    3.3127279705e-09    3.3439812191e-04    1.2790120570e-09    2.6789919297e-04    6.5027452151e-09    2.0035565489e-04   -1.5383383596e-09
   0.4400000    1.7428326489e-04    3.2436633693e-09    3.3513529919e-04    1.4400284341e-09    2.6806849187e-04    6.9738799461e-09    2.0045938957e-04   -1.4496706518e-09
   0.4500000    1.7549232581e-04    3.1611210844e-09    3.3586836590e-04    1.6025406349e-09    2.6824585053e-04    7.3566798049e-09    2.0055752566e-04   -1.3423150695e-09
   0.4600000    1.7671160206e-04    3.0660740681e-09    3.3659325992e-04    1.7655590345e-09    2.6843107109e-04    7.6528057555e-09    2.0064998140e-04   -1.2181217591e-09
   0.4700000    1.7794168354e-04    2.9593606870e-09    3.3730595830e-04    1.9279806708e-09    2.6862391669e-04    7.8643675028e-09    2.0073670559e-04   -1.0790487390e-09
   0.4800000    1.7918298478e-04    2.8416595352e-09    3.3800253602e-04    2.0886862926e-09    2.6882411297e-04    7.9938808929e-09    2.0081767794e-04   -9.2716539019e-10
   0.4900000    1.8043573645e-04    2.7134361498e-09    3.3867922549e-04    2.2465688558e-09    2.6903134961e-04    8.0442732263e-09    2.0089290980e-04   -7.6461335745e-10
   0.5000000    1.8169998001e-04    2.5750551509e-09    3.3933247317e-04    2.4004082347e-09    2.6924528220e-04    8.0188628862e-09    2.0096244420e-04   -5.9360111234e-10
